Customer,Var6,Var7,Var13,Var21,Var22,Var25,Var28,Var35,Var38,Var44,Var57,Var65,Var73,Var74,Var76,Var78,Var81,Var83,Var85,Var109,Var112,Var113,Var119,Var123,Var125,Var132,Var133,Var134,Var140,Var143,Var144,Var149,Var153,Var160,Var163,Var173,Var181,Var192,Var193,Var195,Var196,Var197,Var198,Var199,Var202,Var203,Var204,Var205,Var206,Var207,Var208,Var210,Var211,Var212,Var216,Var217,Var218,Var219,Var220,Var221,Var222,Var223,Var226,Var227,Var228
1,3997,14,288,80,100,80,166.56,5,1036800,0,4.919462,45,34,0,693120,0,35878.8,5,6,16,16,-760896,410,12,10638,8,550020,1575812,2445,0,0,0,5704280,4,1555200,0,0,hSovyx7IEC,RO12,taul,1K8T,7wJ6,T0p1U9m,LJF4fPp,BSfl,9_Y1,f4dr,VpdQ,IYzP,DHn_WUyBhW_whjA88g9bvA64_,kIsH,uKAI,L84s,CrNX,NGZ_12K,2T2W,cJvF,FzaX,CJTa6EW,d0EEeJi,h0eUBsd,LM8l689qOp,szEZ,nIGXDli,F2FyR07IdsN7I
1,1001,7,12,188,235,96,292.32,0,990942,0,2.251869,9,116,0,1796576,0,138595.2,25,12,40,32,334591.2,655,18,1341,0,3029265,1914078,50,0,27,1209600,10580720,34,2301078,0,0,JMGq9aXt5a,2Knk1KF,taul,1K8T,TLkP,b2zbY3_,FoJylxy,Y47A,9_Y1,Y9Bl,VpdQ,6JmL,me75fM6ugJ,kIsH,uKAI,Mtgm,XfqtO3UdzaXh_,XTbPUYD,BCds,UYBR,FzaX,2Wb19U9,oslk,SQ6wBif,LM8l689qOp,uWr3,RAYp,55YFVY9
1,1267,0,0,108,135,32,166.56,0,181350,0,5.401196,9,32,0,1060872,0,24488.13,5,4,40,96,-265109.6,455,6,189,0,218500,72832,0,0,9,0,990932,14,22050,0,0,dRaTmBfHUn,RO12,taul,1K8T,JLbT,gNIgCYR,BcWyIihjS_,lJO3,9_Y1,4N0K,VpdQ,sYC_,me75fM6ugJ,kIsH,uKAI,L84s,NhsEn4L,7Ww_Xqy,nKzj,UYBR,FzaX,aD1vOIl,oslk,NnYzgmc,LM8l689qOp,Qu4f,RAYp,F2FyR07IdsN7I
1,224,7,92,120,150,192,133.12,0,3078,0,5.574236,9,100,0,0,0,7599.33,0,2,8,0,61610,590,6,115263,0,270550,268290,770,0,9,0,757080,8,3012,0,0,avkq9ayfAo,eSGpMwS8zSGgq_trOpckZ5,taul,1K8T,lK27,A2BnYyd,VKmQoSsVfi,8Gmb,9_Y1,QBpP,sJzTlal,wMei,GjJ35utlTa_GNSvxxpb9ju,kIsH,uKAI,L84s,UbxQ8lZ,teAAe2o,uFco,UYBR,FzaX,LedFAt2,Al6ZaUT,knD4IB0,LM8l689qOp,7P5s,02N6s8f,R4y5gQQWY8OodqDV
1,1470,0,84,124,155,8,166.56,0,9045120,0,4.04294,9,38,7,1382400,0,125835.6,35,0,32,16,107988.8,495,108,184626,0,1111090,172800,0,0,0,0,10374960,6,0,0,0,qXhvyxLp3Z,RO12,taul,1K8T,Xa_z,ka_ns41,_jTP8ioIlJ,hdoM,9_Y1,FbIm,VpdQ,IYzP,me75fM6ugJ,kIsH,uKAI,L84s,NhsEn4L,mAjbk_S,w3nf,UYBR,FzaX,1YVfGrO,oslk,fXVEsaq,jySVZNlOJy,xb3V,RAYp,F2FyR07IdsN7I
1,1043,7,256,40,50,8,255.44,0,3628800,0,1.746208,9,52,56,1157456,0,179615.1,5,0,8,8,204041.2,350,6,66366,0,3671565,1209600,3440,0,9,0,9327280,12,0,0,0,bt0mfoVBLR,RO12,taul,1K8T,487l,jX5lhSa,VxueejWCG_,IZTy,9_Y1,Bw19,VpdQ,IYzP,me75fM6ugJ,kIsH,g5HH,L84s,NhsEn4L,mAjbk_S,ofv7,cJvF,FzaX,WEga9N8,oslk,NbpRb9q,LM8l689qOp,wX53,RAYp,F2FyR07IdsN7I
1,861,7,8,356,445,96,99.68,0,57570,0,1.290964,9,32,0,636648,9,11029.53,40,46,128,96,198528.8,710,72,1620,24,1963065,69800,40,0,9,172340,2251612,44,191952,0,0,etYt0G8EIb,RO12,taul,1K8T,0Y9G,gwY4NQF,k10MzgT,KBdR,9_Y1,k13i,VpdQ,IYzP,me75fM6ugJ,kIsH,uKAI,L84s,NhsEn4L,mAjbk_S,alQY,UYBR,FzaX,t5EoLzk,oslk,ag5iNPX,LM8l689qOp,fKCe,RAYp,F2FyR07IdsN7I
1,1295,7,5084,148,185,16,322.16,0,5969892,0,6.74279,27,150,126,691200,0,114444.3,30,4,32,8,130011.2,795,72,8307,0,3875460,173282,2020,0,27,0,10113800,28,1036800,0,0,Qu0r4RKzJV,AERks4l,taul,1K8T,TyGl,fhk21Ss,fo8oHA5,AUPk,9_Y1,DtNL,VpdQ,6JmL,7M47J5GA0pTYIFxg5uy,kIsH,uKAI,L84s,WsRVNrF85oPU_,11pRpOD,BUau,UYBR,FzaX,4UxGlow,zCkv,catzS2D,jySVZNlOJy,FSa2,ZI9m,ib5G6X1eUxUn6
1,707,7,1156,128,160,8,166.56,0,9880980,0,3.348644,9,176,0,1382400,0,204415.2,25,0,32,16,140318.4,470,120,80271,0,1321440,35756,115,0,27,0,10135160,8,0,0,0,LDPvyxdtN_,g62hiBSaKg,taul,1K8T,hM6W,fhk21Ss,EXpWEXgaYpMJ7,_dDp,9_Y1,RcM7,VpdQ,y6dw,7M47J5GA0pTYIFxg5uy,kIsH,g5HH,L84s,_5OXC8MSLt,XTbj5PX,FgZP,cJvF,AU8_WTd,4UxGlow,oslk,catzS2D,jySVZNlOJy,szEZ,ZI9m,ib5G6X1eUxUn6
1,2093,7,384,148,185,16,200,0,6721380,0,2.106388,9,60,42,2776712,0,57109.8,25,0,40,40,344370.8,575,96,107082,0,3888000,101412,4560,0,18,10423,10800480,18,0,0,0,NESt0G8EIb,RO12,taul,1K8T,TyGl,gwY4NQF,bAyJC1anwc,QFV7,9_Y1,k13i,09_Q,sYC_,me75fM6ugJ,kIsH,uKAI,L84s,NhsEn4L,kq0n8Bj,gFZi,UYBR,FzaX,t5EoLzk,oslk,ag5iNPX,LM8l689qOp,fKCe,RAYp,F2FyR07IdsN7I
1,812,0,8,128,160,24,220.08,0,3269304,0,2.19013,9,50,0,3645264,0,217116.9,10,0,32,48,356941.2,490,42,42768,0,5969100,435296,0,0,0,0,10339240,28,0,0,0,NQ5rEy7Rm6,RO12,taul,1K8T,ar2n,apKK0yW,z0tD6Fz,B41I,9_Y1,X8zP,VpdQ,IYzP,me75fM6ugJ,kIsH,uKAI,L84s,NhsEn4L,kZJtVhC,S7Cw,cJvF,FzaX,_amvbB7,oslk,H2gyovK,jySVZNlOJy,Aoh3,RAYp,F2FyR07IdsN7I
1,546,0,0,124,155,0,220.08,0,11404800,0,2.84875,9,30,0,0,0,223912.5,45,0,32,0,3345732,345,132,3582,0,0,0,0,0,18,0,10713600,0,0,0,0,E3dr4RQxul,RO12,taul,1K8T,PGNs,_ybO0dd,Gai9lEF2Fr,kJs5,9_Y1,z5Ry,09_Q,zm5i,me75fM6ugJ,kIsH,uKAI,L84s,NhsEn4L,mAj8cnz,GTnh,UYBR,FzaX,L91KIiz,oslk,CE7uk3u,LM8l689qOp,FSa2,RAYp,F2FyR07IdsN7I
1,1652,21,4044,1340,1675,824,314.8,20,4965012,0,6.392438,27,134,476,1113040,6,42738,35,36,128,256,-41760.8,2020,264,94473,48,2404590,490492,770,0,18,19824,9245000,262,564792,0,0,KXMrEyXXnK,2Knk1KF,taul,1K8T,YFAj,XaPdR0M,9HOPNsJ,iB5e,9_Y1,SkZj,09_Q,hAFG,me75fM6ugJ,kIsH,uKAI,Mtgm,XfqtO3UdzaXh_,XTbPUYD,vkRL,UYBR,FzaX,Hrl6pd1,oslk,dOHQowC,LM8l689qOp,Aoh3,RAYp,55YFVY9
1,1162,7,100,108,135,32,253.52,0,3326652,0,3.883145,9,34,0,2534584,0,102662.1,10,4,32,32,-41864,485,42,3231,0,3168215,633650,145,0,9,554435,8554200,16,950460,0,0,kMJt0GoOh3,RO12,taul,1K8T,0Xwj,HGPI38U,EXpWEXgaYWQf4,qPq_,F3hy,rGJy,VpdQ,IYzP,me75fM6ugJ,kIsH,uKAI,L84s,NhsEn4L,mAjbk_S,CHvz,UYBR,FzaX,XsgVino,oslk,uBYREAj,LM8l689qOp,Qu4f,RAYp,F2FyR07IdsN7I
1,1099,21,532,144,180,40,286.96,20,3140628,0,1.786157,72,104,77,3094208,3,116682.9,10,0,40,56,16324.16,545,54,4932,40,5616000,555858,1415,0,18,0,9859640,26,0,0,0,2jigUH7ejg,RO12,taul,1K8T,USOt,KDB0hSn,bAyJC1anwc,5HEu,9_Y1,m_h1,sJzTlal,6JmL,me75fM6ugJ,kIsH,uKAI,L84s,XfqtO3UdzaXh_,XTbPUYD,ktRU,UYBR,FzaX,oPZNgdR,oslk,ct0Qb98,LM8l689qOp,WqMG,RAYp,F2FyR07IdsN7I
1,1134,7,2560,116,145,16,133.12,0,0,0,5.958556,9,124,0,212736,0,14651.67,5,2,48,96,-1760860,345,0,17937,0,380910,56094,145,0,18,5656,528596,26,6276,0,0,Foxt0Go8Lb,2Knk1KF,taul,1K8T,0Xwj,PHNvXy8,k10MzgT,yCFy,HLqf,YePk,VpdQ,hAFG,NKv3VA1BpP,sBgB,uKAI,L84s,Ie_5MZs,teAjUwW,9zca,cJvF,FzaX,UF16siJ,zCkv,APgdzOv,LM8l689qOp,Qu4f,6fzt,Zy3gnGM
1,1330,7,3056,196,245,104,286.96,5,3076326,0,6.616749,18,58,28,249216,0,82725,10,22,32,24,687556,760,48,34623,8,1834615,582080,4865,0,9,871248,6632680,24,1701204,0,0,1KSr4RK2Mx,RO12,taul,1K8T,lK27,AA1duRc,5NXaxpGT17pHbDY4,g7ag,9_Y1,DtNL,09_Q,IYzP,me75fM6ugJ,kIsH,uKAI,L84s,NhsEn4L,TDceha3,ipbN,UYBR,FzaX,9Udm94s,oslk,hxTaK89,LM8l689qOp,FSa2,RAYp,F2FyR07IdsN7I
1,280,7,2332,80,100,0,200,0,400254,0,3.057466,9,172,0,0,0,20995.47,55,0,24,0,32396.28,275,42,74808,0,23300,0,10,0,27,0,464920,4,0,0,0,NESWq69R_D,g62hiBSaKg,taul,1K8T,0Xwj,fhk21Ss,NKax3On,dHcT,HLqf,z5Ry,VpdQ,wMei,7M47J5GA0pTYIFxg5uy,sBgB,uKAI,L84s,DmYOBF5GfjJxb,ORM_IID,2aej,UYBR,FzaX,4UxGlow,Al6ZaUT,catzS2D,LM8l689qOp,FSa2,ZI9m,ib5G6X1eUxUn6
1,812,7,368,152,190,48,200,0,6840060,0,1.097201,9,74,77,637736,0,222723.6,30,2,24,32,41963.6,605,84,2826,0,2123190,435416,245,0,0,376278,9597480,14,518400,0,0,DQlrEyXXnK,RO12,taul,1K8T,z32l,9GJGgoz,_Mlx_VZ24s,j8N7,9_Y1,SkZj,VpdQ,IYzP,Kxdu,kIsH,uKAI,L84s,FMSzZ91zL2,mAjUo2m,f0k3,UYBR,AU8pNoi,Tvpip6Z,zCkv,hHJsvbM,LM8l689qOp,Aoh3,6fzt,SbOd7O8ky1wGNxp0Arj0Xs
1,581,0,0,200,250,16,286.96,0,4148472,0,3.772485,9,28,0,2016808,0,172009.8,30,10,72,48,633436,645,102,0,0,5172200,269296,0,0,9,193795,10225320,28,284988,0,0,HAoOj1KXzC,RO12,taul,1K8T,lK27,A_yBboK,3A8iudN5VL6tw,zksC,9_Y1,ID5l,VpdQ,zm5i,me75fM6ugJ,kIsH,uKAI,L84s,NhsEn4L,kZJyVg2,IQOr,cJvF,FzaX,3Jmmfvd,oslk,JD1lw9w,LM8l689qOp,kwS7,RAYp,F2FyR07IdsN7I
1,5103,7,4,208,260,72,253.52,0,6982080,0,4.648366,9,104,0,1508592,15,32885.4,35,8,72,56,123334,3740,90,117,48,2136030,617242,50,0,27,35203,10565200,20,282486,0,7,_v2gUHXZeb,RO12,taul,1K8T,7ALb,1QDxJG_,gY5GKVA,u8se,9_Y1,LqKm,VpdQ,wMei,me75fM6ugJ,kIsH,uKAI,L84s,h0lfDKh52u4GP,IoI4mKe,5jkj,cJvF,FzaX,Zxr6w_1,oslk,2u6AIRG,LM8l689qOp,453m,RAYp,F2FyR07IdsN7I
1,763,7,0,192,240,144,166.56,0,0,0,0.6611835,9,32,0,317080,0,9586.08,15,12,80,112,105442.4,480,0,513,0,58825,93862,10,0,9,68922,1090488,14,119118,0,0,ZSNrjIX0Db,RO12,taul,1K8T,TyGl,BBmwWHr,wazNWAnFRi,PnUA,9_Y1,nr0d,09_Q,IYzP,me75fM6ugJ,kIsH,uKAI,L84s,NhsEn4L,mAjbk_S,Rf57,cJvF,qxDb,sTyQFhp,oslk,lJxNMua,LM8l689qOp,5Acm,RAYp,F2FyR07IdsN7I
1,889,7,0,220,275,232,166.56,0,69768,0,4.387951,9,62,0,417624,0,21730.44,15,14,56,40,-240974.4,560,24,207,0,188400,437544,10,0,0,180705,1681400,14,479520,0,0,KXMrEyXXnK,RO12,taul,1K8T,Cnh8,fqedTJr,Q50Ydp0,ndT0,9_Y1,H1uM,sJzTlal,IYzP,me75fM6ugJ,kIsH,uKAI,L84s,NhsEn4L,kq0FDQL,2lkY,UYBR,FzaX,fxJ68SY,oslk,SyxQQMs,LM8l689qOp,Aoh3,RAYp,F2FyR07IdsN7I
1,350,7,564,120,150,56,227.68,0,0,0,3.239692,9,162,14,40672,0,7892.1,0,4,8,40,5065.44,225,0,2700,0,135060,68880,100,0,0,0,269160,32,4524,0,0,DQlrEyXXnK,2Knk1KF,taul,1K8T,JLbT,mhknt93,9UgkRNa9Jb,3kFS,9_Y1,SkZj,VpdQ,IYzP,me75fM6ugJ,kIsH,uKAI,Mtgm,XfqtO3UdzaXh_,XTbqizz,PBez,cJvF,AU8_WTd,WWmfR8o,oslk,c4R2fT4,jySVZNlOJy,Aoh3,RAYp,TCU50_Yjmm6GIBZ0lL_
1,63,0,0,20,25,0,198.88,0,2140176,0,4.219611,9,16,0,0,0,497346,0,0,0,0,-289770,110,6,0,0,9623250,0,0,0,0,0,9125400,8,0,0,0,1YVgUHXZeb,RO12,taul,1K8T,hoa9,ks5A1LJ,wLOHP_YhcL,6cV2,9_Y1,STGZ,sJzTlal,IYzP,me75fM6ugJ,kIsH,uKAI,L84s,NhsEn4L,mAjH1vL,vJ0N,UYBR,FzaX,pHXA5lA,oslk,wYvXbDK,LM8l689qOp,453m,RAYp,F2FyR07IdsN7I
1,721,21,5832,124,155,32,186.64,0,8812920,0,6.220252,36,88,98,48512,3,142105.8,35,2,40,8,100126,515,102,17244,8,115620,691200,15320,0,45,42448,10136400,2,518400,0,0,tr0rEyXktW,RO12,taul,1K8T,ChAX,0Vr7wZ4,e1XhvTunuD,vGQz,9_Y1,H1uM,VpdQ,kxE9,Kxdu,kIsH,uKAI,L84s,FMSzZ91zL2,pMW6Pnu,wLUa,cJvF,FzaX,XbZitea,zCkv,DHPNgqU,LM8l689qOp,Aoh3,6fzt,JnGLH58smNxIYcGK39k
1,616,0,0,272,340,32,221.2,0,181290,0,4.982696,18,20,0,1129784,0,31476.3,50,0,104,136,-36433,905,66,0,0,877000,37700,0,0,9,94269,1772020,52,0,0,0,NQ5vyxLkBI,RO12,taul,1K8T,ssAy,zQqh3kj,AnFl2Mwxzd,WGFj,9_Y1,vzJD,VpdQ,zm5i,DHn_WUyBhW_whjA88g9bvA64_,kIsH,uKAI,L84s,CrNX,y5FewfI,oRr1,cJvF,FzaX,7JxszER,d0EEeJi,4K2GgwO,LM8l689qOp,xb3V,02N6s8f,F2FyR07IdsN7I
1,3227,21,872,3288,4110,904,166.56,0,6328020,0,5.582781,36,86,42,1422208,0,12698.37,40,10,144,176,1743192,4745,1836,33795,0,2071295,222112,1785,0,36,332878,9297240,736,163170,0,0,75lq9ayfAo,RO12,taul,1K8T,c9jp,FJDupBg,e1XhvTunuD,Z72I,9_Y1,F_Lu,VpdQ,hAFG,7M47J5GA0pTYIFxg5uy,kIsH,uKAI,L84s,E1aAZ0x7vd,teAfWtZ,wIIv,UYBR,FzaX,OYHoGfM,QKW8DRm,RlTh9x_,jySVZNlOJy,TNEC,vJ_w8kB,WfJYmPMksSqa1pajvfG
1,959,7,564,252,315,88,166.56,0,763242,0,2.65392,9,32,28,749440,0,36507.3,20,52,72,112,26458,640,18,33426,0,1048965,288594,765,0,0,187495,2584572,10,411000,0,0,1GdOj1KXzC,RO12,taul,1K8T,TyGl,8NKFFda,LH0kFz12FM,ZIEU,9_Y1,jdbz,09_Q,IYzP,me75fM6ugJ,kIsH,uKAI,L84s,NhsEn4L,NGZXfGp,OTEO,cJvF,FzaX,zWA88FJ,oslk,Ggf2C8o,LM8l689qOp,kwS7,RAYp,F2FyR07IdsN7I
1,1204,14,992,116,145,24,280.32,0,6739200,0,5.453749,18,42,196,0,0,113148.3,25,6,24,0,-110290.8,585,78,5598,0,291610,518400,1140,0,9,0,8421080,10,1555200,0,0,DHegUHXZeb,RO12,taul,1K8T,rXTS,Ml6kiFp,BIxuwM5,ixAj,9_Y1,8BBI,VpdQ,zm5i,me75fM6ugJ,kIsH,uKAI,L84s,NhsEn4L,mAja5EA,zJnD,cJvF,FzaX,k5O88FJ,oslk,QkgQQMs,M_8D,453m,RAYp,F2FyR07IdsN7I
1,252,0,0,128,160,128,166.56,0,1626,0,3.426404,9,18,0,3525800,0,57679.2,0,4,40,48,607564,565,6,0,0,1679090,359310,0,0,0,2153361,4057600,14,347568,0,0,Y3tqrQKzJV,e6CkoqApVR,taul,1K8T,EJC9,9GJGgoz,Gai9lEF2Fr,MuFn,9_Y1,15m3,09_Q,IYzP,Kxdu,kIsH,uKAI,L84s,FMSzZ91zL2,kq0IHVu,FE0E,cJvF,FzaX,Tvpip6Z,zCkv,hHJsvbM,LM8l689qOp,FSa2,6fzt,F2FcTt7IdMT_v
1,651,7,20,132,165,8,220.08,0,9180240,0,5.362957,9,30,0,702544,0,178301.4,35,4,32,24,-22627.72,635,108,270,0,864010,18364,5,0,9,57477,9824080,4,450660,0,0,v0Nt0Go8Lb,RO12,taul,1K8T,wGW5,n0UbeSG,MXlhT5l,Csxg,9_Y1,YePk,sJzTlal,IYzP,me75fM6ugJ,kIsH,uKAI,L84s,NhsEn4L,mAjbk_S,6VlI,cJvF,FzaX,KA3C5vH,oslk,m1BWuMy,LM8l689qOp,Qu4f,RAYp,F2FyR07IdsN7I
1,280,7,520,156,195,8,246.32,0,6375900,0,4.935698,18,122,21,2534488,0,196144.5,25,2,40,32,136345.2,570,84,21546,0,3314730,158404,6270,0,9,0,10387280,28,475218,0,0,dRaq9ayE15,2Knk1KF,b_3Q,1K8T,SzjZ,fhk21Ss,75HH_hi,h7KG,9_Y1,QBpP,VpdQ,wMei,7M47J5GA0pTYIFxg5uy,kIsH,uKAI,Mtgm,E1aAZ0x7vd,OFqVH0t,Augw,UYBR,FzaX,4UxGlow,QKW8DRm,catzS2D,LM8l689qOp,7P5s,ZI9m,ib5G6X1eUxUn6
1,154,0,0,120,150,0,223.84,0,0,0,1.675069,9,16,0,5529600,0,241374,0,0,32,64,282770.4,405,0,0,0,9369250,0,0,0,0,2419200,10260200,44,0,0,0,O8Zr4Rdc_a,RO12,taul,1K8T,4fje,tkbYYlr,aYeBeFB,jReB,9_Y1,em8I,sJzTlal,IYzP,me75fM6ugJ,kIsH,g5HH,L84s,NhsEn4L,TDc4Td_,kIVy,cJvF,FzaX,5KqzVUs,oslk,nCi34g5,LM8l689qOp,me1d,RAYp,F2FyR07IdsN7I
1,847,7,312,164,205,32,598,0,5206362,0,2.172613,9,32,0,892488,6,131927.7,20,6,32,16,-67149.2,685,90,657,24,3944835,518758,135,0,9,373716,10172800,26,1255278,0,7,Yddr4R4FLE,RO12,taul,1K8T,dWQK,4XZdCcU,Pkku4gO,PDkW,9_Y1,TFSW,VpdQ,IYzP,me75fM6ugJ,kIsH,g5HH,L84s,NhsEn4L,NGZXfGp,lBhB,cJvF,FzaX,ZCEmfvd,oslk,Nbsa8ZG,LM8l689qOp,Xa3G,RAYp,F2FyR07IdsN7I
1,98,7,392,44,55,16,166.56,0,0,0,0.05533006,9,152,7,14968,0,3471.12,0,0,24,24,-101348,110,0,2088,0,49410,792,10,0,9,10192,48596,12,0,0,0,3HjOj17ejg,onTuEhrJJQy_H3IHkZku5AFczhYGqxJ890,taul,1K8T,aD1X,fqeOwLG,P9HTde2,fm3l,9_Y1,zfpA,VpdQ,hAFG,7M47J5GA0pTYIFxg5uy,kIsH,uKAI,L84s,TVE1uh4F_wOi_,OFqSTqG,OMt8,UYBR,AU8pNoi,fxJmel6,zCkv,WfsWw2A,LM8l689qOp,7aLG,ZI9m,iyHGyLCEkQ
1,3269,7,0,128,160,64,220.08,5,3293742,0,4.641957,9,32,0,633640,0,18624.66,25,2,32,8,-152207.2,1125,30,450,8,4009635,462574,15,0,9,0,9091320,24,531876,0,0,_v2gUHXZeb,RO12,taul,1K8T,pE9z,1QDxJG_,ayJD9Pu,h9Xw,9_Y1,LqKm,09_Q,sYC_,me75fM6ugJ,kIsH,uKAI,L84s,NhsEn4L,uZL60aU,tZVn,cJvF,FzaX,Zxr6w_1,oslk,2u6AIRG,LM8l689qOp,453m,RAYp,F2FyR07IdsN7I
1,392,0,0,172,215,48,486.48,0,5449008,0,4.390728,9,18,0,2600072,0,126258.3,20,6,40,40,937960,740,84,0,0,3419445,497906,0,0,9,866838,10482880,22,1425660,0,0,hSogUHXZeb,RO12,taul,1K8T,0Xwj,7tlwdK9,96TQL1x,HSVP,F3hy,8BBI,VpdQ,zm5i,me75fM6ugJ,kIsH,uKAI,L84s,NhsEn4L,NGZxnJM,S_DZ,cJvF,FzaX,FonRPEi,oslk,IGDRHnW,LM8l689qOp,453m,RAYp,F2FyR07IdsN7I
1,826,7,80,136,170,72,192.24,0,1153446,0,0.5302286,9,58,14,3456280,0,193254.9,10,6,48,48,115647.6,510,18,711,0,4585255,1377500,580,0,0,604800,10445040,22,1555200,0,0,51rt0G8rTN,RO12,taul,1K8T,YmZp,xniu5tB,I1sqWRxUAv,tx06,9_Y1,e7QV,09_Q,IYzP,me75fM6ugJ,kIsH,uKAI,L84s,NhsEn4L,mAja5EA,GQil,cJvF,FzaX,ie2oOXS,oslk,xwyAw04,LM8l689qOp,fKCe,RAYp,F2FyR07IdsN7I
1,959,7,824,188,235,88,320.4,0,3765642,0,2.902585,9,84,287,2223528,0,72282.91,25,6,48,72,48600.4,785,60,14454,0,2722245,1751256,390,0,27,604646,10299040,18,43056,0,0,8Iqt0G8rTN,RO12,taul,z3mO,0Xwj,qEdASpP,e1XhvTunuD,zF2v,HLqf,k13i,VpdQ,lVqb,me75fM6ugJ,sBgB,uKAI,L84s,XfqtO3UdzaXh_,11p4mKe,MJdo,cJvF,FzaX,0AJo2f2,oslk,2Kb5FSF,LM8l689qOp,fKCe,RAYp,F2FyR07IdsN7I
1,994,7,152,340,425,88,266.88,0,2862156,0,2.146123,27,78,0,649656,0,127266.3,45,40,192,88,82450,1115,60,288,0,3889025,1084746,45,0,27,320096,10360000,48,421986,0,0,qXhPe2ftjz,RO12,taul,1K8T,TyGl,Q9Rq8UC,9YuuPSz3BI,ePU0,9_Y1,mTeA,VpdQ,IYzP,me75fM6ugJ,kIsH,uKAI,L84s,NhsEn4L,mAjbk_S,jC3e,UYBR,FzaX,NRwYlW4,oslk,zwFAGfT,LM8l689qOp,FSa2,RAYp,F2FyR07IdsN7I
1,266,0,0,32,40,8,253.52,0,7077180,0,1.431105,9,22,0,334168,0,264174.3,10,0,0,16,377425.6,355,12,0,0,2187430,1209600,0,0,9,0,9973720,2,0,0,0,dRaTmBfHUn,RO12,taul,1K8T,LFM_,6JE1QFM,q3Vr4P0ujC,Eg4G,9_Y1,Gx0B,sJzTlal,zm5i,me75fM6ugJ,kIsH,uKAI,L84s,NhsEn4L,mAja5EA,deRl,UYBR,FzaX,ie2v1FD,oslk,k19R6zD,LM8l689qOp,Qu4f,RAYp,F2FyR07IdsN7I
1,1071,7,368,204,255,128,200,0,1052166,0,4.699851,9,42,35,491472,0,21180.09,0,8,72,112,366.1428,650,36,1818,0,203190,112148,140,0,0,141246,1361812,22,41676,0,0,75lr4RXktW,RO12,taul,1K8T,uErj,2cBcOqO,zMhaz51,J6vL,9_Y1,Zazx,sJzTlal,IYzP,me75fM6ugJ,kIsH,uKAI,L84s,NhsEn4L,mAjbk_S,02bJ,cJvF,FzaX,IJRYlW4,oslk,_vt7kpB,LM8l689qOp,Xa3G,RAYp,F2FyR07IdsN7I
1,672,14,1484,148,185,24,253.52,0,9265920,0,1.490494,27,32,84,0,0,199857.6,50,0,40,0,431564,535,120,1332,0,1481600,17228,315,0,9,0,10768160,8,0,0,0,AUUt0GoOh3,RO12,taul,1K8T,0Xwj,A_yBboK,Tg7jjBB,pOba,HLqf,rGJy,VpdQ,zm5i,me75fM6ugJ,sBgB,uKAI,L84s,NhsEn4L,mAja5EA,2kWk,UYBR,FzaX,3Jmmfvd,oslk,JD1lw9w,LM8l689qOp,Qu4f,RAYp,F2FyR07IdsN7I
1,140,0,0,120,150,96,539.76,0,45858,0,0.4099551,9,16,0,2764800,0,241376.1,0,8,32,32,59612.8,345,6,0,0,3784845,2073600,0,0,0,1209600,9970440,18,2073600,0,0,crIgUHSK8h,RO12,taul,1K8T,JLbT,DW3heVi,HqyBPDlo4o,85IW,9_Y1,RVjC,VpdQ,IYzP,me75fM6ugJ,kIsH,uKAI,Mtgm,NhsEn4L,7WwOAni,ETNp,UYBR,FzaX,THMQrGj,oslk,cObaF5M,LM8l689qOp,FSa2,RAYp,F2FyR07IdsN7I
1,119,0,0,140,175,40,40.08,0,4410570,0,2.1489,9,14,0,4435312,0,174474.3,10,0,32,56,194856.8,380,60,0,0,3962780,792020,0,0,0,554414,10545920,22,0,0,0,crIgUHSK8h,RO12,taul,1K8T,487l,B88Jj6r,ilrY4YM,85IW,9_Y1,RVjC,sJzTlal,IYzP,me75fM6ugJ,kIsH,uKAI,L84s,NhsEn4L,NGZxepZ,ETNp,UYBR,FzaX,Bxfv48t,oslk,yVBQv5o,LM8l689qOp,FSa2,RAYp,F2FyR07IdsN7I
1,4207,0,0,2504,3130,640,186.64,0,5144874,0,0.7641529,9,26,0,2432496,0,27599.16,395,58,656,648,129740.8,5200,1248,0,0,3506705,659112,0,0,9,553476,10556320,298,758976,0,0,tr0Wq69cTy,RO12,taul,1K8T,0Xwj,6SyRSUd,kuF2gYv,nYWr,HLqf,0A_v,sJzTlal,zm5i,me75fM6ugJ,sBgB,uKAI,L84s,NhsEn4L,mAja5EA,e0EP,UYBR,FzaX,I0k8jNM,oslk,nmYTL5Q,LM8l689qOp,PM2D,RAYp,F2FyR07IdsN7I
1,13482,0,0,1628,2035,224,287.76,0,5952414,0,6.881649,9,172,0,2447392,0,7432.74,140,14,624,568,-590468,13460,636,24831,0,2946235,514286,0,0,27,89250,10257000,334,436842,0,0,dRarjIK12c,2Knk1KF,taul,1K8T,xgSF,fhk21Ss,e1XhvTunuD,8MF2,9_Y1,7WNq,VpdQ,wMei,7M47J5GA0pTYIFxg5uy,kIsH,uKAI,L84s,E1aAZ0x7vd,OFqVH0t,ANE3,cJvF,FzaX,4UxGlow,QKW8DRm,catzS2D,LM8l689qOp,WqMG,ZI9m,ib5G6X1eUxUn6
1,322,0,0,372,465,376,286.96,0,3653922,0,5.0047,9,18,0,633624,0,76326.59,5,6,24,8,180859.6,1210,66,0,0,5813950,547194,0,0,0,88704,9499440,60,1026468,0,0,_v2rjIKQ76,RO12,taul,1K8T,lK27,BMnJ89M,P9HTde2,9Boc,9_Y1,kJJ7,VpdQ,IYzP,me75fM6ugJ,kIsH,uKAI,L84s,NhsEn4L,NGZxnJM,Cn08,cJvF,FzaX,8d5YWu3,oslk,sXbT3Cb,LM8l689qOp,7P5s,RAYp,F2FyR07IdsN7I
1,1141,7,24,212,265,136,220.08,0,315324,0,5.437086,9,70,0,1255280,0,37379.1,0,4,48,80,-521828,905,6,369,0,1664020,414894,20,0,18,759297,3125544,46,190026,0,0,KXMrEyXXnK,LrdVolaSGUfkVeWC,taul,1K8T,YFAj,RPKu5tB,NfN9Bz6HFx,xaUA,9_Y1,VwCR,VpdQ,hAFG,me75fM6ugJ,kIsH,uKAI,L84s,XfqtO3UdzaXh_,OFq9NeO,YydJ,cJvF,FzaX,WdP1WU5,oslk,05j67Xw,LM8l689qOp,Aoh3,RAYp,R4y5gQQWY8OodqDV
1,1281,7,4116,184,230,128,166.56,0,186,0,2.457381,9,50,4081,2710336,0,55856.7,25,8,56,72,-490032,695,6,47133,0,1548430,726882,135,0,0,1106861,4188520,22,175512,0,0,HYTrjIK12c,RO12,taul,1K8T,lK27,6cUy2S2,qj0HWjvF92VDZUoi,fAcL,9_Y1,7WNq,VpdQ,IYzP,DHn_WUyBhW_whjA88g9bvA64_,kIsH,uKAI,L84s,CrNX,mAjbq_f,y_bi,cJvF,FzaX,1FAFOeA,d0EEeJi,jNazWRR,LM8l689qOp,WqMG,nIGXDli,F2FyR07IdsN7I
1,707,0,0,136,170,8,320.4,0,5142636,0,4.710959,9,24,0,2764800,0,148588.8,25,0,32,32,107948.8,900,78,0,0,4688720,57248,0,0,9,0,10404280,22,0,0,0,FoxgUHSK8h,RO12,taul,1K8T,JLbT,yqCviED,hwJpjtq,vWxY,9_Y1,mTeA,VpdQ,zm5i,me75fM6ugJ,kIsH,uKAI,L84s,NhsEn4L,kZJyVg2,ILNF,UYBR,FzaX,mTDDBnE,oslk,f4TUmxB,jySVZNlOJy,FSa2,RAYp,F2FyR07IdsN7I
1,6860,0,0,2828,3535,1024,186.64,0,5380482,0,6.809443,9,30,0,2373832,0,28971.87,1030,18,1288,1472,-300880,9905,708,0,0,3474930,144504,0,0,0,79352,8792240,124,138702,0,0,639qrQK2Mx,RO12,taul,1K8T,ssAy,eIfMukw,_emHROa,Rnrq,9_Y1,15m3,VpdQ,IYzP,me75fM6ugJ,kIsH,uKAI,L84s,NhsEn4L,mAjbk_S,Gbhz,UYBR,FzaX,ue3v1FD,oslk,E11ObSS,LM8l689qOp,FSa2,RAYp,F2FyR07IdsN7I
1,11158,7,16,576,720,312,200,0,3981768,0,5.682119,9,34,0,3238680,0,16583.01,60,26,160,168,307673.2,1760,168,58086,0,4549080,625198,65,0,18,187705,10533080,62,608682,0,0,8I1TmBtueT,RO12,taul,1K8T,TyGl,7GUAEa8,BcW_jOZe0F,MuF6,9_Y1,C6Eu,VpdQ,zm5i,me75fM6ugJ,kIsH,uKAI,L84s,NhsEn4L,kZJtVhC,8Pds,cJvF,FzaX,8OZoOXS,oslk,IDn52bd,LM8l689qOp,rgKb,RAYp,F2FyR07IdsN7I
1,1778,0,0,20,25,8,166.56,0,0,0,4.052766,9,20,0,0,0,41918.7,10,0,16,0,-497016,1765,0,0,0,3329935,710420,0,0,0,0,8923200,4,0,0,0,Yn7t0Go8Lb,RO12,taul,1K8T,ssAy,jZ0kHY6,CRwkRNVRGo,Fgam,9_Y1,rGJy,VpdQ,IYzP,me75fM6ugJ,kIsH,uKAI,L84s,NhsEn4L,mAja5EA,gTnN,UYBR,FzaX,PCSKsQe,oslk,TZoq6Bf,jySVZNlOJy,Qu4f,RAYp,F2FyR07IdsN7I
1,1316,14,572,96,120,64,166.56,0,689016,0,5.523179,27,36,35,87024,9,27169.62,0,2,0,16,-452256,945,18,3753,24,360095,123228,1180,0,0,0,1077752,20,60546,0,0,2jiWq69cTy,RO12,taul,1K8T,8qEx,vLtMhNR,e1XhvTunuD,h6x8,9_Y1,0A_v,VpdQ,IYzP,me75fM6ugJ,kIsH,uKAI,L84s,NhsEn4L,mAjbk_S,bQPS,UYBR,FzaX,ie38iqZ,oslk,35GRt2K,LM8l689qOp,PM2D,RAYp,F2FyR07IdsN7I
1,420,7,224,156,195,152,166.56,0,59490,0,0.9604785,9,40,0,22272,0,18623.64,0,10,24,16,107198.8,700,12,15363,0,197085,414466,110,0,9,0,1230828,22,290148,0,0,HrWq9aXt5a,RO12,taul,1K8T,TLkP,F2ODpyj,h3WsUQk,_OZU,9_Y1,Y9Bl,VpdQ,sYC_,me75fM6ugJ,kIsH,uKAI,L84s,NhsEn4L,7Ww_Xqy,Jz3e,UYBR,FzaX,i9JT5R2,oslk,MERl9if,LM8l689qOp,uWr3,RAYp,F2FyR07IdsN7I
1,1309,7,424,128,160,56,200,0,2028102,0,1.292886,9,58,28,5472040,0,31271.4,15,4,24,16,202756.4,405,36,32931,0,3236670,630234,1225,0,9,554435,9838920,24,1509258,0,0,75lTmBtFkL,RO12,taul,1K8T,2Ix5,qE4ODwF,Cy0RhGn,eoUz,9_Y1,C6Eu,VpdQ,sYC_,me75fM6ugJ,kIsH,uKAI,L84s,NhsEn4L,kq0n8Bj,Nlv5,UYBR,FzaX,IJReT2p,oslk,a0xaK89,LM8l689qOp,rgKb,RAYp,F2FyR07IdsN7I
1,889,7,164,140,175,32,233.44,0,435480,0,6.889554,9,34,42,4723248,0,174032.1,10,0,40,56,114552,555,24,13887,0,7683650,587492,375,0,18,1764021,10477760,36,0,0,0,S8dr4RQxul,RO12,taul,1K8T,487l,_ybO0dd,Su7Rnmy,qLkx,9_Y1,z5Ry,VpdQ,zm5i,me75fM6ugJ,kIsH,uKAI,L84s,NhsEn4L,NGZ8l1f,ZWZt,UYBR,FzaX,L91KIiz,oslk,CE7uk3u,LM8l689qOp,FSa2,RAYp,F2FyR07IdsN7I
1,63,0,0,68,85,0,220.08,0,0,0,2.785943,9,16,0,2104048,0,174095.7,0,6,32,48,-461028,85,0,0,0,3456025,0,0,0,0,0,3946172,16,193992,0,0,9hRmfo875g,RO12,taul,1K8T,ZNsX,GUg04mC,ZkibjLN5VwJ2V,mbDs,9_Y1,iZJp,VpdQ,IYzP,me75fM6ugJ,kIsH,uKAI,L84s,NhsEn4L,kq0ncmx,ZP4N,cJvF,wwPEXoilkr,6g5Ojel,oslk,UbjqFbB,LM8l689qOp,3Cy4,RAYp,F2FyR07IdsN7I
1,7,0,0,160,200,128,166.56,0,12834,0,1.956633,9,16,0,0,0,27945.63,0,0,0,0,178080,600,12,0,0,1598475,414742,0,0,0,0,2116820,44,0,0,0,51rt0G8rTN,RO12,taul,1K8T,EPHy,voX4XxH,7aPrx0x,A6xB,9_Y1,k13i,sJzTlal,IYzP,me75fM6ugJ,kIsH,uKAI,L84s,NhsEn4L,TDcwKda,g2AX,UYBR,FzaX,_Mc87dl,oslk,Bfv7kpB,LM8l689qOp,fKCe,RAYp,F2FyR07IdsN7I
1,777,0,0,128,160,56,220.08,0,156888,0,2.695364,9,32,0,4750256,0,211288.2,0,4,32,56,181954.8,520,6,17991,0,6276350,1209600,0,0,9,604800,10611200,30,1036800,0,0,8I1TmBtueT,RO12,taul,1K8T,Uk76,au1CPws,n2YfB05aPZ,et5n,9_Y1,c2JP,sJzTlal,wMei,me75fM6ugJ,kIsH,uKAI,L84s,NhsEn4L,7WwwAA_,pv4R,UYBR,FzaX,_PxY_02,oslk,r7xOEra,jySVZNlOJy,rgKb,RAYp,F2FyR07IdsN7I
1,490,7,332,124,155,0,186.64,0,0,0,6.207007,9,102,7,6220800,0,211547.1,0,0,32,72,1423964,500,0,61758,0,9504000,0,3120,0,36,0,10713600,44,0,0,0,dRaTmBfHUn,RO12,taul,1K8T,ssAy,Nn3wY8e,NFeIdppttuZ9yxh1,dpn8,9_Y1,4N0K,VpdQ,Tkho,me75fM6ugJ,kIsH,uKAI,L84s,NhsEn4L,beK4AFX,AvgH,cJvF,FzaX,75wv48t,oslk,xKQ2fT4,jySVZNlOJy,Qu4f,RAYp,F2FyR07IdsN7I
1,2212,7,440,648,810,144,166.56,0,29316,0,0.163213,9,36,161,155560,0,1682.589,15,12,184,200,-31282.16,2225,120,2223,0,190740,9794,545,0,0,55321,284088,180,14502,0,0,TfiWq69R_D,RO12,taul,1K8T,0Xwj,jfPn1fB,r83_sZi,hRZh,HLqf,RVjC,VpdQ,IYzP,me75fM6ugJ,sBgB,uKAI,L84s,NhsEn4L,mAjbk_S,oSQY,UYBR,FzaX,WPf93Yc,oslk,853aRTx,LM8l689qOp,FSa2,RAYp,F2FyR07IdsN7I
1,903,7,48,184,230,48,198.88,0,1690458,0,0.2448195,9,34,0,4141704,0,144526.8,5,0,40,64,322372,730,36,1035,0,4754940,2300360,480,0,18,220346,11821680,50,0,0,0,Iskvyx875g,RO12,taul,1K8T,pGTb,ZvG7Jcz,qZsAqpg,DEtL,9_Y1,MBhA,09_Q,zm5i,me75fM6ugJ,kIsH,uKAI,L84s,NhsEn4L,kZJtVhC,DKbM,UYBR,FzaX,bDfRoKG,oslk,LUywS9i,LM8l689qOp,WqMG,RAYp,F2FyR07IdsN7I
1,2863,7,3488,152,190,40,235.36,0,2695596,0,0.297586,9,152,287,3970168,0,41301.9,15,2,56,64,-865692,1440,36,4140,0,4568565,567266,1165,0,36,619878,9723520,30,518406,0,0,LDPvyx7IEC,2Knk1KF,taul,1K8T,7wJ6,PHNvXy8,V4EEkD4AAZ,tgjV,9_Y1,qaiO,09_Q,haYg,NKv3VA1BpP,kIsH,uKAI,Mtgm,Ie_5MZs,CWNY2py,W9Ul,UYBR,FzaX,UF16siJ,zCkv,APgdzOv,LM8l689qOp,szEZ,6fzt,Zy3gnGM
1,413,0,0,280,350,72,186.64,0,3485154,0,4.910062,9,16,0,2386872,0,41913,10,6,80,88,929676,1140,60,0,0,5062800,120132,0,0,0,349062,8378960,70,310032,0,0,xearjIX0Db,RO12,taul,1K8T,dTod,itE48fK,KyxX4chnKM,0iyF,9_Y1,EKFb,sJzTlal,IYzP,me75fM6ugJ,kIsH,uKAI,L84s,NhsEn4L,mAja5EA,jtMm,UYBR,FzaX,aAJYH7D,oslk,nDh2fT4,LM8l689qOp,5Acm,RAYp,F2FyR07IdsN7I
1,2058,0,0,912,1140,296,186.64,0,2169396,0,2.27195,18,18,0,1629664,0,32050.2,75,18,48,272,-272797.2,3210,300,0,0,3592145,594174,0,0,9,153279,6959800,166,295560,0,0,1GdOj17ejg,RO12,taul,1K8T,7M9D,PFWctUb,_jTP8ioIlJ,66di,9_Y1,zfpA,VpdQ,zm5i,me75fM6ugJ,kIsH,uKAI,L84s,NhsEn4L,mAja5EA,DTNg,cJvF,FzaX,UjGfc8E,oslk,MKxzgmc,LM8l689qOp,7aLG,RAYp,F2FyR07IdsN7I
1,770,7,164,132,165,8,253.52,0,6172440,0,5.214911,9,38,0,3456000,0,199917.6,15,0,32,40,112489.6,500,72,1098,0,4722770,18304,320,0,9,604800,10539720,24,0,0,0,CxSr4RXktW,RO12,taul,1K8T,dWQK,ojHnF0C,Tg7jjBB,JTjM,9_Y1,Zazx,VpdQ,zm5i,me75fM6ugJ,kIsH,uKAI,L84s,NhsEn4L,mAjbk_S,BeDt,cJvF,FzaX,KhlYWu3,oslk,83UEsaq,LM8l689qOp,Xa3G,RAYp,F2FyR07IdsN7I
1,770,7,36,132,165,104,220.08,0,5613288,0,1.139073,9,40,14,252744,0,229560.3,15,8,32,16,115075.2,480,66,2250,0,0,2119880,730,0,9,0,10527520,0,2073600,0,0,gE8Wq6edh4,RO12,taul,1K8T,PGNs,r6ccy5d,88EhRq8,fFry,9_Y1,_xpN,sJzTlal,zm5i,me75fM6ugJ,kIsH,uKAI,L84s,NhsEn4L,mAja5EA,7aYT,cJvF,FzaX,LWkYE38,oslk,8ag7A2G,LM8l689qOp,FSa2,RAYp,F2FyR07IdsN7I
1,1092,7,680,172,215,136,166.56,0,0,0,1.614612,9,52,70,1308448,0,21891.36,0,2,24,64,142794,625,0,174006,0,457080,79076,7820,0,9,767837,1184348,34,9462,0,0,8I1r4RXXnK,RO12,taul,1K8T,EzKK,dC0d3iM,YQcPlrpk3WNO0,Ezzu,9_Y1,TFSW,VpdQ,IYzP,me75fM6ugJ,kIsH,uKAI,L84s,NhsEn4L,TDcECyH,EaKf,UYBR,FzaX,Ox88mx2,oslk,7KtqWEN,LM8l689qOp,Xa3G,RAYp,F2FyR07IdsN7I
1,182,7,1512,140,175,160,166.56,5,5508,0,3.023499,9,110,126,3712,0,3581.76,0,4,8,8,-11502.84,290,6,19971,8,72615,52190,1115,0,18,0,179532,22,17298,0,0,ZSNq9aX0Db,RO12,taul,1K8T,487l,iJzviRg,glRBFJT8NN,xTz6,9_Y1,Y9Bl,VpdQ,wMei,7M47J5GA0pTYIFxg5uy,kIsH,uKAI,L84s,4kVnq_T26xq1p,uZLhrot,Tm9m,UYBR,FzaX,ch2oGfM,zCkv,P6pu4Vl,LM8l689qOp,uWr3,ZI9m,R4y5gQQWY8OodqDV
1,1351,7,32,168,210,112,200,0,55002,0,1.501816,9,32,0,105680,0,40271.4,65,4,48,56,-305388.4,770,12,513,0,18415,245128,5,0,0,171010,714612,8,152328,0,0,xearjIX0Db,RO12,taul,1K8T,0Xwj,Xkt4wFk,fXexTA9,2Ueo,F3hy,WIr3,VpdQ,IYzP,me75fM6ugJ,kIsH,uKAI,L84s,NhsEn4L,kZJtVhC,YD6S,UYBR,FzaX,ZCE8XLE,oslk,dxB79_c,LM8l689qOp,5Acm,RAYp,F2FyR07IdsN7I
1,336,0,0,164,205,96,317.04,0,6216540,0,2.56035,9,22,0,201928,0,171834.6,25,12,48,16,-326109.6,695,72,0,0,307250,1565626,0,0,9,714,10569480,8,2084964,0,0,UCDvyx8zhV,RO12,taul,1K8T,pGTb,2cB4lx4,nHwDroFLJzGgl,B4ZW,9_Y1,MBhA,VpdQ,zm5i,me75fM6ugJ,kIsH,uKAI,L84s,NhsEn4L,kZJtVhC,DbhB,cJvF,FzaX,yNFOVQC,oslk,3z2QQMs,LM8l689qOp,WqMG,RAYp,F2FyR07IdsN7I
1,1316,7,12,136,170,16,253.52,0,9143220,0,5.717368,18,32,7,119672,0,128889.6,40,0,24,8,19068.16,570,114,486,0,647165,211650,10,0,9,0,9861160,8,0,0,0,u6tWq6edh4,RO12,taul,1K8T,lK27,XvJ7pE3,5q1hF23,hltI,9_Y1,_xpN,VpdQ,zm5i,me75fM6ugJ,kIsH,uKAI,Mtgm,NhsEn4L,mAjbk_S,EOfm,UYBR,FzaX,FgkYlW4,oslk,iHXRkup,LM8l689qOp,FSa2,RAYp,F2FyR07IdsN7I
1,287,0,0,120,150,0,213.36,0,25278,0,6.561419,9,34,0,5529600,0,203502.3,0,0,32,64,-319160,480,6,2844,0,9072000,0,0,0,9,0,10039240,42,0,0,0,DQlgUH7IEC,RO12,taul,1K8T,487l,cJKwkuM,5VBVhPL,BiLN,9_Y1,m_h1,09_Q,wMei,me75fM6ugJ,kIsH,uKAI,L84s,NhsEn4L,7Ww_Xqy,yYEN,UYBR,FzaX,aL0uLpj,oslk,5YyyovK,LM8l689qOp,WqMG,RAYp,F2FyR07IdsN7I
1,189,0,0,164,205,64,526.88,30,4093776,0,0.1048921,9,16,0,2153136,0,202110.3,20,4,56,48,88490,445,54,0,48,3638850,1115270,0,0,0,0,10595040,24,950424,0,0,1JGr4RKzJV,RO12,taul,1K8T,0Xwj,Y6hYfcf,yiXTc3CbD1,L0UM,HLqf,DtNL,VpdQ,IYzP,me75fM6ugJ,sBgB,uKAI,L84s,NhsEn4L,kZJyVg2,Olhi,UYBR,FzaX,gwj3_5u,oslk,APgu8Zv,LM8l689qOp,FSa2,RAYp,F2FyR07IdsN7I
1,1841,7,412,260,325,200,326.16,0,1277610,0,1.209571,9,36,49,134152,6,14820.9,10,12,24,120,-118896,960,18,19260,24,228485,1413152,4130,0,27,604800,5328040,28,1063392,0,7,LDPvyx7IEC,RO12,taul,1K8T,487l,60sg0bq,Gai9lEF2Fr,kKp4,9_Y1,YGOC,sJzTlal,IYzP,me75fM6ugJ,kIsH,uKAI,L84s,NhsEn4L,NGZXfGp,SMDf,UYBR,FzaX,ooBv48t,oslk,wtiz4Af,LM8l689qOp,szEZ,RAYp,F2FyR07IdsN7I
1,798,28,1460,132,165,56,166.56,0,6013140,0,4.332621,45,154,35,303104,0,72988.2,15,2,32,40,-91271.6,550,72,59112,0,6950,61362,3310,0,27,3654,5622000,10,444906,0,0,0vimfo8zhV,2Knk1KF,taul,1K8T,42Cy,VWnXzAw,S85OeCBjSz,unG8,9_Y1,6Kw9,09_Q,itlM,me75fM6ugJ,kIsH,uKAI,L84s,XfqtO3UdzaXh_,_JdcICD,sYMB,cJvF,FzaX,2WbYjZW,oslk,p2sz20V,LM8l689qOp,3Cy4,RAYp,TCU50_Yjmm6GIBZ0lL_
1,91,0,0,32,40,16,186.64,0,189576,0,4.451827,9,16,0,5134504,0,241472.4,5,0,16,16,-405772,230,6,0,0,3366510,292386,0,0,9,259091,8390800,4,0,0,0,75lq9ayfAo,RO12,taul,1K8T,rXTS,mhknt93,3cO76t0,E_sw,9_Y1,F_Lu,VpdQ,43pnToF,me75fM6ugJ,kIsH,uKAI,L84s,NhsEn4L,mAja5EA,hw6m,UYBR,FzaX,WWmfR8o,oslk,c4R2fT4,LM8l689qOp,TNEC,RAYp,F2FyR07IdsN7I
1,2702,7,1188,444,555,72,133.12,0,44934,0,6.559496,18,120,308,413984,0,4763.82,10,12,128,272,-68974,1740,18,2799,0,560990,28698,265,0,18,116788,804440,114,61176,0,0,zKnr4RXktW,2Knk1KF,taul,1K8T,0Y9G,fhk21Ss,II0S8f9,gItN,9_Y1,jakt,VpdQ,wMei,7M47J5GA0pTYIFxg5uy,kIsH,uKAI,L84s,E1aAZ0x7vd,beKMbmK,Va1Q,cJvF,FzaX,4UxGlow,QKW8DRm,catzS2D,jySVZNlOJy,7FJQ,ZI9m,ib5G6X1eUxUn6
1,637,7,184,148,185,72,266.88,0,3477174,0,5.714164,9,30,14,3168088,0,194574.9,20,0,40,40,111259.6,525,60,2124,0,3268610,1303954,1125,0,9,554414,10392200,18,0,0,0,1GdOj17ejg,RO12,taul,1K8T,oXaB,P_IFZs5,9UgkRNhwCh,1C8b,9_Y1,eQTr,VpdQ,43pnToF,me75fM6ugJ,kIsH,uKAI,L84s,NhsEn4L,mAjbk_S,WSlV,cJvF,FzaX,RnY8XLE,oslk,IBL2qo0,jySVZNlOJy,7aLG,RAYp,F2FyR07IdsN7I
1,427,7,64,32,40,0,166.56,0,4290,0,1.267037,18,56,0,31168,0,2779.017,0,0,48,48,-4509.56,290,6,19395,0,3065,0,175,0,0,22673,20896,2,0,0,0,NQ5vyxLkBI,RO12,taul,1K8T,UpNf,Pvu4X3H,76j2P_OLn0,2Xu6,9_Y1,vzJD,VpdQ,IYzP,me75fM6ugJ,kIsH,uKAI,L84s,NhsEn4L,TDceha3,01cV,cJvF,FzaX,95r8hdx,oslk,Pk67qqc,LM8l689qOp,xb3V,RAYp,F2FyR07IdsN7I
1,1932,0,72,1036,1295,328,220.08,5,3976314,0,6.965392,9,64,0,3052896,3,68916.91,105,34,200,288,179032.4,3250,258,20349,16,3803980,1094518,0,0,9,733376,10754680,202,513336,0,0,hSogUHXZeb,RO12,taul,1K8T,487l,b8EJ4lp,Pkku4gO,8H1C,9_Y1,STGZ,VpdQ,IYzP,me75fM6ugJ,kIsH,uKAI,L84s,NhsEn4L,mAjbk_S,s9FI,UYBR,FzaX,Hofvwg4,oslk,mKmKSaP,jySVZNlOJy,453m,RAYp,F2FyR07IdsN7I
1,497,0,0,132,165,8,286.96,0,84,0,1.497543,9,28,0,6220800,0,233196.3,0,0,32,72,153496.8,490,6,0,0,9504000,8968,0,0,18,0,10731600,44,0,0,0,mCGq9ayE15,RO12,taul,1K8T,z32l,60Ox5tm,76jk_MXMyd,h7KG,9_Y1,QBpP,VpdQ,IYzP,me75fM6ugJ,kIsH,uKAI,L84s,NhsEn4L,mAja5EA,Augw,UYBR,FzaX,nQmDFjT,oslk,v6EghEc,LM8l689qOp,7P5s,RAYp,F2FyR07IdsN7I
1,861,7,196,124,155,0,303.76,0,1425714,0,5.741508,18,48,77,4147200,0,196778.4,10,0,32,48,140349.2,515,18,5121,0,8325550,0,235,0,9,0,10318160,40,0,0,0,ZSNq9atbb6,RO12,taul,1K8T,JLbT,OENRWXF,V6XUlxabJ4VaD,sRth,9_Y1,KfYH,VpdQ,Tkho,me75fM6ugJ,kIsH,g5HH,L84s,NhsEn4L,TDc4Td_,yt5k,cJvF,FzaX,rHB9eoy,oslk,1j2Q5_S,LM8l689qOp,me1d,RAYp,F2FyR07IdsN7I
1,280,0,0,140,175,8,357.04,0,7777980,0,0.3960692,9,20,0,1499904,0,223827.6,35,0,32,32,-348562.4,505,96,0,0,2570265,76634,0,0,9,0,10563960,14,0,0,0,Qu0r4RKzJV,RO12,taul,1K8T,487l,DW3heVi,J_sb4dmQwP,cKhn,9_Y1,DtNL,VpdQ,zm5i,me75fM6ugJ,kIsH,uKAI,Mtgm,NhsEn4L,7WwOAni,LkVU,UYBR,FzaX,THMQrGj,oslk,cObaF5M,LM8l689qOp,FSa2,RAYp,F2FyR07IdsN7I
1,791,14,464,76,95,80,186.64,0,1383888,0,1.987182,36,158,14,4120768,0,231947.7,0,4,16,16,274776,460,18,22554,0,2651265,2872380,3555,0,36,1620864,11820880,4,1458234,0,0,8I1r4RXXnK,2Knk1KF,taul,1K8T,1TqK,B4gu5tB,tru9LxV1s14s4ButeRu,Djsx,9_Y1,TFSW,09_Q,hAFG,me75fM6ugJ,kIsH,uKAI,L84s,XfqtO3UdzaXh_,XTbPUYD,J46a,UYBR,FzaX,l8AOtFs,oslk,ZjpR6zD,jySVZNlOJy,Xa3G,RAYp,TCU50_Yjmm6GIBZ0lL_
1,784,0,1228,96,120,32,273.6,0,2441262,0,0.03631703,9,74,0,1267272,0,172305.3,15,4,24,16,180869.2,485,36,165690,0,5400100,633632,0,0,18,554428,9432560,14,950448,0,0,rY9TmBGxe3,RO12,taul,1K8T,ssAy,77fJ9iC,LGk3GNC3u14shA_j3Eb,3c02,9_Y1,4N0K,09_Q,IYzP,me75fM6ugJ,kIsH,g5HH,L84s,NhsEn4L,TDceha3,0L8x,cJvF,AU8pNoi,t5EvdH_,oslk,E2dQguc,LM8l689qOp,Qu4f,RAYp,F2FyR07IdsN7I
1,714,7,1488,124,155,96,220.08,0,3638208,0,4.014527,9,58,0,221328,0,204690.9,20,8,24,8,-60859.6,485,48,16479,0,225680,1783942,800,0,9,604800,8081880,4,2073600,0,0,qFpmfo8zhV,RO12,taul,1K8T,7gSz,LTIJsEU,TbQyCeZ21flwy,NbPt,9_Y1,_48V,VpdQ,lVqb,me75fM6ugJ,kIsH,uKAI,L84s,XfqtO3UdzaXh_,11p4mKe,TmTS,cJvF,FzaX,PtLvdH_,oslk,wif79_c,LM8l689qOp,3Cy4,RAYp,F2FyR07IdsN7I
1,3976,0,0,140,175,24,331.04,0,5372502,0,2.609699,18,66,0,3711440,0,26805.09,15,0,24,48,241060,750,72,180,0,4017320,277200,0,0,0,0,10242400,22,0,0,0,qXhOj1dtN_,RO12,taul,1K8T,pGTb,UsSY9Q6,d6zx_0v,Pjyv,9_Y1,DFSe,VpdQ,sYC_,me75fM6ugJ,kIsH,g5HH,L84s,NhsEn4L,y5FDdKv,hpGD,cJvF,FzaX,UF10FxM,oslk,BlJqCcD,LM8l689qOp,me1d,RAYp,F2FyR07IdsN7I
1,4494,7,164,136,170,32,200,0,128766,0,2.178381,9,30,0,6220800,0,26065.8,0,0,32,72,31524,6515,6,9360,0,8402750,175774,800,0,0,1209600,10270000,40,0,0,0,zKnr4RXktW,AERks4l,taul,1K8T,EzKK,9tYdzR5,zA2IZno2NK,DtaI,9_Y1,Albh,VpdQ,IYzP,GjJ35utlTa_GNSvxxpb9ju,kIsH,uKAI,L84s,JBfYVit4g8,TDctq2l,Kmph,cJvF,FzaX,h72anKa,Al6ZaUT,zUlAWhf,LM8l689qOp,Xa3G,02N6s8f,xwM2aC7IdeMC0
1,0,0,0,8,10,0,24.08,0,0,0,1.930143,9,12,0,0,0,28087.5,0,0,0,0,-1100808,10,0,0,8,93625,0,0,0,0,0,74900,4,0,0,7,etYt0GVuu1,RO12,taul,1K8T,2Ix5,60sCyD5,d6zx_0v,6kEs,9_Y1,k13i,VpdQ,IYzP,me75fM6ugJ,kIsH,g5HH,L84s,NhsEn4L,TDcwKda,yDoW,cJvF,FzaX,Gpv8hdx,oslk,HcpEsaq,LM8l689qOp,fKCe,RAYp,F2FyR07IdsN7I
1,1288,14,1200,128,160,64,269.04,0,3813138,0,0.8778039,18,68,42,2273848,0,156799.8,15,2,24,48,1142012,520,48,282483,0,2015265,812948,2160,0,27,0,8184360,12,475212,0,0,a4v9tYsGvO,RO12,taul,1K8T,TyGl,_A3lbGp,8o3WlGR,I4A8,9_Y1,YULl,09_Q,IYzP,me75fM6ugJ,kIsH,uKAI,L84s,NhsEn4L,mAjbk_S,ZxXI,UYBR,FzaX,ErGY_02,oslk,a4oQQMs,LM8l689qOp,FSa2,RAYp,F2FyR07IdsN7I
1,1148,7,868,128,160,32,296.32,0,3437292,0,2.456313,18,72,77,160640,0,121080.9,40,0,32,8,235855.6,620,54,17973,0,2162195,529190,13710,0,27,0,7563040,20,0,0,0,_v2TmBftjz,X1rJx42ksaRn3qcM,taul,1K8T,OY2L,PHNvXy8,glRbITbnHQ,DQv3,9_Y1,Gx0B,VpdQ,sYC_,NKv3VA1BpP,kIsH,uKAI,L84s,Ie_5MZs,y5FYABQ,ItPQ,cJvF,FzaX,UF16siJ,zCkv,APgdzOv,LM8l689qOp,Qu4f,6fzt,xwM2aC7IdeMC0
1,798,7,0,156,195,136,220.08,0,0,0,3.354839,9,38,0,1937112,0,155616,10,6,48,56,138536.4,640,0,486,0,858085,163868,5,0,9,421841,2339028,20,99702,0,0,FAJWq69cTy,RO12,taul,1K8T,ssAy,GdzFZs5,KyxX4chnKM,i0kZ,9_Y1,Px52,sJzTlal,wMei,me75fM6ugJ,kIsH,uKAI,L84s,NhsEn4L,7WwwAA_,myAB,cJvF,FzaX,Xsg8XLE,oslk,eIi2qo0,LM8l689qOp,PM2D,RAYp,F2FyR07IdsN7I
1,854,7,48,176,220,80,186.64,0,6138780,0,1.234779,9,44,0,2883648,6,131553,15,0,32,40,138879.6,675,72,39231,32,1946015,1364684,575,0,9,0,10884800,28,0,0,14,tr0Wq69cTy,RO12,taul,1K8T,487l,wEJSdMg,ThrnFOQ,5hoM,9_Y1,Px52,09_Q,43pnToF,me75fM6ugJ,kIsH,uKAI,L84s,NhsEn4L,mAjbk_S,Tdx1,cJvF,FzaX,aMa88FJ,oslk,tM4OEra,LM8l689qOp,PM2D,RAYp,F2FyR07IdsN7I
1,532,0,0,156,195,32,166.56,0,5558784,0,3.365734,9,24,0,2764800,0,145203.9,20,4,32,32,147108.4,565,72,0,0,3559495,388752,0,0,9,0,10492240,26,1036800,0,0,C2Dvyx875g,RO12,taul,1K8T,pGTb,uMA4Shd,wx8JLiO,7yo6,9_Y1,MBhA,VpdQ,IYzP,me75fM6ugJ,kIsH,uKAI,L84s,NhsEn4L,mAja5EA,u_cA,UYBR,FzaX,meWmFX7,oslk,DQ3iZDY,jySVZNlOJy,WqMG,RAYp,F2FyR07IdsN7I
1,2149,7,3636,192,240,56,220.08,0,2223330,0,0.5652639,45,154,406,3455256,0,63745.2,15,6,32,40,10338.72,1050,84,21510,0,5574350,760296,465,0,27,0,9972640,32,470220,0,0,vNEvyxLp3Z,RO12,taul,1K8T,ssAy,V6RnKxT,LJF4fPp,OnYb,9_Y1,vzJD,VpdQ,CoYW,DHn_WUyBhW_whjA88g9bvA64_,kIsH,uKAI,L84s,H4p93_uThXwSG,teAEa95,hKnQ,cJvF,FzaX,HloCXXk,Al6ZaUT,BpCO5Zp,LM8l689qOp,xb3V,02N6s8f,iyHGyLCEkQ
1,329,0,0,304,380,184,313.68,0,4959720,0,5.554155,9,18,0,954296,0,121719.6,40,6,72,64,226490,750,90,0,0,2711815,1221090,0,0,9,149072,10753320,38,480600,0,0,dRarjIK12c,RO12,taul,1K8T,YVv3,BMnJ89M,7vJz3tk,t0aw,9_Y1,7WNq,VpdQ,zm5i,me75fM6ugJ,kIsH,uKAI,L84s,NhsEn4L,NGZxnJM,spyB,UYBR,FzaX,8d5YWu3,oslk,sXbT3Cb,LM8l689qOp,WqMG,RAYp,F2FyR07IdsN7I
1,9163,7,120,5660,7075,4280,200,0,289680,0,6.354625,9,74,28,1570336,0,6542.88,70,200,1960,2768,-670936,14395,1398,131553,0,1255450,628208,485,0,0,415807,3850024,374,588864,0,0,2AAWq69R_D,RO12,taul,1K8T,pdks,6KF0k8W,J_sb4dmQwP,e5xz,9_Y1,0A_v,VpdQ,sYC_,me75fM6ugJ,kIsH,uKAI,L84s,NhsEn4L,y5FCfxT,kSpl,cJvF,FzaX,ot6oLzk,oslk,IIvC99a,LM8l689qOp,PM2D,RAYp,F2FyR07IdsN7I
1,161,0,0,44,55,40,260,0,7406820,0,6.758171,9,18,0,4868528,0,259719,5,0,8,16,10350.56,400,18,0,0,0,711110,0,0,9,0,9341640,0,0,0,0,V8lBcmz45j,RO12,taul,1K8T,uNkU,esxkA1P,26yE7ccErl,4I6n,9_Y1,rzbc,VpdQ,zm5i,me75fM6ugJ,kIsH,uKAI,L84s,NhsEn4L,7Ww3FSW,Smn3,cJvF,FzaX,EPImS85,oslk,MI8s5nE,LM8l689qOp,Qcbd,RAYp,F2FyR07IdsN7I
1,105,0,0,180,225,40,470.56,0,6681900,0,5.233497,9,16,0,691200,9,128351.4,10,14,40,8,136538.4,430,84,0,32,2189350,849612,0,6,9,1108863,10652400,32,3040584,0,0,NQ5rEy7Rm6,RO12,taul,1K8T,sKnY,KKUY1iZ,r83_sZi,31Fv,9_Y1,H9GL,VpdQ,zm5i,me75fM6ugJ,kIsH,uKAI,L84s,NhsEn4L,mAjIhQy,ZE_D,cJvF,FzaX,1FqRPlm,oslk,PPGDthD,LM8l689qOp,Aoh3,RAYp,F2FyR07IdsN7I
1,1890,21,2660,236,295,192,133.12,0,29550,0,3.169836,36,54,14,57008,0,11818.62,0,16,40,32,-79560.4,1100,12,23058,0,904945,163820,1665,0,0,43820,1190412,42,135918,0,0,V8lBcmz45j,RO12,taul,1K8T,uErj,a6hhurh,pCsFbvQJcF,JEqV,9_Y1,yrDU,09_Q,IYzP,me75fM6ugJ,kIsH,uKAI,L84s,NhsEn4L,TDceha3,xmB8,UYBR,FzaX,WPfKVq0,oslk,XQvdByr,LM8l689qOp,Qcbd,RAYp,F2FyR07IdsN7I
1,903,7,532,140,175,24,186.64,0,606726,0,5.45909,27,92,84,5529600,0,107974.2,0,0,32,64,112214.4,515,12,18243,0,8295750,363898,2835,0,18,0,10533680,44,0,0,0,dukmfo8zhV,RO12,taul,1K8T,ssAy,AIO9x15,Vxu_jOIy4u,8FB6,9_Y1,gnEy,sJzTlal,G_zk,Kxdu,kIsH,uKAI,L84s,FMSzZ91zL2,jawDOp1,FM6S,UYBR,FzaX,iokiSQE,zCkv,hYsWQhn,LM8l689qOp,3Cy4,6fzt,SbOd7O8ky1wGNxp0Arj0Xs
1,35,0,0,96,120,8,721.04,30,2665188,0,2.713095,9,12,0,2212000,0,175593.9,5,0,24,32,-346933.6,120,36,0,56,3009110,26080,0,0,0,121100,5619000,24,0,0,7,DHerjIKQ76,RO12,taul,1K8T,pGTb,65ylkJq,hMo8E9a,ukp9,9_Y1,7WNq,VpdQ,IYzP,me75fM6ugJ,kIsH,uKAI,L84s,NhsEn4L,kZJtVhC,6QbE,cJvF,FzaX,x_lYlW4,oslk,3B1QowC,LM8l689qOp,WqMG,RAYp,F2FyR07IdsN7I
1,5411,7,36,924,1155,560,166.56,0,147438,0,6.601154,9,60,0,768856,0,7702.5,25,42,256,360,47660,3335,90,1863,0,431980,472938,430,0,0,178395,2205544,150,589566,0,0,EsYq9aX0Db,RO12,taul,1K8T,TLkP,qbzg2A0,V4EEkD4AAZ,x3o3,9_Y1,Y9Bl,sJzTlal,IYzP,me75fM6ugJ,kIsH,uKAI,L84s,NhsEn4L,kq0FDQL,604y,UYBR,FzaX,Dndv4zN,oslk,6ebzrB7,LM8l689qOp,uWr3,RAYp,F2FyR07IdsN7I
1,455,0,0,128,160,0,220.08,0,58890,0,5.588763,9,24,0,6220800,0,218993.4,0,0,32,72,85372.4,545,12,0,0,9072000,0,0,0,9,0,10407280,42,0,0,0,a4vPe2fHUn,RO12,taul,1K8T,GYbZ,NxdYjTW,q9S74dTN14L10,HJ88,9_Y1,mTeA,sJzTlal,zm5i,me75fM6ugJ,kIsH,uKAI,L84s,NhsEn4L,kZJtVhC,8Mfr,UYBR,FzaX,cS20nTz,oslk,gsLqI2t,LM8l689qOp,FSa2,RAYp,F2FyR07IdsN7I
1,105,0,0,80,100,32,186.64,0,9787560,0,5.70925,9,16,0,1246296,0,237263.4,0,0,8,8,-223974.8,400,60,0,0,158865,1378024,0,0,0,0,10031320,10,0,0,0,xOXr4RXktW,RO12,taul,1K8T,1TqK,LG0JHBC,4soGE0N5VZrWb,JoXp,9_Y1,TFSW,09_Q,IYzP,me75fM6ugJ,kIsH,uKAI,L84s,NhsEn4L,mAja5EA,Vzbg,cJvF,FzaX,ZDjvbB7,oslk,nx1K0JH,LM8l689qOp,Xa3G,RAYp,F2FyR07IdsN7I
1,595,0,0,180,225,64,288.16,0,2822886,0,5.834865,9,28,0,2077720,0,192622.8,30,2,56,32,191179.6,625,48,0,8,4056425,881702,0,6,9,338114,9962880,36,289812,0,0,BQavyxLp3Z,RO12,taul,1K8T,GYbZ,SCRu_5h,nQUq7hGe64,kfVu,9_Y1,lXxA,09_Q,zm5i,me75fM6ugJ,sBgB,uKAI,L84s,NhsEn4L,kZJtVhC,DknC,UYBR,FzaX,QtooGGc,oslk,X2DAyp5,LM8l689qOp,xb3V,RAYp,F2FyR07IdsN7I
1,686,7,28,20,25,8,253.52,0,3628800,0,1.276437,9,74,0,0,0,228918,0,0,0,0,-208794.8,305,6,549,0,8163550,574,5,0,9,0,8951200,6,0,0,0,DQlrEyXXnK,RO12,ev6I,1K8T,487l,FJDupBg,j3XZPcN,YKtP,9_Y1,SkZj,sJzTlal,IYzP,7M47J5GA0pTYIFxg5uy,kIsH,uKAI,L84s,E1aAZ0x7vd,y5FNnGZ,S1Do,UYBR,FzaX,OYHoGfM,QKW8DRm,RlTh9x_,LM8l689qOp,Aoh3,vJ_w8kB,WfJYmPMksSqa1pajvfG
1,1015,14,4544,156,195,120,166.56,0,0,0,4.229651,27,76,161,383632,0,71212.5,15,18,56,32,-102833.6,460,0,1827,0,1694455,692624,335,0,9,516425,3744216,16,1026078,0,0,dRavyx7ejg,RO12,taul,1K8T,FgS1,q5ZViyY,vTS4L1b76eV3e,Dx_M,9_Y1,RcM7,sJzTlal,IYzP,me75fM6ugJ,kIsH,uKAI,L84s,NhsEn4L,kZJ4Oht,P_Bn,cJvF,FzaX,wvSfql_,oslk,pfUTE6Y,LM8l689qOp,szEZ,RAYp,F2FyR07IdsN7I
1,602,7,1580,144,180,80,253.52,0,3529038,0,5.568895,9,30,119,3382032,0,179399.7,10,2,32,48,88517.2,520,48,1242,0,3040120,1584040,525,0,0,0,10594320,18,475212,0,0,xearjIX0Db,RO12,taul,1K8T,dTod,Xkt4wFk,bGUqwlz,ALV3,9_Y1,VILw,VpdQ,IYzP,me75fM6ugJ,kIsH,uKAI,L84s,NhsEn4L,NGZXfGp,69du,cJvF,FzaX,ZCE8XLE,oslk,dxB79_c,LM8l689qOp,5Acm,RAYp,F2FyR07IdsN7I
1,1162,7,36,248,310,136,166.56,0,27864,0,0.9583422,18,32,7,94832,0,11446.62,5,10,72,232,-596384,1080,24,29061,0,95010,41184,645,0,0,5376,247716,12,34344,0,0,CEaBcmz45j,RO12,taul,1K8T,0Xwj,BoXMutf,9yspl6weRW8HDyC_7Hk,P8e6,F3hy,4nnx,09_Q,IYzP,me75fM6ugJ,kIsH,uKAI,L84s,NhsEn4L,uZL60aU,ak3_,cJvF,FzaX,KgoD5lR,oslk,o_K0_1Y,LM8l689qOp,Qcbd,RAYp,F2FyR07IdsN7I
1,182,0,0,152,190,40,308.72,0,5095962,0,3.267037,9,16,0,3326552,0,213727.2,5,4,32,48,212762.8,465,78,0,0,4356335,653106,0,0,0,0,10601680,22,649506,0,0,DQlgUH7IEC,RO12,taul,1K8T,xgSF,eYPJuq4,zxarPvc,Dvzl,9_Y1,m_h1,09_Q,IYzP,me75fM6ugJ,kIsH,uKAI,L84s,NhsEn4L,NGZxnJM,f1uV,cJvF,FzaX,42Uv66D,oslk,_BMKSUK,LM8l689qOp,WqMG,RAYp,F2FyR07IdsN7I
1,553,7,4,24,30,16,198.88,0,6614400,0,5.570391,9,32,0,8387280,0,240182.1,0,0,8,16,-116806.8,280,12,72,0,0,315162,5,0,18,0,9233600,0,0,0,0,8Fdr4RXXnK,RO12,taul,1K8T,hM6W,cmPXOhW,yLQ6qarKpT,hK9K,9_Y1,Zazx,sJzTlal,zm5i,me75fM6ugJ,kIsH,uKAI,L84s,NhsEn4L,7WwwAA_,wH2R,cJvF,FzaX,tjWYlW4,oslk,T_gzrB7,LM8l689qOp,Xa3G,RAYp,F2FyR07IdsN7I
1,196,0,0,100,125,48,253.52,0,3801696,0,0.6233711,9,26,0,2534464,0,87757.5,10,2,24,32,-39443,125,48,0,16,1584040,549262,0,0,0,554414,7117880,8,475212,0,14,E3dr4RQxul,RO12,taul,1K8T,lK27,4e3JKO_,0_XB06m8Lu,vVrQ,9_Y1,z5Ry,09_Q,IYzP,me75fM6ugJ,sBgB,uKAI,Mtgm,NhsEn4L,mAja5EA,4pYq,UYBR,FzaX,IGMYlW4,oslk,IbpTE6Y,LM8l689qOp,FSa2,RAYp,0pzBWGkV3fbsGZN52DH
1,735,7,504,296,370,216,166.56,5,64260,0,2.656911,18,46,21,100704,0,9380.85,10,16,128,144,-21176.44,730,90,3177,8,37720,68998,1590,0,0,102445,294732,8,40008,0,0,tr0gUH7ejg,RO12,taul,1K8T,dm89,cJKwkuM,8ObyeEop80qhzklX,umg2,9_Y1,m_h1,09_Q,IYzP,me75fM6ugJ,kIsH,uKAI,L84s,NhsEn4L,mAjbk_S,8JTE,UYBR,FzaX,aL0uLpj,oslk,5YyyovK,LM8l689qOp,WqMG,RAYp,F2FyR07IdsN7I
1,609,0,0,296,370,104,249.6,0,3986154,0,3.358043,9,18,0,2559072,0,46487.7,25,2,32,96,94574.8,1875,96,0,0,3933655,695700,0,0,9,0,10166600,54,475212,0,0,npOBcmzkzH,RO12,taul,1K8T,tXti,GUg88LT,hecE0Eo,gVeP,9_Y1,WGOH,VpdQ,43pnToF,me75fM6ugJ,kIsH,uKAI,L84s,NhsEn4L,kZJyVg2,IhUB,UYBR,FzaX,AuG6jyF,oslk,64B7j0h,LM8l689qOp,Qcbd,RAYp,F2FyR07IdsN7I
1,1743,7,476,236,295,88,330.56,0,7915440,0,4.753044,27,52,28,2293664,0,41688.3,30,2,64,64,269985.2,1015,108,51651,0,2372865,285038,455,0,18,154007,10635960,30,2526,0,0,gOyq9ayE15,RO12,taul,1K8T,PJLW,Fnlw8DQ,ZZ7H_hi,IPv8,9_Y1,vm5R,VpdQ,IYzP,me75fM6ugJ,kIsH,uKAI,Mtgm,NhsEn4L,TDcECyH,Kglb,cJvF,FzaX,wIfAM23,oslk,dwbKSUK,LM8l689qOp,7P5s,RAYp,F2FyR07IdsN7I
1,777,7,84,136,170,16,220.08,0,1069566,0,1.23777,9,50,0,6220800,0,228086.7,0,0,32,72,454224,505,24,86508,0,8180700,51288,460,0,27,0,10470560,38,0,0,0,u6tWq6edh4,AERks4l,taul,1K8T,JLbT,fqeOwLG,KhDb8PW,qUsF,9_Y1,_xpN,VpdQ,IYzP,7M47J5GA0pTYIFxg5uy,kIsH,uKAI,Mtgm,4kVnq_T26xq1p,jawlQYW,8EVF,UYBR,FzaX,fxJmel6,zCkv,WfsWw2A,LM8l689qOp,FSa2,ZI9m,F2FcTt7IdMT_v
1,1211,14,476,108,135,56,220.08,0,2996352,0,3.92053,27,58,0,4517560,0,135556.2,20,0,32,32,1731752,465,30,7479,0,2002570,1549244,910,0,9,0,9946440,14,0,0,0,LDPgUHXZeb,RO12,taul,1K8T,TyGl,cSPqFuv,n1zVHpT8NN,ZIlk,9_Y1,STGZ,09_Q,IYzP,me75fM6ugJ,kIsH,uKAI,L84s,NhsEn4L,TDceha3,s9FI,UYBR,FzaX,joS6pd1,oslk,AYu2Oqu,LM8l689qOp,453m,RAYp,F2FyR07IdsN7I
1,420,0,0,1108,1385,488,361.68,5,737040,0,4.705832,9,14,0,858376,0,31355.1,150,4,32,200,6090.72,1465,360,0,8,4611440,937372,0,0,0,0,7889360,198,1232232,0,0,m9SrEy7Rm6,RO12,taul,1K8T,nQZ6,LG0JHBC,MVmv5bmF3rNGUlhy,zdei,9_Y1,X8zP,09_Q,IYzP,me75fM6ugJ,kIsH,uKAI,Mtgm,NhsEn4L,kq0dQfu,astg,UYBR,FzaX,ZDjvbB7,oslk,nx1K0JH,LM8l689qOp,Aoh3,RAYp,F2FyR07IdsN7I
1,791,7,400,120,150,0,240.56,0,39534,0,6.489853,9,54,70,250616,0,22036.56,0,0,24,72,-20831,440,18,10224,0,546700,0,2165,0,9,0,589024,36,0,0,0,ZSNq9atbb6,RO12,taul,1K8T,ZF5Q,pKIL3j7,VxukhVqEU4,sRth,9_Y1,KfYH,09_Q,hAFG,me75fM6ugJ,kIsH,g5HH,L84s,XfqtO3UdzaXh_,mAjGvmL,yt5k,cJvF,FzaX,7DID5lR,oslk,JIB9h3w,LM8l689qOp,me1d,RAYp,F2FyR07IdsN7I
1,308,0,0,164,205,56,265.76,0,6177720,0,0.2969451,9,18,0,2990736,0,190391.1,10,0,32,104,43402.4,580,78,0,0,2208245,1025522,0,0,9,0,10065120,12,0,0,0,lAFr4RQZiT,RO12,taul,1K8T,AnrR,4e3JKO_,9HOPNsJ,hJPt,9_Y1,z5Ry,09_Q,zm5i,me75fM6ugJ,kIsH,uKAI,L84s,NhsEn4L,kq0IUgY,hIp0,UYBR,FzaX,IGMYlW4,oslk,IbpTE6Y,LM8l689qOp,FSa2,RAYp,F2FyR07IdsN7I
1,357,7,432,44,55,56,166.56,0,0,0,2.160222,18,38,0,0,0,20099.91,0,0,0,0,-203837.2,215,0,70533,0,77965,77974,740,0,0,0,218320,8,0,0,0,DHeTmBftjz,RO12,taul,1K8T,LFM_,TwRo8uU,n1zVHpT8NN,jhY2,9_Y1,Gx0B,sJzTlal,IYzP,me75fM6ugJ,kIsH,uKAI,L84s,NhsEn4L,mAjbk_S,15Fo,cJvF,FzaX,Oa96V3V,oslk,zFwT3Cb,LM8l689qOp,Qu4f,RAYp,F2FyR07IdsN7I
1,154,0,0,132,165,32,286.96,0,3865392,0,0.05404828,9,16,0,2534560,3,213001.2,10,2,24,32,-1447.284,460,54,0,8,5148400,633638,0,0,0,1108877,10119680,26,475230,0,0,1JGqrQKzJV,RO12,taul,1K8T,TyGl,cGZJt03,IG_G867,bEDb,9_Y1,15m3,VpdQ,IYzP,me75fM6ugJ,kIsH,uKAI,L84s,NhsEn4L,kZJyVg2,1SUJ,cJvF,FzaX,EN4vOIl,oslk,82XQQMs,LM8l689qOp,FSa2,RAYp,F2FyR07IdsN7I
1,973,7,820,128,160,16,471.84,0,9578760,0,6.560778,36,58,175,1382312,0,189470.7,35,0,32,16,189663.6,500,120,28026,0,431975,199618,330,0,0,0,10240840,2,0,0,0,EsYq9atbb6,RO12,taul,1K8T,0Xwj,gjtEWXn,Hz6CKEGgV0Vbb,uSSw,F3hy,KfYH,09_Q,IYzP,me75fM6ugJ,kIsH,g5HH,L84s,NhsEn4L,mAjk2hr,HsUK,cJvF,FzaX,JptRsCb,oslk,2wCqs0R,LM8l689qOp,me1d,RAYp,F2FyR07IdsN7I
1,2884,0,0,136,170,8,255.92,0,8536500,0,2.930143,9,28,0,1489088,0,26038.14,30,0,40,32,77412.4,885,102,0,0,2233740,4996,0,0,9,0,10306120,12,0,0,0,0vimfo8zhV,RO12,taul,1K8T,0Xwj,tSzCYcI,NfN9Bz6HFx,yl6y,F3hy,6Kw9,VpdQ,sYC_,me75fM6ugJ,kIsH,uKAI,L84s,NhsEn4L,uZL60aU,C0Pu,cJvF,FzaX,ooBoGGc,oslk,hqtMtzo,LM8l689qOp,3Cy4,RAYp,F2FyR07IdsN7I
1,329,0,0,88,110,40,166.56,0,1430904,0,2.994018,9,22,0,852928,0,46044.3,0,8,40,32,355758.8,575,12,0,0,553220,152980,0,0,0,705600,2570704,14,662652,0,0,dRagUHXM47,RO12,taul,1K8T,7ALb,BBmwWHr,msI6okrs6a,qXyG,9_Y1,fTh6,VpdQ,IYzP,me75fM6ugJ,kIsH,uKAI,L84s,NhsEn4L,mAja5EA,DhN7,cJvF,FzaX,sTyQFhp,oslk,lJxNMua,LM8l689qOp,453m,RAYp,F2FyR07IdsN7I
1,791,7,660,196,245,40,200,0,7732440,0,2.859432,18,136,7,1436232,0,214380.3,35,2,40,112,108050.4,520,90,20250,0,2796750,1274,500,0,18,317387,10604480,14,272046,0,0,EsYrjIX0Db,2Knk1KF,taul,1K8T,lK27,jMFpLPy,d6zx_0v,c_SS,9_Y1,xQ2A,VpdQ,6JmL,me75fM6ugJ,kIsH,uKAI,L84s,XfqtO3UdzaXh_,XTbPUYD,gvA6,UYBR,FzaX,WPf6V3V,oslk,tomqI2t,jySVZNlOJy,5Acm,RAYp,55YFVY9
1,350,21,676,72,90,48,186.64,0,481164,0,0.7867976,27,62,14,215928,0,34779.6,15,0,16,16,-596368,95,18,46179,0,1488425,135248,1630,0,18,0,2235932,8,0,0,0,CxSr4RXktW,RO12,taul,1K8T,ChAX,_gMXOhW,o5WT5gy7iu,0utj,9_Y1,ZKJc,VpdQ,IYzP,me75fM6ugJ,kIsH,uKAI,L84s,NhsEn4L,TDceha3,qEMk,cJvF,FzaX,r5hYlW4,oslk,CWizrB7,LM8l689qOp,7FJQ,RAYp,F2FyR07IdsN7I
1,742,7,0,124,155,176,186.64,0,0,0,0.05084383,9,64,0,0,0,219751.8,0,16,32,0,-26197.56,395,0,7002,8,80515,3801600,30,0,18,0,10432400,2,4147200,0,7,FAJWq69cTy,RO12,taul,1K8T,ssAy,GdzFZs5,W5NlG5E0FK,eKTQ,9_Y1,Px52,VpdQ,IYzP,me75fM6ugJ,kIsH,uKAI,L84s,NhsEn4L,kq0emRG,JEC4,UYBR,FzaX,Xsg8XLE,oslk,eIi2qo0,jySVZNlOJy,PM2D,RAYp,F2FyR07IdsN7I
1,1169,7,20,176,220,80,166.56,0,67302,0,6.903012,9,78,0,190944,0,54738.6,0,26,72,80,53857.2,345,12,9549,0,140565,110062,10,0,18,31220,596076,18,184740,0,0,dRavyx7ejg,RO12,taul,1K8T,SzjZ,HQZ4lx4,3X0xOLn,mvdE,9_Y1,qaiO,09_Q,IYzP,me75fM6ugJ,kIsH,uKAI,L84s,NhsEn4L,kZJs2nh,550g,UYBR,FzaX,K9B8krz,oslk,L8ynCxK,LM8l689qOp,szEZ,RAYp,F2FyR07IdsN7I
1,1190,0,420,72,90,0,166.56,0,0,0,1.998718,18,86,0,207840,0,19553.22,0,0,8,72,-110283.6,210,0,6426,0,184550,0,0,0,9,12789,251560,18,0,0,0,KXMgUH7IEC,RO12,taul,1K8T,dm89,ho_bxgw,9xAYHTb,61M5,9_Y1,DmlN,sJzTlal,sYC_,me75fM6ugJ,kIsH,uKAI,L84s,NhsEn4L,kq05rcx,9vxrzk6,cJvF,FzaX,AvcOVQC,oslk,r757j0h,LM8l689qOp,w_Ub,RAYp,F2FyR07IdsN7I
1,21,0,0,32,40,8,268.4,0,4357224,0,5.384106,9,14,0,0,0,711354,5,2,8,0,172595.2,65,18,0,0,1004145,239270,0,0,0,2453458,8007840,4,2102964,0,0,Ie5gUH7IEC,RO12,taul,1K8T,tixA,TSdlkJq,wazGGTV4Uq,era3,9_Y1,1Bp0,09_Q,IYzP,me75fM6ugJ,kIsH,uKAI,L84s,NhsEn4L,kq0IUgY,hkUS,UYBR,FzaX,ALJYlW4,oslk,8dbQowC,LM8l689qOp,WqMG,RAYp,F2FyR07IdsN7I
1,147,14,476,52,65,16,200,0,0,0,0.647084,18,90,0,17528,0,5728.8,0,2,24,16,-16511.16,145,0,10350,0,13755,2056,1130,0,0,0,29208,16,7992,0,0,64ngUH7IEC,RO12,taul,1K8T,lK27,3n6d8Q3,glRBFJT8NN,S9Xm,9_Y1,m_h1,VpdQ,IYzP,me75fM6ugJ,kIsH,uKAI,L84s,NhsEn4L,beK4AFX,uIMq,UYBR,FzaX,7CPmZiv,oslk,_Don5Oj,LM8l689qOp,WqMG,RAYp,F2FyR07IdsN7I
1,2527,7,2680,16,20,16,220.08,0,580590,0,3.14185,27,178,14,0,9,48584.7,0,0,0,0,-930328,3330,12,39672,32,0,176592,20,0,27,0,740244,0,0,0,7,m9SvyxLkBI,RO12,taul,1K8T,TyGl,foCOO2w,yLQX8HOoy1,jV3I,9_Y1,_r21,09_Q,y6dw,me75fM6ugJ,kIsH,uKAI,L84s,9fipLB8rlL,teAKvko,ISLC,UYBR,FzaX,M2C6hzI,zCkv,dQ07DIf,LM8l689qOp,xb3V,RAYp,iyHGyLCEkQ
1,819,7,1492,76,95,8,166.56,0,22806,0,2.147618,9,114,259,107024,0,13485.24,0,4,8,32,18137.16,265,12,9567,0,210650,25100,1550,0,36,0,389212,20,152664,0,0,HYTvyx7ejg,2Knk1KF,taul,1K8T,hM6W,TSspBTu,IoHY5y1IUI,U17L,9_Y1,xSqs,09_Q,wMei,DHn_WUyBhW_whjA88g9bvA64_,kIsH,uKAI,L84s,CrNX,AuSCWWA,ChaW,cJvF,FzaX,ue3BI2F,d0EEeJi,V9z1hH2,LM8l689qOp,szEZ,nIGXDli,55YFVY9
1,1001,7,5968,100,125,32,257.92,0,3648606,0,4.001709,9,124,0,1231112,3,33777,5,4,16,24,547012,540,48,114309,8,291085,322828,1000,0,27,0,4560440,14,475698,0,0,2jirEyXktW,AERks4l,taul,1K8T,487l,fhk21Ss,26yE7ccErl,qfFv,9_Y1,VwCR,VpdQ,kxE9,7M47J5GA0pTYIFxg5uy,kIsH,uKAI,L84s,4ylQpLr46xum2hHQ,7Wwo8pg,rig1,cJvF,FzaX,4UxGlow,z4pH,catzS2D,LM8l689qOp,Aoh3,ZI9m,ib5G6X1eUxUn6
1,2170,14,2380,124,155,32,253.52,0,8248680,0,0.4026917,27,54,98,0,3,48952.8,35,4,32,0,49051.2,550,96,9297,8,135940,518494,520,0,18,604800,9755240,4,1036800,0,0,zcROj17IEC,RO12,taul,1K8T,JLbT,GRlgCVv,LJF4fPp,mpgp,9_Y1,iVbl,VpdQ,IYzP,me75fM6ugJ,kIsH,uKAI,Mtgm,NhsEn4L,mAja5EA,K7xJ,cJvF,FzaX,9wyOVQC,oslk,EiGEVJ2,LM8l689qOp,7aLG,RAYp,F2FyR07IdsN7I
1,672,7,328,84,105,56,233.44,0,9648,0,1.160222,9,58,35,229384,0,40332.3,30,4,48,8,147706.4,305,12,32445,0,247190,371182,2325,0,0,200711,1232168,6,8124,0,0,dRaTmBfHUn,RO12,taul,1K8T,OY2L,TaMD77h,9YucVgBYRN,6kOl,9_Y1,4N0K,VpdQ,IYzP,DHn_WUyBhW_whjA88g9bvA64_,kIsH,uKAI,L84s,CrNX,mAjy7aS,l9KC,UYBR,FzaX,bDITKvt,d0EEeJi,s4wlVmW,LM8l689qOp,Qu4f,nIGXDli,F2FyR07IdsN7I
1,728,14,4212,120,150,176,133.12,0,0,0,3.950011,18,134,448,0,0,248848.5,0,16,32,0,119050,465,0,9900,0,0,3798280,475,0,36,2419200,10361360,0,4147200,0,0,2jiWq69cTy,2Knk1KF,taul,1K8T,ssAy,lUp7x5J,C_uQoStwYE,JGVU,9_Y1,Px52,sJzTlal,hAFG,me75fM6ugJ,kIsH,uKAI,L84s,XfqtO3UdzaXh_,OFqmdNV,OAOz,UYBR,FzaX,qxvYjZW,oslk,ddLRDbC,M_8D,PM2D,RAYp,55YFVY9
1,854,7,24,148,185,40,186.64,0,3509184,0,3.661824,9,64,0,1382400,0,202642.2,25,4,32,16,-10191.84,575,54,14499,0,3180325,683614,100,0,27,604800,9078720,28,893610,0,0,a4vPe2fHUn,RO12,taul,1K8T,487l,veKstTK,y2LIM01bE1,s6yv,9_Y1,mTeA,sJzTlal,IYzP,me75fM6ugJ,kIsH,uKAI,L84s,NhsEn4L,NGZXfGp,WhpF,UYBR,FzaX,HwFANRN,oslk,ILovJRX,M_8D,FSa2,RAYp,F2FyR07IdsN7I
1,819,7,0,148,185,136,200,0,24810,0,5.934202,9,72,0,831872,0,29963.73,5,6,40,56,-112232.8,540,12,27,0,640260,546032,20,0,0,438060,2389044,14,398598,0,0,JMGq9aXt5a,RO12,taul,1K8T,oXaB,GRlgCVv,n8FPBVF_5dWUpHyi,RKPY,9_Y1,6TCl,sJzTlal,IYzP,me75fM6ugJ,kIsH,uKAI,L84s,NhsEn4L,beK4AFX,TD0w,UYBR,FzaX,9wyOVQC,oslk,EiGEVJ2,LM8l689qOp,uWr3,RAYp,F2FyR07IdsN7I
1,2569,14,544,24,30,8,220.08,0,2913384,0,2.181371,36,46,105,0,0,74758.5,0,0,0,0,218780,390,12,13284,0,9072000,224116,2140,0,9,0,9648080,6,0,0,0,4e7gUH7IEC,RO12,taul,1K8T,USOt,liIupBg,AnFl2Mwxzd,7pIw,9_Y1,m_h1,VpdQ,IYzP,me75fM6ugJ,kIsH,uKAI,L84s,NhsEn4L,kZJtVhC,jCmU,UYBR,FzaX,gOrOjel,oslk,n82Rkup,LM8l689qOp,WqMG,RAYp,F2FyR07IdsN7I
1,231,0,0,128,160,24,120.4,5,4752120,9,1.304636,9,18,0,4653984,12,181532.4,10,2,32,48,20424.28,635,60,0,72,3960100,473052,0,0,0,0,10422160,20,475212,4,7,eOQt0GoOh3,RO12,taul,1K8T,USOt,T2e7I6V,ilrY4YM,fW3T,9_Y1,C7DI,09_Q,IYzP,7M47J5GA0pTYIFxg5uy,kIsH,uKAI,L84s,NhsEn4L,mAja5EA,E80k,UYBR,FzaX,ACmTklq,oslk,rDbG_aX,LM8l689qOp,Qu4f,ZI9m,F2FyR07IdsN7I
1,1148,14,5252,104,130,56,166.56,0,3032838,0,0.5406964,18,108,497,270264,0,53640.6,5,2,8,24,779252,520,24,7479,0,2571410,2278480,560,0,9,226065,9181720,20,259020,0,0,npOt0G8EIb,2Knk1KF,taul,1K8T,ssAy,cGZ4XxH,VqnbMThC8i,553,9_Y1,k13i,sJzTlal,sYC_,me75fM6ugJ,kIsH,uKAI,L84s,NhsEn4L,kq05rcx,Y6pT,UYBR,FzaX,9Ud87dl,oslk,G6q7kpB,LM8l689qOp,fKCe,RAYp,55YFVY9
1,1687,28,2256,472,590,144,286.96,0,5135502,0,1.523606,45,136,98,2095552,0,82945.5,30,8,40,136,425100,1705,264,7668,0,2996425,1160318,635,0,9,604800,10431840,58,758718,0,0,1fZWq6e2Rv,2Knk1KF,taul,1K8T,PGNs,Gs9CNUi,I1sFbvJv90,qaX_,9_Y1,_xpN,09_Q,haYg,me75fM6ugJ,kIsH,7A3j,L84s,XfqtO3UdzaXh_,XTbPUYD,KyEm,cJvF,FzaX,3YkYWu3,oslk,_C0O_7b,LM8l689qOp,FSa2,RAYp,55YFVY9
1,1491,7,0,132,165,16,335.04,0,7257600,0,1.513779,9,46,0,1382432,0,148796.7,35,0,32,16,716324,580,84,261,0,3377785,84656,15,0,9,0,10820400,16,0,0,0,BQavyxLp3Z,RO12,taul,1K8T,TIPl,6KF0k8W,V6XUlxabJ4VaD,YxLE,9_Y1,FbIm,VpdQ,IYzP,me75fM6ugJ,kIsH,uKAI,L84s,NhsEn4L,kZJtVhC,CnTg,UYBR,FzaX,ot6oLzk,oslk,IIvC99a,LM8l689qOp,xb3V,RAYp,F2FyR07IdsN7I
1,1078,14,3304,136,170,16,186.64,0,5316198,0,3.018159,27,146,21,4414280,0,188520.6,15,0,40,56,9609.16,525,66,30825,0,4431040,40418,1215,0,36,233688,10221320,22,0,0,0,vAsvyx7ejg,2Knk1KF,taul,1K8T,lK27,jlzcpQc,FoJylxy,g8rl,9_Y1,f4dr,VpdQ,6JmL,me75fM6ugJ,kIsH,uKAI,L84s,XfqtO3UdzaXh_,11p4mKe,477C,cJvF,FzaX,OgVfql_,oslk,BXGzrB7,LM8l689qOp,szEZ,RAYp,55YFVY9
1,1015,0,4,128,160,112,288.08,0,3326856,0,1.505875,18,132,0,0,0,179789.1,25,8,32,0,147356.4,555,42,2061,0,747275,2354880,0,0,36,0,10630000,4,2073600,0,0,m9SvyxLkBI,g62hiBSaKg,taul,1K8T,UpNf,fhk21Ss,6UEVDe9,2fsT,9_Y1,FbIm,VpdQ,hzlB,7M47J5GA0pTYIFxg5uy,kIsH,uKAI,L84s,CrNX,AuSBTw7,tptz,cJvF,FzaX,4UxGlow,d0EEeJi,catzS2D,LM8l689qOp,xb3V,ZI9m,ib5G6X1eUxUn6
1,224,0,0,16,20,0,198.88,0,928536,0,0.6466567,9,20,0,9676800,0,301116,5,0,24,16,-256949.6,255,6,0,0,0,0,0,0,9,8467200,7563080,0,0,0,0,hSovyx7IEC,RO12,taul,1K8T,EJC9,vK5NLKK,PAsv0xf,gneO,9_Y1,RcM7,sJzTlal,zm5i,me75fM6ugJ,kIsH,uKAI,L84s,NhsEn4L,kq0IYu6,LMUM,UYBR,qxDb,Tvpfql_,oslk,yoD7kpB,jySVZNlOJy,szEZ,RAYp,F2FyR07IdsN7I
1,4312,7,2104,924,1155,24,589.84,0,9322080,0,2.366161,9,194,28,1382328,0,35364,35,0,32,16,268430,2405,642,10548,0,879650,303480,65,0,27,0,10635640,224,0,0,0,vNEOj1dtN_,rEUOq2QD1qfkRr6qpua,taul,1K8T,TyGl,fhk21Ss,zA2IZno2NK,e1v1,9_Y1,DFSe,VpdQ,y6dw,7M47J5GA0pTYIFxg5uy,kIsH,g5HH,L84s,QsQAxv5,KqjecMy,z5z6,cJvF,FzaX,4UxGlow,QKW8DRm,catzS2D,jySVZNlOJy,me1d,ZI9m,ib5G6X1eUxUn6
1,1267,0,4,132,165,48,166.56,0,1125822,0,3.492203,9,32,0,1883304,0,40335.3,5,12,56,48,388247.6,540,42,4698,0,1037660,182312,0,0,0,175112,3199564,14,288732,0,0,TfiBcmzkzH,RO12,taul,1K8T,487l,32pCIek,VdhHROa,OEtL,9_Y1,rzbc,sJzTlal,IYzP,me75fM6ugJ,kIsH,uKAI,L84s,NhsEn4L,7Ww_Xqy,_FcA,cJvF,FzaX,FB4YlW4,oslk,0p8OTZB,jySVZNlOJy,Qcbd,RAYp,F2FyR07IdsN7I
1,1141,14,616,176,220,104,178.16,0,14454,0,4.312113,18,62,56,508328,0,18512.22,0,6,24,64,214816,545,12,10629,0,1799260,154448,55,0,0,0,2126612,36,171762,0,0,51rt0G8rTN,RO12,taul,1K8T,JLbT,gwY4NQF,_jTP8ioIlJ,8A2d,9_Y1,k13i,VpdQ,IYzP,me75fM6ugJ,kIsH,uKAI,L84s,NhsEn4L,TDceha3,M0Ix,UYBR,FzaX,t5EoLzk,oslk,ag5iNPX,LM8l689qOp,fKCe,RAYp,F2FyR07IdsN7I
1,917,0,0,332,415,184,166.56,0,237294,0,3.890622,9,28,0,1185424,0,71014.8,5,14,72,64,45882.4,930,96,0,0,1343415,726158,0,0,9,398762,3821352,56,707514,0,0,kMJt0GoOh3,RO12,taul,1K8T,0Xwj,THR1bVq,y2LIM01bE1,tr99,HLqf,rGJy,09_Q,43pnToF,me75fM6ugJ,sBgB,uKAI,L84s,NhsEn4L,mAja5EA,NZQT,UYBR,FzaX,gmDv4zN,oslk,UrzRkup,LM8l689qOp,Qu4f,RAYp,F2FyR07IdsN7I
1,119,0,0,132,165,32,310.24,0,1936116,0,5.9953,9,16,0,3340880,0,211884.3,20,0,32,40,-152936,355,24,0,0,6562450,420932,0,0,9,0,10050440,32,0,0,0,EsYrjIX0Db,RO12,taul,1K8T,IvdZ,pKHsKl9,zA2IZno2NK,c_SS,9_Y1,xQ2A,VpdQ,zm5i,me75fM6ugJ,kIsH,uKAI,L84s,NhsEn4L,7WwwAA_,gvA6,UYBR,FzaX,8Qv6hzI,oslk,2O2Rt2K,LM8l689qOp,5Acm,RAYp,F2FyR07IdsN7I
1,861,7,480,152,190,24,390.32,0,7894620,0,4.678701,18,36,14,1088016,0,184833.6,40,2,40,16,107190.8,560,102,24165,0,2173735,125856,2910,0,9,0,10219120,14,52260,0,0,wRXmfo875g,RO12,taul,1K8T,7gSz,H9TGiDY,k10MzgT,qj_z,9_Y1,_48V,VpdQ,zm5i,Kxdu,kIsH,uKAI,L84s,FMSzZ91zL2,kq0IHVu,0gNa,cJvF,FzaX,rSNKYdx,zCkv,O8sb4Lm,LM8l689qOp,3Cy4,6fzt,SbOd7O8ky1wGNxp0Arj0Xs
1,637,7,120,72,90,64,179.2,0,615276,0,3.659261,9,54,42,0,0,89919.59,5,4,16,0,78266.4,325,36,11295,0,432000,51986,15,0,18,0,930592,2,79938,0,0,KXMrEyXXnK,RO12,taul,1K8T,sKnY,LKy47iP,r83_sZi,toK8,9_Y1,VwCR,VpdQ,haYg,me75fM6ugJ,kIsH,uKAI,L84s,XfqtO3UdzaXh_,XTbPUYD,0HFe,cJvF,FzaX,ZLrmfvd,oslk,khtiNPX,LM8l689qOp,Aoh3,RAYp,F2FyR07IdsN7I
1,364,7,88,192,240,40,258.32,0,20580,0,4.723136,9,94,21,1997456,0,22180.08,0,6,80,80,-386328,585,18,28215,0,2350845,187088,1460,0,27,437283,3325348,54,87072,0,0,4e7gUH7IEC,RO12,taul,1K8T,ekye,cfdrWlZ,EXpWEXgaYpMJ7,M1Zd,9_Y1,bJXB,VpdQ,hAFG,7M47J5GA0pTYIFxg5uy,kIsH,uKAI,L84s,TW8UhnX,beKflXJ,yiE0Ssq,cJvF,FzaX,hLKJbH2,QKW8DRm,vr9adAY,LM8l689qOp,w_Ub,vJ_w8kB,WfJ2BB2SFSqauljlfOB
1,882,7,304,208,260,112,166.56,0,276216,0,5.796197,9,38,112,1328760,0,71815.2,0,10,56,144,32216,655,42,1593,0,430710,281922,115,0,0,146825,1969680,16,319116,0,0,dRagUHXM47,RO12,taul,1K8T,lK27,_RmnZSn,8o3zKbi,98l1,9_Y1,STGZ,09_Q,IYzP,me75fM6ugJ,kIsH,uKAI,L84s,NhsEn4L,mAjbk_S,r0a4,cJvF,FzaX,dRiNT4W,oslk,4XQyovK,LM8l689qOp,453m,RAYp,F2FyR07IdsN7I
1,1169,0,0,272,340,88,166.56,0,0,0,1.837001,9,26,0,257312,0,4525.38,0,20,104,136,-1359008,740,0,0,0,320285,38704,0,0,0,196749,575088,60,169194,0,0,wRXmfo875g,RO12,taul,1K8T,JLbT,VWnXzAw,OMwIHR5xyT,ITft,9_Y1,6Kw9,VpdQ,IYzP,me75fM6ugJ,kIsH,uKAI,Mtgm,NhsEn4L,mAja5EA,LJRr,UYBR,FzaX,2WbYjZW,oslk,p2sz20V,LM8l689qOp,3Cy4,RAYp,F2FyR07IdsN7I
1,791,14,940,300,375,120,133.12,0,35976,0,2.856868,18,86,973,336616,0,15625.26,15,26,144,40,-80145.6,1060,18,64926,0,1764285,210364,29580,0,9,190302,2092280,72,71688,0,0,a4v9tYsGvO,RO12,taul,1K8T,487l,_A3lbGp,LWyFlLYrMm,37uy,9_Y1,YULl,VpdQ,hAFG,me75fM6ugJ,kIsH,uKAI,L84s,XfqtO3UdzaXh_,11p4mKe,OVlW,UYBR,FzaX,ErGY_02,oslk,a4oQQMs,LM8l689qOp,FSa2,RAYp,F2FyR07IdsN7I
1,280,0,0,200,250,40,233.44,0,7877340,0,4.684683,36,16,0,422432,0,127781.1,35,6,32,48,1164536,695,96,0,0,230280,691252,0,0,0,604800,10044360,26,1038432,0,0,JMGq9aXt5a,AERks4l,taul,1K8T,Uk76,AY7dL6C,msI6okt2Gb,BVHy,9_Y1,Y9Bl,VpdQ,IYzP,GjJ35utlTa_GNSvxxpb9ju,kIsH,uKAI,L84s,JBfYVit4g8,TDctq2l,fbHe,cJvF,FzaX,AuGStrN,Al6ZaUT,nEJCC38,LM8l689qOp,uWr3,02N6s8f,xwM2aC7IdeMC0
1,1190,7,624,192,240,152,166.56,0,402102,0,0.3345439,9,54,77,1926688,0,63357.3,10,10,56,56,199554,775,18,79560,0,1255290,1025204,3105,0,0,635712,4522600,24,336414,0,0,52Iq9ayE15,RO12,taul,1K8T,PJLW,HPUGayG,nQUX8Hg64f,2Vqn,9_Y1,vm5R,sJzTlal,IYzP,me75fM6ugJ,kIsH,uKAI,L84s,NhsEn4L,TDceha3,OdwU,cJvF,FzaX,kTkv10k,oslk,TUP6P29,LM8l689qOp,7P5s,RAYp,F2FyR07IdsN7I
1,581,0,0,200,250,32,286.96,0,1742922,0,1.92053,9,76,0,6167336,0,200424.3,0,0,32,72,412840,605,72,17388,0,7506450,93634,0,0,9,0,10438040,50,0,0,0,9hRmfo875g,RO12,taul,1K8T,lK27,X94yoBp,8_JUVIU,3taI,9_Y1,wGwL,VpdQ,sYC_,me75fM6ugJ,kIsH,uKAI,L84s,NhsEn4L,kq0aHkC,VA4Q,UYBR,FzaX,YXhOtFs,oslk,JAwObSS,LM8l689qOp,wX53,RAYp,F2FyR07IdsN7I
1,777,21,3436,128,160,16,186.64,0,4216902,0,4.735527,27,162,196,3456000,0,232250.1,20,0,32,40,137137.2,445,54,6084,0,5184000,236444,11615,0,36,0,10541760,24,0,0,0,S8dr4RQxul,2Knk1KF,taul,1K8T,lK27,kLfr1U6,IG_G867,9FB6,9_Y1,z5Ry,VpdQ,haYg,me75fM6ugJ,kIsH,uKAI,L84s,XfqtO3UdzaXh_,_JdcICD,0GE8,UYBR,FzaX,4UxvdH_,oslk,0_8A9vx,jySVZNlOJy,FSa2,RAYp,TCU50_Yjmm6GIBZ0lL_
1,672,7,304,128,160,8,253.52,0,0,0,0.128605,9,30,7,6220800,0,179970,5,0,40,72,105116.8,510,0,11106,0,8915700,24260,1320,0,27,604800,10330160,42,0,0,0,Yn7t0Go8Lb,w9ygS99Qp_,taul,1K8T,G6s_,Tz1mIO3,jt3xMpI_cxIIW,VzUN,9_Y1,C7DI,09_Q,hzlB,DHn_WUyBhW_whjA88g9bvA64_,kIsH,uKAI,L84s,CrNX,AuSBTw7,lT7q,cJvF,FzaX,mPSZadR,d0EEeJi,HzbkJ1n,LM8l689qOp,Qu4f,nIGXDli,R4y5gQQWY8OodqDV
1,1092,7,456,176,220,72,166.56,0,4426362,0,1.925443,9,64,105,2168976,0,123641.4,10,8,40,80,-76884,750,60,657,0,1134455,1297744,250,0,0,666309,8506640,18,836592,0,0,Yddq9ayE15,RO12,taul,1K8T,kNzO,lKbEbie,N4xbMThNdK,l1zl,9_Y1,pQsY,VpdQ,IYzP,me75fM6ugJ,kIsH,uKAI,L84s,NhsEn4L,mAja5EA,8zmg,cJvF,FzaX,JptTe_2,oslk,2wCw01M,jySVZNlOJy,TNEC,RAYp,F2FyR07IdsN7I
1,3899,0,0,288,360,152,220.08,0,214080,0,5.603717,9,52,0,1478672,0,11217.06,5,8,48,144,-160181.6,2100,12,288,0,1666295,744196,0,0,0,758100,4175800,56,707046,0,0,NQ5vyxLkBI,RO12,taul,1K8T,lK27,jF6Moat,V_KvNzO,LYSz,9_Y1,vzJD,VpdQ,IYzP,me75fM6ugJ,kIsH,uKAI,L84s,NhsEn4L,mAjbk_S,epnc,UYBR,FzaX,LwG8XLE,oslk,_XSRDbC,LM8l689qOp,xb3V,RAYp,F2FyR07IdsN7I
1,875,7,408,120,150,40,20.08,0,8354220,0,4.903653,9,34,0,40568,3,115492.5,30,0,24,8,2911116,320,102,1593,8,432000,841144,65,0,9,0,9687120,2,0,0,0,oBXq9ayfAo,RO12,taul,1K8T,ssAy,XktPwWy,Gai9lEF2Fr,8U0C,9_Y1,pQsY,09_Q,zm5i,me75fM6ugJ,kIsH,uKAI,L84s,NhsEn4L,kZJtVhC,Z2LA,cJvF,FzaX,82JfrxM,oslk,bIKqCcD,LM8l689qOp,TNEC,RAYp,F2FyR07IdsN7I
1,42,0,0,88,110,48,86.96,5,502926,0,5.647297,9,14,0,483544,0,67077,0,8,24,16,-56149.6,110,30,0,8,895430,173350,0,0,0,588763,1967596,10,491244,0,0,EsYrjIX0Db,RO12,taul,1K8T,hoa9,GRl7qwL,n2ERHP3,hmzw,9_Y1,xQ2A,sJzTlal,IYzP,me75fM6ugJ,kIsH,uKAI,L84s,NhsEn4L,7Ww3FSW,1uLQ,UYBR,FzaX,xDj6pd1,oslk,VQZzrB7,LM8l689qOp,5Acm,RAYp,F2FyR07IdsN7I
1,1078,7,276,148,185,120,133.12,0,11634,0,0.1815851,9,88,35,18496,0,4154.01,0,10,56,32,-161317.2,705,12,7281,0,65535,22238,90,0,0,24486,143116,22,43812,0,0,ZSNq9aX0Db,RO12,taul,1K8T,lK27,AAScNhj,3cO76t0,Lfzd,9_Y1,6TCl,VpdQ,sYC_,me75fM6ugJ,kIsH,uKAI,L84s,NhsEn4L,kq0aHkC,TbVA,UYBR,FzaX,CjQAfvB,oslk,JaZwBif,LM8l689qOp,uWr3,RAYp,F2FyR07IdsN7I
1,3927,7,1964,260,325,104,286.96,0,2670108,0,6.257424,9,144,126,3781120,0,31305,30,2,72,96,201754.4,2565,42,70893,0,6791000,222152,1055,0,27,130865,10555120,52,101154,0,0,4e7gUH7IEC,bYmQ4nc,taul,1K8T,JLbT,fhk21Ss,yLQX8HOoy1,7aSr,9_Y1,bJXB,sJzTlal,hAFG,7M47J5GA0pTYIFxg5uy,kIsH,uKAI,L84s,leSl,teA09W3,FJ5zV3X,cJvF,FzaX,4UxGlow,QKW8DRm,catzS2D,LM8l689qOp,w_Ub,ZI9m,ib5G6X1eUxUn6
1,1232,0,4,40,50,32,186.64,0,425646,0,0.9790642,9,54,0,1104,0,124441.5,0,4,24,8,-816540,645,6,1890,0,158920,350818,0,0,0,73829,1500876,4,581682,0,0,DHeTmBftjz,RO12,taul,1K8T,ssAy,5uocKWM,KhDb8PW,p06F,9_Y1,4N0K,VpdQ,IYzP,me75fM6ugJ,kIsH,uKAI,L84s,NhsEn4L,mAja5EA,Z60G,cJvF,FzaX,l5bAe72,oslk,r3oreV4,jySVZNlOJy,Qu4f,RAYp,F2FyR07IdsN7I
1,616,21,11920,140,175,128,166.56,0,35124,0,3.634907,27,178,182,1046960,0,47975.7,0,8,40,40,136698.4,515,18,45891,0,751020,483476,1090,0,27,657342,2411048,14,444576,0,0,v0Nt0Go8Lb,AERks4l,taul,1K8T,Xa_z,fhk21Ss,BBhiudN5VdgIL,E7Do,9_Y1,vzJD,VpdQ,hAFG,7M47J5GA0pTYIFxg5uy,kIsH,uKAI,L84s,XfqtO3UdzaXh_,beKPUYD,bxcV,cJvF,FzaX,4UxGlow,oslk,catzS2D,jySVZNlOJy,xb3V,ZI9m,ib5G6X1eUxUn6
1,833,7,68,36,45,16,253.52,0,8294400,0,4.371502,9,58,49,839904,9,199466.4,0,0,0,16,-268967.2,380,24,23013,32,1655,227676,1180,0,9,0,6406240,2,0,0,7,CEaWq69cTy,RO12,taul,1K8T,JLbT,uMA4Shd,Eeja1Jh,nyZz,9_Y1,RVjC,09_Q,Tkho,me75fM6ugJ,sBgB,uKAI,L84s,NhsEn4L,NGZPqH0,bru6,UYBR,FzaX,meWmFX7,oslk,DQ3iZDY,jySVZNlOJy,FSa2,RAYp,F2FyR07IdsN7I
1,294,0,0,420,525,48,336.56,0,1999764,0,3.286477,27,14,0,3137648,0,48796.5,30,8,48,256,273707.6,525,48,0,8,4401975,97370,0,0,0,0,6831480,98,5256,0,7,BQavyxLp3Z,RO12,taul,1K8T,R4_H,fmOiPJi,Tg7jjBB,sGbZ,9_Y1,_r21,VpdQ,IYzP,me75fM6ugJ,kIsH,uKAI,L84s,NhsEn4L,uZL60aU,kveP,cJvF,FzaX,wfPWJ9Z,oslk,WJyqs0R,LM8l689qOp,xb3V,RAYp,F2FyR07IdsN7I
1,546,0,0,128,160,64,459.52,0,2375994,0,3.756676,9,26,0,3167960,0,213262.8,15,4,40,40,76182.4,500,30,0,0,3563960,1267184,0,0,9,554393,10137480,18,950388,0,0,dRaTmBfHUn,RO12,taul,1K8T,LFM_,Nn3wY8e,itSGh3t,FLMD,9_Y1,4N0K,VpdQ,zm5i,me75fM6ugJ,kIsH,uKAI,L84s,NhsEn4L,cUQdHad,J426,cJvF,FzaX,75wv48t,oslk,xKQ2fT4,LM8l689qOp,Qu4f,RAYp,F2FyR07IdsN7I
1,350,0,0,28,35,16,69.68,0,0,0,3.93057,9,22,0,0,0,3454.14,0,0,0,0,-18942.2,45,0,0,0,19400,2462,0,0,0,0,20444,10,0,0,0,DHeq9ayfAo,RO12,taul,1K8T,0Xwj,z8FO0dd,IG_G867,1DKK,F3hy,QBpP,VpdQ,IYzP,me75fM6ugJ,kIsH,uKAI,L84s,NhsEn4L,mAjR0Ac,WLSG,UYBR,FzaX,ZoXfR8o,oslk,IKPOtEt,LM8l689qOp,7P5s,RAYp,F2FyR07IdsN7I
1,896,7,172,132,165,8,322.96,0,7214460,0,1.67336,9,54,14,2009440,0,182542.2,25,0,32,32,-34071.44,515,84,51624,0,2723250,108964,200,0,18,0,9938880,18,0,0,0,75lq9ayfAo,RO12,taul,1K8T,42Cy,9GJGgoz,V6XUlxabJ4VaD,BGbW,9_Y1,AKLO,VpdQ,haYg,Kxdu,kIsH,uKAI,L84s,FMSzZ91zL2,NGZwo7G,lwaW,cJvF,FzaX,Tvpip6Z,zCkv,hHJsvbM,jySVZNlOJy,TNEC,6fzt,SbOd7O8ky1wGNxp0Arj0Xs
1,770,0,0,444,555,160,263.04,0,1338978,0,6.631916,18,22,0,1422872,0,62367,30,14,112,144,187735.2,1580,114,0,0,3238020,432742,0,0,9,653954,6101320,82,1046148,0,0,2jigUH7ejg,RO12,taul,1K8T,487l,0Vr7wZ4,jhKIeNi,H5aB,9_Y1,1Bp0,09_Q,zm5i,Kxdu,kIsH,uKAI,Mtgm,FMSzZ91zL2,jawIv3a,1Neh,cJvF,FzaX,XbZitea,zCkv,DHPNgqU,LM8l689qOp,WqMG,6fzt,SbOd7O8ky1wGNxp0Arj0Xs
1,1113,21,1152,184,230,40,387.12,5,7758600,0,5.650074,54,40,14,1809080,0,171438.3,25,6,48,56,217960.4,655,108,11025,8,1785020,589680,5780,0,18,0,10592240,16,687324,0,0,J9Vr4RQZiT,RO12,taul,1K8T,AHgj,_ybO0dd,aDgwLKl,qLkx,9_Y1,z5Ry,09_Q,zm5i,me75fM6ugJ,kIsH,uKAI,L84s,NhsEn4L,mAjbk_S,ZWZt,UYBR,qxDb,L91KIiz,oslk,CE7uk3u,LM8l689qOp,FSa2,RAYp,F2FyR07IdsN7I
1,1225,7,2060,164,205,136,186.64,0,28404,0,3.91348,9,50,84,585664,0,69219.91,0,2,24,72,-1675424,960,6,80541,0,125005,382284,5745,0,0,0,1177124,26,1176,0,0,nTwTmBtueT,RO12,taul,1K8T,0Xwj,Nn3SLMn,tvCvLMA,RnNc,HLqf,C6Eu,09_Q,IYzP,me75fM6ugJ,sBgB,uKAI,L84s,NhsEn4L,TDcECyH,wQRf,cJvF,FzaX,3OJ8hdx,oslk,nezO_7b,jySVZNlOJy,rgKb,RAYp,F2FyR07IdsN7I
1,1449,21,3000,224,280,64,425.2,0,5965992,0,5.955993,36,84,7,1018432,3,101167.8,35,6,40,32,386399.6,805,108,56610,16,2617860,502368,1845,0,18,391272,10343840,32,954018,0,7,1JGTmBQZiT,RO12,taul,1K8T,487l,0Sn_9E2,Qwfxa9WCG_,u0C_,9_Y1,TjV7,VpdQ,IYzP,me75fM6ugJ,kIsH,uKAI,L84s,NhsEn4L,mAjbk_S,OWWH,UYBR,FzaX,rHB3PT5,oslk,Nzzhnk3,LM8l689qOp,FSa2,RAYp,F2FyR07IdsN7I
1,1449,28,476,240,300,152,246.24,0,58008,0,6.970305,63,62,105,139656,0,9837.42,0,4,16,72,-1532452,980,18,9342,0,109000,103618,3685,0,9,0,406784,54,5772,0,0,TfiBcmzkzH,RO12,ev6I,1K8T,uNkU,FJDupBg,DKUDUftgA7,aZbN,9_Y1,yrDU,VpdQ,kxE9,7M47J5GA0pTYIFxg5uy,kIsH,uKAI,L84s,E1aAZ0x7vd,beKMbmK,LwTd,cJvF,FzaX,OYHoGfM,QKW8DRm,RlTh9x_,LM8l689qOp,Qcbd,vJ_w8kB,WfJYmPMksSqa1pajvfG
1,861,7,2112,40,50,16,186.64,0,63600,0,3.687887,9,142,7,0,3,75014.09,5,2,16,0,-1226868,575,6,130041,24,708030,17404,280,0,27,239715,931200,10,205470,0,14,52Iq9ayE15,2Knk1KF,taul,1K8T,OTVu,dgt5_CT,VqnbMThC8i,ZQ61,9_Y1,QBpP,sJzTlal,haYg,me75fM6ugJ,kIsH,uKAI,L84s,XfqtO3UdzaXh_,XTbPUYD,hBQp,cJvF,FzaX,PYp8hdx,oslk,QlMzF_Q,LM8l689qOp,7P5s,RAYp,55YFVY9
1,833,7,736,196,245,112,166.56,0,3288,0,6.179876,9,64,0,79168,0,4388.7,5,8,64,40,-4544.72,765,12,13878,0,157335,37358,1640,0,0,61985,263680,46,26502,0,0,xOXr4RXktW,RO12,taul,1K8T,xgSF,4M5uMXJ,nQU2P_OLn0,S0AX,9_Y1,5euo,VpdQ,IYzP,me75fM6ugJ,kIsH,uKAI,L84s,NhsEn4L,mAjbk_S,JBKJ,cJvF,FzaX,IvCOZ4E,oslk,FjXRDbC,LM8l689qOp,7FJQ,RAYp,F2FyR07IdsN7I
1,1617,7,224,332,415,136,166.56,0,304254,0,0.2956633,9,40,0,101768,0,5834.28,10,14,48,56,36215.72,1155,90,62307,0,248130,123742,580,0,27,27167,790824,70,97338,0,0,NQ5vyxLkBI,RO12,taul,1K8T,TyGl,uoZk2Zj,FP01isd,NTjv,9_Y1,lXxA,VpdQ,TIA9,me75fM6ugJ,kIsH,uKAI,L84s,XfqtO3UdzaXh_,kq0IkyT,F4P0,cJvF,FzaX,ylCK5YS,oslk,e4lqvY0,LM8l689qOp,xb3V,RAYp,F2FyR07IdsN7I
1,833,7,2940,20,25,8,206.56,0,10886400,0,3.548815,18,66,42,0,0,117021,0,2,8,0,292888,355,18,14283,0,0,1065118,1980,0,18,976927,9946080,0,837366,0,0,EsYq9aX0Db,RO12,taul,1K8T,TyGl,ryQJDqx,GHf4lBZm_z,x3o3,9_Y1,Y9Bl,sJzTlal,IYzP,me75fM6ugJ,kIsH,uKAI,L84s,NhsEn4L,kq0emRG,604y,UYBR,FzaX,tCbv48t,oslk,Exf7DIf,jySVZNlOJy,uWr3,RAYp,F2FyR07IdsN7I
1,784,7,348,128,160,0,233.44,0,100236,0,0.09976501,9,142,0,5529600,0,230374.5,0,0,32,64,183788.4,505,6,36423,0,9845200,0,70,0,18,0,10707760,46,0,0,0,Qu0r4RKzJV,2Knk1KF,taul,1K8T,ssAy,7qvk2Zj,e1XhvTunuD,NXA4,9_Y1,DtNL,VpdQ,itlM,me75fM6ugJ,kIsH,uKAI,L84s,XfqtO3UdzaXh_,XTbPUYD,krHX,UYBR,FzaX,FhTm94s,oslk,TIxsTKW,M_8D,FSa2,RAYp,55YFVY9
1,1106,7,152,160,200,40,362.8,0,5316840,0,1.556291,9,30,0,1584024,0,88943.09,15,10,32,32,169417.6,660,66,4077,0,3342440,758450,700,0,0,0,10663440,24,2548818,0,0,m9SrEydncc,RO12,taul,1K8T,TyGl,KVQd0DS,mab7,qHH3,9_Y1,X8zP,VpdQ,IYzP,me75fM6ugJ,kIsH,g5HH,L84s,NhsEn4L,kZJtVhC,yYnM,cJvF,FzaX,kj7871e,oslk,nTRqEo9,LM8l689qOp,Aoh3,RAYp,F2FyR07IdsN7I
1,896,7,104,124,155,0,290.8,0,2358336,0,0.3336894,9,118,0,4147200,0,140008.5,10,0,32,48,57633.6,535,30,52857,0,7776000,0,655,0,27,0,10557840,36,0,0,0,V8lt0G8rTN,RO12,taul,1K8T,0Xwj,fhk21Ss,75H7ltG,rits,F3hy,k13i,VpdQ,haYg,7M47J5GA0pTYIFxg5uy,kIsH,uKAI,L84s,4ylQpLr46xum2hHQ,7WwK5g3,1exj,UYBR,FzaX,4UxGlow,z4pH,catzS2D,LM8l689qOp,fKCe,ZI9m,R4y5gQQWY8OodqDV
1,2184,7,112,136,170,48,166.56,0,0,0,3.218329,18,96,35,210968,3,4759.29,0,12,32,112,-21506.84,410,0,56646,16,13875,30402,650,0,0,0,219608,16,63330,0,7,wx50AqAqGL,RO12,taul,1K8T,EJC9,meVMnpH,msIqHk8toE,0xFv,9_Y1,RVjC,VpdQ,IYzP,me75fM6ugJ,kIsH,uKAI,L84s,NhsEn4L,beK4AFX,Kz6e,UYBR,FzaX,OwlvdH_,oslk,pDgO8fW,LM8l689qOp,FSa2,RAYp,F2FyR07IdsN7I
1,679,7,44,144,180,8,286.96,0,6436200,0,2.707114,9,30,0,634912,0,203971.2,30,4,32,8,121304.4,530,84,36108,0,4254150,80486,60,0,18,554414,10431400,24,950424,0,0,1KSTmBQxul,RO12,taul,1K8T,0Xwj,VQWOjS3,g1_PiPM2snFFr,DSAx,HLqf,TjV7,VpdQ,zm5i,me75fM6ugJ,sBgB,uKAI,L84s,NhsEn4L,NGZrD3j,E3av,UYBR,FzaX,54petck,oslk,eEfa_vf,LM8l689qOp,FSa2,RAYp,F2FyR07IdsN7I
1,126,0,0,180,225,48,20.08,0,4782336,0,3.132023,9,14,0,1166864,0,179932.5,25,8,56,32,452212,295,66,0,0,4656365,356178,0,0,0,162022,10444600,30,1296360,0,0,eOQgUHShse,RO12,taul,1K8T,JLbT,hburbwz,50GKynazOhR17,vvGC,9_Y1,RVjC,sJzTlal,IYzP,me75fM6ugJ,kIsH,uKAI,Mtgm,NhsEn4L,NGZXJ7z,TgHo,UYBR,FzaX,Qf2vOIl,oslk,AccAwsZ,LM8l689qOp,FSa2,RAYp,F2FyR07IdsN7I
1,798,7,380,60,75,32,133.12,0,16788,0,5.104037,9,58,35,195688,0,6577.62,0,2,24,40,170344,300,12,13590,0,13625,47992,35,0,0,24710,256856,6,61404,0,0,_v2TmBftjz,RO12,taul,1K8T,ujBx,itEMkpB,RuVy67M,tTqs,9_Y1,Gx0B,VpdQ,IYzP,me75fM6ugJ,kIsH,uKAI,L84s,NhsEn4L,TDceha3,mvnL,UYBR,FzaX,L91vEWW,oslk,43LO_7b,LM8l689qOp,Qu4f,RAYp,F2FyR07IdsN7I
1,2401,7,760,488,610,264,253.52,0,9402,0,3.801324,9,84,7,339648,0,5251.98,0,14,80,256,-1683288,2000,6,27333,0,308555,56372,1735,0,36,71617,552160,98,24720,0,0,oUPBcmzkzH,eSGpMwS8zSGgq_trOpckZ5,taul,1K8T,OTVu,dPuJwlU,LH0kFz12FM,KkSf,9_Y1,EwzD,sJzTlal,6JmL,DHn_WUyBhW_whjA88g9bvA64_,kIsH,uKAI,L84s,UbxQ8lZ,beKAhVm,l6Mc,cJvF,FzaX,KhWwyO5,Al6ZaUT,QfSVb6H,LM8l689qOp,Qcbd,02N6s8f,R4y5gQQWY8OodqDV
1,798,0,0,572,715,264,220.08,5,6666660,0,1.205298,9,16,0,2861840,0,44277.6,100,50,120,56,161686,1565,252,0,8,2457115,635842,0,0,0,98630,10442720,32,624948,0,0,zcROj17IEC,RO12,taul,1K8T,aD1X,9LEbiah,I1suYIl9Yv,A3cN,9_Y1,iVbl,09_Q,IYzP,me75fM6ugJ,kIsH,uKAI,L84s,NhsEn4L,uZL60aU,CCmj,cJvF,FzaX,Q5BOZ4E,oslk,Pbo79_c,LM8l689qOp,7aLG,RAYp,F2FyR07IdsN7I
1,1757,0,0,220,275,48,186.64,0,60660,0,2.324076,9,28,0,286576,0,8376.301,25,10,40,96,-121090,1745,18,0,0,289740,7662,0,0,18,5124,510272,48,26604,0,0,xOXr4RXktW,RO12,taul,1K8T,ChAX,uMA4Shd,_Y1zzOR,vJTg,9_Y1,5euo,VpdQ,IYzP,me75fM6ugJ,kIsH,uKAI,L84s,NhsEn4L,mAja5EA,jSLm,cJvF,FzaX,meWmFX7,oslk,DQ3iZDY,LM8l689qOp,7FJQ,RAYp,F2FyR07IdsN7I
1,700,0,0,200,250,40,200,0,4134732,0,4.412305,9,28,0,1720928,0,182385.6,30,4,40,56,132457.6,630,54,0,0,4327950,474854,0,0,0,891674,10490720,42,1036800,0,0,1KSqrQK2Mx,ND3t9Yro9U,taul,1K8T,EJC9,YomnqNs,ErMT6DS3kT,ZaKC,9_Y1,15m3,VpdQ,IYzP,GjJ35utlTa_GNSvxxpb9ju,kIsH,uKAI,L84s,NhsEn4L,kZJtVhC,6S3f,cJvF,FzaX,VsUStrN,oslk,v33Gn0i,LM8l689qOp,FSa2,02N6s8f,F2FcTt7IdMT_v
1,154,0,0,316,395,176,0,0,41268,0,0.5035249,9,14,0,467040,0,14360.49,5,20,56,64,-610844,485,24,0,0,577030,287038,0,0,0,182791,1397532,68,129810,0,0,KXMrEyXXnK,RO12,taul,1K8T,lK27,8XUtpNj,NW71gM15FR,fmhz,9_Y1,SkZj,VpdQ,IYzP,me75fM6ugJ,kIsH,uKAI,L84s,NhsEn4L,TDcwKda,9gPm,UYBR,FzaX,m1aNvFm,oslk,UulYV0N,LM8l689qOp,Aoh3,RAYp,F2FyR07IdsN7I
1,2471,0,0,844,1055,536,186.64,0,5117880,0,6.606922,9,40,0,2653000,0,84742.8,45,82,240,152,79198.8,2165,204,657,0,3404905,575796,0,0,9,509159,10282360,82,1087794,0,0,4e7gUH7IEC,RO12,taul,1K8T,487l,o6wANjt,iG_i_3d,SqF2,9_Y1,m_h1,VpdQ,43pnToF,me75fM6ugJ,kIsH,uKAI,L84s,NhsEn4L,mAja5EA,aj6L,UYBR,FzaX,lERyLfX,oslk,MAzypGv,LM8l689qOp,WqMG,RAYp,F2FyR07IdsN7I
1,252,7,68,20,25,0,186.64,0,3398130,0,1.962401,18,58,0,3062552,0,120744.3,10,0,16,8,396073.2,155,6,86418,0,951950,0,55,0,18,0,9396640,2,0,0,0,DHeTmBftjz,RO12,taul,1K8T,LFM_,Nn3wY8e,KcR1XI2VFT,jzCl,9_Y1,4N0K,sJzTlal,IYzP,me75fM6ugJ,kIsH,uKAI,L84s,NhsEn4L,TDceha3,k6uL,cJvF,FzaX,75wv48t,oslk,xKQ2fT4,LM8l689qOp,Qu4f,RAYp,F2FyR07IdsN7I
1,1820,7,828,324,405,168,233.44,0,3854274,0,3.95877,18,78,7,2604400,0,76481.7,10,14,80,88,100390.4,1180,66,45945,0,2626370,753126,100,0,0,480466,8096240,58,559638,0,0,dRagUHXM47,AERks4l,taul,1K8T,pE9z,PHNvXy8,4Ba7_t1,qXyG,9_Y1,fTh6,VpdQ,giwq,NKv3VA1BpP,kIsH,uKAI,L84s,Ie_5MZs,y5FEvJ5,DbGO,cJvF,FzaX,UF16siJ,zCkv,APgdzOv,LM8l689qOp,453m,6fzt,xwM2aC7IdeMC0
1,441,7,132,128,160,192,166.56,0,0,0,5.4326,9,106,7,1118288,0,45942.9,0,4,24,48,102432,470,0,63090,0,0,476184,535,0,9,545860,1846272,0,502140,0,0,75lq9ayfAo,RO12,taul,1K8T,hAOr,kkNNXZR,y2LuFUfSEo,vyay,9_Y1,F_Lu,VpdQ,haYg,me75fM6ugJ,kIsH,uKAI,L84s,XfqtO3UdzaXh_,XTbPUYD,rxcn,cJvF,FzaX,OTgfc8E,oslk,GeD7j0h,jySVZNlOJy,TNEC,RAYp,F2FyR07IdsN7I
1,861,7,88,128,160,8,220.08,0,130842,0,1.286691,27,68,21,5529600,0,205355.1,0,0,32,64,157981.2,505,12,88983,0,9072000,172800,705,0,9,0,10455240,42,0,0,0,1PnOj1KVEH,RO12,taul,1K8T,sj_R,2gN8HPr,GHfL3MpXAX,_LKa,9_Y1,ID5l,VpdQ,sYC_,me75fM6ugJ,kIsH,uKAI,L84s,NhsEn4L,kq0n8Bj,AfzC,UYBR,FzaX,sx5ARL_,oslk,hFzRusu,jySVZNlOJy,kwS7,RAYp,F2FyR07IdsN7I
1,805,7,396,136,170,112,220.48,0,518370,0,2.937834,9,132,28,92576,0,6212.1,5,8,48,72,5156,495,6,14913,0,22805,61518,15,0,36,69055,625024,10,67332,0,0,E2Yq9atbb6,2Knk1KF,taul,1K8T,yYar,WkH7nZN,Plg9ruP,S_MH,9_Y1,KfYH,VpdQ,hAFG,me75fM6ugJ,kIsH,g5HH,L84s,XfqtO3UdzaXh_,XTbPUYD,y8W_,cJvF,FzaX,scZ0Q3K,oslk,zmvzrB7,LM8l689qOp,me1d,RAYp,55YFVY9
1,1414,7,9444,224,280,8,200,0,303366,0,5.279428,27,258,322,1105920,0,21488.07,15,0,64,104,-18553.28,860,126,2601,0,413405,21448,8005,0,36,271915,1641756,36,0,0,0,dRaq9ayE15,Fveq5yuDUj6drSMiZO3mXe,taul,1K8T,487l,fhk21Ss,nQUxgtZEqo,szaj,9_Y1,vm5R,VpdQ,y6dw,7M47J5GA0pTYIFxg5uy,kIsH,uKAI,L84s,MeOIHRG3F9,11pFugQ,FWMv,UYBR,FzaX,4UxGlow,zCkv,catzS2D,jySVZNlOJy,7P5s,ZI9m,VjDE
1,574,0,0,60,75,16,252.88,0,2674482,0,4.561632,9,28,0,7420176,6,181530.9,10,2,8,16,385490.4,410,30,0,16,1669765,29866,0,0,18,0,9037160,6,432966,0,0,8I1TmBtueT,RO12,taul,1K8T,JLbT,qJShE4b,g9gkMGe,Osi1,9_Y1,C6Eu,09_Q,zm5i,me75fM6ugJ,kIsH,uKAI,L84s,NhsEn4L,kZJtVhC,j4KL,UYBR,FzaX,Y2CKu_a,oslk,aIqdPAm,LM8l689qOp,rgKb,RAYp,F2FyR07IdsN7I
1,154,0,0,40,50,0,230.56,0,4123434,0,3.099551,9,16,0,4566512,3,289726.2,0,2,24,32,-245266,250,24,0,8,1161115,0,0,0,0,3081701,6631640,2,1005798,0,0,lAFr4RQZiT,RO12,taul,1K8T,_Clr,DW3heVi,NW71mrodGH,mBFC,9_Y1,z5Ry,VpdQ,IYzP,me75fM6ugJ,kIsH,uKAI,Mtgm,NhsEn4L,7WwuNea,X5pz,UYBR,FzaX,THMQrGj,oslk,cObaF5M,LM8l689qOp,FSa2,RAYp,F2FyR07IdsN7I
1,1267,7,784,316,395,320,139.92,0,0,0,3.899808,9,64,238,119672,0,1943.871,0,26,136,136,15491.44,980,0,35550,0,24620,95422,2720,0,0,16639,324432,18,81084,0,0,V8lBcmz45j,RO12,taul,1K8T,uNkU,3PBFjjP,LH0BJkjM1L,2bVl,9_Y1,WGOH,09_Q,IYzP,me75fM6ugJ,kIsH,uKAI,L84s,NhsEn4L,kZJ4Oht,rdgs,UYBR,FzaX,CWeDBnE,oslk,2USHUgz,LM8l689qOp,Qcbd,RAYp,F2FyR07IdsN7I
1,833,7,28,44,55,0,287.04,0,23916,0,5.658406,9,42,0,34760,0,4602.03,15,0,8,8,-3300.572,180,24,747,0,21730,0,390,0,0,0,62728,6,0,0,0,9rAq9at_88,RO12,taul,1K8T,lK27,OENRWXF,daiGnRstPa,5UB4,9_Y1,KfYH,09_Q,IYzP,me75fM6ugJ,kIsH,g5HH,L84s,NhsEn4L,TDc4Td_,6Tu0,cJvF,FzaX,rHB9eoy,oslk,1j2Q5_S,LM8l689qOp,me1d,RAYp,F2FyR07IdsN7I
1,490,7,2384,96,120,16,363.84,5,305784,0,5.751762,9,112,42,58488,9,9400.65,0,4,16,32,-952412,440,6,1458,32,206630,7812,110,0,9,0,424752,30,16086,0,0,FoxgUHSK8h,2Knk1KF,taul,1K8T,TyGl,tAqnaaX,BqAsZQ3,CDOQ,9_Y1,mTeA,VpdQ,sYC_,me75fM6ugJ,kIsH,uKAI,L84s,NhsEn4L,beK4AFX,ZFiG,UYBR,FzaX,B0LYjZW,oslk,4YxEVaf,LM8l689qOp,FSa2,RAYp,55YFVY9
1,1267,0,0,696,870,200,200,0,0,0,0.9303567,9,18,0,1497688,0,8308.53,0,18,128,232,336010,2310,0,0,0,998310,382220,0,0,0,417662,2463080,222,226722,0,0,LDPgUHXZeb,AERks4l,taul,1K8T,7ALb,ON5Ou9e,koda1Jh,tzP4,9_Y1,7JiV,VpdQ,IYzP,DHn_WUyBhW_whjA88g9bvA64_,kIsH,uKAI,L84s,JBfYVit4g8,TDc_9Yi,6lGj,cJvF,FzaX,p40KIAf,Al6ZaUT,C6OGkwT,LM8l689qOp,453m,02N6s8f,xwM2aC7IdeMC0
1,1057,7,204,184,230,144,166.56,0,6312,0,2.144841,18,78,0,704112,0,54379.5,5,16,64,32,79252.8,705,6,13644,0,861325,344624,25,0,0,639891,2529500,28,1086720,0,0,FoxgUHSK8h,RO12,taul,1K8T,487l,6CXYbuk,byFNzV_,s6yv,9_Y1,mTeA,VpdQ,IYzP,Kxdu,kIsH,uKAI,L84s,9pUnzWLbztKTo,y5FiGpF,WhpF,UYBR,FzaX,ROeipLp,zCkv,K2SqEo9,LM8l689qOp,FSa2,6fzt,am14IcfM7tWLrUmRT52KtA
1,147,0,0,52,65,8,243.44,0,3186012,0,0.5310831,9,16,0,5712552,0,252035.1,5,0,16,24,-61519.2,380,18,0,0,3508195,1045354,0,0,9,210448,10194360,10,0,0,0,DQlrEyXXnK,RO12,taul,1K8T,0Xwj,hWvno_n,aB4Juyc,W9Db,F3hy,VwCR,VpdQ,zm5i,me75fM6ugJ,kIsH,uKAI,L84s,NhsEn4L,mAjbQbU,IKF4,cJvF,FzaX,uwLfql_,oslk,A5pE4Qn,LM8l689qOp,Aoh3,RAYp,F2FyR07IdsN7I
1,819,14,3336,132,165,104,166.56,0,0,0,0.01388592,18,126,133,439672,0,20381.22,0,12,24,24,-115960.8,455,0,8577,0,523000,21210,5490,0,27,2429,841384,22,241092,0,0,FAJgUH7ejg,2Knk1KF,taul,1K8T,vSNn,pKhYdIL,2TwXCiT,OoWg,9_Y1,1Bp0,VpdQ,haYg,me75fM6ugJ,kIsH,uKAI,L84s,XfqtO3UdzaXh_,XTbPUYD,enDx,UYBR,AU8pNoi,KA3mFX7,oslk,fjNMtzo,LM8l689qOp,WqMG,RAYp,55YFVY9
1,791,14,20,128,160,96,220.08,0,4104072,0,1.624866,27,48,14,118640,0,49194.9,10,14,40,8,25795.56,510,54,432,0,392735,947936,155,0,18,306803,6665880,2,1453848,0,0,npOBcmzkzH,RO12,taul,1K8T,uNkU,6CXYbuk,KyxX4chnKM,ZnD7,9_Y1,KubS,sJzTlal,IYzP,Kxdu,kIsH,uKAI,Mtgm,9pUnzWLbztKTo,TDc92TK,ZvOy,UYBR,FzaX,ROeipLp,zCkv,K2SqEo9,LM8l689qOp,Qcbd,6fzt,am14IcfM7tWLrUmRT52KtA
1,665,7,16,104,130,72,200,0,0,0,5.288827,9,76,0,335696,0,112835.7,5,0,8,40,31327.16,250,0,1314,0,130290,46352,15,0,0,14847,710392,22,0,0,0,tr0rEyXktW,RO12,taul,1K8T,AkfA,fqedTJr,k10MzgT,C8Qz,9_Y1,H1uM,VpdQ,IYzP,me75fM6ugJ,kIsH,uKAI,L84s,NhsEn4L,mAjcfkM,rAEc,cJvF,FzaX,fxJ68SY,oslk,SyxQQMs,M_8D,Aoh3,RAYp,F2FyR07IdsN7I
1,742,7,48,72,90,56,166.56,0,517788,0,2.06772,9,40,7,271864,0,56123.7,0,4,24,8,149724.8,320,18,35136,0,483520,81706,75,0,0,237881,1125540,10,141282,0,0,LDPq9ayfAo,RO12,taul,1K8T,z32l,IMI3Naj,p528EHj,kVZt,9_Y1,vm5R,VpdQ,IYzP,me75fM6ugJ,kIsH,uKAI,L84s,NhsEn4L,mAjbk_S,XqfQ,UYBR,FzaX,NI568SY,oslk,kWFEVJ2,LM8l689qOp,7P5s,RAYp,F2FyR07IdsN7I
1,1512,7,1728,124,155,24,274.96,0,9201120,0,0.4274728,18,122,49,0,0,129747.3,50,0,40,0,133229.2,545,108,5067,0,0,507358,85,0,18,0,10573080,0,0,0,0,P1WvyxLp3Z,2Knk1KF,taul,1K8T,ssAy,8Nsn57c,TP5upuTLjIwLuWf8pjH,R3JF,9_Y1,vzJD,VpdQ,sYC_,me75fM6ugJ,kIsH,uKAI,L84s,NhsEn4L,teAyFc5,fkwZ,cJvF,FzaX,07m8iqZ,oslk,VjJAgOW,LM8l689qOp,xb3V,RAYp,55YFVY9
1,672,7,3500,136,170,56,133.12,0,2674866,0,0.4586627,9,124,497,2764800,0,233780.1,10,4,32,32,71039.2,500,42,2511,0,4305370,1209600,1645,0,27,0,10411560,24,1036800,0,0,Mtpt0G8EIb,2Knk1KF,taul,1K8T,80HR,gwY4NQF,I1sqWRxUAv,XJ6x,9_Y1,k13i,09_Q,hAFG,me75fM6ugJ,kIsH,uKAI,L84s,XfqtO3UdzaXh_,XTbPUYD,lELr,cJvF,FzaX,t5EoLzk,oslk,ag5iNPX,M_8D,fKCe,RAYp,55YFVY9
1,4431,7,188,272,340,272,166.56,0,131388,0,6.530869,9,116,0,213800,0,7475.1,25,14,96,56,19483.56,1085,42,513,0,57550,236574,145,0,45,228627,950808,16,226566,0,0,V8lBcmz45j,2Knk1KF,taul,1K8T,0WHw,A4OcVcA,MXlhT5l,kTCl,9_Y1,KubS,sJzTlal,kxE9,me75fM6ugJ,kIsH,uKAI,L84s,XfqtO3UdzaXh_,11p4mKe,uonk,UYBR,FzaX,jE9Ak0_,oslk,qS_w0n7,LM8l689qOp,Qcbd,RAYp,55YFVY9
1,1295,7,48,124,155,32,166.56,0,9912,0,3.487716,9,54,7,16048,0,5638.14,5,2,32,24,-146686.8,685,6,115578,0,131050,18974,190,0,0,3696,163780,42,3168,0,0,vAsvyx7ejg,RO12,taul,1K8T,7M9D,jlzcpQc,P9HTde2,tyay,9_Y1,f4dr,VpdQ,IYzP,me75fM6ugJ,kIsH,uKAI,L84s,NhsEn4L,TDceha3,FaHP,UYBR,FzaX,OgVfql_,oslk,BXGzrB7,LM8l689qOp,szEZ,RAYp,F2FyR07IdsN7I
1,294,0,0,36,45,24,233.44,0,208146,0,3.528092,9,22,0,2534472,0,276529.8,0,0,0,8,128381.2,350,18,0,0,3848585,2959380,0,0,9,0,10403600,4,0,0,0,u6tWq6edh4,RO12,taul,1K8T,AHgj,ofiZR7x,ELqaUgs,qUsF,9_Y1,_xpN,09_Q,zm5i,me75fM6ugJ,kIsH,uKAI,L84s,NhsEn4L,NGZxnJM,8EVF,UYBR,FzaX,JO03372,oslk,XlgxB9z,LM8l689qOp,FSa2,RAYp,F2FyR07IdsN7I
1,945,7,208,140,175,184,274,0,896214,0,2.777184,18,58,0,0,0,150967.2,0,16,32,0,105407.2,505,12,44352,0,188115,3488280,370,0,18,2419200,10489320,4,4147200,0,0,M5vt0Gdc_a,RO12,taul,1K8T,lK27,SY4EQZQ,E8D7Mp0,9xzW,9_Y1,cyKH,09_Q,hAFG,me75fM6ugJ,kIsH,g5HH,L84s,XfqtO3UdzaXh_,mAjGvmL,t3be,cJvF,FzaX,vU6NT4W,oslk,Oh06Kfh,LM8l689qOp,me1d,RAYp,F2FyR07IdsN7I
1,112,0,0,24,30,32,264,0,89400,0,1.256569,9,18,0,2436552,0,289069.8,0,0,0,8,-159409.2,335,6,0,0,0,3038960,0,0,0,0,7355800,0,0,0,0,64nWq69R_D,RO12,taul,1K8T,ssAy,gLjbxgw,LH0BJkjM1L,Fxzz,9_Y1,Px52,09_Q,IYzP,me75fM6ugJ,kIsH,uKAI,Mtgm,NhsEn4L,7WwuNea,QFXd,UYBR,FzaX,qcEoI0_,oslk,fXLavGi,LM8l689qOp,PM2D,RAYp,F2FyR07IdsN7I
1,1260,7,168,24,30,8,186.64,0,22746,0,3.635334,36,214,0,19353600,0,55765.8,0,0,32,32,87866.4,260,6,2142,0,0,30046,90,0,27,0,9752040,0,0,0,0,zC_Wq6e2Rv,_7J0OGNN8s6gFzbM,CiJDdr4TQ0rGERIS,1K8T,TyGl,fhk21Ss,7ruFuE4,6yvp,9_Y1,_xpN,VpdQ,y6dw,7M47J5GA0pTYIFxg5uy,kIsH,uKAI,L84s,hFuvTXnQzBljb,y5FS9RD,oXod,UYBR,FzaX,4UxGlow,zCkv,catzS2D,LM8l689qOp,FSa2,ZI9m,ZeaF
1,833,7,56,168,210,48,166.56,0,7116420,0,6.820124,18,30,63,3065520,0,69918,15,2,56,56,-203481.2,720,90,13959,0,2803945,127810,1190,0,9,136031,9638880,20,110532,0,0,HrWq9aXt5a,AERks4l,taul,1K8T,4fje,88mV8VT,V4EEkD4AAZ,h43Z,9_Y1,6TCl,sJzTlal,43pnToF,GjJ35utlTa_GNSvxxpb9ju,kIsH,uKAI,L84s,JBfYVit4g8,uZLz8Sc,tH7z,cJvF,FzaX,t39_HBW,Al6ZaUT,EmeSanL,LM8l689qOp,uWr3,02N6s8f,xwM2aC7IdeMC0
1,854,35,1132,160,200,56,200,0,0,0,3.170476,45,56,126,2089600,0,79780.8,0,2,40,80,-221292.4,675,0,29898,0,3577000,176304,2215,0,9,656502,4325640,44,99936,0,0,JMGq9aXt5a,AERks4l,taul,1K8T,0Xwj,3FCrXBz,hQc1Epv,BVHy,HLqf,Y9Bl,09_Q,sYC_,7M47J5GA0pTYIFxg5uy,sBgB,uKAI,L84s,leSl,NGZiGpF,fbHe,cJvF,FzaX,oatipLp,QKW8DRm,RsCQLlz,LM8l689qOp,uWr3,vJ_w8kB,xwM2aC7IdeMC0
1,154,0,0,684,855,8,462.88,0,3140904,0,1.218116,9,14,0,2624768,0,42173.4,15,0,40,152,28881.44,910,462,0,0,3127055,65586,0,0,0,0,9895120,142,0,0,0,oUPBcmzkzH,RO12,taul,1K8T,YPhp,T2e7I6V,J3fgbi2,FXk_,9_Y1,rzbc,VpdQ,IYzP,7M47J5GA0pTYIFxg5uy,kIsH,uKAI,L84s,NhsEn4L,NGZxnJM,1dGb,cJvF,FzaX,ACmTklq,oslk,rDbG_aX,LM8l689qOp,Qcbd,ZI9m,F2FyR07IdsN7I
1,567,7,64,28,35,24,200,0,0,0,0.1031831,18,128,7,138992,0,54783,10,2,16,8,-112503.2,250,0,5130,0,0,19332,15,0,0,0,180548,0,82824,0,0,AhzOj17IEC,2Knk1KF,taul,1K8T,TyGl,ClIuMXJ,bGUqwlz,OXmF,9_Y1,iVbl,VpdQ,IYzP,me75fM6ugJ,kIsH,uKAI,L84s,NhsEn4L,beK4AFX,3pjv,cJvF,OFWH,taaOZ4E,oslk,KBgRDbC,jySVZNlOJy,7aLG,RAYp,55YFVY9
1,644,7,312,140,175,24,248.16,0,8263620,0,1.720359,9,30,0,129480,0,171854.4,25,8,48,8,121382,500,102,64710,0,1556530,518400,1420,0,0,0,10126280,10,1799346,0,0,avkq9ayfAo,RO12,taul,1K8T,z32l,IMI3Naj,h3WsUQk,23ru,9_Y1,vm5R,VpdQ,IYzP,me75fM6ugJ,kIsH,uKAI,L84s,NhsEn4L,mAjbk_S,y9nD,UYBR,FzaX,NI568SY,oslk,kWFEVJ2,LM8l689qOp,7P5s,RAYp,F2FyR07IdsN7I
1,21,0,0,72,90,48,277.44,0,2746002,0,1.93997,9,14,0,7084016,0,290999.1,0,0,0,24,-145782.8,90,24,0,0,1096780,366940,0,0,0,0,6984000,10,0,0,0,8Fdr4RXXnK,RO12,taul,1K8T,lK27,lUp7x5J,LH076SiAyW,ligO,9_Y1,Albh,sJzTlal,IYzP,me75fM6ugJ,kIsH,uKAI,Mtgm,NhsEn4L,kq0dQfu,bOo5,UYBR,FzaX,qxvYjZW,oslk,ddLRDbC,LM8l689qOp,Xa3G,RAYp,F2FyR07IdsN7I
1,1148,7,936,468,585,104,331.52,0,3665622,0,2.30784,18,54,63,3232864,0,148641,85,4,104,96,26735.72,935,150,37134,0,5316850,278276,4265,0,0,187117,10043280,96,62424,0,0,64nWq69R_D,RO12,taul,1K8T,ssAy,9GJGgoz,_jTP8ioIlJ,3gyZ,9_Y1,Px52,VpdQ,IYzP,Kxdu,kIsH,uKAI,L84s,FMSzZ91zL2,TDcEYQ6,cs9I,cJvF,FzaX,Tvpip6Z,zCkv,hHJsvbM,jySVZNlOJy,PM2D,6fzt,d0LtHjWeaXyArdN4sxU_saXqH
1,1610,7,3284,228,285,192,200,0,3540,0,1.980346,18,86,133,300168,0,15452.19,0,8,96,192,27901.56,1110,6,16452,0,30760,101622,320,0,9,146076,428888,8,72888,0,0,xearjIX0Db,RO12,taul,1K8T,ZHNR,vK5pXKQ,o64y9zI,KMT8,9_Y1,xQ2A,VpdQ,sYC_,me75fM6ugJ,kIsH,uKAI,L84s,NhsEn4L,beK4AFX,v08N,UYBR,FzaX,3xM68SY,oslk,ZbRqhZX,LM8l689qOp,5Acm,RAYp,F2FyR07IdsN7I
1,889,7,724,128,160,0,186.64,0,1042032,0,5.561205,9,50,0,5529600,0,201164.4,0,0,32,64,94143.6,495,18,7281,0,8954100,0,285,0,0,0,10622760,42,0,0,0,GcUBcmz45j,RO12,taul,1K8T,uNkU,P_IO4FC,NfN9Bz6HFx,6xB5,9_Y1,WGOH,VpdQ,IYzP,me75fM6ugJ,kIsH,uKAI,L84s,NhsEn4L,mAja5EA,2yAz,UYBR,FzaX,WFgfrxM,oslk,HpgObSS,jySVZNlOJy,Qcbd,RAYp,F2FyR07IdsN7I
1,161,0,0,196,245,64,277.84,0,4436568,0,4.289255,9,18,0,2932832,0,186847.2,15,0,32,64,328480.4,460,114,0,0,3983820,959932,0,0,0,0,10481520,22,0,0,0,TfiBcmzkzH,AERks4l,taul,1K8T,tXti,tYld8Q3,IoHY5y1IUI,NKYL,9_Y1,WGOH,09_Q,IYzP,GjJ35utlTa_GNSvxxpb9ju,kIsH,uKAI,L84s,JBfYVit4g8,TDc_9Yi,sdq1,cJvF,FzaX,7CPNoy4,Al6ZaUT,_Don2NG,LM8l689qOp,Qcbd,02N6s8f,xwM2aC7IdeMC0
1,455,7,280,88,110,64,166.56,0,1012368,0,4.978637,9,36,0,297848,0,27642.45,0,2,24,48,-24583.84,500,12,124020,0,111435,68512,90,0,0,222208,1050892,10,1326,0,0,Foxt0Go8Lb,RO12,taul,1K8T,0Xwj,Wq69B7S,9UgkRNhwCh,mwz4,HLqf,MGOA,VpdQ,IYzP,me75fM6ugJ,sBgB,uKAI,L84s,NhsEn4L,mAja5EA,bHR7,UYBR,FzaX,h72uX8Z,oslk,bxCQb98,LM8l689qOp,Qu4f,RAYp,F2FyR07IdsN7I
1,3367,21,4148,476,595,312,200,0,3497412,0,0.3099765,36,118,126,1817104,0,45773.4,15,6,40,32,119087.2,1305,216,23175,0,4194095,934018,1670,0,9,604800,10272920,68,1465494,0,0,euOBcmz45j,RO12,taul,1K8T,lK27,nd9Yy2Y,yiXKNUCbD1,azFH,9_Y1,WGOH,VpdQ,sYC_,Kxdu,kIsH,uKAI,L84s,FMSzZ91zL2,LQcTX3l,Ll3s,UYBR,AU8_WTd,jbWK9Wu,zCkv,hCeu2N0,jySVZNlOJy,Qcbd,6fzt,4rd_
1,532,7,4,140,175,32,286.96,0,8207040,0,2.389233,9,30,7,0,0,176424.9,30,2,32,0,-354149.2,565,126,351,0,161620,147540,95,0,0,204400,8086160,6,175200,0,0,Yddq9ayE15,RO12,taul,1K8T,TyGl,7z8V8VT,1lFJzqR,rlx_,9_Y1,F_Lu,VpdQ,IYzP,me75fM6ugJ,kIsH,uKAI,L84s,NhsEn4L,cUQRbBF,TddH,UYBR,FzaX,h72fSEp,oslk,e7bTQlu,LM8l689qOp,TNEC,RAYp,F2FyR07IdsN7I
1,854,7,0,140,175,24,220.08,0,3165534,0,4.360607,9,38,0,1142776,0,216001.8,30,4,40,16,145330.8,505,42,1962,0,6007400,427502,120,0,9,816046,10738720,30,699468,0,0,KXMWq69R_D,RO12,taul,1K8T,ssAy,5HUJ34g,I1sqWRxUAv,eKTQ,9_Y1,Px52,sJzTlal,wMei,me75fM6ugJ,kIsH,uKAI,L84s,NhsEn4L,7WwwAA_,JEC4,UYBR,FzaX,LwGCME0,oslk,_XS7lZj,LM8l689qOp,PM2D,RAYp,F2FyR07IdsN7I
1,1351,7,528,232,290,208,166.56,0,14580,0,4.530015,9,60,0,1060752,0,16986.57,10,16,64,128,-54880.4,805,12,86679,0,105105,161376,1410,0,9,162505,1047264,8,148842,0,0,dRaTmBfHUn,RO12,taul,1K8T,LFM_,gNIgCYR,LH076SiAyW,W0Cp,9_Y1,4N0K,sJzTlal,IYzP,me75fM6ugJ,kIsH,uKAI,L84s,NhsEn4L,TDceha3,TxUX,cJvF,FzaX,aD1vOIl,oslk,NnYzgmc,LM8l689qOp,Qu4f,RAYp,F2FyR07IdsN7I
1,203,0,0,156,195,40,395.36,0,4214988,0,6.248451,36,18,0,0,0,205108.8,45,4,40,0,116891.6,550,72,0,0,3684540,697082,0,0,0,0,10636720,22,950436,0,0,v0Nt0Go8Lb,RO12,taul,1K8T,0Xwj,tAqBboK,FoJylxy,Nzqp,HLqf,Z5OU,VpdQ,IYzP,me75fM6ugJ,sBgB,uKAI,L84s,NhsEn4L,mAja5EA,LO_a,cJvF,FzaX,B0LABPr,oslk,UP3EVaf,LM8l689qOp,Qu4f,RAYp,F2FyR07IdsN7I
1,889,7,8992,144,180,32,20.08,15,350580,0,4.049348,9,56,112,4072632,3,188684.1,15,2,40,56,103095.6,515,12,1962,32,7726950,410720,740,0,18,774249,10141480,38,518400,0,0,vAsvyx7ejg,RO12,taul,1K8T,dWQK,tSzBmIU,ELRUn57,BeKD,9_Y1,xSqs,VpdQ,haYg,me75fM6ugJ,kIsH,uKAI,L84s,XfqtO3UdzaXh_,XTbPUYD,WZS9,cJvF,FzaX,GpvmS85,oslk,HD2ldxq,LM8l689qOp,szEZ,RAYp,F2FyR07IdsN7I
1,63,0,0,136,170,136,166.56,0,17154,0,5.734245,9,14,0,125032,0,15616.68,0,6,24,32,-1681.716,225,6,0,0,59620,233656,0,0,0,14315,658988,18,105042,0,0,ypNt0Go8Lb,e6CkoqApVR,taul,1K8T,X94c,H9TGiDY,aXPHXVS,ADon,9_Y1,MGOA,sJzTlal,IYzP,Kxdu,kIsH,uKAI,L84s,9pUnzWLbztKTo,kq0DF8a,mJ6m,cJvF,FzaX,rSNKYdx,zCkv,O8sb4Lm,LM8l689qOp,Qu4f,6fzt,F2FcTt7IdMT_v
1,2093,35,3560,260,325,72,233.44,0,4504740,0,2.479385,45,82,252,684352,0,70329.3,35,2,48,72,-298746.4,2000,78,18414,0,2285805,906156,1955,0,9,217770,8757160,52,186660,0,0,a4vrEy7Rm6,RO12,taul,1K8T,IvdZ,UGl8_3u,JsluJ5C,Pn_u,9_Y1,X8zP,VpdQ,IYzP,me75fM6ugJ,kIsH,uKAI,L84s,NhsEn4L,beK4AFX,SLKm,cJvF,FzaX,VA_m0jM,oslk,Z16AAUb,LM8l689qOp,Aoh3,RAYp,F2FyR07IdsN7I
1,826,7,1116,152,190,8,220.08,0,6562140,0,3.126682,18,106,0,2285488,0,118984.2,15,4,72,64,131528,520,78,120474,0,4351410,41162,170,0,18,668864,10595720,22,1036800,0,0,dRarjIK12c,2Knk1KF,taul,1K8T,YVv3,65ylkJq,_jTP8ioIlJ,da5V,9_Y1,7WNq,VpdQ,sYC_,me75fM6ugJ,kIsH,uKAI,L84s,NhsEn4L,beK4AFX,Q_Iv,UYBR,FzaX,x_lYlW4,oslk,3B1QowC,jySVZNlOJy,WqMG,RAYp,55YFVY9
1,931,14,244,188,235,48,186.64,0,3189978,0,4.734672,18,44,28,3740408,0,174698.1,5,8,80,72,-83144.4,755,66,441,0,5534400,682932,310,0,0,95550,10489400,32,530310,0,0,64ngUH7IEC,RO12,taul,1K8T,ekye,LG0vbUP,SeXw2B2qpTJYx,iO_y,9_Y1,bJXB,09_Q,IYzP,me75fM6ugJ,kIsH,uKAI,L84s,NhsEn4L,mAjbk_S,yiE0Ssq,cJvF,AU8pNoi,sE0uLpj,oslk,G9maF5M,M_8D,w_Ub,RAYp,F2FyR07IdsN7I
1,1701,7,1284,16,20,0,215.04,0,0,0,4.774834,9,56,350,0,0,51893.1,15,2,32,0,1305300,310,0,109377,0,0,0,6335,0,18,0,9154560,0,2845446,0,0,czzTmBGxe3,RO12,taul,z3mO,ujBx,Wtcc5gJ,3s__jOZ3b3,jzCl,9_Y1,4N0K,VpdQ,IYzP,me75fM6ugJ,kIsH,g5HH,L84s,NhsEn4L,TDceha3,TAC0,cJvF,FzaX,_McRoKG,oslk,pWu6FsY,LM8l689qOp,Qu4f,RAYp,F2FyR07IdsN7I
1,938,14,768,128,160,40,300.88,0,3326484,0,0.6827601,27,48,56,1900848,0,196508.1,30,2,40,24,366626.4,545,42,3636,0,4568060,777438,145,0,9,554414,10595080,20,475212,0,0,1nlTmBtueT,RO12,taul,1K8T,PbOJ,77f44U8,nQU2P_OLn0,UbQH,9_Y1,C6Eu,VpdQ,IYzP,me75fM6ugJ,kIsH,uKAI,L84s,NhsEn4L,mAjbk_S,GOT0,cJvF,FzaX,tzp8jNM,oslk,5nQ7A2G,M_8D,rgKb,RAYp,F2FyR07IdsN7I
1,833,7,1072,208,260,72,271.68,0,4652808,0,2.730827,27,64,0,4853072,9,214062.6,5,4,40,64,89086,615,90,62325,24,3403460,1019126,1635,0,9,554428,10689600,34,596952,0,0,75lTmBtFkL,RO12,taul,1K8T,AnrR,X7nM3I9,nQUq7hGe64,et5n,9_Y1,c2JP,09_Q,Tkho,me75fM6ugJ,kIsH,uKAI,Mtgm,NhsEn4L,kq0n8Bj,pv4R,UYBR,FzaX,RnYQ_Zs,oslk,4Iey5oW,M_8D,rgKb,RAYp,F2FyR07IdsN7I
1,1022,0,0,140,175,8,320.4,0,8817900,0,5.802179,9,28,0,1291408,0,96120,30,0,40,24,123687.2,645,108,0,0,2249175,172800,0,0,18,0,10454400,14,0,0,0,CEaBcmz45j,RO12,taul,1K8T,TyGl,w9kwuGt,zxarPvc,DwEL,9_Y1,WGOH,sJzTlal,zm5i,me75fM6ugJ,kIsH,uKAI,Mtgm,NhsEn4L,kZJtVhC,Avmx,cJvF,FzaX,K9Bfc8E,oslk,017QQMs,LM8l689qOp,Qcbd,RAYp,F2FyR07IdsN7I
1,2037,0,0,156,195,56,133.12,0,5742,0,2.401196,9,88,0,485728,0,9181.979,15,14,144,128,-58783.2,865,18,2934,0,14100,31578,0,0,27,122822,558456,6,266346,0,0,CEat0G8rTN,RO12,taul,1K8T,wOc1,yz3abdC,RuVy67M,7W4q,9_Y1,e7QV,VpdQ,sYC_,me75fM6ugJ,kIsH,uKAI,L84s,NhsEn4L,beK4AFX,Pqu5,cJvF,FzaX,zQ_frxM,oslk,B0WAIRG,LM8l689qOp,fKCe,RAYp,F2FyR07IdsN7I
1,679,7,488,116,145,64,166.56,0,5069670,0,5.902371,9,62,14,0,0,229401.6,15,8,24,0,186910.8,470,60,8577,0,227625,1382400,4145,0,0,0,8730880,8,2073600,0,0,crIt0Go8Lb,RO12,taul,1K8T,TyGl,bn8OjS3,Tg7jjBB,yCFy,9_Y1,YePk,VpdQ,IYzP,me75fM6ugJ,kIsH,uKAI,L84s,NhsEn4L,mAjbk_S,xMfi,cJvF,FzaX,nfA6V3V,oslk,cBS7qqc,jySVZNlOJy,Qu4f,RAYp,F2FyR07IdsN7I
1,469,14,4344,16,20,0,200,0,0,0,5.819483,27,54,203,51992,3,9659.61,0,0,8,32,-47736.8,245,0,63414,16,0,0,1220,0,0,0,25996,0,0,0,7,YddTmBtueT,RO12,taul,1K8T,hAOr,47WdmQ4,y2LVtHUjlT,klgo,9_Y1,47ra,sJzTlal,IYzP,me75fM6ugJ,kIsH,uKAI,L84s,NhsEn4L,mAjbk_S,qlNv,cJvF,FzaX,w97ARL_,oslk,hqk7qqc,LM8l689qOp,rgKb,RAYp,F2FyR07IdsN7I
1,777,7,704,136,170,48,253.52,0,1555200,0,3.826106,18,132,0,3403288,0,128103.9,15,0,32,40,-37186.28,680,18,28116,0,5886950,744632,1340,0,27,0,9674480,34,0,0,0,8I1TmBtueT,2Knk1KF,taul,1K8T,0Xwj,_QtPU77,PaagavI,xcbw,F3hy,C6Eu,sJzTlal,sYC_,me75fM6ugJ,kIsH,uKAI,L84s,NhsEn4L,beK4AFX,RfYF,cJvF,AU8_WTd,6VJ0Q3K,oslk,aLpRkup,jySVZNlOJy,rgKb,RAYp,55YFVY9
1,3486,7,4048,844,1055,296,137.68,0,21114,0,0.8801539,27,250,112,434032,0,2694.948,10,34,200,480,17478.16,2355,30,3798,8,475860,41892,35,6,9,70448,732324,180,51120,0,0,CEaWq6KZjV,T9RM7fDFhhZjjBFsk5zptG,taul,1K8T,iJ4u,fhk21Ss,yiXKNUCbD1,nyZz,9_Y1,RVjC,VpdQ,haYg,7M47J5GA0pTYIFxg5uy,kIsH,g5HH,L84s,nlbpV6E,7N7SrRM,bru6,UYBR,qxDb,4UxGlow,QKW8DRm,catzS2D,M_8D,FSa2,ZI9m,VjDE
1,1484,7,120,208,260,112,203.44,0,2106198,0,6.542833,9,38,0,1016864,0,61934.1,15,8,32,40,59592.4,800,36,378,0,2574610,335868,220,0,0,206976,5694560,40,536316,0,0,qXhrEy7VR2,AERks4l,taul,1K8T,IvdZ,V8V_q1V,ThrHXVS,F1UB,9_Y1,X8zP,sJzTlal,IYzP,GjJ35utlTa_GNSvxxpb9ju,kIsH,uKAI,Mtgm,JBfYVit4g8,TDc_9Yi,ARGj,cJvF,FzaX,URPcqVw,Al6ZaUT,KrlSanL,LM8l689qOp,Aoh3,02N6s8f,xwM2aC7IdeMC0
1,6643,7,4,396,495,64,253.52,0,6844680,0,3.865413,9,64,0,1176776,0,43108.2,50,4,104,168,203968.4,1815,108,1116,0,2893315,352198,25,0,18,110999,10269880,80,690672,0,0,HAoOj1KXzC,RO12,taul,1K8T,0Y9G,9GJGgoz,msIFlLyI91,Kk5g,9_Y1,ID5l,VpdQ,IYzP,Kxdu,kIsH,uKAI,L84s,FMSzZ91zL2,TDcEYQ6,MoR8,UYBR,FzaX,Tvpip6Z,zCkv,hHJsvbM,jySVZNlOJy,kwS7,6fzt,SbOd7O8ky1wGNxp0Arj0Xs
1,910,7,1620,180,225,104,200,0,168726,0,5.149755,18,70,0,1162024,0,72834.91,15,10,88,48,-940856,665,54,7713,0,1905610,1084284,65,0,0,219303,4771000,18,380754,0,0,1nlTmBtueT,RO12,taul,1K8T,hAOr,_vkk2Zj,3cO76t0,MBL1,9_Y1,47ra,VpdQ,IYzP,me75fM6ugJ,kIsH,uKAI,Mtgm,NhsEn4L,7Wwzptu,bTgW,cJvF,wwPEXoilkr,Lu8QrGj,oslk,f4rQ5_S,LM8l689qOp,rgKb,RAYp,F2FyR07IdsN7I
1,1064,7,544,236,295,56,230.08,0,8568420,0,6.390728,27,170,63,534648,0,69981.91,45,2,56,56,262985.6,880,132,18738,0,1149280,505128,105,0,36,0,10664240,26,265104,0,0,75lr4RXktW,2Knk1KF,taul,1K8T,uErj,WIUl91c,J3fgbi2,YyqC,9_Y1,Albh,VpdQ,CoYW,me75fM6ugJ,kIsH,uKAI,L84s,XfqtO3UdzaXh_,XTbPUYD,l0ia,cJvF,FzaX,fmKY_02,oslk,lgfqhZX,LM8l689qOp,Xa3G,RAYp,TCU50_Yjmm6GIBZ0lL_
1,553,7,24,76,95,104,114.08,0,0,0,3.112155,9,32,14,8688,0,4545.06,0,10,32,8,-38500.72,300,0,270,0,0,38492,35,0,0,0,116056,0,52092,0,0,1KSqrQK2Mx,RO12,taul,1K8T,Uk76,w7CvpGW,DKUDUftgA7,G9NC,9_Y1,15m3,09_Q,IYzP,me75fM6ugJ,kIsH,uKAI,L84s,NhsEn4L,mAjR0Ac,plT5,cJvF,FzaX,MBPvEWW,oslk,kitqI2t,LM8l689qOp,FSa2,RAYp,F2FyR07IdsN7I
1,413,0,0,64,80,72,253.52,0,2073600,0,6.127323,9,28,0,238480,0,225965.1,0,4,8,8,38018.28,375,24,0,0,0,1555200,0,0,9,0,5303240,0,1036800,0,0,dRaTmBfHUn,RO12,taul,1K8T,lK27,Nn3wY8e,y4g9XoZ,dpn8,9_Y1,4N0K,VpdQ,zm5i,me75fM6ugJ,kIsH,uKAI,L84s,NhsEn4L,kZJtVhC,AvgH,cJvF,FzaX,75wv48t,oslk,xKQ2fT4,LM8l689qOp,Qu4f,RAYp,F2FyR07IdsN7I
1,686,14,2272,132,165,8,335.6,0,6209940,0,6.657552,27,136,49,1382400,0,220534.2,35,0,32,16,106982,515,84,2727,0,3780030,90058,2815,0,45,604800,10396920,18,0,0,0,HrWq9aXt5a,2Knk1KF,taul,1K8T,Uk76,qbzg2A0,JyLMtI_L29,x3o3,9_Y1,Y9Bl,VpdQ,hAFG,me75fM6ugJ,kIsH,uKAI,L84s,XfqtO3UdzaXh_,XTbPUYD,604y,UYBR,FzaX,Dndv4zN,oslk,6ebzrB7,LM8l689qOp,uWr3,RAYp,55YFVY9
1,1092,14,3260,132,165,16,261.44,0,9460680,0,6.121555,27,86,231,221056,0,185270.7,40,4,48,8,460976,530,114,14607,0,432005,345600,650,0,9,0,10218480,2,46620,0,0,xOXrjIQq3d,RO12,taul,1K8T,IGdn,1nw8HPr,yEFIHeU,o5H_,9_Y1,RVjC,VpdQ,43pnToF,me75fM6ugJ,kIsH,uKAI,L84s,NhsEn4L,mAjbk_S,TQqY,UYBR,FzaX,lbrmS85,oslk,_szAaaM,LM8l689qOp,FSa2,RAYp,F2FyR07IdsN7I
1,14798,7,20,132,165,8,186.64,0,7776060,0,2.35313,9,54,7,1382400,0,10840.41,35,0,32,16,127582.4,525,96,9954,0,2609250,72482,530,0,18,604800,10526800,14,0,0,0,B2DgUHdMWg,RO12,taul,1K8T,JLbT,cGQ0k8W,wazNWAnFRi,jyqZ,9_Y1,bJXB,09_Q,kxE9,me75fM6ugJ,kIsH,g5HH,L84s,XfqtO3UdzaXh_,11p4mKe,yiE0Ssq,cJvF,FzaX,7HOOZ4E,oslk,964qjwa,jySVZNlOJy,w_Ub,RAYp,F2FyR07IdsN7I
1,525,0,0,128,160,96,345.76,0,653010,0,3.264046,9,30,0,2238784,0,223365.9,5,4,32,32,62605.6,440,18,0,0,4320000,2069540,0,0,9,604800,10186600,20,1036800,0,0,S8dr4RQxul,RO12,taul,1K8T,487l,_ybO0dd,e1XhvTunuD,_KdE,9_Y1,z5Ry,VpdQ,IYzP,me75fM6ugJ,sBgB,uKAI,Mtgm,NhsEn4L,kZJtVhC,tCpO,UYBR,FzaX,L91KIiz,oslk,CE7uk3u,LM8l689qOp,FSa2,RAYp,F2FyR07IdsN7I
1,721,7,908,148,185,32,623.92,0,6699720,0,4.937407,27,30,77,1648064,0,169250.7,30,6,40,24,1116116,850,102,16047,0,177745,476268,5595,0,0,554414,8987000,8,1163256,0,0,NQ5vyxLkBI,e6CkoqApVR,taul,1K8T,ssAy,0Vr7wZ4,oZfiYGy20Y,XX9U,9_Y1,vzJD,sJzTlal,IYzP,Kxdu,kIsH,uKAI,L84s,FMSzZ91zL2,7WwINSR,AY13,UYBR,FzaX,XbZitea,zCkv,DHPNgqU,LM8l689qOp,xb3V,6fzt,F2FcTt7IdMT_v
1,469,0,0,128,160,0,253.52,0,78372,0,5.925016,9,26,0,6220800,0,215667,0,0,32,72,82638.8,495,12,0,0,9072000,0,0,0,9,1209600,10420240,42,0,0,0,1KSr4RK2Mx,RO12,taul,1K8T,0Xwj,7OKVMkE,wXYgzHf,kKTj,HLqf,DtNL,VpdQ,zm5i,DHn_WUyBhW_whjA88g9bvA64_,sBgB,uKAI,L84s,CrNX,NGZ_12K,9TkJ,UYBR,FzaX,md_fXvP,d0EEeJi,iLA1V_1,LM8l689qOp,FSa2,nIGXDli,F2FyR07IdsN7I
1,315,0,0,212,265,40,266.4,0,6024780,0,1.475539,9,20,0,1517568,0,186022.2,35,6,64,56,-14424.28,625,102,0,0,3078085,525370,0,0,9,171605,10567480,28,161244,0,0,a4vrEy7Rm6,RO12,taul,1K8T,IvdZ,fVhn1fB,9UgkRNhwCh,B41I,9_Y1,X8zP,VpdQ,zm5i,me75fM6ugJ,kIsH,uKAI,Mtgm,NhsEn4L,7WwOAni,S7Cw,cJvF,FzaX,A7V8iqZ,oslk,C7Jqqb8,LM8l689qOp,Aoh3,RAYp,F2FyR07IdsN7I
1,336,0,0,136,170,0,253.52,0,4494180,0,4.955351,9,24,0,3060480,0,210136.8,15,4,40,48,397176.8,475,54,0,0,5986950,0,0,0,9,209699,10733920,28,571746,0,0,xOXrjIQq3d,RO12,taul,1K8T,JLbT,VWnxM5B,oI3Zq1dBtH,VNjO,9_Y1,RVjC,VpdQ,zm5i,me75fM6ugJ,kIsH,uKAI,L84s,NhsEn4L,NGZxnJM,p8c0,UYBR,FzaX,srGv1FD,oslk,B1BED8N,LM8l689qOp,FSa2,RAYp,F2FyR07IdsN7I
1,700,7,60,256,320,72,166.56,0,4761402,0,1.359966,9,94,0,233856,0,35890.2,30,12,88,96,-593528,560,84,1368,0,95910,36162,300,0,9,434,4225040,34,80238,0,0,Qu0qrQKzJV,RO12,taul,1K8T,JLbT,pNV_5rr,r83_sZi,v2Ej,9_Y1,15m3,VpdQ,sYC_,me75fM6ugJ,kIsH,uKAI,L84s,NhsEn4L,beK4AFX,torm,UYBR,FzaX,tS138SL,oslk,N98hcb8,LM8l689qOp,FSa2,RAYp,F2FyR07IdsN7I
1,294,0,0,316,395,112,254.64,0,1787700,0,1.377911,9,16,0,3173352,0,88268.41,45,6,80,64,141407.6,800,120,0,0,6203250,811380,0,0,0,510125,10425560,50,791598,0,0,1nlTmBtueT,RO12,taul,1K8T,PGNs,kLfBUCv,glRbITbnHQ,1VhX,9_Y1,47ra,VpdQ,IYzP,me75fM6ugJ,kIsH,uKAI,L84s,NhsEn4L,NGZxnJM,kClf,cJvF,FzaX,dZDAHgk,oslk,IrZED8N,LM8l689qOp,rgKb,RAYp,F2FyR07IdsN7I
1,196,0,0,144,180,64,300.08,0,3336774,0,6.180517,9,18,0,1377296,0,180976.2,25,4,32,24,911224,580,54,0,0,3483070,1267346,0,0,0,0,10302640,18,950424,0,0,AhzOj17IEC,RO12,taul,1K8T,aD1X,kJ1P82A,FoJylxy,eoAl,9_Y1,zfpA,VpdQ,IYzP,me75fM6ugJ,kIsH,uKAI,L84s,NhsEn4L,NGZxnJM,gasq,cJvF,FzaX,Jptfql_,oslk,2wCqFbB,LM8l689qOp,7aLG,RAYp,F2FyR07IdsN7I
1,308,0,0,252,315,64,253.52,5,2465154,0,5.637043,9,20,0,257136,0,119646.3,20,4,48,32,-27389,780,42,0,8,4178195,1084452,0,0,9,33131,9376120,76,50592,0,0,HYTrjIK12c,RO12,taul,1K8T,pGTb,jCepSrJ,Tz0OPIpk349l3,yxKO,9_Y1,7WNq,VpdQ,zm5i,me75fM6ugJ,kIsH,uKAI,L84s,NhsEn4L,NGZxnJM,5zqf,cJvF,FzaX,Oy_RPEi,oslk,FS4qjNq,LM8l689qOp,WqMG,RAYp,F2FyR07IdsN7I
1,161,0,0,168,210,96,220.08,0,286146,0,3.269814,9,16,0,1629424,0,77620.5,10,6,40,48,-181522.8,490,12,0,0,1580650,181476,0,0,0,636328,2906300,34,108366,0,0,nQZrEyXktW,AERks4l,taul,1K8T,ChAX,3FCrXBz,P9HTde2,J5vy,9_Y1,H1uM,VpdQ,IYzP,7M47J5GA0pTYIFxg5uy,kIsH,uKAI,L84s,leSl,NGZiGpF,iAfb,cJvF,FzaX,oatipLp,QKW8DRm,RsCQLlz,LM8l689qOp,Aoh3,vJ_w8kB,xwM2aC7IdeMC0
1,14,0,0,24,30,8,383.6,0,0,0,2.806879,9,12,0,2409760,0,464850,5,0,8,8,-447236,30,0,0,0,115690,1080,0,0,0,0,3718796,6,0,0,0,KXMrEyXXnK,RO12,taul,1K8T,487l,dpLnqNs,5q1hF23,hzZb,9_Y1,SkZj,09_Q,IYzP,me75fM6ugJ,kIsH,uKAI,Mtgm,NhsEn4L,kq0dQfu,wwsZ,UYBR,FzaX,9F7m0jM,oslk,jrbDSFl,LM8l689qOp,Aoh3,RAYp,F2FyR07IdsN7I
1,4039,0,0,648,810,360,220.08,0,54858,0,3.826746,9,64,0,620744,0,6418.65,0,42,144,272,180821.2,2140,18,3510,0,515085,261646,0,0,9,161791,1494988,118,319026,0,0,64nWq69R_D,RO12,taul,1K8T,8qEx,6KF0k8W,Hz673939hSRjL,OFh8,9_Y1,Px52,VpdQ,IYzP,me75fM6ugJ,kIsH,uKAI,L84s,NhsEn4L,kZJ4Oht,qai4,cJvF,FzaX,ot6oLzk,oslk,IIvC99a,LM8l689qOp,PM2D,RAYp,F2FyR07IdsN7I
1,609,0,0,80,100,40,186.64,0,1707450,0,5.066012,9,30,0,1701304,0,199879.8,0,6,24,24,134736,455,24,17838,0,2396550,1090494,0,0,0,1984052,8854960,10,4151670,0,0,mzKvyx8zhV,RO12,taul,1K8T,JLbT,PyebXKa,8YfqaVA,952t,9_Y1,MBhA,sJzTlal,sYC_,me75fM6ugJ,kIsH,uKAI,L84s,NhsEn4L,7Ww_Xqy,j6nf,UYBR,FzaX,ZS8OtFs,oslk,e2t7A2G,jySVZNlOJy,WqMG,RAYp,F2FyR07IdsN7I
1,1057,0,0,184,230,32,220.48,0,8062620,0,4.683615,9,66,0,715760,0,84420,35,2,48,24,137187.6,720,120,1917,0,1121405,272428,0,0,9,0,9556760,22,179880,0,0,1qmgUHEuty,RO12,taul,1K8T,mAW3,MqsJzp5,h3WsUQk,POkS,9_Y1,em8I,VpdQ,IYzP,me75fM6ugJ,kIsH,g5HH,L84s,NhsEn4L,mAjk2hr,5QDB,cJvF,FzaX,XsN0un2,oslk,TYFQguc,LM8l689qOp,me1d,RAYp,F2FyR07IdsN7I
1,1519,7,576,280,350,120,294.8,0,5191968,0,1.95706,9,36,301,2524032,0,121074,95,4,80,72,477552,740,78,23400,0,2493030,968724,80,0,27,478086,10346640,24,224376,0,0,kMJt0GoOh3,RO12,taul,1K8T,wGW5,bn8OjS3,Hz673939hbJdw,EVXS,9_Y1,C7DI,VpdQ,Tkho,me75fM6ugJ,kIsH,uKAI,L84s,NhsEn4L,mAjR0Ac,TitD,cJvF,FzaX,nfA6V3V,oslk,cBS7qqc,LM8l689qOp,Qu4f,RAYp,F2FyR07IdsN7I
1,868,0,24,192,240,64,299.2,0,4468668,0,5.061312,9,98,0,732368,0,198831.9,35,12,40,24,110357.2,600,60,17226,0,3864790,641678,0,0,18,554435,10284800,28,1056468,0,0,IXSgUHShse,RO12,taul,1K8T,0Xwj,1nw8HPr,2qbLL9Z5KD,85IW,HLqf,RVjC,VpdQ,sYC_,me75fM6ugJ,sBgB,uKAI,L84s,NhsEn4L,kq0aHkC,ETNp,UYBR,FzaX,lbrmS85,oslk,_szAaaM,LM8l689qOp,FSa2,RAYp,F2FyR07IdsN7I
1,532,7,204,104,130,0,286.96,0,4998258,0,2.200598,9,60,21,1282392,0,37138.8,20,0,24,16,0,195,60,10908,0,3386145,0,2610,0,0,0,8064680,20,0,0,0,FAJgUH7ejg,RO12,taul,1K8T,JLbT,3n6d8Q3,JSHJuS3,ioG2,9_Y1,m_h1,09_Q,IYzP,me75fM6ugJ,kIsH,uKAI,L84s,NhsEn4L,mAja5EA,DV2t,UYBR,FzaX,7CPmZiv,oslk,_Don5Oj,LM8l689qOp,WqMG,RAYp,F2FyR07IdsN7I
1,161,0,0,36,45,8,325.36,0,2868900,0,0.9418928,9,18,0,1383400,0,257027.7,5,2,16,16,157642.4,425,18,0,8,1556320,958926,0,6,0,7,9635080,2,3628800,0,0,NESWq69R_D,RO12,taul,1K8T,487l,yz3gqKR,ZCsjJUhYVK,9Vmd,9_Y1,RVjC,VpdQ,IYzP,me75fM6ugJ,kIsH,uKAI,Mtgm,NhsEn4L,7WwuNea,OtII,UYBR,FzaX,lHHv1FD,oslk,Kukz_Kt,LM8l689qOp,FSa2,RAYp,F2FyR07IdsN7I
1,497,0,0,120,150,96,220.08,0,0,0,6.510361,9,26,0,2764800,0,225002.7,0,8,32,32,63056.8,505,0,0,0,4267595,2054720,0,0,9,2419200,10288320,20,2073600,0,0,LDPvyx7IEC,RO12,taul,1K8T,Bxva,q5ZViyY,KyxX4chnKM,FRAm,9_Y1,qaiO,sJzTlal,zm5i,me75fM6ugJ,kIsH,uKAI,L84s,NhsEn4L,mAja5EA,550g,UYBR,FzaX,wvSfql_,oslk,pfUTE6Y,LM8l689qOp,szEZ,RAYp,F2FyR07IdsN7I
1,959,0,0,80,100,0,220.08,0,1561518,0,5.224311,9,48,0,2764800,0,119087.4,5,2,16,32,-496052,435,24,315,0,4320000,0,0,0,9,0,6309880,20,127326,0,0,YddTmBtueT,RO12,taul,1K8T,ssAy,3d67Duj,9YuYZx0Xsm,jtvC,9_Y1,C6Eu,VpdQ,Tkho,me75fM6ugJ,kIsH,uKAI,L84s,NhsEn4L,kq0n8Bj,fL61,cJvF,FzaX,6b1YH7D,oslk,tEkRt2K,LM8l689qOp,rgKb,RAYp,F2FyR07IdsN7I
1,406,0,0,28,35,8,120.4,40,3628800,0,6.280496,9,22,0,0,0,161738.1,5,0,8,0,-503888,370,6,0,64,2464935,46840,0,0,9,0,4754040,8,0,0,0,DQlWq6IHzm,RO12,TnJpfvsJgF,1K8T,ssAy,jJ_nXHo,qZsAqpg,0Twt,9_Y1,Px52,VpdQ,zm5i,me75fM6ugJ,kIsH,g5HH,Mtgm,NhsEn4L,NGZxnJM,AQdv,cJvF,FzaX,uyr88FJ,oslk,FlVqhZX,LM8l689qOp,PM2D,RAYp,F2FyR07IdsN7I
1,413,7,1524,24,30,8,99.68,0,0,0,5.64687,9,70,49,13800,0,15840.93,0,0,0,8,-3974.856,395,0,19971,0,32060,3144,3915,0,0,0,38836,8,0,0,0,YddTmBtueT,RO12,taul,1K8T,487l,77f44U8,9YuuPSz3BI,UbQH,9_Y1,C6Eu,VpdQ,IYzP,me75fM6ugJ,kIsH,uKAI,L84s,NhsEn4L,kZJ4Oht,bRpX,cJvF,FzaX,tzp8jNM,oslk,5nQ7A2G,LM8l689qOp,rgKb,RAYp,F2FyR07IdsN7I
1,3031,7,736,240,300,120,166.56,0,0,0,5.504807,9,56,385,2030440,0,44199.9,0,12,56,64,56120.4,1585,0,243,0,4249580,392076,295,0,0,217385,6271440,62,1608606,0,0,Tfit0G8EIb,AERks4l,taul,1K8T,wOc1,iYI85Wp,n2YfB05aPZ,dPz6,9_Y1,k13i,09_Q,IYzP,NKv3VA1BpP,kIsH,uKAI,L84s,1YxyYTLbzthWO,uZLn8d6,EXfV,UYBR,FzaX,R8kKx11,zCkv,X9a41Yn,jySVZNlOJy,fKCe,6fzt,xwM2aC7IdeMC0
1,1400,21,4112,248,310,120,0,0,4617312,0,0.8378552,27,60,112,1657000,0,63059.1,10,14,56,72,366845.2,1250,78,38457,0,2230560,421580,9335,0,9,445781,6898240,32,538626,0,0,DQlgUH7IEC,AERks4l,taul,1K8T,JLbT,8_Vd0DS,xsMiEMa,HjUV,9_Y1,1Bp0,VpdQ,43pnToF,GjJ35utlTa_GNSvxxpb9ju,kIsH,uKAI,L84s,JBfYVit4g8,NGZTVtA,DhWa,cJvF,FzaX,ROea63T,Al6ZaUT,QQiAp1i,LM8l689qOp,WqMG,02N6s8f,xwM2aC7IdeMC0
1,938,0,0,128,160,8,253.52,0,0,0,0.3193762,9,40,0,6220800,0,187199.4,0,0,32,72,-55513.6,560,0,93951,0,9504000,18240,0,0,9,0,10750080,44,0,0,0,DHerjIKQ76,RO12,taul,1K8T,tXti,aqcp_2L,_Y1zzOR,ZHYH,9_Y1,7WNq,VpdQ,zm5i,me75fM6ugJ,kIsH,uKAI,L84s,NhsEn4L,7Ww66JZ,Q_Iv,UYBR,FzaX,fOgDSPW,oslk,mehDnag,LM8l689qOp,WqMG,RAYp,F2FyR07IdsN7I
1,889,7,1672,164,205,48,250,0,8854500,0,6.350352,9,46,126,549568,0,202716.3,35,0,24,24,396748.4,600,108,39258,0,1391755,401380,295,0,0,0,10161120,14,0,0,0,MlYvyx875g,RO12,taul,1K8T,lK27,eDdCzkM,nQUZfWRfws,B9xA,9_Y1,3NyY,09_Q,IYzP,me75fM6ugJ,kIsH,uKAI,L84s,NhsEn4L,mAjbk_S,qRUl,cJvF,FzaX,t9iOtFs,oslk,IDnz_Kt,M_8D,WqMG,RAYp,F2FyR07IdsN7I
1,287,0,0,152,190,56,354.32,0,3263610,0,5.929075,9,18,0,2534400,0,202435.8,20,6,40,32,237403.2,570,48,0,0,3731225,1108800,0,0,9,554400,10635600,24,1425600,0,0,Foxt0Go8Lb,RO12,taul,1K8T,0Xwj,XX3vpGW,7dpEHq5fnT,N57V,HLqf,rGJy,09_Q,zm5i,me75fM6ugJ,sBgB,uKAI,L84s,NhsEn4L,mAja5EA,CWsm,UYBR,FzaX,n2dvEWW,oslk,xInqI2t,LM8l689qOp,Qu4f,RAYp,F2FyR07IdsN7I
1,1736,7,20,124,155,176,200,0,0,0,0.1174963,9,106,0,2888,0,90159.59,0,16,32,8,16945.28,450,0,154404,0,0,3800380,10,0,0,0,10367000,0,4147200,0,0,639TmBQxul,2Knk1KF,taul,1K8T,PGNs,66sEVfQ,uEl3,A3fL,9_Y1,TjV7,09_Q,IYzP,me75fM6ugJ,kIsH,uKAI,L84s,NhsEn4L,kq0aHkC,TmFT,UYBR,FzaX,XaZL1fY,oslk,IkqaKr9,jySVZNlOJy,FSa2,RAYp,55YFVY9
1,959,0,0,160,200,24,166.56,0,0,0,4.560137,9,66,0,2382640,0,44315.7,0,0,64,88,553996,630,0,171,0,4862585,16080,0,0,0,509397,5113560,52,0,0,0,8I1r4RXXnK,RO12,taul,1K8T,0Y9G,4M5uMXJ,y2LIM03TrE,C7L_,9_Y1,5euo,sJzTlal,IYzP,me75fM6ugJ,kIsH,uKAI,L84s,NhsEn4L,mAjbk_S,JthR,cJvF,FzaX,IvCOZ4E,oslk,FjXRDbC,LM8l689qOp,7FJQ,RAYp,F2FyR07IdsN7I
1,1246,7,216,148,185,8,340,0,10156260,0,2.339457,9,34,0,1025536,0,97753.2,40,0,40,32,161604.4,560,126,50013,0,588810,104298,130,0,9,4319,10728040,6,0,0,0,DQlrEyXXnK,RO12,taul,1K8T,YFAj,iXH8HPr,uPEdYI_bSG,L59h,9_Y1,SkZj,VpdQ,zm5i,me75fM6ugJ,kIsH,uKAI,L84s,NhsEn4L,mAjbk_S,PiU8,cJvF,FzaX,TIBmS85,oslk,eu1AaaM,LM8l689qOp,Aoh3,RAYp,F2FyR07IdsN7I
1,1708,7,2308,216,270,24,220.48,0,92448,0,4.112796,9,76,378,1372400,0,21867.24,10,0,24,88,225307.6,1140,66,9756,0,2207695,15200,760,0,9,390054,2565348,54,0,0,0,ZSNq9atbb6,RO12,taul,1K8T,pE9z,WkH7nZN,Oe4E7cR6Kt,5hez,9_Y1,KfYH,VpdQ,6JmL,me75fM6ugJ,kIsH,g5HH,L84s,XfqtO3UdzaXh_,11p4mKe,y8W_,cJvF,FzaX,scZ0Q3K,oslk,zmvzrB7,LM8l689qOp,me1d,RAYp,F2FyR07IdsN7I
1,1085,7,144,216,270,120,200,0,2502,0,2.389447,9,32,28,65960,0,8406.271,0,14,40,104,-85153.2,775,6,39222,0,61660,65622,70,0,9,3724,262500,36,70920,0,0,NQ5vyxLkBI,RO12,taul,1K8T,ssAy,Pvu4X3H,76j2P_OLn0,2Xu6,9_Y1,vzJD,VpdQ,IYzP,me75fM6ugJ,kIsH,uKAI,L84s,NhsEn4L,mAjbk_S,2HR6,cJvF,FzaX,95r8hdx,oslk,Pk67qqc,LM8l689qOp,xb3V,RAYp,F2FyR07IdsN7I
1,707,7,2676,156,195,72,166.56,0,11256,0,5.245033,18,100,1785,1771288,0,94744.2,0,2,32,48,-949396,580,12,16200,0,3761930,276954,2510,0,9,932701,4513440,42,85242,0,0,S8dr4RQxul,RO12,taul,1K8T,TyGl,rBsdbhC,KyxX4chnKM,i4KB,9_Y1,z5Ry,09_Q,IYzP,me75fM6ugJ,kIsH,uKAI,L84s,NhsEn4L,kq062QV,r7yD,UYBR,FzaX,um18yXf,oslk,KHTqvY0,LM8l689qOp,FSa2,RAYp,F2FyR07IdsN7I
1,1491,14,1452,416,520,144,166.56,0,2161986,0,6.977355,18,108,1190,1010248,0,50754,30,10,80,64,126103.2,1195,102,17109,0,1551325,600370,2205,0,9,19355,5252040,100,660978,0,0,py5gUH7ejg,2Knk1KF,taul,1K8T,vSNn,PHNvXy8,pUwdAyB,MfHY,9_Y1,m_h1,VpdQ,hAFG,NKv3VA1BpP,kIsH,uKAI,L84s,Ie_5MZs,teAY_NX,cMZZ,cJvF,FzaX,UF16siJ,zCkv,APgdzOv,LM8l689qOp,WqMG,6fzt,Zy3gnGM
1,868,7,84,108,135,48,133.12,0,0,0,0.8741722,18,126,42,73360,0,2990.433,0,2,56,104,-35709.28,330,0,19890,0,57690,13256,1510,0,9,10619,111976,14,3948,0,0,voArjIXt5a,g62hiBSaKg,taul,1K8T,487l,zmMlkJq,nQUveAzAF7,Lpyy,9_Y1,Nbbb,VpdQ,hAFG,DHn_WUyBhW_whjA88g9bvA64_,kIsH,uKAI,L84s,CrNX,AuSBTw7,vzPX,cJvF,FzaX,ErGovo7,d0EEeJi,a4o7nDv,LM8l689qOp,5Acm,nIGXDli,ib5G6X1eUxUn6
1,9674,0,1112,124,155,0,133.12,0,11404800,0,3.822688,9,60,0,0,0,33204.9,45,0,32,0,247437.2,460,132,105741,0,0,0,0,0,0,0,10713600,0,0,0,0,TfiWq69R_D,RO12,taul,1K8T,TyGl,6CXYbuk,yXa3HtI,nyZz,9_Y1,RVjC,sJzTlal,IYzP,Kxdu,kIsH,uKAI,L84s,9pUnzWLbztKTo,TDc92TK,bru6,UYBR,FzaX,ROeipLp,zCkv,K2SqEo9,jySVZNlOJy,FSa2,6fzt,am14IcfM7tWLrUmRT52KtA
1,875,7,236,116,145,168,186.64,0,339336,0,1.47618,9,88,7,0,0,147952.2,0,12,24,0,1193316,485,6,405108,0,159925,3608220,595,0,9,1814400,9644200,2,3110400,0,0,zcROj17IEC,RO12,taul,1K8T,mAW3,kJ1ERUT,e1XhvTunuD,nzzf,9_Y1,zfpA,VpdQ,kxE9,7M47J5GA0pTYIFxg5uy,kIsH,uKAI,L84s,leSl,pMW9Htj,QTYT,cJvF,FzaX,MMTJrCp,QKW8DRm,Rkj9jvX,LM8l689qOp,7aLG,vJ_w8kB,WfJ2BB2SFSqauljlfOB
1,602,7,852,20,25,8,186.64,0,0,0,2.866268,9,40,28,0,0,21970.77,5,0,0,0,752176,705,0,19728,0,8405100,1209600,2900,0,9,0,9664480,6,0,0,0,51rt0G8rTN,RO12,taul,1K8T,487l,F0DSdMg,KlOa2n0,A6xB,9_Y1,k13i,sJzTlal,sYC_,me75fM6ugJ,kIsH,uKAI,L84s,NhsEn4L,7Ww_Xqy,g2AX,UYBR,FzaX,1Fq88FJ,oslk,XByOEra,LM8l689qOp,fKCe,RAYp,F2FyR07IdsN7I
1,5915,14,3680,932,1165,560,155.84,0,123798,0,5.164709,36,144,364,1169688,0,6936.42,25,48,296,376,110154.4,3680,126,4572,0,1118230,464952,445,0,27,362712,3129076,132,589086,0,0,FoxgUHSK8h,onTuEhrJJQy_H3IHkZku5AFczhYGqxJ890,taul,1K8T,WkTj,fqeOwLG,LJF4fPp,SyLu,9_Y1,mTeA,VpdQ,haYg,7M47J5GA0pTYIFxg5uy,kIsH,uKAI,L84s,tbewxY_YSo,_Jd73yX,E7OC,UYBR,FzaX,fxJmel6,JIiEFBU,WfsWw2A,LM8l689qOp,FSa2,ZI9m,iyHGyLCEkQ
1,1330,7,228,224,280,112,166.56,0,145080,0,0.9115574,9,34,14,1496416,0,35706.3,10,10,40,88,41572.4,670,18,90180,16,1622895,107400,435,0,9,365001,2441440,42,113442,0,14,Y3tqrQKzJV,RO12,taul,1K8T,lK27,MPSMkpB,bGUqwlz,59Kc,9_Y1,15m3,VpdQ,IYzP,me75fM6ugJ,kIsH,uKAI,L84s,NhsEn4L,mAjbk_S,cKw_,cJvF,FzaX,ezqvEWW,oslk,f1AO_7b,LM8l689qOp,FSa2,RAYp,F2FyR07IdsN7I
1,105,0,0,124,155,56,124.96,15,4276908,0,2.635975,9,16,0,1467528,0,253867.5,20,2,32,32,-299345.2,250,54,0,24,1516970,904366,0,0,0,0,8191400,12,475212,0,0,TfiWq69R_D,RO12,taul,1K8T,487l,mME9Ejt,fgUKl_eyza,SYvw,9_Y1,mTeA,09_Q,IYzP,me75fM6ugJ,kIsH,uKAI,L84s,NhsEn4L,mAjH1vL,ezfD,UYBR,FzaX,hDRv48t,oslk,0qeTy9x,LM8l689qOp,FSa2,RAYp,F2FyR07IdsN7I
1,1099,0,208,152,190,80,253.52,0,3288456,0,4.169622,18,96,0,2045736,0,139867.5,15,6,64,48,-609340,595,60,11754,0,1276145,768208,0,0,18,499177,6606960,12,418302,0,0,zC_Wq6e2Rv,RO12,taul,z3mO,LloI,XvJ7pE3,Gai9lEF2Fr,IIMg,9_Y1,_xpN,sJzTlal,sYC_,me75fM6ugJ,kIsH,uKAI,L84s,NhsEn4L,beK4AFX,ARAA,UYBR,FzaX,FgkYlW4,oslk,iHXRkup,LM8l689qOp,FSa2,RAYp,F2FyR07IdsN7I
1,2030,14,1748,376,470,152,166.56,0,24648,0,2.908994,27,124,7,2143256,0,39362.7,15,10,248,328,334290.4,1605,12,14589,0,3223865,348662,395,0,27,523866,4652960,48,392262,0,0,Ylct0GoOh3,g62hiBSaKg,taul,1K8T,G6s_,fhk21Ss,etM739XNbCmUu,fSFh,9_Y1,MGOA,VpdQ,hAFG,7M47J5GA0pTYIFxg5uy,kIsH,uKAI,L84s,cOJGGr4F_wga1,TDco7Aq,TwdR,UYBR,FzaX,4UxGlow,zCkv,catzS2D,M_8D,Qu4f,ZI9m,ib5G6X1eUxUn6
1,329,0,0,104,130,64,1834.32,0,915984,0,0.6131169,9,20,0,2891768,9,192701.1,15,2,32,24,-263564.4,465,12,0,24,1427745,1078092,0,0,9,0,7487480,18,518400,0,0,KXMrEyXXnK,RO12,taul,1K8T,0Xwj,T7cp9gW,xIw8wq3,geHS,HLqf,SkZj,VpdQ,IYzP,me75fM6ugJ,sBgB,uKAI,Mtgm,NhsEn4L,uZLuNea,8gB5,UYBR,FzaX,9Hi6hzI,oslk,93cqqb8,jySVZNlOJy,Aoh3,RAYp,F2FyR07IdsN7I
1,224,7,20,28,35,8,253.52,0,1435146,0,6.683187,9,36,0,29616,0,161172.6,0,0,8,8,-191050.8,185,24,783,0,315295,74528,5,0,18,25914,1372864,2,0,0,0,gE8Wq6edh4,RO12,taul,1K8T,JLbT,J8SDj08,Pkku4gO,tKgc,9_Y1,_xpN,VpdQ,IYzP,me75fM6ugJ,kIsH,uKAI,L84s,NhsEn4L,mAjbk_S,4IE_,UYBR,FzaX,azMRsCb,oslk,egEmC_N,jySVZNlOJy,FSa2,RAYp,F2FyR07IdsN7I
1,343,7,4,64,80,32,14.704,0,0,0,1.122196,9,80,0,4600,0,1543.254,0,6,8,8,-258411.6,205,0,1350,0,35615,4142,190,0,0,0,44112,16,7554,0,0,HAoOj1KXzC,RO12,taul,1K8T,0Xwj,9GJGgoz,bGUqwlz,zqQi,HLqf,_KXv,VpdQ,IYzP,Kxdu,sBgB,uKAI,Mtgm,FMSzZ91zL2,11pMkO_,ctqN,cJvF,FzaX,Tvpip6Z,zCkv,hHJsvbM,LM8l689qOp,kwS7,6fzt,SbOd7O8ky1wGNxp0Arj0Xs
1,2086,7,2964,144,180,8,274.32,0,10340640,0,1.081606,9,36,0,2073600,0,134075.7,40,2,24,24,455820,1325,126,48204,0,677175,30360,3720,0,9,0,10162400,4,176478,0,0,8I1r4RXXnK,RO12,taul,1K8T,1TqK,KweCreM,msI6okrs6a,9e6m,9_Y1,TFSW,VpdQ,zm5i,me75fM6ugJ,kIsH,uKAI,L84s,NhsEn4L,mAjbk_S,58mi,cJvF,FzaX,UvLOVQC,oslk,nuwzgmc,LM8l689qOp,Xa3G,RAYp,F2FyR07IdsN7I
1,161,0,0,244,305,56,283.52,0,2296062,0,1.925443,9,14,0,2505744,0,136255.8,35,8,64,64,27491.28,425,60,0,0,4800390,1019182,0,0,0,664188,10782560,50,967020,0,0,ZSNrjIX0Db,RO12,taul,1K8T,IvdZ,qbzCaks,sTHWwMY,L6Zj,9_Y1,WIr3,VpdQ,IYzP,me75fM6ugJ,kIsH,uKAI,L84s,NhsEn4L,kZJyVg2,J73J,cJvF,FzaX,NHk88FJ,oslk,uT3EVJ2,LM8l689qOp,5Acm,RAYp,F2FyR07IdsN7I
1,224,0,0,24,30,8,262.88,0,1503324,0,3.688528,9,20,0,0,0,282536.7,20,0,8,0,255799.2,275,6,0,0,0,12230,0,0,9,0,9504680,0,0,0,0,uGLq9ayE15,RO12,taul,1K8T,tzKK,z8FO0dd,bGUqwlz,V_I0,9_Y1,QBpP,VpdQ,zm5i,me75fM6ugJ,kIsH,uKAI,L84s,NhsEn4L,NGZxnJM,lCik,UYBR,FzaX,ZoXfR8o,oslk,IKPOtEt,LM8l689qOp,7P5s,RAYp,F2FyR07IdsN7I
1,924,7,656,128,160,0,220.08,0,6637680,0,2.999573,27,210,357,1628568,0,117898.5,35,0,40,24,134779.6,415,78,69750,0,3888000,0,8990,0,18,215397,10769000,18,0,0,0,_v2gUHXZeb,vuPfq6YcbX,CiJDdr4TQ0rGERIS,1K8T,487l,fhk21Ss,1ytrhe8,JOBU,9_Y1,LqKm,09_Q,y6dw,7M47J5GA0pTYIFxg5uy,kIsH,uKAI,L84s,_5OXC8MSLt,LxWMK5e,PhLH,cJvF,FzaX,4UxGlow,oslk,catzS2D,LM8l689qOp,453m,ZI9m,NoEd
1,287,0,0,20,25,0,264,0,18144000,0,1.061312,18,22,0,0,0,262564.5,0,0,0,0,281872.4,345,30,0,0,0,0,0,0,9,0,12096000,0,0,0,0,JMGq9aXt5a,RO12,taul,1K8T,L80O,1uc3PRP,ELRUn57,zFWP,9_Y1,6TCl,VpdQ,zm5i,me75fM6ugJ,kIsH,uKAI,Mtgm,NhsEn4L,uZLuNea,vo1R,UYBR,FzaX,0vi6w_1,oslk,Dp9ED8N,LM8l689qOp,uWr3,RAYp,F2FyR07IdsN7I
1,385,0,0,140,175,24,253.52,0,5100342,0,3.725272,9,24,0,1382400,0,217846.5,40,2,48,16,286450.4,525,66,0,0,3622300,382322,0,0,9,991648,10226080,20,331584,0,0,302Oj17IEC,RO12,taul,1K8T,0Xwj,32pvHAP,UnPVrhYT1Y,pyKd,F3hy,iVbl,sJzTlal,zm5i,me75fM6ugJ,kIsH,uKAI,L84s,NhsEn4L,kZJtVhC,czHT,UYBR,FzaX,dRiOVQC,oslk,z042C8o,LM8l689qOp,7aLG,RAYp,F2FyR07IdsN7I
1,462,0,0,144,180,8,186.64,0,1876818,0,3.927579,9,24,0,5529600,0,222342.9,0,0,32,64,-607840,525,48,0,0,7746050,158414,0,0,9,1814400,10529680,38,0,0,0,oBXrjIQq3d,RO12,taul,1K8T,487l,fVhJr0F,Rm8gcJLyFZRKh,o5H_,9_Y1,RVjC,sJzTlal,43pnToF,me75fM6ugJ,kIsH,uKAI,L84s,NhsEn4L,mAja5EA,TQqY,UYBR,FzaX,yMCvEWW,oslk,cwU7qqc,jySVZNlOJy,FSa2,RAYp,F2FyR07IdsN7I
1,70,0,0,112,140,24,310.8,0,6022020,0,4.990814,9,12,0,5200760,6,242921.4,0,4,56,64,-97598.4,140,66,0,16,1549495,598044,0,0,0,55237,9069080,8,27510,0,0,GcUBcmz45j,RO12,taul,1K8T,uErj,6Wu7zLh,IMbnnzlLVO,uwwf,9_Y1,yrDU,09_Q,IYzP,7M47J5GA0pTYIFxg5uy,kIsH,uKAI,L84s,NhsEn4L,uZLkKGV,ykzL,UYBR,FzaX,8c8KEbL,z4pH,UQenOT8,LM8l689qOp,Qcbd,ZI9m,F2FyR07IdsN7I
1,770,21,1524,136,170,64,352.8,0,6690900,0,4.094211,45,48,217,0,0,228726,35,6,40,0,168283.2,535,78,6075,0,139380,1306386,6525,0,9,0,10527760,6,1555200,0,0,64ngUH7IEC,RO12,taul,1K8T,lK27,DVqAQJk,msIzzNai_Z,8V5L,9_Y1,m_h1,VpdQ,IYzP,me75fM6ugJ,kIsH,uKAI,Mtgm,NhsEn4L,mAjbk_S,9ueV,UYBR,AU8pNoi,t0rm0jM,oslk,rUj52Lp,M_8D,WqMG,RAYp,F2FyR07IdsN7I
1,518,7,24,88,110,72,220.08,0,720978,0,4.677206,9,30,0,1826448,0,100139.4,0,4,24,40,-149984.4,395,36,504,0,0,386154,25,0,0,346017,2522256,0,534108,0,0,dukmfo8zhV,RO12,taul,1K8T,LloI,F37eesA,_UtlxbJ,NYVW,9_Y1,6Kw9,VpdQ,IYzP,DHn_WUyBhW_whjA88g9bvA64_,kIsH,uKAI,L84s,CrNX,y5FewfI,_Itq,UYBR,FzaX,KhlTnut,d0EEeJi,83UN8MY,LM8l689qOp,3Cy4,nIGXDli,F2FyR07IdsN7I
1,252,0,0,204,255,248,166.56,0,0,0,4.750694,9,14,0,375480,3,9715.051,0,10,72,80,-53639.2,490,0,0,8,123070,165532,0,0,0,202244,728252,10,166488,0,0,J9Vr4RQZiT,RO12,taul,1K8T,JLbT,Y6hYfcf,BcW_jOZe0F,C9An,9_Y1,z5Ry,VpdQ,IYzP,me75fM6ugJ,kIsH,uKAI,L84s,NhsEn4L,mAja5EA,uw6m,UYBR,FzaX,gwj3_5u,oslk,APgu8Zv,LM8l689qOp,FSa2,RAYp,F2FyR07IdsN7I
1,882,0,168,60,75,16,200,0,3534588,0,3.770776,9,54,42,1207040,0,76338.3,0,0,8,32,-341063.6,375,24,0,0,4871030,1277138,0,0,9,0,9411000,10,0,0,0,HrWrjIXt5a,RO12,taul,1K8T,ZHNR,j9nq_S5,lL9c3pxXdL,i4Jb,9_Y1,xQ2A,VpdQ,IYzP,me75fM6ugJ,kIsH,uKAI,L84s,NhsEn4L,TDceha3,olhA,UYBR,FzaX,do06V3V,oslk,AmO2pc5,LM8l689qOp,5Acm,RAYp,F2FyR07IdsN7I
1,1848,7,4324,340,425,152,166.56,0,1620276,0,3.119419,9,112,294,2439256,0,52869.6,35,6,160,168,-138725.6,1140,42,10539,0,2874490,944188,4115,0,9,31689,7392280,56,760446,0,0,51rt0G8rTN,2Knk1KF,taul,1K8T,EPHy,7OKCyD5,glRbITbnHQ,5ffM,9_Y1,k13i,VpdQ,haYg,me75fM6ugJ,kIsH,uKAI,L84s,XfqtO3UdzaXh_,11p4mKe,I09s,UYBR,FzaX,1vN8hdx,oslk,bM5Esaq,LM8l689qOp,fKCe,RAYp,55YFVY9
1,945,28,1156,160,200,144,133.12,0,4050954,0,2.618458,36,76,0,391600,0,155333.7,10,8,32,40,61030.4,535,48,22887,0,398355,2282260,3195,0,0,0,9853240,6,2073600,0,0,vNEvyxLp3Z,RO12,taul,1K8T,ssAy,jF6Moat,76j2P_OLn0,UTnK,9_Y1,vzJD,VpdQ,IYzP,me75fM6ugJ,kIsH,uKAI,L84s,NhsEn4L,TDceha3,xr2z,UYBR,FzaX,LwG8XLE,oslk,_XSRDbC,M_8D,xb3V,RAYp,F2FyR07IdsN7I
1,1071,0,0,152,190,136,200,0,0,0,0.02606281,9,26,0,179656,0,11818.32,5,20,56,40,-474160,790,0,0,0,162250,137686,0,0,0,204232,863776,10,486408,0,0,BSxr4R4FLE,RO12,taul,1K8T,ChAX,KweCreM,y2LIM01bE1,9e6m,9_Y1,TFSW,09_Q,IYzP,me75fM6ugJ,kIsH,g5HH,L84s,NhsEn4L,mAja5EA,JFNW,cJvF,FzaX,UvLOVQC,oslk,nuwzgmc,LM8l689qOp,Xa3G,RAYp,F2FyR07IdsN7I
1,1113,7,176,280,350,24,324.24,0,7662780,0,2.60329,18,34,7,1752968,6,130086.3,40,10,40,48,157529.6,1455,114,1557,16,2120845,224522,1340,0,9,124866,10492440,58,161220,0,0,qXhvyxLp3Z,RO12,LfvqpCtLOY,1K8T,0Xwj,ka_ns41,N4xbMThNdK,lgbB,F3hy,FbIm,VpdQ,zm5i,me75fM6ugJ,kIsH,uKAI,L84s,NhsEn4L,kZJtVhC,rhFC,cJvF,FzaX,1YVfGrO,oslk,fXVEsaq,LM8l689qOp,xb3V,RAYp,F2FyR07IdsN7I
1,469,0,0,160,200,72,489.52,0,3768312,0,5.759239,9,24,0,1382400,0,205320.9,30,10,40,16,121001.2,605,60,0,0,2409870,1305918,0,0,18,0,10550400,16,1710504,0,0,u6tWq6edh4,RO12,taul,1K8T,TyGl,H5Q_VBs,I8PKMZMtCl,6yvp,9_Y1,_xpN,VpdQ,IYzP,me75fM6ugJ,kIsH,uKAI,L84s,NhsEn4L,NGZTwy6,oXod,UYBR,FzaX,KjR3372,oslk,frAh5QF,LM8l689qOp,FSa2,RAYp,F2FyR07IdsN7I
1,1673,7,2828,264,330,240,166.56,0,1992,0,5.300364,9,110,336,301872,0,4971.66,10,20,176,96,-74349.2,845,12,45639,0,43155,93980,555,0,18,294280,519692,20,148506,0,0,hSovyx7IEC,RO12,taul,1K8T,hM6W,iJzviRg,FoJylxy,k_OA,9_Y1,RcM7,VpdQ,hAFG,7M47J5GA0pTYIFxg5uy,kIsH,uKAI,L84s,4kVnq_T26xq1p,y5Fa0DZ,dZLn,cJvF,FzaX,ch2oGfM,zCkv,P6pu4Vl,LM8l689qOp,szEZ,ZI9m,R4y5gQQWY8OodqDV
1,861,7,684,140,175,32,186.64,0,3507174,0,5.301432,9,38,28,2764800,0,193114.2,10,4,32,32,207546.4,535,66,60714,0,4943020,691200,3960,0,9,1209600,10439720,24,1036800,0,0,m9SrEy7Rm6,RO12,taul,1K8T,lK27,jJ_PTZq,5q1zOkL,Vxv3,9_Y1,X8zP,VpdQ,zm5i,DHn_WUyBhW_whjA88g9bvA64_,kIsH,uKAI,L84s,CrNX,mAjbq_f,YXCe,cJvF,FzaX,EMvfBbO,d0EEeJi,g57nG2q,LM8l689qOp,Aoh3,nIGXDli,F2FyR07IdsN7I
1,1211,0,3648,36,45,32,133.12,0,0,0,4.165136,18,88,0,205080,0,14455.86,5,0,24,24,80595.6,345,0,60255,0,1405,21456,0,0,0,175154,388600,2,0,0,0,1KSr4RK2Mx,RO12,taul,1K8T,TyGl,ZuqrLeh,y4g9XoZ,yfpF,9_Y1,DtNL,VpdQ,sYC_,DHn_WUyBhW_whjA88g9bvA64_,kIsH,uKAI,L84s,CrNX,kZJigPo,BY9S,UYBR,FzaX,lLLPuZ6,d0EEeJi,3QPyoRV,jySVZNlOJy,FSa2,nIGXDli,F2FyR07IdsN7I
1,1792,7,376,248,310,224,200,0,764490,0,0.3821833,9,58,21,2154024,0,32078.4,0,12,64,104,335645.2,845,30,42435,0,2085650,618516,3165,0,9,204169,4570120,20,116868,0,0,xearjIX0Db,RO12,taul,1K8T,dTod,Xkt4wFk,msIqHk8toE,2Ueo,9_Y1,WIr3,VpdQ,IYzP,me75fM6ugJ,kIsH,uKAI,L84s,NhsEn4L,mAjbk_S,YD6S,UYBR,FzaX,ZCE8XLE,oslk,dxB79_c,jySVZNlOJy,5Acm,RAYp,F2FyR07IdsN7I
1,266,0,0,68,85,0,260.8,0,5530464,0,1.485794,9,22,0,1416104,0,215028,0,0,0,8,287917.6,455,54,0,8,7708950,0,0,0,9,0,10562160,14,0,0,7,2jirEyXktW,RO12,taul,1K8T,IvdZ,yqCAZ1S,lGXpFd_2Rf,DxDY,9_Y1,H1uM,09_Q,zm5i,me75fM6ugJ,kIsH,uKAI,L84s,NhsEn4L,NGZxnJM,iSuE,cJvF,FzaX,9AJNioI,oslk,MHVjxQb,LM8l689qOp,Aoh3,RAYp,F2FyR07IdsN7I
1,609,14,2840,144,180,88,269.6,0,4869348,0,2.935911,18,74,77,0,0,141606.9,10,12,32,0,172041.6,570,78,14292,0,1043380,1900800,390,0,18,604800,10647320,8,3110400,0,0,V8lBcmz45j,RO12,taul,1K8T,uNkU,6CXYbuk,MypvvoIQqc,LvoD,9_Y1,EwzD,sJzTlal,6JmL,Kxdu,kIsH,uKAI,L84s,9pUnzWLbztKTo,y5FWh4t,RwBn,cJvF,FzaX,ROeipLp,zCkv,K2SqEo9,LM8l689qOp,Qcbd,6fzt,am14IcfM7tWLrUmRT52KtA
1,833,7,2068,124,155,0,286.96,0,10886460,0,0.6767784,18,154,189,0,0,207284.7,45,0,32,0,132980.8,495,126,1107,0,341950,0,455,0,27,0,10641600,2,0,0,0,HrWrjIXt5a,2Knk1KF,taul,1K8T,lK27,n0tQn2A,P9HTde2,Fa9X,9_Y1,xQ2A,VpdQ,hAFG,me75fM6ugJ,kIsH,uKAI,Mtgm,XfqtO3UdzaXh_,XTbPUYD,gvA6,UYBR,FzaX,Qui18fN,oslk,ep2j7qz,LM8l689qOp,5Acm,RAYp,TCU50_Yjmm6GIBZ0lL_
1,154,0,0,68,85,24,264,0,1546662,0,6.270028,9,20,0,7316856,0,212678.7,0,0,16,16,99481.2,445,30,0,0,6542600,10996,0,0,9,0,9945600,14,0,0,0,hSogUHXZeb,RO12,taul,1K8T,lK27,mBr7wZ4,_jTP8ioIlJ,qyCs,9_Y1,LqKm,VpdQ,zm5i,me75fM6ugJ,kIsH,uKAI,Mtgm,NhsEn4L,7WwuNea,4_kv,UYBR,FzaX,_oSv10k,oslk,kK6wBif,LM8l689qOp,453m,RAYp,F2FyR07IdsN7I
1,1344,7,5744,36,45,16,263.52,0,14040,0,4.979064,9,78,210,633592,0,28883.61,5,0,8,8,-118881.6,600,12,66906,0,9055650,709494,6535,0,9,0,9693720,6,0,0,0,l7Fq9ayE15,RO12,taul,1K8T,z32l,u4V4sPt,1lFJzqR,Isqq,9_Y1,kJJ7,VpdQ,IYzP,me75fM6ugJ,kIsH,uKAI,L84s,NhsEn4L,mAjbk_S,bXR9,cJvF,FzaX,s3vm0jM,oslk,pYQi7an,LM8l689qOp,7P5s,RAYp,F2FyR07IdsN7I
1,1330,7,0,216,270,160,200,10,145254,0,5.470626,9,94,0,1039008,0,42235.5,0,22,80,48,-86303.6,790,24,5121,24,412140,442700,110,0,27,203539,2195196,26,545616,2,0,wx50AqAqGL,RO12,taul,1K8T,487l,jwhtMxl,D7Qttle,nyZz,9_Y1,RVjC,sJzTlal,sYC_,me75fM6ugJ,kIsH,uKAI,L84s,NhsEn4L,beK4AFX,bru6,UYBR,AU8pNoi,fabLnWA,oslk,EPqQcw6,LM8l689qOp,FSa2,RAYp,F2FyR07IdsN7I
1,77,0,0,28,35,8,341.04,0,5461170,0,6.460586,36,18,0,3043728,0,329853,0,0,8,8,197270,290,12,0,0,5441250,299052,0,0,0,2663262,10113760,6,0,0,0,xOXrjIQq3d,RO12,taul,1K8T,TyGl,kjvBmIU,OUwXBc_Afl,kWfE,9_Y1,RVjC,VpdQ,IYzP,me75fM6ugJ,kIsH,uKAI,Mtgm,NhsEn4L,7WwuNea,4a9J,UYBR,FzaX,1vNmS85,oslk,MkQldxq,LM8l689qOp,FSa2,RAYp,F2FyR07IdsN7I
1,329,0,0,116,145,80,166.56,0,18,0,4.706259,9,18,0,70144,0,4488.87,0,0,16,40,19063.44,605,6,0,0,58270,51002,0,0,0,0,183704,26,0,0,0,bt0mfo875g,RO12,taul,1K8T,QQSE,AKG5V1L,GHf4lBZm_z,mbDs,9_Y1,iZJp,sJzTlal,IYzP,me75fM6ugJ,kIsH,uKAI,L84s,NhsEn4L,TDcwKda,ZP4N,cJvF,FzaX,R4h87dl,oslk,kPEzrB7,LM8l689qOp,3Cy4,RAYp,F2FyR07IdsN7I
1,448,7,200,64,80,8,220.48,0,137220,0,4.684896,9,36,42,80144,0,32284.8,0,0,16,24,11111.44,250,66,87129,0,2105,82,325,0,9,48629,133400,2,0,0,0,M5vt0Gdc_a,RO12,taul,1K8T,NbV4,VmNCzkM,VxuSneqjum,Cuzd,9_Y1,cyKH,sJzTlal,wMei,me75fM6ugJ,kIsH,g5HH,L84s,NhsEn4L,TDc4Td_,uwws,cJvF,FzaX,lHHoOXS,oslk,3L2Mnus,LM8l689qOp,me1d,RAYp,F2FyR07IdsN7I
1,1589,0,0,108,135,64,166.56,0,0,0,4.373211,9,54,0,926144,0,30987.3,0,6,40,64,-549820,530,0,3366,0,859065,79782,0,0,0,305095,1374700,16,97218,0,0,bt0mfo875g,RO12,taul,1K8T,42Cy,X2G4NDc,vW6mSEW,NYVW,9_Y1,6Kw9,VpdQ,IYzP,me75fM6ugJ,kIsH,uKAI,Mtgm,NhsEn4L,mAja5EA,_Itq,UYBR,FzaX,DiRY_02,oslk,HiG2C8o,LM8l689qOp,3Cy4,RAYp,F2FyR07IdsN7I
1,770,0,8,144,180,16,220.48,0,187404,0,1.524461,9,66,7,928512,0,15607.68,20,0,16,40,-325919.6,615,48,1584,0,2188470,13824,0,0,27,0,2425636,34,0,0,0,9rAq9at_88,RO12,taul,1K8T,R5iW,8XUFpID,AnFl2Mwxzd,c1FG,9_Y1,KfYH,VpdQ,kxE9,me75fM6ugJ,kIsH,g5HH,L84s,XfqtO3UdzaXh_,mAjGvmL,6Tu0,cJvF,FzaX,jbW9sBz,oslk,vj9y5oW,LM8l689qOp,me1d,RAYp,F2FyR07IdsN7I
1,2765,7,680,352,440,224,253.52,0,1112148,0,4.942748,9,52,0,2169472,0,29656.98,20,8,40,80,415836,1370,54,32202,0,4174445,644396,1390,0,9,358946,7256680,66,424806,0,0,wRXmfo875g,RO12,taul,1K8T,0Xwj,fVuJSzQ,4hMlgkf58mhwh,OrEo,HLqf,6Kw9,VpdQ,Tkho,me75fM6ugJ,sBgB,uKAI,L84s,NhsEn4L,kq0n8Bj,uUsP,cJvF,FzaX,zLzYH7D,oslk,xb5Ty9x,LM8l689qOp,3Cy4,RAYp,F2FyR07IdsN7I
1,350,0,0,28,35,16,265.76,0,0,0,4.916898,9,24,0,0,0,246869.1,10,4,24,0,109593.2,315,0,0,0,2266905,799594,0,0,18,0,10137240,2,2829198,0,0,GcUBcmz45j,RO12,taul,1K8T,JLbT,esxkA1P,C_u8_AlBK7,uwwf,9_Y1,yrDU,09_Q,zm5i,me75fM6ugJ,kIsH,uKAI,L84s,NhsEn4L,NGZxnJM,ykzL,UYBR,FzaX,EPImS85,oslk,MI8s5nE,LM8l689qOp,Qcbd,RAYp,F2FyR07IdsN7I
1,2079,21,3136,132,165,0,484.96,0,6516120,0,3.118351,27,138,189,3456000,0,84182.7,20,4,32,40,175213.6,545,78,13167,0,3888020,0,4095,0,27,0,10641720,18,115248,0,0,oBXq9ayfAo,2Knk1KF,taul,1K8T,GYbZ,L7tEXGF,J_sb4dmQwP,rlx_,9_Y1,F_Lu,VpdQ,Tkho,me75fM6ugJ,kIsH,uKAI,L84s,NhsEn4L,beK4AFX,TddH,UYBR,FzaX,XeiNqhB,oslk,o9Y6TM2,LM8l689qOp,TNEC,RAYp,55YFVY9
1,1274,14,100,152,190,120,133.12,0,193704,0,5.803033,18,50,35,0,0,13568.34,0,6,24,0,-13030.44,520,12,64800,0,272805,143354,420,0,0,0,713736,36,119472,0,0,dukmfo8zhV,RO12,taul,1K8T,0Xwj,NxdOO2w,RuVy67M,y7Xz,HLqf,wGwL,VpdQ,IYzP,me75fM6ugJ,sBgB,uKAI,L84s,NhsEn4L,TDcECyH,dZX2,cJvF,qxDb,nMx6hzI,oslk,Rv57DIf,M_8D,wX53,RAYp,F2FyR07IdsN7I
1,2940,7,460,412,515,256,133.12,0,5268,0,4.836787,9,64,0,416664,0,7591.29,15,14,120,192,101608,1975,18,14382,0,459880,279106,200,0,0,155442,1254288,68,168756,0,0,bZkvyxLkBI,RO12,taul,1K8T,lK27,32pCIek,ELRUn57,MT8f,9_Y1,_r21,VpdQ,IYzP,me75fM6ugJ,kIsH,uKAI,L84s,NhsEn4L,cUQmao5,bqZZ,cJvF,FzaX,FB4YlW4,oslk,0p8OTZB,LM8l689qOp,xb3V,RAYp,F2FyR07IdsN7I
1,245,7,2288,168,210,40,196.64,0,1222218,0,3.945738,9,170,28,4234896,0,105400.5,0,4,48,64,-147479.6,410,42,16119,0,7548550,348872,295,0,45,968177,10090680,40,632790,0,0,8I1TmBtueT,LrdZy8QqgUfkVShG,taul,z3mO,0Xwj,fhk21Ss,zA2IZno2NK,rlx_,HLqf,F_Lu,VpdQ,kxE9,7M47J5GA0pTYIFxg5uy,sBgB,uKAI,L84s,dGiN9qj1jEYX9,OFqHQyq,TddH,UYBR,FzaX,4UxGlow,Al6ZaUT,catzS2D,LM8l689qOp,TNEC,ZI9m,ib5G6X1eUxUn6
1,616,7,128,64,80,56,133.12,0,5394,0,0.2320017,9,156,0,155568,0,9900.6,0,4,32,40,-2241.144,170,6,22464,0,14445,36496,285,0,27,26075,195196,2,43902,0,0,IXSgUHShse,AERks4l,taul,1K8T,z32l,fhk21Ss,etMEJ1GgV0Sj0,gMVu,9_Y1,RVjC,sJzTlal,6JmL,7M47J5GA0pTYIFxg5uy,kIsH,uKAI,L84s,leSl,teA09W3,YihF,UYBR,FzaX,4UxGlow,QKW8DRm,catzS2D,LM8l689qOp,FSa2,ZI9m,ib5G6X1eUxUn6
1,182,0,0,132,165,72,230.56,0,2142858,0,3.335612,9,18,0,2534464,0,201943.8,20,2,40,32,-210756,530,36,0,0,3369165,1238810,0,0,0,0,9452800,18,475212,0,0,NESWq69R_D,RO12,taul,1K8T,PGNs,6YwyOPj,BcW_jOZe0F,Pkzj,9_Y1,RVjC,VpdQ,IYzP,me75fM6ugJ,kIsH,uKAI,Mtgm,NhsEn4L,7WwSAlP,wVfc,UYBR,FzaX,sTy4Erk,oslk,lAqub85,LM8l689qOp,FSa2,RAYp,F2FyR07IdsN7I
1,833,7,48,44,55,8,200,0,362778,0,2.476608,18,84,0,160440,0,51064.8,5,2,24,24,-86888,240,18,7920,0,427770,43996,110,0,0,60494,919488,4,245178,0,0,oBXq9ayfAo,RO12,taul,1K8T,c9jp,dBHv2aF,mab7,UaI7,9_Y1,NFMt,VpdQ,69fI,me75fM6ugJ,kIsH,uKAI,L84s,NhsEn4L,kq0aHkC,Srdy,UYBR,FzaX,f56OtFs,oslk,SDe2_Lp,LM8l689qOp,TNEC,RAYp,F2FyR07IdsN7I
1,1946,7,1868,220,275,24,256.16,10,3456978,0,4.571245,9,32,7,1217680,9,105458.4,25,4,88,72,-316648,1865,78,4455,40,1808425,286880,2885,0,18,0,6927520,46,950430,0,0,4bwt0GoOh3,RO12,taul,1K8T,lK27,bn80yiU,bGUqwlz,39Nj,9_Y1,YePk,VpdQ,zm5i,me75fM6ugJ,kIsH,uKAI,L84s,NhsEn4L,kZJtVhC,xO8w,cJvF,FzaX,QnxOw16,oslk,Ef3qqb8,LM8l689qOp,Qu4f,RAYp,F2FyR07IdsN7I
1,539,7,20,244,305,56,243.12,0,6704040,0,3.648366,9,30,0,1063976,0,133253.4,40,0,32,32,78464,1200,96,702,0,1281785,784142,80,0,0,0,10230160,52,0,0,0,52Iq9ayE15,RO12,taul,1K8T,3PdN,z8FO0dd,oUYUVwCetQ,y14C,9_Y1,QBpP,VpdQ,IYzP,me75fM6ugJ,kIsH,uKAI,L84s,NhsEn4L,kZJtVhC,f0K1,UYBR,FzaX,ZoXfR8o,oslk,IKPOtEt,LM8l689qOp,7P5s,RAYp,F2FyR07IdsN7I
1,1099,7,6380,132,165,24,220.08,0,2180616,0,1.557573,9,100,14,4838400,0,166956,10,0,32,56,128543.2,665,30,33804,0,6581000,347532,1905,0,9,0,10524000,32,0,0,0,HYTvyx7ejg,eSGpMwS8zSGgq_trOpckZ5,taul,1K8T,dWQK,fhk21Ss,y4g9XoZ,4bJw,9_Y1,xSqs,VpdQ,haYg,7M47J5GA0pTYIFxg5uy,kIsH,uKAI,L84s,UbxQ8lZ,beKAhVm,jkRv,cJvF,FzaX,4UxGlow,Al6ZaUT,catzS2D,LM8l689qOp,szEZ,ZI9m,R4y5gQQWY8OodqDV
1,868,7,564,132,165,40,220.08,0,3810594,0,3.14185,27,88,49,3285720,0,137359.2,10,4,32,40,93936,555,54,6984,0,4081460,825714,2175,0,9,604800,10482240,20,1036800,0,0,DHegUHXZeb,RO12,taul,1K8T,JLbT,Jn8nx5A,msIqHk8toE,GL1a,9_Y1,8BBI,VpdQ,IYzP,me75fM6ugJ,kIsH,uKAI,L84s,NhsEn4L,mAjbk_S,IBcd,cJvF,FzaX,b0vNgdR,oslk,yOuy5oW,LM8l689qOp,453m,RAYp,F2FyR07IdsN7I
1,1435,7,3864,128,160,40,264.16,0,3801696,0,1.420637,18,122,196,1900848,0,129971.1,10,4,24,24,293289.6,540,48,14913,0,4756130,792020,1420,0,36,554414,10141080,24,950424,0,0,UCDvyx8zhV,2Knk1KF,taul,1K8T,YVv3,aKBg0iR,WmXGBE0NRYesC,7yo6,9_Y1,MBhA,09_Q,haYg,me75fM6ugJ,kIsH,uKAI,L84s,XfqtO3UdzaXh_,XTbPUYD,u_cA,UYBR,FzaX,8GKOjel,oslk,APUE4Qn,jySVZNlOJy,WqMG,RAYp,55YFVY9
1,1141,7,28,248,310,200,220.48,0,67398,0,0.9098483,18,60,14,240400,0,32108.7,5,10,32,40,-446764,855,30,6930,0,1207405,677140,180,0,0,254282,2915632,42,644826,0,0,H7er4Rdc_a,RO12,taul,1K8T,lK27,fLzCyD5,cfIayG6jJu2flk8YZOn,aD3R,9_Y1,em8I,09_Q,IYzP,me75fM6ugJ,kIsH,g5HH,L84s,NhsEn4L,mAjk2hr,AlQ5,cJvF,FzaX,yO79OJS,oslk,uBooG9v,LM8l689qOp,me1d,RAYp,F2FyR07IdsN7I
1,861,7,1320,152,190,48,220.08,0,2826966,0,1.090152,18,112,189,3275120,0,154564.8,5,6,32,40,193175.6,675,36,44109,0,4925875,828676,225,0,36,604800,10159720,34,1040772,0,0,kMJt0GoOh3,2Knk1KF,taul,1K8T,lK27,Gjup2Rr,GaiUdPAZp_,Irkx,9_Y1,C7DI,VpdQ,lVqb,me75fM6ugJ,kIsH,uKAI,L84s,XfqtO3UdzaXh_,y5FELEt,WciR,UYBR,FzaX,G4u6pd1,oslk,yUzqFbB,LM8l689qOp,Qu4f,RAYp,55YFVY9
1,1806,7,328,292,365,40,286.96,0,8643540,0,2.679556,9,82,42,1479344,0,106086.9,40,8,64,128,181130.8,1240,114,2034,0,623365,547348,3530,0,18,123466,10429960,42,3414,0,0,1qmr4RQxul,RO12,taul,1K8T,kwI9,_ybO0dd,WICZqsx,qLkx,9_Y1,z5Ry,VpdQ,sYC_,me75fM6ugJ,sBgB,7A3j,L84s,NhsEn4L,kq0aHkC,ZWZt,UYBR,FzaX,L91KIiz,oslk,CE7uk3u,LM8l689qOp,FSa2,RAYp,F2FyR07IdsN7I
1,2345,7,108,192,240,64,384.56,0,8456040,0,6.071138,9,30,49,1097624,0,52212,25,4,48,32,1414552,1390,132,2916,0,830335,494410,1085,0,0,23240,9745800,14,483846,0,0,u6tWq6edh4,RO12,taul,1K8T,ssAy,KwenkcQ,V4ENTs0oQP,wKNN,9_Y1,_xpN,09_Q,IYzP,me75fM6ugJ,kIsH,uKAI,L84s,NhsEn4L,kZJtVhC,Bk2P,UYBR,FzaX,XqwYlW4,oslk,sMvE4Qn,LM8l689qOp,FSa2,RAYp,F2FyR07IdsN7I
1,728,7,20,144,180,88,166.56,0,518922,0,2.959624,9,38,0,701248,0,32768.4,0,0,24,72,-220657.6,440,12,25551,0,407440,131876,55,0,0,0,1286276,28,0,0,0,1YVgUHXZeb,RO12,taul,1K8T,487l,j5_Xk4l,NBVUlxabJhR17,upEj,9_Y1,STGZ,sJzTlal,IYzP,me75fM6ugJ,kIsH,uKAI,L84s,NhsEn4L,mAjbk_S,Caho,UYBR,FzaX,OjIAe72,oslk,xmAuVKu,LM8l689qOp,453m,RAYp,F2FyR07IdsN7I
1,49,0,0,76,95,8,206.64,0,10167120,0,3.725059,9,14,0,1831000,3,411162,20,2,16,16,11468.16,95,42,0,8,1584090,158410,0,0,0,0,10416120,8,475230,0,0,oyGrjIXt5a,RO12,taul,1K8T,lK27,qEdASpP,DKUDUftgA7,FyO0,9_Y1,YBFS,VpdQ,IYzP,me75fM6ugJ,kIsH,uKAI,L84s,NhsEn4L,mAja5EA,8ZZm,cJvF,FzaX,0AJo2f2,oslk,2Kb5FSF,LM8l689qOp,5Acm,RAYp,F2FyR07IdsN7I
1,2716,7,348,244,305,40,220.08,0,4509708,0,3.417646,18,36,7,3783376,0,63663.9,20,2,64,72,158828.8,905,108,12816,0,5825250,100068,385,0,9,724549,10630840,48,119052,0,0,Y3tqrQKzJV,RO12,taul,1K8T,0Xwj,ka3eV8O,9ttufRq,ihqY,F3hy,15m3,VpdQ,zm5i,DHn_WUyBhW_whjA88g9bvA64_,kIsH,uKAI,L84s,CrNX,y5FewfI,kkIW,cJvF,FzaX,UvL_w6z,d0EEeJi,nuwugiB,LM8l689qOp,FSa2,nIGXDli,F2FyR07IdsN7I
1,182,0,0,148,185,32,286.96,5,6629220,0,4.499039,9,16,0,1340616,0,213165.3,20,6,32,32,378961.2,445,84,0,8,3565075,347226,0,0,0,567196,10556800,16,976974,0,0,TfiBcmzkzH,RO12,taul,1K8T,JLbT,a6hhurh,VKmQoSsVfi,2dzD,9_Y1,yrDU,sJzTlal,IYzP,me75fM6ugJ,kIsH,uKAI,L84s,NhsEn4L,NGZxnJM,oA6B,cJvF,FzaX,WPfKVq0,oslk,XQvdByr,LM8l689qOp,Qcbd,RAYp,F2FyR07IdsN7I
1,84,0,0,228,285,56,256.48,10,6507780,0,5.741081,9,14,0,2616624,0,124666.5,20,4,40,48,176683.6,285,102,0,16,1866695,285874,0,0,0,554414,9474680,42,950424,0,0,1fZWq6e2Rv,e6CkoqApVR,taul,1K8T,487l,LFsq5o9,nQUBcBcErl,APsS,9_Y1,_xpN,VpdQ,IYzP,Kxdu,kIsH,uKAI,L84s,FMSzZ91zL2,mAjdzWk,F5kZ,cJvF,FzaX,EPIVHK6,zCkv,MI8iYHE,LM8l689qOp,FSa2,6fzt,F2FcTt7IdMT_v
1,308,0,0,324,405,96,271.68,0,4420086,0,1.68746,9,16,0,1765896,0,122060.7,30,14,80,56,703848,830,156,0,0,4395820,496302,0,0,0,316085,10580640,46,816696,0,0,qFpmfo8zhV,RO12,taul,1K8T,AKN1,INosKl9,ThrHXVS,Nrga,9_Y1,wGwL,sJzTlal,IYzP,me75fM6ugJ,kIsH,uKAI,L84s,NhsEn4L,NGZxnJM,_CDo,cJvF,FzaX,7XC6hzI,oslk,wH3Rt2K,LM8l689qOp,wX53,RAYp,F2FyR07IdsN7I
1,826,7,1604,136,170,40,260.24,0,4881720,0,5.444563,27,88,7,1900864,0,215607,20,2,32,24,119052,515,60,12537,0,4084995,653996,160,0,0,554421,10422520,22,475218,0,0,4e7gUH7IEC,RO12,taul,1K8T,TyGl,ml5AEa8,msIqHk8toE,CfDN,9_Y1,m_h1,VpdQ,sYC_,me75fM6ugJ,kIsH,uKAI,L84s,NhsEn4L,kq0aHkC,l8k9,UYBR,FzaX,XMrOtFs,oslk,3W_AIRG,LM8l689qOp,WqMG,RAYp,F2FyR07IdsN7I
1,441,0,0,92,115,40,200,0,0,0,4.317453,9,22,0,23792,0,2595.36,30,2,32,24,-26883.72,735,0,0,0,21990,5886,0,0,0,24388,65496,16,5094,0,0,AhzZptzip9,RO12,taul,1K8T,TLkP,pro8v8X,NfN9Bz6HFx,1AB4,9_Y1,t_4G,VpdQ,IYzP,me75fM6ugJ,kIsH,uKAI,L84s,NhsEn4L,mAja5EA,6WzL,cJvF,FzaX,meWVy8V,oslk,DQ3u3MC,LM8l689qOp,Qu4f,RAYp,F2FyR07IdsN7I
1,1092,7,748,164,205,16,186.64,0,288618,0,6.520188,9,96,154,3452000,0,90081.59,0,2,56,96,487444,500,18,531,0,5441200,10570,690,0,18,135898,6306480,46,20904,0,0,oBXrjIQq3d,RO12,taul,1K8T,0Xwj,f_orkF8,_jTP8ioIlJ,kWfE,HLqf,RVjC,VpdQ,Tkho,me75fM6ugJ,sBgB,uKAI,L84s,NhsEn4L,beK4AFX,4a9J,UYBR,FzaX,tHIv48t,oslk,WCNAgOW,LM8l689qOp,FSa2,RAYp,F2FyR07IdsN7I
1,2898,7,0,288,360,200,166.56,0,0,0,1.005127,9,38,0,1293848,0,19769.79,0,22,80,144,-33303.72,1020,0,207,0,848870,453160,15,0,0,616238,2680748,36,672612,0,0,9hRmfo875g,RO12,taul,1K8T,7gSz,9GJxoic,V_KR_LD,NbPt,9_Y1,_48V,VpdQ,IYzP,me75fM6ugJ,kIsH,uKAI,L84s,NhsEn4L,mAja5EA,UFEY,cJvF,FzaX,s3vse7s,oslk,51wlOzR,LM8l689qOp,3Cy4,RAYp,F2FyR07IdsN7I
1,840,7,4344,112,140,72,200,0,957996,0,6.886136,9,76,14,4341408,0,178393.8,15,0,40,48,391578.8,425,18,2430,8,3569895,1596964,415,6,9,724297,9488880,14,0,0,0,dRaTmBfHUn,RO12,taul,1K8T,0Xwj,R4C9W2K,zA2IZno2NK,3Lti,HLqf,4N0K,VpdQ,IYzP,me75fM6ugJ,sBgB,uKAI,L84s,NhsEn4L,mAja5EA,oZUJ,cJvF,FzaX,zqsvdH_,oslk,jhrTQlu,LM8l689qOp,Qu4f,RAYp,F2FyR07IdsN7I
1,588,0,0,36,45,0,186.64,0,2073600,0,4.072421,9,28,0,691200,0,126943.5,5,0,8,8,-485856,720,24,0,0,1296000,0,0,0,18,0,3110400,6,0,0,0,ZSNq9aX0Db,RO12,taul,1K8T,L80O,AKGxtq0,9YuuPSz3BI,qG9V,9_Y1,6TCl,VpdQ,IYzP,me75fM6ugJ,kIsH,uKAI,L84s,NhsEn4L,mAja5EA,ZUgf,cJvF,FzaX,a_g6pd1,oslk,9HlAGfT,LM8l689qOp,uWr3,RAYp,F2FyR07IdsN7I
1,63,7,4676,32,40,8,198.88,0,728850,0,2.687246,9,172,196,0,9,229963.5,0,6,16,0,282503.6,165,12,28917,24,3427760,65644,800,0,18,0,8933200,4,8360760,0,0,DHevyx7IEC,2Knk1KF,taul,1K8T,0Xwj,fhk21Ss,k10MzgT,kKp4,HLqf,YGOC,VpdQ,6JmL,7M47J5GA0pTYIFxg5uy,sBgB,uKAI,L84s,Ie_5MZs,CWNY2py,SMDf,UYBR,FzaX,4UxGlow,zCkv,catzS2D,LM8l689qOp,szEZ,ZI9m,TCU50_Yjmm6GIBZ0lL_
1,1533,7,5912,256,320,104,176.56,0,11316,0,0.7175817,27,234,203,430544,0,20905.74,0,14,56,72,75102.4,800,12,66672,0,991325,133412,1125,0,36,111314,1512540,66,344760,0,0,euOBcmz45j,_7J0OGNN8s6gFzbM,I9xt3GDRhUK7p,z3mO,uNkU,fhk21Ss,Pkku4gO,mw4w,9_Y1,WGOH,VpdQ,y6dw,7M47J5GA0pTYIFxg5uy,kIsH,uKAI,L84s,hFuvTXnQzBljb,y5FS9RD,IgLU,UYBR,FzaX,4UxGlow,zCkv,catzS2D,jySVZNlOJy,Qcbd,ZI9m,ZeaF
1,630,7,24,52,65,16,166.56,0,0,0,6.402051,9,60,0,246792,0,8303.01,0,2,24,64,-17594,210,0,333,0,33840,3262,5,0,0,371,157204,4,318,0,0,a4v9tYsGvO,RO12,taul,1K8T,Y2P0,XX3cFZv,GHfL3MpXAX,KuUP,9_Y1,YULl,VpdQ,IYzP,me75fM6ugJ,kIsH,uKAI,L84s,NhsEn4L,mAjbk_S,aMbm,UYBR,FzaX,FMZYH7D,oslk,MHP7DIf,LM8l689qOp,FSa2,RAYp,F2FyR07IdsN7I
1,217,7,876,132,165,64,243.2,0,478422,0,6.982269,9,42,0,60232,0,16748.16,15,8,40,24,129692,355,72,34191,0,161085,142442,1175,0,18,0,1010780,6,274146,0,0,O8Zr4Rdc_a,RO12,taul,1K8T,4fje,GYqMgvV,I1sqWRxUAv,poJj,9_Y1,em8I,sJzTlal,hAFG,me75fM6ugJ,kIsH,g5HH,L84s,XfqtO3UdzaXh_,mAjKef6,ipbg,cJvF,FzaX,Z6VDnJ7,oslk,Bzj0Joi,LM8l689qOp,me1d,RAYp,F2FyR07IdsN7I
1,735,0,12,12,15,8,220.08,5,0,0,2.490921,9,34,0,0,9,222381.6,0,2,0,0,-1013148,375,0,3114,32,360065,167070,0,0,18,0,2552236,2,2895066,0,0,LDPgUHXZeb,RO12,taul,1K8T,lK27,2Aed0DS,6UEVDe9,SwyW,9_Y1,LqKm,VpdQ,zm5i,me75fM6ugJ,kIsH,uKAI,L84s,NhsEn4L,mAjbk_S,ysfH,cJvF,FzaX,OjxOhQy,oslk,c4PT3Cb,LM8l689qOp,453m,RAYp,F2FyR07IdsN7I
1,987,7,716,152,190,80,133.12,0,1482,0,6.242897,9,108,21,166592,0,40753.2,0,14,24,48,-327730,550,6,8892,0,159785,48384,1480,0,0,106008,386172,28,115938,0,0,qXhvyxLp3Z,2Knk1KF,taul,1K8T,Xa_z,xowcVcA,Vxu_jOIy4u,8NgO,9_Y1,FbIm,sJzTlal,sYC_,me75fM6ugJ,kIsH,uKAI,L84s,NhsEn4L,kq0aHkC,goV5,UYBR,FzaX,AOhfql_,oslk,BMVRkup,LM8l689qOp,xb3V,RAYp,55YFVY9
1,280,0,0,48,60,8,250,0,5038734,0,0.3272805,9,20,0,3601648,0,243378,5,2,8,8,400748,320,30,0,0,2412170,1022,0,0,9,0,7419000,6,213648,0,0,Qu0TmBQZiT,RO12,taul,1K8T,kNzO,XX3Juq4,nQUX8Hg64f,f4GF,9_Y1,TjV7,09_Q,zm5i,me75fM6ugJ,kIsH,uKAI,Mtgm,NhsEn4L,7WwuNea,W4fv,UYBR,FzaX,nf90nTz,oslk,PSKQZmh,LM8l689qOp,FSa2,RAYp,F2FyR07IdsN7I
1,679,14,624,140,175,24,166.56,0,0,0,1.863704,18,136,84,344048,0,27973.83,0,10,72,88,23870.72,380,0,92718,0,71950,12778,215,0,18,164507,291860,32,55080,0,0,Mtpt0G8EIb,2Knk1KF,taul,1K8T,lK27,fhk21Ss,zA2IZno2NK,_QJl,9_Y1,e7QV,VpdQ,haYg,7M47J5GA0pTYIFxg5uy,kIsH,uKAI,L84s,Ie_5MZs,CWNY2py,eiPn,cJvF,FzaX,4UxGlow,zCkv,catzS2D,LM8l689qOp,fKCe,ZI9m,Zy3gnGM
1,777,7,36,120,150,160,166.56,0,25536,0,4.351848,9,38,14,151640,0,41586.3,5,6,0,8,-60678,510,12,47880,0,273150,488540,85,0,0,0,1526180,6,22782,0,0,4e7gUH7IEC,RO12,taul,1K8T,TyGl,lUpdCrr,aXPHXVS,umg2,9_Y1,m_h1,sJzTlal,IYzP,me75fM6ugJ,kIsH,uKAI,L84s,NhsEn4L,7Ww_Xqy,8JTE,UYBR,FzaX,t39OtFs,oslk,G9lTL5Q,LM8l689qOp,WqMG,RAYp,F2FyR07IdsN7I
1,469,0,0,128,160,0,253.52,0,10248000,0,1.408246,9,24,0,0,0,190413.6,45,0,32,0,197640,540,120,0,0,978200,0,0,0,9,0,10725040,6,0,0,0,Mtpt0G8EIb,RO12,taul,1K8T,EPHy,gwY4NQF,n2YfB05aPZ,jx06,9_Y1,e7QV,09_Q,zm5i,me75fM6ugJ,kIsH,uKAI,L84s,NhsEn4L,NGZXfGp,pbDp,UYBR,FzaX,t5EoLzk,oslk,ag5iNPX,LM8l689qOp,fKCe,RAYp,F2FyR07IdsN7I
1,133,0,0,76,95,16,220.08,5,3390648,0,4.125187,36,20,0,309440,0,115828.8,20,2,24,8,-966112,375,48,0,8,158535,70014,0,0,9,60424,4009040,6,51792,0,0,KXMgUH7IEC,RO12,taul,1K8T,0Xwj,wXmANjt,7vJz3tk,bDi2,HLqf,DmlN,VpdQ,zm5i,me75fM6ugJ,sBgB,uKAI,Mtgm,NhsEn4L,kZJtVhC,FJ51Im9,cJvF,FzaX,ClzmFX7,oslk,PCW5Ui8,LM8l689qOp,w_Ub,RAYp,F2FyR07IdsN7I
1,763,7,2288,120,150,104,166.56,0,0,0,0.6782739,9,92,91,50736,0,5292.21,0,16,72,32,13147.76,320,0,9630,0,43010,39758,110,0,9,62741,187032,10,71610,0,0,_v2TmBftjz,RO12,LfvqpCtLOY,1K8T,487l,F0CcSKu,wLOHP_YhcL,1o7d,9_Y1,Gx0B,09_Q,wMei,me75fM6ugJ,kIsH,uKAI,L84s,h0lfDKh52u4GP,IoI4mKe,9kp7,UYBR,FzaX,Z6VzNJS,oslk,503jKAP,LM8l689qOp,Qu4f,RAYp,F2FyR07IdsN7I
1,749,7,3612,212,265,104,263.52,0,7661220,0,5.01474,9,64,882,2342544,0,170319.3,5,0,8,24,415480,610,84,35037,0,4198410,82260,2075,0,18,0,10830000,44,0,0,0,J9Vr4RQZiT,RO12,taul,1K8T,GYbZ,tAqnaaX,u2p2Afw,MMa_,9_Y1,z5Ry,09_Q,lVqb,me75fM6ugJ,kIsH,uKAI,L84s,XfqtO3UdzaXh_,XTbPUYD,Cuc3,UYBR,FzaX,B0LYjZW,oslk,4YxEVaf,LM8l689qOp,FSa2,RAYp,F2FyR07IdsN7I
1,833,7,88,172,215,8,308.56,0,11418240,0,2.052339,9,58,0,84152,0,223473,35,2,72,40,1435428,545,138,97488,0,240490,172800,910,0,9,173551,10709760,12,147546,0,0,xOXrjIQq3d,RO12,taul,1K8T,4fje,kjvBmIU,WN2wUb0T0UKRa,VNjO,9_Y1,RVjC,09_Q,IYzP,me75fM6ugJ,kIsH,uKAI,Mtgm,NhsEn4L,7WwX8Ya,p8c0,UYBR,FzaX,1vNmS85,oslk,MkQldxq,LM8l689qOp,FSa2,RAYp,F2FyR07IdsN7I
1,763,14,2528,116,145,0,220.08,0,4147302,0,6.422773,18,52,21,2764800,0,223752.9,20,0,40,32,-46451.6,465,48,93429,0,5399450,0,3520,0,0,0,9170320,26,0,0,0,NFqq9at_88,RO12,taul,1K8T,z32l,2e9o7aV,e1XhvTunuD,Z93z,9_Y1,vm5R,VpdQ,IYzP,me75fM6ugJ,kIsH,g5HH,Mtgm,NhsEn4L,kZJUYn6,5gXh,cJvF,FzaX,FhTmHfO,oslk,rnJqvY0,M_8D,7P5s,RAYp,F2FyR07IdsN7I
1,10542,7,11160,128,160,144,143.12,0,1901358,0,2.099765,27,166,812,0,0,14743.98,0,16,32,0,266858.4,4980,24,12393,0,308890,3110400,1205,0,27,2419200,10500280,4,4147200,0,0,HAoOj1KXzC,AERks4l,taul,1K8T,0Y9G,fhk21Ss,yt2nvUb62H,U_8b,9_Y1,jdbz,09_Q,6JmL,7M47J5GA0pTYIFxg5uy,kIsH,uKAI,L84s,XfqtO3UdzaXh_,_JdcICD,NwRz,UYBR,FzaX,4UxGlow,oslk,catzS2D,jySVZNlOJy,kwS7,ZI9m,ib5G6X1eUxUn6
1,819,7,96,72,90,32,98.24,0,919962,0,2.663747,9,60,49,0,12,206492.1,0,2,0,0,-309154.8,445,36,13077,32,1434890,122920,680,0,18,0,3066900,14,1589760,0,0,tr0gUH7ejg,RO12,taul,1K8T,487l,3n6d8Q3,hOpRIhsUSP,PhgR,9_Y1,m_h1,09_Q,IYzP,me75fM6ugJ,kIsH,uKAI,L84s,NhsEn4L,TDceha3,lRxw,UYBR,FzaX,7CPmZiv,oslk,_Don5Oj,M_8D,WqMG,RAYp,F2FyR07IdsN7I
1,1190,7,260,124,155,0,220.08,0,4981890,0,1.98526,9,30,28,3356752,0,106685.4,20,0,32,40,107982,645,60,63747,0,5184000,0,750,0,0,0,10529240,24,0,0,0,8I1TmBtueT,RO12,taul,1K8T,F9g8,qJShE4b,fXexTA9,L1qX,9_Y1,C6Eu,VpdQ,IYzP,me75fM6ugJ,kIsH,uKAI,L84s,NhsEn4L,kZJtVhC,9oU3,cJvF,FzaX,Y2CKu_a,oslk,aIqdPAm,LM8l689qOp,rgKb,RAYp,F2FyR07IdsN7I
1,413,7,232,344,430,344,201.2,0,21582,0,2.219398,9,48,133,145792,0,4234.95,5,22,80,80,53216,715,12,261801,0,112890,94790,1970,0,9,70413,424728,38,71850,0,0,uGLq9ayE15,AERks4l,taul,z3mO,0Xwj,xT8aA9U,dQF2OgQzup,U_hQ,HLqf,vm5R,VpdQ,sYC_,GjJ35utlTa_GNSvxxpb9ju,sBgB,uKAI,L84s,JBfYVit4g8,TDcV2hA,1Qps,cJvF,FzaX,9AJ_Vq1,Al6ZaUT,dEJ4yOc,LM8l689qOp,7P5s,02N6s8f,xwM2aC7IdeMC0
1,574,14,4868,84,105,48,166.56,0,327984,0,1.761803,45,132,7,3243680,0,177060.9,10,2,32,48,315182,325,6,25551,0,2150010,542306,20080,0,18,0,5342440,10,9210,0,0,FAJWq69cTy,2Knk1KF,taul,1K8T,lK27,6KF0k8W,9XYw909g5FR2beBj4iI,u2gs,9_Y1,Px52,09_Q,69fI,me75fM6ugJ,kIsH,uKAI,L84s,XfqtO3UdzaXh_,11pm6dL,hByD,UYBR,FzaX,ot6oLzk,oslk,IIvC99a,M_8D,PM2D,RAYp,55YFVY9
1,3451,7,0,168,210,48,234.72,0,6682980,0,4.87225,9,44,0,2707248,0,34473.6,30,0,40,32,95350,620,90,270,0,3607825,23498,40,0,18,0,10535400,22,0,0,0,Iskvyx875g,RO12,taul,1K8T,487l,PyebXKa,zJIwUbLPQVlp8,yr9u,9_Y1,MBhA,sJzTlal,sYC_,me75fM6ugJ,kIsH,uKAI,L84s,NhsEn4L,kq0n8Bj,QORN,UYBR,FzaX,ZS8OtFs,oslk,e2t7A2G,LM8l689qOp,WqMG,RAYp,F2FyR07IdsN7I
1,126,0,0,124,155,0,240.56,0,11404800,0,5.627003,9,16,0,0,0,218109.3,45,0,32,0,476324,305,132,0,8,0,0,0,6,0,0,10713600,0,0,0,0,9rAq9at_88,RO12,taul,1K8T,lK27,WkH7nZN,ilrY4YM,S_MH,9_Y1,KfYH,09_Q,IYzP,me75fM6ugJ,kIsH,g5HH,L84s,NhsEn4L,TDc4Td_,y8W_,cJvF,FzaX,scZ0Q3K,oslk,zmvzrB7,LM8l689qOp,me1d,RAYp,F2FyR07IdsN7I
1,1008,7,232,164,205,56,335.2,0,5844954,0,6.171972,18,36,14,1436016,0,139987.8,15,4,32,64,171036.8,1075,72,15453,0,2437135,1209600,530,0,9,1209600,10665920,18,968352,0,0,tr0rEyXktW,RO12,taul,1K8T,487l,ZTQvcTJ,17VONbZnAuZ90atz,BXas,9_Y1,SkZj,VpdQ,zm5i,me75fM6ugJ,kIsH,uKAI,L84s,NhsEn4L,kZJtVhC,ricx,cJvF,FzaX,9WBDQF4,oslk,OXJytFJ,LM8l689qOp,Aoh3,RAYp,F2FyR07IdsN7I
1,1701,7,2104,232,290,64,186.64,0,4354110,0,6.130955,9,88,7,1554368,0,79753.2,35,10,40,32,-11182.44,1945,96,63540,0,3026590,867106,1110,0,18,949333,10274560,36,1780884,0,0,HrWq9aXt5a,RO12,taul,1K8T,KqYs,6CXYbuk,RLly0WAwF4,VQrO,9_Y1,6TCl,sJzTlal,sYC_,Kxdu,kIsH,uKAI,L84s,9pUnzWLbztKTo,TDc92TK,BKlc,cJvF,FzaX,ROeipLp,zCkv,K2SqEo9,LM8l689qOp,uWr3,6fzt,am14IcfM7tWLrUmRT52KtA
1,1652,7,0,392,490,216,166.56,0,844938,0,3.40376,9,142,0,1001288,0,40794,15,18,56,72,136553.2,1295,66,126,0,2941945,734214,30,0,9,835485,5642800,78,1070136,0,0,crIgUHSK8h,2Knk1KF,taul,1K8T,0Xwj,EKR938I,BcW_jOZe0F,gMVu,F3hy,RVjC,VpdQ,sYC_,me75fM6ugJ,kIsH,uKAI,L84s,NhsEn4L,beK4AFX,YihF,UYBR,FzaX,OrnLfvc,oslk,1J2cvxe,jySVZNlOJy,FSa2,RAYp,55YFVY9
1,525,0,0,152,190,16,293.2,5,8903400,0,1.906217,9,26,0,2301152,0,208468.8,25,2,32,32,114611.6,585,126,0,8,1644255,96026,0,0,9,0,10345760,10,475230,0,0,qXhPe2ftjz,RO12,taul,1K8T,JLbT,0tvQgIh,n2YfB05aPZ,dZaL,9_Y1,mTeA,sJzTlal,zm5i,me75fM6ugJ,kIsH,uKAI,L84s,NhsEn4L,kZJyVg2,HySH,UYBR,FzaX,EPIs6v_,oslk,XtGtFwR,LM8l689qOp,FSa2,RAYp,F2FyR07IdsN7I
1,329,0,0,316,395,104,198.88,0,3551760,0,4.207007,18,16,0,1198392,0,95570.41,40,10,96,96,-86085.2,810,78,0,0,2690705,1068492,0,0,0,314692,9907960,56,195174,0,0,NQ5rEy7Rm6,RO12,taul,1K8T,nQZ6,6CXYbuk,Gai9lEF2Fr,zdei,9_Y1,X8zP,sJzTlal,IYzP,Kxdu,kIsH,uKAI,L84s,9pUnzWLbztKTo,mAjGGIX,astg,UYBR,FzaX,ROeipLp,zCkv,K2SqEo9,LM8l689qOp,Aoh3,6fzt,am14IcfM7tWLrUmRT52KtA
1,581,7,212,28,35,16,297.28,0,995658,0,6.356975,9,62,14,0,0,47399.7,5,0,8,0,309690.4,165,12,20862,0,6048000,1244264,320,0,9,0,10409920,4,0,0,0,oUPBcmzkzH,RO12,taul,1K8T,z32l,a6hhurh,u2p2Afw,oB3D,9_Y1,yrDU,sJzTlal,IYzP,me75fM6ugJ,kIsH,uKAI,L84s,NhsEn4L,kq0FLbb,Frox,cJvF,FzaX,WPfKVq0,oslk,XQvdByr,LM8l689qOp,Qcbd,RAYp,F2FyR07IdsN7I
1,56,0,0,48,60,8,297.52,0,2208330,0,5.383679,9,14,0,2088768,0,383760,5,0,0,16,617280,145,18,0,0,4425735,1137856,0,0,0,0,8617720,10,0,0,0,HXwt0G8EIb,RO12,taul,1K8T,487l,R9_FOiX,SpVgcDTGNq,gSkj,9_Y1,k13i,sJzTlal,IYzP,me75fM6ugJ,sBgB,uKAI,Mtgm,NhsEn4L,kq0dQfu,RrDT,UYBR,FzaX,IZED5lR,oslk,uVhHAKr,LM8l689qOp,fKCe,RAYp,F2FyR07IdsN7I
1,3605,28,1636,136,170,24,200,0,1555200,0,0.7750481,36,154,441,5529600,3,34630.8,5,2,32,64,118816,530,18,1602,24,7685350,42654,2590,6,18,0,10433080,36,78450,0,7,u6tWq6edh4,2Knk1KF,taul,1K8T,AHgj,koz7asP,V6XUlxabJ4VaD,dkcI,9_Y1,_xpN,VpdQ,hAFG,me75fM6ugJ,kIsH,uKAI,L84s,XfqtO3UdzaXh_,XTbPUYD,OJC5,UYBR,FzaX,3jaYE38,oslk,9tNR6zD,LM8l689qOp,FSa2,RAYp,TCU50_Yjmm6GIBZ0lL_
1,770,7,1508,132,165,88,253.52,0,4478184,0,4.916044,9,62,0,1146360,0,224693.1,5,8,24,16,367963.6,500,60,101196,0,1743305,1851188,1840,0,0,1209607,10383680,10,2073606,0,0,E3dr4RQxul,RO12,taul,1K8T,JLbT,6CXYbuk,DKUDUftgA7,9FB6,9_Y1,z5Ry,VpdQ,IYzP,Kxdu,kIsH,uKAI,L84s,9pUnzWLbztKTo,uZLQgLj,0GE8,UYBR,FzaX,ROeipLp,zCkv,K2SqEo9,M_8D,FSa2,6fzt,am14IcfM7tWLrUmRT52KtA
1,308,0,0,128,160,8,240.16,0,43344,0,0.374279,9,20,0,2319360,0,62571.3,5,4,40,56,340508,590,12,0,0,4266990,39920,0,0,9,989527,4914280,38,344958,0,0,Y3tqrQKzJV,RO12,taul,1K8T,4fje,m9HANMR,LH076SiAyW,rV01,9_Y1,15m3,sJzTlal,zm5i,me75fM6ugJ,kIsH,uKAI,L84s,NhsEn4L,mAja5EA,gBMy,UYBR,FzaX,QkcNgdR,oslk,v8MjPJU,LM8l689qOp,FSa2,RAYp,F2FyR07IdsN7I
1,259,0,0,172,215,40,253.52,0,4279170,0,1.369152,9,18,0,1900856,0,172179.9,45,4,40,24,629848,650,54,0,0,3664485,715578,0,0,9,1108828,10760600,30,950424,0,0,LDPgUHXZeb,RO12,taul,1K8T,0Y9G,MErwv86,fo8oHA5,tzP4,9_Y1,7JiV,VpdQ,zm5i,me75fM6ugJ,kIsH,uKAI,L84s,NhsEn4L,NGZxnJM,6lGj,cJvF,FzaX,azMfql_,oslk,egEQowC,LM8l689qOp,453m,RAYp,F2FyR07IdsN7I
1,1155,14,2532,244,305,144,210,0,0,0,5.778466,18,56,161,147016,0,19865.88,0,18,72,48,-130682.4,1220,0,42858,0,639800,228972,3815,0,18,67613,1385548,56,513384,0,0,_v2rjIKQ76,RO12,taul,1K8T,pGTb,3fI4jEC,GHfL3MpXAX,ZHYH,9_Y1,7WNq,VpdQ,sYC_,me75fM6ugJ,kIsH,uKAI,L84s,NhsEn4L,kq0n8Bj,Q_Iv,UYBR,FzaX,pHXYlW4,oslk,wYv2Oqu,LM8l689qOp,WqMG,RAYp,F2FyR07IdsN7I
1,903,0,8,44,55,24,253.52,0,2593938,0,2.026276,9,38,0,0,0,177300.3,10,0,16,0,881144,435,30,45,0,3024000,1999704,0,0,18,0,11096040,2,0,0,0,NQ5vyxLkBI,RO12,taul,1K8T,ssAy,6KF0k8W,5q1hF23,341G,9_Y1,FbIm,09_Q,zm5i,me75fM6ugJ,kIsH,uKAI,L84s,NhsEn4L,NGZXfGp,t5Xy,UYBR,FzaX,ot6oLzk,oslk,IIvC99a,LM8l689qOp,xb3V,RAYp,F2FyR07IdsN7I
1,658,7,20,132,165,32,388.88,0,2620350,0,0.5932493,9,32,0,4147200,0,186736.5,10,0,32,48,425808,520,42,3042,0,5674850,603300,35,0,9,0,10258200,28,0,0,0,xOXr4RXktW,RO12,taul,1K8T,AHrt,OnikTQ1,ARvzJXx,cAwj,9_Y1,ZKJc,VpdQ,IYzP,me75fM6ugJ,kIsH,uKAI,L84s,NhsEn4L,kZJtVhC,fK0O,cJvF,qxDb,O30mFX7,oslk,IhKskzO,LM8l689qOp,7FJQ,RAYp,F2FyR07IdsN7I
1,1442,7,28,140,175,24,124.24,0,1728486,0,5.600299,9,36,0,2764800,0,137670.9,25,0,32,32,79929.6,685,30,1143,0,7353550,175290,30,0,18,0,10067840,36,0,0,0,nTwTmBtueT,RO12,taul,1K8T,TyGl,7GUAEa8,nQUxgtZEqo,UgV7,9_Y1,C6Eu,VpdQ,IYzP,me75fM6ugJ,sBgB,uKAI,L84s,NhsEn4L,NGZXfGp,oWq6,cJvF,FzaX,8OZoOXS,oslk,IDn52bd,LM8l689qOp,rgKb,RAYp,F2FyR07IdsN7I
1,28,0,0,72,90,80,301.92,0,439074,0,3.456313,9,12,0,0,0,226862.4,0,8,16,0,-452788,90,12,0,8,391950,1728008,0,0,0,0,5444720,4,2073612,0,7,Iskvyx875g,RO12,taul,1K8T,pGTb,rs9DzCB,ZIX6Y9cVy5,bSUY,9_Y1,MBhA,sJzTlal,IYzP,me75fM6ugJ,kIsH,uKAI,L84s,NhsEn4L,kZJtVhC,iaBN,cJvF,FzaX,Y2CVuBv,oslk,UdQqPCU,LM8l689qOp,WqMG,RAYp,F2FyR07IdsN7I
1,280,0,0,168,210,48,316.4,5,4832532,0,2.880795,9,20,0,2534464,3,139541.4,20,6,32,32,119275.2,800,72,0,16,3989665,473776,0,0,9,554414,10701760,26,1425636,0,0,2jigUH7ejg,RO12,taul,1K8T,lK27,jCepSrJ,3cO76t0,BGAR,9_Y1,m_h1,VpdQ,zm5i,me75fM6ugJ,kIsH,uKAI,Mtgm,NhsEn4L,7Wwz9n7,8JTE,UYBR,FzaX,Oy_RPEi,oslk,FS4qjNq,LM8l689qOp,WqMG,RAYp,F2FyR07IdsN7I
1,3661,7,1500,488,610,200,166.56,0,6766320,0,6.223456,36,138,0,936912,0,56613.9,25,4,56,56,-230056.4,2290,108,129402,0,918405,516920,5,0,36,268471,8628960,130,1036800,0,0,YddTmBtueT,2Knk1KF,taul,1K8T,PbOJ,65ynxCu,pCsFbvQJcF,Sljo,9_Y1,C6Eu,09_Q,haYg,me75fM6ugJ,kIsH,uKAI,L84s,XfqtO3UdzaXh_,XTbPUYD,fqBf,cJvF,FzaX,EAn87dl,oslk,gv2qFbB,jySVZNlOJy,rgKb,RAYp,55YFVY9
1,392,0,0,124,155,0,220.08,0,10336320,0,5.668661,9,22,0,0,0,202032.6,45,0,32,0,147248.4,525,120,0,0,775290,0,0,0,9,0,10621520,4,0,0,0,LDPq9ayfAo,RO12,taul,1K8T,487l,2gNd3iM,Mjhoglh,F0uC,9_Y1,000J,09_Q,zm5i,me75fM6ugJ,sBgB,uKAI,L84s,NhsEn4L,kZJyVg2,Zyaq,cJvF,FzaX,wUQOw16,oslk,oCqTy9x,LM8l689qOp,7P5s,RAYp,F2FyR07IdsN7I
1,0,0,0,8,10,0,334.4,0,0,0,5.252083,9,14,0,0,3,60402,0,0,0,0,-1286760,10,0,0,8,201340,0,0,0,0,0,161072,4,0,0,0,1qmr4RQxul,RO12,taul,1K8T,TyGl,jJ_lbGp,DkRLCok,RTc9,9_Y1,z5Ry,VpdQ,IYzP,me75fM6ugJ,kIsH,uKAI,Mtgm,NhsEn4L,mAj3FSW,BXUS,UYBR,FzaX,PqGY_02,oslk,FnxQQMs,LM8l689qOp,FSa2,RAYp,F2FyR07IdsN7I
1,2520,7,564,488,610,64,166.56,0,3570,0,0.8440504,9,88,0,284648,0,7130.13,0,18,64,160,104396.8,1750,24,3861,0,1201355,29442,3220,0,0,10444,1311252,162,219870,0,0,KXMWq69R_D,RO12,taul,1K8T,8qEx,tUu4spc,DKUDUftgA7,J7ov,9_Y1,Px52,VpdQ,sYC_,me75fM6ugJ,kIsH,uKAI,L84s,NhsEn4L,kq0aHkC,mI_q,UYBR,FzaX,2JI8iqZ,oslk,_1y7DIf,LM8l689qOp,PM2D,RAYp,F2FyR07IdsN7I
1,819,0,0,268,335,96,166.56,0,2405796,0,2.219825,9,94,0,1855504,0,117457.8,10,16,56,120,277075.2,840,78,3726,0,2775060,1782480,0,0,18,0,9738720,34,1293480,0,0,8I1r4RXXnK,RO12,taul,1K8T,uErj,WIUl91c,zFeuUkJ,ligO,9_Y1,Albh,VpdQ,sYC_,me75fM6ugJ,kIsH,uKAI,L84s,NhsEn4L,beK4AFX,bOo5,UYBR,FzaX,fmKY_02,oslk,lgfqhZX,jySVZNlOJy,Xa3G,RAYp,F2FyR07IdsN7I
1,833,7,196,148,185,40,286.96,0,3951648,0,1.046571,9,50,0,1853408,0,223604.1,25,2,32,24,102654,520,60,107136,0,4436610,633706,20,0,18,554407,10278680,26,475206,0,0,9hRmfo875g,RO12,taul,1K8T,JLbT,mxsbiah,NfN9Bz6HFx,8FB6,9_Y1,gnEy,VpdQ,43pnToF,me75fM6ugJ,kIsH,uKAI,L84s,NhsEn4L,mAja5EA,FM6S,UYBR,FzaX,PtLoLzk,oslk,LJOa8ZG,M_8D,3Cy4,RAYp,F2FyR07IdsN7I
1,3381,14,452,612,765,400,243.52,0,32400,0,5.205512,18,82,28,1487984,3,12826.41,0,32,128,160,101039.6,1480,12,52920,8,1185080,558148,5160,0,9,535661,3128156,130,447306,0,0,qXhPe2ftjz,RO12,taul,1K8T,AHgj,iYI85Wp,IPNkY3pXlmt6sqp7,TLPc,9_Y1,mTeA,09_Q,haYg,NKv3VA1BpP,kIsH,uKAI,L84s,1YxyYTLbzthWO,IoIsDf5,xZGS,UYBR,FzaX,R8kKx11,zCkv,X9a41Yn,LM8l689qOp,FSa2,6fzt,xwM2aC7IdeMC0
1,441,0,0,188,235,56,400.64,0,5183334,0,3.983764,9,18,0,3070312,0,150281.1,30,8,40,40,703140,790,84,0,0,3778355,506872,0,0,9,0,10501080,22,109788,0,0,vAsvyx7ejg,RO12,taul,1K8T,Bxva,cMjcTxR,ElQylxy,BP00,9_Y1,qaiO,09_Q,zm5i,me75fM6ugJ,kIsH,uKAI,L84s,NhsEn4L,kZJyVg2,7csy,cJvF,wwPEXoilkr,fabfGrO,oslk,TT_zF_Q,LM8l689qOp,szEZ,RAYp,F2FyR07IdsN7I
1,2646,28,5472,360,450,152,350.4,0,80406,0,0.2563555,36,118,119,1543104,0,20371.98,5,16,88,168,386077.2,1375,12,23859,0,2794970,477126,3935,0,27,466788,4396600,78,545946,0,0,hSovyx7IEC,2Knk1KF,taul,1K8T,Bxva,cMjcTxR,VFlDK2YAJ2VDzcas,FRAm,9_Y1,qaiO,09_Q,hzlB,me75fM6ugJ,kIsH,uKAI,L84s,XfqtO3UdzaXh_,11p4mKe,550g,UYBR,FzaX,fabfGrO,oslk,TT_zF_Q,LM8l689qOp,szEZ,RAYp,55YFVY9
1,28,0,0,40,50,16,556.4,5,642,0,3.805597,9,14,0,4597952,9,672618,10,0,8,16,336764.8,50,6,0,32,2957680,603634,0,0,0,0,8968240,6,0,0,0,75lq9ayfAo,RO12,taul,1K8T,hAOr,gwY4NQF,glRBFJT8NN,E_sw,9_Y1,F_Lu,VpdQ,IYzP,me75fM6ugJ,kIsH,uKAI,Mtgm,NhsEn4L,kq0dQfu,hw6m,UYBR,OFWH,t5EoLzk,oslk,ag5iNPX,LM8l689qOp,TNEC,RAYp,F2FyR07IdsN7I
1,812,14,2364,128,160,0,260.24,0,7257600,0,3.199744,27,114,371,2554952,0,225886.8,20,0,32,40,149433.6,490,84,8892,0,3888000,0,2650,0,36,0,10608680,18,0,0,0,CEaBcmz45j,RO12,taul,1K8T,0WHw,6CXYbuk,4hMlgkf58mhwh,sGGa,9_Y1,EwzD,VpdQ,hAFG,Kxdu,kIsH,uKAI,L84s,9pUnzWLbztKTo,y5FWh4t,xzTZ,UYBR,FzaX,ROeipLp,zCkv,K2SqEo9,jySVZNlOJy,Qcbd,6fzt,am14IcfM7tWLrUmRT52KtA
1,2212,7,132,264,330,224,200,0,0,0,3.134159,9,38,0,1685144,0,22728.81,5,14,48,64,72886.8,1185,0,81,0,1287880,611928,225,0,0,819231,3566400,44,660612,0,0,a4v9tYsGvO,RO12,taul,1K8T,TyGl,fqel91c,k10MzgT,n3m2,9_Y1,YULl,VpdQ,IYzP,me75fM6ugJ,kIsH,uKAI,L84s,NhsEn4L,mAja5EA,n2if,UYBR,FzaX,UISY_02,oslk,DGsqhZX,LM8l689qOp,FSa2,RAYp,F2FyR07IdsN7I
1,41517,7,40,152,190,40,0,0,5762262,0,0.4776757,18,36,21,821624,18,4151.91,30,6,24,24,105336.4,555,42,3033,72,1839200,414478,50,0,9,0,9261960,28,735984,0,21,oyGrjIXt5a,RO12,taul,1K8T,JLbT,3ZjbFkF,N4xbMThNdK,ps76,9_Y1,Nbbb,VpdQ,zm5i,me75fM6ugJ,kIsH,uKAI,L84s,NhsEn4L,kZJtVhC,r5s6,cJvF,FzaX,eTk1UQz,oslk,sd7w991,LM8l689qOp,5Acm,RAYp,F2FyR07IdsN7I
1,490,0,28,52,65,8,166.56,0,1356,0,0.1446272,9,110,21,2168,0,9123.811,0,2,8,8,-136388,400,12,0,0,56370,2630,0,0,9,945,52884,16,810,0,0,Foxt0Go8Lb,RO12,ev6I,1K8T,487l,FJDupBg,qj0t1Gcu1j4hYrHl,vPeK,9_Y1,rGJy,VpdQ,wMei,7M47J5GA0pTYIFxg5uy,kIsH,uKAI,L84s,E1aAZ0x7vd,OFqVH0t,DJaG,UYBR,FzaX,OYHoGfM,QKW8DRm,RlTh9x_,LM8l689qOp,Qu4f,vJ_w8kB,WfJYmPMksSqa1pajvfG
1,700,14,792,124,155,0,186.64,0,10886580,0,0.7788934,18,56,63,0,0,192367.5,45,0,32,0,449156,560,126,59301,0,133800,0,3995,0,9,0,10475200,2,0,0,0,0vimfo8zhV,RO12,taul,1K8T,ssAy,G2z0yiU,I1sqWRxUAv,fgtR,9_Y1,gnEy,09_Q,43pnToF,me75fM6ugJ,kIsH,uKAI,L84s,NhsEn4L,mAjbk_S,ihvl,cJvF,FzaX,ShVOw16,oslk,DHWqqb8,LM8l689qOp,3Cy4,RAYp,F2FyR07IdsN7I
1,609,7,72,128,160,0,220.08,0,11404800,0,0.8363597,9,34,0,0,0,229097.7,45,0,32,0,443736,495,132,1260,0,63635,0,5,0,9,0,10764520,2,0,0,0,vAsTmBfHUn,RO12,taul,1K8T,ujBx,65yJUS7,wSIbcWv,bLJj,9_Y1,4N0K,VpdQ,zm5i,me75fM6ugJ,kIsH,uKAI,L84s,NhsEn4L,kZJtVhC,MSE0,UYBR,FzaX,qcEvOIl,oslk,INp7j0h,LM8l689qOp,Qu4f,RAYp,F2FyR07IdsN7I
1,2807,7,488,596,745,272,140.16,0,38178,0,3.443922,27,100,7,629064,0,10273.8,0,28,112,160,38628.72,2210,36,11394,0,996070,421846,340,0,0,124208,2197020,150,324732,0,0,51rBcmz45j,RO12,taul,1K8T,TyGl,EGHM3I9,bGUqwlz,flHP,9_Y1,EwzD,VpdQ,sYC_,me75fM6ugJ,kIsH,uKAI,L84s,NhsEn4L,kq0aHkC,Y7jN,cJvF,AU8pNoi,KbkKsQe,oslk,fbor42M,LM8l689qOp,Qcbd,RAYp,F2FyR07IdsN7I
1,1512,7,36,288,360,176,166.56,0,2094486,0,1.455672,9,40,0,1917184,0,30300.6,20,16,80,56,-196469.6,1535,54,19413,0,2247965,1291624,275,0,9,238504,7974560,44,350304,0,0,v0Nt0Go8Lb,RO12,taul,1K8T,ssAy,qLX9k_n,RM4glzf31V,9R9k,9_Y1,MGOA,sJzTlal,IYzP,DHn_WUyBhW_whjA88g9bvA64_,kIsH,uKAI,L84s,CrNX,mAjbq_f,qMDx,cJvF,FzaX,nQmpx8x,d0EEeJi,un2MYx2,LM8l689qOp,Qu4f,nIGXDli,F2FyR07IdsN7I
1,1316,0,0,856,1070,704,210,0,6929220,0,3.012818,9,28,0,2104048,0,57091.5,60,6,328,384,91414.4,3460,126,0,0,2295065,409620,0,0,9,80241,10451680,84,600414,0,0,bt0mfo875g,RO12,taul,1K8T,QQSE,GUGA64e,hOpMh7dRpW,LbE4,9_Y1,Ew1Q,09_Q,zm5i,DHn_WUyBhW_whjA88g9bvA64_,kIsH,uKAI,L84s,PWD40mS,y5F4t8Z,_b2_,UYBR,FzaX,DiRuomW,Al6ZaUT,F0XpVAO,LM8l689qOp,wX53,02N6s8f,F2FyR07IdsN7I
1,3479,7,2808,408,510,216,133.12,0,20574,0,1.955779,18,146,42,1445040,0,13323.87,0,36,104,256,-55539.2,1590,6,21240,0,1001485,415748,1150,0,27,384041,2863676,48,742134,0,0,wRXmfo875g,g62hiBSaKg,taul,1K8T,0Xwj,fhk21Ss,ELRUn57,ITft,HLqf,6Kw9,VpdQ,wMei,7M47J5GA0pTYIFxg5uy,sBgB,uKAI,L84s,4kVnq_T26xq1p,ORMInAG,LJRr,UYBR,FzaX,4UxGlow,zCkv,catzS2D,LM8l689qOp,3Cy4,ZI9m,ib5G6X1eUxUn6
1,875,7,804,64,80,0,220.08,0,802194,0,5.986541,54,118,0,1376192,0,213898.8,35,4,40,24,72881.2,320,18,4167,0,8050,0,15,0,27,471296,3714312,2,441282,0,0,LDPq9ayfAo,2Knk1KF,taul,1K8T,JLbT,MvUxJVj,waznHJbSN2,EMYI,9_Y1,kJJ7,09_Q,lVqb,me75fM6ugJ,kIsH,uKAI,L84s,XfqtO3UdzaXh_,11pm6dL,bW_q,cJvF,FzaX,cXse4eD,oslk,qWj5Ui8,LM8l689qOp,7P5s,RAYp,55YFVY9
1,1141,7,2568,64,80,24,166.56,0,4758,0,1.168981,9,102,35,247944,0,6591.06,5,4,40,64,82748.8,475,6,41013,0,20450,13750,7200,0,27,0,190472,2,27768,0,0,E3dr4RQxul,2Knk1KF,taul,1K8T,TyGl,bVBgFRq,N4xbMThNdK,_KdE,9_Y1,z5Ry,VpdQ,sYC_,me75fM6ugJ,kIsH,uKAI,L84s,NhsEn4L,beK4AFX,tCpO,UYBR,FzaX,CWe8mx2,oslk,rbwQK5Q,LM8l689qOp,FSa2,RAYp,55YFVY9
1,805,14,2564,124,155,72,220.08,0,3230238,0,1.565691,36,100,56,691200,0,72108.3,30,4,24,8,320367.2,500,48,49077,0,1306985,419622,2090,0,9,0,6792000,10,501720,0,0,dRagUHXM47,RO12,taul,1K8T,TyGl,Ml6kiFp,nQUX8Hg64f,iogG,9_Y1,8BBI,sJzTlal,sYC_,me75fM6ugJ,kIsH,uKAI,L84s,NhsEn4L,kq0aHkC,2Yg3,cJvF,FzaX,k5O88FJ,oslk,QkgQQMs,jySVZNlOJy,453m,RAYp,F2FyR07IdsN7I
1,518,7,648,16,20,0,186.64,0,0,0,1.762871,18,80,665,0,0,164524.8,0,0,0,0,121486.4,260,0,22923,0,12096000,0,8520,0,18,0,9676800,8,0,0,0,J9Vr4RQZiT,RO12,taul,1K8T,JLbT,abRsKl9,J_sb4dmQwP,MMa_,9_Y1,z5Ry,VpdQ,kxE9,me75fM6ugJ,kIsH,uKAI,L84s,XfqtO3UdzaXh_,XTbPUYD,Cuc3,UYBR,FzaX,mXL6hzI,oslk,BT6Rt2K,LM8l689qOp,FSa2,RAYp,F2FyR07IdsN7I
1,1043,0,0,360,450,272,349.76,0,291840,0,3.370434,9,22,0,1323208,9,16940.97,0,14,80,104,143544.8,1525,18,0,32,2441465,545514,0,0,0,724325,4648440,66,1122126,0,7,kMJt0GoOh3,RO12,taul,1K8T,0Xwj,dgtng1z,n2YfB05aPZ,ktc9,F3hy,t_4G,09_Q,IYzP,me75fM6ugJ,sBgB,uKAI,L84s,NhsEn4L,mAja5EA,Usbh,cJvF,FzaX,CWefR8o,oslk,_8WEKx8,LM8l689qOp,Qu4f,RAYp,F2FyR07IdsN7I
1,6468,7,804,164,205,104,348.96,0,790476,0,3.640461,18,54,7,1558120,3,9287.04,15,4,48,80,-48299.2,810,18,6732,8,1475535,181158,1160,0,9,623546,3662328,20,92832,0,0,GcUt0G8rTN,RO12,taul,1K8T,2Ix5,RZHR5DT,ThrnFOQ,jVc9,9_Y1,k13i,09_Q,IYzP,me75fM6ugJ,kIsH,uKAI,L84s,NhsEn4L,kZJtVhC,myDa,UYBR,FzaX,rLf8iqZ,oslk,bIUTy9x,jySVZNlOJy,fKCe,RAYp,F2FyR07IdsN7I
1,1736,14,136,180,225,168,133.12,0,66810,0,0.9739372,27,78,63,725712,0,21255.03,15,18,56,32,163992.8,890,48,4860,0,0,448042,340,0,0,693868,1891280,0,860400,0,0,1fZWq6e2Rv,AERks4l,taul,1K8T,TyGl,PHNvXy8,GHfL3MpXAX,VBkQ,9_Y1,_xpN,VpdQ,IYzP,NKv3VA1BpP,kIsH,uKAI,L84s,Ie_5MZs,y5FbyrZ,FNzv,UYBR,FzaX,UF16siJ,zCkv,APgdzOv,jySVZNlOJy,FSa2,6fzt,xwM2aC7IdeMC0
1,777,7,1236,128,160,0,220.08,0,11239020,0,1.5533,9,54,0,0,0,223062.3,45,0,32,0,91049.2,450,132,12627,0,54315,0,340,0,0,0,10646560,2,0,0,0,1JGTmBQZiT,RO12,taul,1K8T,PGNs,innxbJ3,t187Re3NhK,DSAx,9_Y1,TjV7,VpdQ,IYzP,me75fM6ugJ,kIsH,uKAI,L84s,NhsEn4L,kZJtVhC,E3av,UYBR,AU8pNoi,ZLOD5lR,oslk,iPWgyXK,M_8D,FSa2,RAYp,F2FyR07IdsN7I
1,1477,14,6376,132,165,0,253.52,0,102408,0,4.635762,27,170,399,6220800,0,87458.41,0,0,32,72,89086.8,625,6,85050,0,8973500,0,780,0,18,604800,10357480,46,0,0,0,tr0gUH7ejg,g62hiBSaKg,taul,1K8T,yMvB,fhk21Ss,zJIwUbLPQVlp8,3ZmA,9_Y1,cyKH,09_Q,hAFG,7M47J5GA0pTYIFxg5uy,kIsH,uKAI,L84s,XfqtO3UdzaXh_,_JdcICD,t77C,cJvF,FzaX,4UxGlow,oslk,catzS2D,LM8l689qOp,me1d,ZI9m,ib5G6X1eUxUn6
1,154,0,0,60,75,24,241.92,0,4617138,0,2.073916,9,16,0,310632,0,204726.9,10,0,8,8,928520,330,30,0,0,2479330,1033994,0,0,0,0,8561960,8,0,0,0,IXSgUHShse,RO12,taul,1K8T,TIPl,OKQ4Lhq,AdrCSJ3,85IW,9_Y1,RVjC,VpdQ,IYzP,me75fM6ugJ,kIsH,uKAI,Mtgm,NhsEn4L,7WwuNea,ETNp,UYBR,FzaX,K9B4K41,oslk,L8yRgaQ,LM8l689qOp,FSa2,RAYp,F2FyR07IdsN7I
1,1372,0,0,548,685,160,253.52,0,4046610,0,5.767571,9,24,0,2126488,0,74046,60,28,168,200,142161.6,1735,144,0,0,4728220,344574,0,0,9,287259,10302200,84,610848,0,0,bZkvyxLkBI,RO12,taul,1K8T,ssAy,ka_ns41,76j2P_OLn0,udxH,9_Y1,FbIm,VpdQ,zm5i,me75fM6ugJ,kIsH,uKAI,L84s,NhsEn4L,kZJtVhC,GNVQ,UYBR,FzaX,1YVfGrO,oslk,fXVEsaq,LM8l689qOp,xb3V,RAYp,F2FyR07IdsN7I
1,798,7,64,84,105,8,186.64,0,5027700,0,1.150395,9,60,0,378752,0,193918.2,10,0,40,40,-632528,415,60,145647,0,117935,172800,465,0,27,30324,4672320,6,0,0,0,HrWq9aXt5a,RO12,ev6I,1K8T,lK27,FJDupBg,FoJylxy,qHxn,9_Y1,6TCl,VpdQ,wMei,7M47J5GA0pTYIFxg5uy,kIsH,uKAI,L84s,E1aAZ0x7vd,beKMbmK,bH2R,cJvF,FzaX,OYHoGfM,QKW8DRm,RlTh9x_,LM8l689qOp,uWr3,vJ_w8kB,WfJYmPMksSqa1pajvfG
1,3402,0,0,600,750,304,166.56,0,143688,0,5.365947,9,76,0,1059720,0,13638.51,15,20,192,216,-8388.28,2530,84,378,0,973670,647928,0,0,0,467943,3279812,116,848328,0,0,8I1TmBtueT,RO12,taul,1K8T,AnrR,qJShE4b,KyxX4chnKM,UA8Q,9_Y1,C6Eu,sJzTlal,IYzP,me75fM6ugJ,kIsH,uKAI,L84s,NhsEn4L,mAjbk_S,Bygw,UYBR,FzaX,Y2CKu_a,oslk,aIqdPAm,LM8l689qOp,rgKb,RAYp,F2FyR07IdsN7I
1,1225,7,12,260,325,168,133.12,0,99948,0,1.276009,18,86,7,882664,0,19365.42,10,16,88,96,62390,760,24,67023,0,338605,267814,195,0,18,530509,1601256,36,319338,0,0,J9Vr4RQZiT,RO12,taul,1K8T,lK27,_gMxSlj,V6XUlxabJ4VaD,dHcT,9_Y1,z5Ry,VpdQ,Tkho,me75fM6ugJ,kIsH,uKAI,L84s,NhsEn4L,beK4AFX,2aej,UYBR,FzaX,68RvOIl,oslk,GSZEVJ2,LM8l689qOp,FSa2,RAYp,F2FyR07IdsN7I
1,1155,7,1132,128,160,64,166.56,0,0,0,3.731468,9,116,14,81824,0,6306.87,0,28,80,56,2289.572,515,0,18198,0,14245,20338,65,0,18,40439,321208,6,342336,0,0,ZSNrjIX0Db,2Knk1KF,taul,1K8T,dTod,i3CBUCv,CRwkRNVRGo,EM6M,9_Y1,nr0d,VpdQ,6JmL,me75fM6ugJ,kIsH,uKAI,L84s,XfqtO3UdzaXh_,XTbPUYD,pdXl,cJvF,FzaX,2X5mIK9,oslk,9Rll1iV,LM8l689qOp,5Acm,RAYp,55YFVY9
1,1267,7,240,180,225,48,253.52,0,2843802,0,5.199957,9,38,7,2579776,0,157922.7,20,10,64,56,198229.6,585,48,11529,0,4504060,847848,2430,0,9,749679,10267080,30,1335852,0,0,DQlrEyXXnK,RO12,taul,1K8T,YFAj,OwYOqeB,aB4Juyc,qzf7,9_Y1,VwCR,VpdQ,zm5i,me75fM6ugJ,kIsH,uKAI,Mtgm,NhsEn4L,NGZxnJM,dJ9S,UYBR,FzaX,_KnfGrO,oslk,zvSO_7b,LM8l689qOp,Aoh3,RAYp,F2FyR07IdsN7I
1,2142,21,2924,8,10,0,33.44,0,0,9,5.581072,45,106,0,0,6,21028.17,0,0,0,0,-1019028,530,0,59202,32,2870,0,2960,0,9,0,2296,4,0,0,7,Ie5gUH7IEC,PomAbFU,taul,1K8T,487l,H3rgrxB,wHfQYg4FYPyudCQ6,c2KK,9_Y1,m_h1,VpdQ,sYC_,me75fM6ugJ,kIsH,uKAI,L84s,NhsEn4L,jawgvMU,BfEk,UYBR,FzaX,6VLOhQy,oslk,uxqEsaq,LM8l689qOp,WqMG,RAYp,iyHGyLCEkQ
1,609,0,0,212,265,80,309.68,0,1377840,0,6.028199,9,28,0,1870872,0,83099.09,0,2,24,40,-194794,605,54,0,0,3797105,241642,0,0,18,696934,5379720,56,7134,0,0,uGLq9ayE15,RO12,taul,1K8T,3PdN,jCeGyn_,S85q7hLS8P,95np,9_Y1,000J,sJzTlal,IYzP,me75fM6ugJ,kIsH,uKAI,L84s,NhsEn4L,NGZxnJM,5Gs4,cJvF,FzaX,tCbv66D,oslk,bcU6icy,LM8l689qOp,7P5s,RAYp,F2FyR07IdsN7I
1,980,14,364,132,165,0,367.68,0,9836220,0,6.568468,54,76,56,691200,0,137596.2,40,2,32,8,-236527.2,615,114,6777,0,1351745,0,3675,0,18,0,10657600,8,20052,0,0,hSogUHQicn,AERks4l,taul,1K8T,pE9z,ms0ZviJ,r83_sZi,NGpy,9_Y1,8BBI,VpdQ,IYzP,GjJ35utlTa_GNSvxxpb9ju,kIsH,g5HH,L84s,JBfYVit4g8,uZLw7zy,qHdd,cJvF,FzaX,Cyvcy7T,Al6ZaUT,FS4VLoM,LM8l689qOp,453m,02N6s8f,xwM2aC7IdeMC0
1,1232,14,160,204,255,88,257.76,0,5356194,0,3.83871,18,48,7,3666096,0,140214,40,4,56,48,159117.6,815,84,44748,0,2298035,1078464,1110,0,0,554407,10616120,20,281436,0,0,2jirEyXktW,PomAbFU,taul,1K8T,0Xwj,ZTQvcTJ,ELRUn57,6Zh4,HLqf,SkZj,VpdQ,IYzP,me75fM6ugJ,sBgB,uKAI,L84s,NhsEn4L,NGZXfGp,YOBV,cJvF,OFWH,9WBDQF4,oslk,OXJytFJ,LM8l689qOp,Aoh3,RAYp,F2FcTt7IdMT_v
1,1967,14,748,468,585,288,220.08,5,7936320,0,4.507584,27,176,7,1973232,0,97229.7,45,42,96,80,199858,1725,114,14670,8,1567515,620154,960,0,27,226198,10781920,44,655614,0,0,oBXTmBtFkL,qqimvRzsp8ZZdKRPgzLg68joSn_k,taul,1K8T,487l,fhk21Ss,ELRUn57,kGvT,9_Y1,c2JP,VpdQ,kxE9,7M47J5GA0pTYIFxg5uy,kIsH,uKAI,Mtgm,XfqtO3UdzaXh_,_JdH8mF,JNB8,UYBR,FzaX,4UxGlow,oslk,catzS2D,jySVZNlOJy,rgKb,ZI9m,iyHGyLCEkQ
1,7476,28,9136,980,1225,472,166.56,0,1792152,0,2.076266,36,208,826,1345416,0,12274.53,110,40,368,376,-502196,5515,210,86445,0,1194455,537042,1610,0,27,527520,4713360,124,841866,0,0,1KSqrQK2Mx,2Knk1KF,CiJDdr4TQ0rGERIS,1K8T,kNzO,fhk21Ss,hOpRIhsUSP,QvGF,9_Y1,15m3,VpdQ,y6dw,7M47J5GA0pTYIFxg5uy,kIsH,uKAI,Mtgm,iwn6,LQcSaAj,ycTU,UYBR,FzaX,4UxGlow,QKW8DRm,catzS2D,M_8D,FSa2,ZI9m,NoEd
1,2163,7,32,164,205,40,303.68,0,2064,0,0.1435591,9,38,0,2608736,0,25263.84,0,4,48,176,-240386.8,1000,6,20880,0,977275,58948,70,0,0,136801,2229664,22,36306,0,0,ZSNq9atbb6,RO12,taul,1K8T,72yt,pKIL3j7,9YuYZx0Xsm,ympL,9_Y1,KfYH,VpdQ,IYzP,me75fM6ugJ,kIsH,g5HH,L84s,NhsEn4L,TDc4Td_,wXGg,cJvF,FzaX,7DID5lR,oslk,JIB9h3w,LM8l689qOp,me1d,RAYp,F2FyR07IdsN7I
1,679,0,0,372,465,120,302.08,0,5599704,0,6.304208,9,18,0,2265664,0,90973.5,45,10,56,184,308685.2,1190,102,0,0,3964425,357072,0,0,9,0,10401680,48,217848,0,0,wRXmfo875g,RO12,taul,1K8T,lK27,EekctTK,76j2P_OLn0,WlVq,9_Y1,_48V,VpdQ,wMei,me75fM6ugJ,kIsH,uKAI,L84s,NhsEn4L,uZL60aU,7oEd,cJvF,FzaX,KgozTww,oslk,S46jtfg,LM8l689qOp,3Cy4,RAYp,F2FyR07IdsN7I
1,938,7,1604,208,260,72,263.52,0,4575468,0,5.764794,18,30,70,869992,0,159238.8,45,6,40,32,167449.6,780,60,1944,0,3744205,542670,790,0,9,106932,10022720,34,1128312,0,0,oUPBcmzkzH,AERks4l,taul,1K8T,487l,ReuMkpB,NFlfMbKIm3,kFdJ,9_Y1,EwzD,09_Q,zm5i,GjJ35utlTa_GNSvxxpb9ju,kIsH,uKAI,L84s,JBfYVit4g8,uZLz8Sc,pStk,cJvF,FzaX,bhMwyO5,Al6ZaUT,7mZNa8V,LM8l689qOp,Qcbd,02N6s8f,xwM2aC7IdeMC0
1,903,7,4,232,290,40,166.56,0,1278,0,4.735954,9,32,0,44832,0,5558.97,5,0,64,104,52507.2,715,6,165348,0,233095,38730,165,0,0,18011,289356,76,0,0,0,bZkvyxLkBI,RO12,taul,1K8T,UpNf,4v4NWgo,9UgkRNhwCh,eQQK,9_Y1,lXxA,VpdQ,IYzP,DHn_WUyBhW_whjA88g9bvA64_,kIsH,uKAI,L84s,CrNX,mAjbq_f,ZWfs,cJvF,qxDb,DiRMLD7,d0EEeJi,svKY30V,LM8l689qOp,xb3V,nIGXDli,F2FyR07IdsN7I
1,840,21,960,140,175,56,326.72,0,4825956,0,3.112796,27,72,182,4435456,0,210712.8,15,0,40,56,57014.4,660,66,30906,0,2772175,934198,12495,0,18,0,10287720,14,0,0,0,_v2vyx7IEC,RO12,taul,1K8T,487l,T7cNGWG,BcW_jOZe0F,et0n,9_Y1,qaiO,VpdQ,kxE9,me75fM6ugJ,kIsH,uKAI,L84s,XfqtO3UdzaXh_,11p4mKe,FbT7,UYBR,FzaX,ByIfGrO,oslk,Esw7qqc,LM8l689qOp,szEZ,RAYp,F2FyR07IdsN7I
1,1386,7,12,220,275,64,166.56,0,0,0,2.430891,9,38,0,463264,0,8502.57,5,2,64,96,-318421.6,755,0,117,0,766795,66350,10,0,0,17325,1000844,66,14850,0,0,8I1TmBtueT,RO12,taul,1K8T,F9g8,0Vr7wZ4,J_sb4dmQwP,_etz,9_Y1,C6Eu,VpdQ,IYzP,Kxdu,kIsH,uKAI,L84s,FMSzZ91zL2,kq0IHVu,nINL,cJvF,FzaX,XbZitea,zCkv,DHPNgqU,LM8l689qOp,rgKb,6fzt,SbOd7O8ky1wGNxp0Arj0Xs
1,2793,7,1456,220,275,96,291.84,0,2773896,0,3.565478,9,60,84,1435056,0,34285.2,0,12,40,40,442876,1510,60,522,0,4114890,327524,2000,0,9,604800,7709320,44,1793346,0,0,oyGrjIXt5a,RO12,taul,1K8T,YFAj,qbzGiDY,UFIdC8I,8XwS,9_Y1,WIr3,VpdQ,sYC_,Kxdu,kIsH,uKAI,L84s,FMSzZ91zL2,TDcEYQ6,nVWt,cJvF,FzaX,NHkKYdx,zCkv,jwib4Lm,LM8l689qOp,5Acm,6fzt,SbOd7O8ky1wGNxp0Arj0Xs
1,1043,7,4224,64,80,16,133.12,0,0,0,3.003418,9,158,231,200672,0,12634.89,0,16,64,8,-50162,420,0,492489,0,111380,2020,700,0,36,27195,235812,10,63498,0,0,_v2gUHXZeb,rEUOq2QD1qfkRr6qpua,taul,1K8T,487l,fhk21Ss,9YuT4s0Bqf,6oka,9_Y1,LqKm,VpdQ,haYg,7M47J5GA0pTYIFxg5uy,kIsH,uKAI,L84s,4kVnq_T26xq1p,IoINClN,52rw,cJvF,FzaX,4UxGlow,zCkv,catzS2D,LM8l689qOp,453m,ZI9m,ib5G6X1eUxUn6
1,2114,14,1112,460,575,256,220.08,0,2647404,0,0.6030763,18,60,21,4590800,0,94716.91,35,30,72,160,110175.2,2110,78,38475,0,6843000,293174,4015,0,9,22358,10643560,56,363468,0,0,uUdt0G8EIb,RO12,taul,1K8T,TyGl,7OKCyD5,7qIEVHeq8Qb64Aj5r6x,qktG,9_Y1,k13i,VpdQ,IYzP,me75fM6ugJ,kIsH,uKAI,L84s,NhsEn4L,NGZXfGp,Czqd,UYBR,FzaX,1vN8hdx,oslk,bM5Esaq,M_8D,fKCe,RAYp,F2FyR07IdsN7I
1,1764,7,92,284,355,176,188.64,0,95688,0,5.373211,18,66,35,1233168,6,26750.34,30,14,144,112,-164870,1085,30,74601,32,427860,461290,640,0,0,235298,2382744,34,352908,0,14,639qrQK2Mx,RO12,taul,1K8T,Xa_z,eIfMukw,RuVy67M,Rnrq,9_Y1,15m3,VpdQ,IYzP,me75fM6ugJ,kIsH,uKAI,L84s,NhsEn4L,mAjbk_S,Gbhz,UYBR,FzaX,ue3v1FD,oslk,E11ObSS,LM8l689qOp,FSa2,RAYp,F2FyR07IdsN7I
1,1253,7,1304,184,230,216,166.56,0,10632,0,0.6220893,9,58,161,94768,0,4513.29,5,14,72,40,13988.16,695,24,81045,0,25805,177638,9620,0,9,102277,517728,4,124908,0,0,1GdOj1KXzC,RO12,CuXi4je,1K8T,0Y9G,2gN8HPr,nQUq7hGe64,kZle,9_Y1,ID5l,sJzTlal,haYg,me75fM6ugJ,kIsH,uKAI,L84s,XfqtO3UdzaXh_,11p4mKe,z2yN,UYBR,AU8pNoi,sx5ARL_,oslk,hFzRusu,LM8l689qOp,kwS7,RAYp,F2FyR07IdsN7I
1,938,7,1320,132,165,56,296.96,0,4276890,0,3.744072,9,42,14,2534456,0,208063.2,15,6,32,32,367815.6,490,54,38610,0,2525415,1114398,13065,0,18,604800,10297240,14,1468824,0,0,AUUt0GoOh3,RO12,taul,1K8T,lK27,My6r5B6,MypvvoIQqc,Ed7R,9_Y1,rGJy,09_Q,zm5i,me75fM6ugJ,kIsH,uKAI,Mtgm,NhsEn4L,mAjbk_S,WxLD,UYBR,FzaX,WWmDBnE,oslk,CR7p_o3,LM8l689qOp,Qu4f,RAYp,F2FyR07IdsN7I
1,14,0,0,52,65,0,0,5,2301048,0,1.902158,9,12,0,0,6,198963,10,0,8,0,-638484,65,30,0,32,1529325,0,0,0,0,0,3448692,12,0,0,7,ZSNrjIX0Db,RO12,taul,1K8T,hoa9,jEC3vg3,nJy8d8N5VniGX,0iyF,9_Y1,EKFb,VpdQ,IYzP,me75fM6ugJ,kIsH,uKAI,L84s,NhsEn4L,kq0l43t,jtMm,UYBR,FzaX,x_lA5lA,oslk,3B1mC_N,LM8l689qOp,5Acm,RAYp,F2FyR07IdsN7I
1,336,0,0,260,325,160,166.56,0,368544,0,1.91818,9,16,0,1151232,0,27329.49,15,12,48,96,127949.2,820,12,0,0,305885,451956,0,0,0,570598,2300784,44,444174,0,0,oBXrjIQq3d,RO12,taul,1K8T,0Xwj,f_orkF8,AKEyQtw,Dyax,HLqf,Z5OU,sJzTlal,IYzP,me75fM6ugJ,sBgB,uKAI,L84s,NhsEn4L,TDcwKda,Fv9P,cJvF,FzaX,tHIv48t,oslk,WCNAgOW,LM8l689qOp,Qu4f,RAYp,F2FyR07IdsN7I
1,273,0,8,124,155,56,406.56,0,4485024,0,2.146764,9,54,0,2764616,0,77820.91,10,2,32,32,900076,320,66,128637,0,573045,365764,0,0,0,1209530,6364560,12,518370,0,0,EsYq9atbb6,RO12,taul,1K8T,lK27,gjtEWXn,ilrY4YM,uSSw,9_Y1,KfYH,09_Q,IYzP,me75fM6ugJ,kIsH,g5HH,L84s,NhsEn4L,mAjk2hr,HsUK,cJvF,FzaX,JptRsCb,oslk,2wCqs0R,LM8l689qOp,me1d,RAYp,F2FyR07IdsN7I
1,973,7,1772,328,410,104,296.72,0,4820646,0,4.099338,9,32,14,4838464,0,135335.1,10,2,40,56,456268,1025,78,38358,8,4742155,67324,4120,0,9,0,10329360,92,115212,0,7,75lq9ayfAo,RO12,taul,1K8T,ssAy,GUg04mC,kuF2gYv,tLQV,9_Y1,AKLO,09_Q,zm5i,me75fM6ugJ,kIsH,uKAI,L84s,NhsEn4L,kZJyVg2,BUNP,cJvF,FzaX,6g5Ojel,oslk,UbjqFbB,LM8l689qOp,TNEC,RAYp,F2FyR07IdsN7I
1,854,21,5852,132,165,72,295.28,0,6662460,0,1.336467,27,74,532,0,0,204564.3,20,8,32,0,178988,605,78,60804,0,183945,1540526,2450,0,0,604800,10434640,6,2073600,0,0,tr0rEyXktW,RO12,taul,1K8T,487l,MErO9Nm,NfN9Bz6HFx,gif5,9_Y1,SkZj,VpdQ,IYzP,me75fM6ugJ,kIsH,7A3j,L84s,NhsEn4L,kq062QV,aINY,UYBR,AU8pNoi,1nA68SY,oslk,mhe7j0h,M_8D,Aoh3,RAYp,F2FyR07IdsN7I
1,308,7,4,32,40,8,166.56,0,0,0,3.997223,9,56,0,0,0,1769.028,0,4,0,0,-560.992,75,0,24579,0,7620,1192,40,0,0,0,11700,10,4830,0,0,oBXq9ayfAo,RO12,taul,1K8T,TyGl,KPS63_4,CdPgMY1Z52,mrhu,9_Y1,AKLO,VpdQ,IYzP,DHn_WUyBhW_whjA88g9bvA64_,kIsH,uKAI,L84s,CrNX,mAjbq_f,bxfp,cJvF,FzaX,QMdcnVs,d0EEeJi,OddUBjl,LM8l689qOp,TNEC,nIGXDli,F2FyR07IdsN7I
1,112,0,0,8,10,0,230.08,5,2802672,0,5.192266,18,16,0,0,15,189934.5,0,0,0,0,-692508,345,6,0,56,385895,0,0,0,9,0,2177164,2,0,0,7,75lr4RXktW,RO12,taul,1K8T,ZNsX,V2ov9na,6uerj6GG35,gItN,9_Y1,jakt,VpdQ,43pnToF,me75fM6ugJ,kIsH,uKAI,L84s,NhsEn4L,mAja5EA,LHIP,cJvF,FzaX,UjGD5lR,oslk,cfzUW3b,LM8l689qOp,7FJQ,RAYp,F2FyR07IdsN7I
1,630,7,668,168,210,56,234.24,0,4835928,0,7,18,40,231,848,0,200976,30,8,56,8,-132466,490,96,1251,0,1750860,410252,755,0,0,391174,7353880,16,711048,0,0,jg6Oj1dMWg,RO12,taul,1K8T,lK27,3PBlmZ6,n1zVHpT8NN,e1v1,9_Y1,DFSe,09_Q,IYzP,me75fM6ugJ,kIsH,g5HH,L84s,NhsEn4L,mAjk2hr,z5z6,cJvF,FzaX,PYpRPEi,oslk,057UsvC,LM8l689qOp,me1d,RAYp,F2FyR07IdsN7I
1,14,0,0,108,135,48,186.64,0,1122486,0,4.900662,9,14,0,0,0,37899.9,0,4,16,0,132292,145,54,0,0,370590,190288,0,0,0,0,1454748,20,44064,0,0,HYTrjIK12c,RO12,taul,1K8T,0Xwj,3fI4jEC,VxuoaY5mnT,43ip,F3hy,7WNq,sJzTlal,IYzP,me75fM6ugJ,kIsH,uKAI,Mtgm,NhsEn4L,kZJtVhC,CiWj,UYBR,FzaX,pHXYlW4,oslk,wYv2Oqu,LM8l689qOp,WqMG,RAYp,F2FyR07IdsN7I
1,203,0,0,168,210,56,308.32,0,5973204,0,5.573596,9,16,0,1373152,0,206116.8,30,6,56,40,407820,465,84,0,0,1856825,868452,0,0,0,315833,10347600,14,1264344,0,0,639TmBQxul,RO12,taul,1K8T,JLbT,_QtPU77,7vJz3tk,SxPy,9_Y1,TjV7,VpdQ,IYzP,me75fM6ugJ,kIsH,uKAI,Mtgm,NhsEn4L,7WwOAni,DKzw,UYBR,FzaX,6VJ0Q3K,oslk,aLpRkup,LM8l689qOp,FSa2,RAYp,F2FyR07IdsN7I
1,2583,0,0,984,1230,152,356.64,5,5449656,9,1.880154,9,20,0,620688,9,19655.97,120,108,424,472,196783.2,5045,174,0,48,2150020,212448,0,0,9,253064,8359880,122,441888,0,7,BQa9tYsdof,RO12,taul,1K8T,0Xwj,DXsZJjN,VxuoaY5mnT,yhOO,HLqf,YULl,09_Q,zm5i,me75fM6ugJ,sBgB,uKAI,Mtgm,NhsEn4L,7WwOAni,OK2T,UYBR,FzaX,meWR98m,oslk,I5dzv5f,LM8l689qOp,FSa2,RAYp,F2FyR07IdsN7I
1,973,7,12,124,155,16,301.6,25,6814380,0,2.557573,9,36,0,1382400,0,181344.9,35,0,32,16,84571.2,535,84,603,40,2288395,267284,10,0,18,0,9945000,12,0,0,0,dRagUHXM47,RO12,taul,1K8T,7ALb,qmXeQY2,1lFJzqR,HrCG,9_Y1,STGZ,VpdQ,zm5i,me75fM6ugJ,kIsH,uKAI,L84s,NhsEn4L,cUQdHad,u7mJ,UYBR,FzaX,TIBRPEi,oslk,jpB0V7y,jySVZNlOJy,453m,RAYp,F2FyR07IdsN7I
1,56,0,0,72,90,32,323.44,10,1023738,0,5.004913,9,14,0,0,0,124678.2,0,6,24,0,160652,270,36,0,16,1109580,1170136,0,0,0,0,6093560,10,3274716,0,0,GcUBcmz45j,RO12,taul,1K8T,tzKK,IUormCU,I1ckixfICa,kTCl,9_Y1,KubS,VpdQ,IYzP,me75fM6ugJ,kIsH,uKAI,Mtgm,NhsEn4L,TDcwKda,uonk,UYBR,FzaX,8EdDGHt,oslk,eHppVh5,LM8l689qOp,Qcbd,RAYp,F2FyR07IdsN7I
1,1547,7,3192,288,360,176,200,0,768840,0,4.805383,45,106,0,2078384,0,38979.9,0,6,32,64,73328,1185,120,24759,0,330295,891752,545,0,9,1302469,3917480,38,476982,0,0,AUUt0GoOh3,RO12,taul,1K8T,lK27,60OrkF8,itSGh3t,bqg3,9_Y1,rGJy,VpdQ,sYC_,me75fM6ugJ,kIsH,uKAI,L84s,NhsEn4L,kq0aHkC,O0hw,UYBR,FzaX,nQmuhvP,oslk,un2j7qz,LM8l689qOp,Qu4f,RAYp,F2FyR07IdsN7I
1,511,0,0,252,315,152,166.56,0,0,0,3.923521,9,26,0,3004616,0,47203.5,0,18,72,88,73836,820,0,0,0,5506750,109378,0,0,0,119322,6275240,48,223122,0,0,a4vvyxLkBI,RO12,taul,1K8T,YVv3,tUuP5QB,N4xbMThNdK,3dMC,9_Y1,FbIm,VpdQ,IYzP,me75fM6ugJ,kIsH,uKAI,L84s,NhsEn4L,mAja5EA,hTZl,cJvF,FzaX,cABfGrO,oslk,wniqI2t,LM8l689qOp,xb3V,RAYp,F2FyR07IdsN7I
1,1344,21,3484,320,400,120,166.56,0,437730,0,2.970733,27,104,532,735752,3,29764.11,50,18,104,80,117739.6,880,42,21492,16,1007740,225822,7040,0,18,531671,2176464,58,340188,0,7,FAJWq69cTy,RO12,taul,1K8T,ssAy,6CXYbuk,_UtlxbJ,eKTQ,9_Y1,Px52,VpdQ,haYg,Kxdu,kIsH,uKAI,L84s,9pUnzWLbztKTo,y5FWh4t,JEC4,UYBR,FzaX,ROeipLp,zCkv,K2SqEo9,LM8l689qOp,PM2D,6fzt,am14IcfM7tWLrUmRT52KtA
1,1029,7,6484,124,155,16,467.2,0,720,0,5.217902,45,172,742,1714744,0,127891.2,0,8,32,40,-25173.44,600,6,993276,0,5692200,342628,21390,0,54,1290765,6933640,38,1255122,0,0,a4vPe2fHUn,2Knk1KF,taul,1K8T,4fje,rXH4Eny,wHfQYg4FYPyudCQ6,sOYL,9_Y1,mTeA,VpdQ,hAFG,me75fM6ugJ,kIsH,uKAI,L84s,XfqtO3UdzaXh_,_JdcICD,upnW,UYBR,FzaX,MgW0FxM,oslk,yktAIRG,jySVZNlOJy,FSa2,RAYp,TCU50_Yjmm6GIBZ0lL_
1,2450,7,1044,1152,1440,504,166.56,0,224442,0,5.955138,18,84,315,456704,0,16636.56,20,52,288,336,498800,3265,138,20610,0,1395935,321200,585,0,36,104363,2317080,260,258630,0,0,8I1r4RXXnK,AERks4l,taul,1K8T,ChAX,PHNvXy8,r83_sZi,VcDT,9_Y1,Zazx,VpdQ,haYg,NKv3VA1BpP,kIsH,uKAI,L84s,Ie_5MZs,OFqdri0,8744,cJvF,FzaX,UF16siJ,zCkv,APgdzOv,LM8l689qOp,Xa3G,6fzt,xwM2aC7IdeMC0
1,742,0,0,240,300,192,166.56,0,16020,0,6.352275,9,28,0,135584,0,18931.89,15,20,64,48,-7113.16,725,24,0,0,219035,272306,0,0,9,85358,995360,26,277080,0,0,oBXTmBtFkL,RO12,taul,1K8T,TyGl,gNIC358,p528EHj,PwdO,9_Y1,C6Eu,VpdQ,43pnToF,me75fM6ugJ,kIsH,uKAI,L84s,NhsEn4L,mAja5EA,laMb,UYBR,FzaX,1FA87dl,oslk,i9SE4Qn,LM8l689qOp,rgKb,RAYp,F2FyR07IdsN7I
1,651,0,0,268,335,168,166.56,0,66582,0,6.292031,9,58,0,358856,0,13667.25,10,12,128,128,-47028.4,1035,24,378,0,620175,123958,0,0,9,128688,1200136,36,65262,0,0,S8dr4RQxul,RO12,taul,1K8T,lK27,_ybO0dd,VFlNsa9Jb2VD8FHm,Vt8B,9_Y1,z5Ry,sJzTlal,giwq,me75fM6ugJ,kIsH,uKAI,L84s,NhsEn4L,kq0GnQa,0cNf,UYBR,FzaX,L91KIiz,oslk,CE7uk3u,LM8l689qOp,FSa2,RAYp,F2FyR07IdsN7I
1,861,7,8,80,100,32,229.36,0,5308128,0,2.040376,9,42,0,1491600,6,223570.2,10,2,16,24,1450940,440,30,90,24,6140450,855116,50,0,27,1939,12057320,10,12,0,7,HYTrjIK12c,RO12,taul,1K8T,USOt,cnW0CV_,byFNzV_,qbvZ,9_Y1,7WNq,VpdQ,zm5i,me75fM6ugJ,kIsH,uKAI,L84s,NhsEn4L,7WwX8Ya,ejsS,UYBR,FzaX,nEyNT4W,oslk,QuuQ5_S,jySVZNlOJy,WqMG,RAYp,F2FyR07IdsN7I
1,308,0,0,32,40,16,230.56,0,0,0,6.546892,9,22,0,3619936,0,243910.5,0,0,0,8,-227027.2,365,0,0,0,6812600,814520,0,0,18,0,8889080,10,0,0,0,1YVgUHXZeb,RO12,taul,1K8T,JLbT,d4z7BoT,Gybkkkp,8H1C,9_Y1,STGZ,sJzTlal,zm5i,me75fM6ugJ,kIsH,uKAI,Mtgm,NhsEn4L,7WwuNea,s9FI,UYBR,FzaX,hYt6V3V,oslk,S76zF_Q,LM8l689qOp,453m,RAYp,F2FyR07IdsN7I
1,1785,28,4148,652,815,320,220.08,0,3129348,0,2.9859,36,104,679,1998400,0,53250.3,10,30,208,200,1547412,2175,108,14265,0,3414780,668150,1090,0,9,336798,7870800,126,562056,0,0,FAJgUH7ejg,2Knk1KF,taul,1K8T,TyGl,liIupBg,JSmM8MH,_fTG,9_Y1,m_h1,sJzTlal,sYC_,me75fM6ugJ,kIsH,uKAI,L84s,NhsEn4L,beK4AFX,crAP,UYBR,FzaX,gOrOjel,oslk,n82Rkup,jySVZNlOJy,WqMG,RAYp,55YFVY9
1,1113,7,716,156,195,40,220.08,0,6600780,0,4.100619,9,48,14,2637120,0,150833.7,25,2,40,40,149117.2,785,78,8181,0,3963815,75562,1405,0,0,51044,10559000,20,43752,0,0,1GdOj1KXzC,RO12,taul,1K8T,0Y9G,vQ_JaGu,fo8oHA5,Ll7v,9_Y1,jdbz,VpdQ,IYzP,me75fM6ugJ,kIsH,uKAI,L84s,NhsEn4L,kZJtVhC,ootH,cJvF,FzaX,i9JuX8Z,oslk,MRPKMwm,LM8l689qOp,kwS7,RAYp,F2FyR07IdsN7I
1,1988,14,1716,276,345,216,233.44,0,69168,0,6.752831,27,136,21,57120,0,3988.14,10,16,112,48,2448.572,1020,60,70596,0,101770,68896,25,0,18,49588,353068,32,68214,0,0,1PnOj1KVEH,2Knk1KF,taul,1K8T,0Y9G,3FCrXBz,LJF4fPp,ZcTu,9_Y1,jdbz,VpdQ,lVqb,7M47J5GA0pTYIFxg5uy,kIsH,uKAI,L84s,leSl,XTbY2py,sXkl,UYBR,OFWH,oatipLp,QKW8DRm,RsCQLlz,LM8l689qOp,kwS7,vJ_w8kB,Zy3gnGM
1,38220,7,8,4860,6075,1192,220.08,0,2141694,0,3.024567,9,130,0,3790200,0,5176.8,145,88,592,72,1100404,30600,3930,3231,0,5222850,273482,335,0,18,289555,9349640,658,625410,0,0,qXhPe2ftjz,2Knk1KF,taul,1K8T,JLbT,xRePyOH,yt2FLTfKfe,bj2o,9_Y1,mTeA,VpdQ,sYC_,me75fM6ugJ,kIsH,uKAI,L84s,NhsEn4L,beK4AFX,sQQA,UYBR,FzaX,jE90Azj,oslk,QhgRt72,jySVZNlOJy,FSa2,RAYp,55YFVY9
1,266,0,0,128,160,56,286.96,5,3325530,0,4.283914,18,18,0,3168080,0,208114.2,15,4,40,40,66103.6,540,42,0,8,2773270,1108828,0,0,0,554414,9821360,16,950424,0,0,_v2TmBftjz,RO12,taul,1K8T,TyGl,kUC4jEC,V4EEkD4AAZ,tTqs,9_Y1,Gx0B,09_Q,IYzP,me75fM6ugJ,kIsH,uKAI,L84s,NhsEn4L,mAja5EA,zEFr,UYBR,FzaX,wQXRvCC,oslk,PqkyovK,LM8l689qOp,Qu4f,RAYp,F2FyR07IdsN7I
1,420,0,0,28,35,24,265.76,0,1889472,0,4.065798,9,24,0,4827288,6,232786.2,10,0,8,8,89032.8,395,6,0,16,0,843602,0,0,18,0,9990960,0,0,0,0,wRXmfo875g,RO12,taul,1K8T,487l,OmR3ZVS,itSGh3t,YX4k,9_Y1,_48V,VpdQ,zm5i,me75fM6ugJ,kIsH,uKAI,L84s,NhsEn4L,NGZxnJM,v24V,cJvF,FzaX,Khletck,oslk,7pUldxq,LM8l689qOp,3Cy4,RAYp,F2FyR07IdsN7I
1,847,7,388,152,190,0,286.96,0,7286040,0,2.214057,18,64,7,1408808,0,215577.3,35,4,32,48,115712,530,90,11340,0,3325635,0,35,0,27,0,10557280,16,3072,0,0,Yddq9ayE15,RO12,taul,1K8T,c9jp,qE40PWj,3cO76t0,rlx_,9_Y1,F_Lu,VpdQ,sYC_,me75fM6ugJ,kIsH,uKAI,L84s,NhsEn4L,kq0n8Bj,TddH,UYBR,FzaX,V8hoI0_,oslk,3z2CBw5,jySVZNlOJy,TNEC,RAYp,F2FyR07IdsN7I
1,1974,7,5808,192,240,32,166.56,30,9120,0,1.310831,9,176,154,143160,0,16697.22,0,4,32,56,36082.72,485,12,127782,48,511825,27194,1080,0,27,546,549280,66,11658,0,0,uGLq9ayE15,2Knk1KF,taul,1K8T,pE9z,fhk21Ss,xdQAJTlcehvvEz939VM,bbTc,9_Y1,kJJ7,VpdQ,hAFG,7M47J5GA0pTYIFxg5uy,kIsH,uKAI,L84s,MeOIHRG3F9,_Jd3sk4,E2Mo,cJvF,FzaX,4UxGlow,zCkv,catzS2D,LM8l689qOp,7P5s,ZI9m,iyHGyLCEkQ
1,2597,0,0,336,420,128,220.08,0,2769948,0,2.34608,9,26,0,1240184,0,18093,30,8,48,200,110751.6,1255,48,0,0,2621380,1780966,0,0,9,0,10379560,50,1279542,0,0,4E_Oj1siQ3,RO12,taul,1K8T,ZNsX,N455JqQ,OUwXBc_Afl,FTH1,9_Y1,jdbz,VpdQ,zm5i,me75fM6ugJ,kIsH,g5HH,L84s,NhsEn4L,kZJtVhC,1Uyc,cJvF,FzaX,gfM8XLE,oslk,knDz20V,LM8l689qOp,kwS7,RAYp,F2FyR07IdsN7I
1,1085,0,0,292,365,56,220.08,0,8866560,0,0.7094638,18,24,0,131872,0,77527.5,40,6,40,24,126226.8,1585,156,0,0,889225,311604,0,0,18,308049,10536560,52,1280118,0,0,xearjIX0Db,RO12,taul,1K8T,TyGl,vK5pXKQ,FoJylxy,T8UP,9_Y1,xQ2A,VpdQ,zm5i,me75fM6ugJ,kIsH,uKAI,L84s,NhsEn4L,kZJtVhC,6r46,UYBR,FzaX,3xM68SY,oslk,ZbRqhZX,LM8l689qOp,5Acm,RAYp,F2FyR07IdsN7I
0,581,7,544,320,400,64,1478.4,0,7678740,0,4.706686,9,30,56,1942096,0,83524.2,35,8,56,64,1876320,775,102,5049,0,1555180,335628,2235,0,0,97769,10054800,72,176256,0,0,zcROj17IEC,RO12,taul,1K8T,oXaB,t6TtIjH,n1zVHpT8NN,3Ivc,9_Y1,iVbl,09_Q,IYzP,me75fM6ugJ,kIsH,uKAI,L84s,NhsEn4L,mAjbk_S,bRgG,UYBR,FzaX,YBhNqhB,oslk,xKMwIB5,LM8l689qOp,7aLG,RAYp,F2FyR07IdsN7I
0,1050,7,116,36,45,8,206.72,0,8040120,0,4.592822,9,80,21,748976,0,173397.3,0,0,8,16,-86888.8,615,24,6219,0,1071165,1044038,2000,0,45,0,8679560,4,0,0,0,zKnr4RXktW,RO12,taul,1K8T,0Xwj,dpLnqNs,ElQylxy,zuv2,HLqf,Zazx,09_Q,6JmL,me75fM6ugJ,sBgB,uKAI,L84s,XfqtO3UdzaXh_,XTbPUYD,WMli,UYBR,FzaX,9F7m0jM,oslk,jrbDSFl,jySVZNlOJy,Xa3G,RAYp,F2FyR07IdsN7I
0,427,7,2260,76,95,56,261.28,0,1254630,0,1.377697,18,182,0,0,0,38870.1,0,2,0,0,-482124,715,36,53964,0,4049120,180688,1120,0,54,0,4823720,10,579912,0,0,qFpmfo8zhV,rEUOq2QD1qfkRr6qpua,taul,1K8T,LloI,fhk21Ss,yEFIHeU,gfgY,9_Y1,_48V,VpdQ,y6dw,7M47J5GA0pTYIFxg5uy,kIsH,uKAI,L84s,iwn6,CWNSYfx,o06f,cJvF,FzaX,4UxGlow,QKW8DRm,catzS2D,LM8l689qOp,3Cy4,ZI9m,ib5G6X1eUxUn6
0,994,28,8440,164,205,112,319.76,0,4272678,0,3.980132,54,190,14,673680,0,167350.5,10,10,40,24,147164.4,600,66,42723,0,608635,2250260,410,0,36,0,10051320,12,2518356,0,0,2jirEyXktW,LrdZy8QqgUfkVShG,taul,1K8T,Wmd1,fhk21Ss,I1s81Dlb7R,YWuZ,9_Y1,SkZj,09_Q,haYg,7M47J5GA0pTYIFxg5uy,kIsH,uKAI,L84s,QsQAxv5,KqjecMy,bRsl,cJvF,FzaX,4UxGlow,QKW8DRm,catzS2D,jySVZNlOJy,Aoh3,ZI9m,ib5G6X1eUxUn6
0,1106,7,2212,232,290,144,186.64,0,6374940,0,5.766503,9,58,49,1773448,0,163463.1,20,4,88,112,-206700.8,750,78,55539,0,785310,172688,2735,0,9,137158,7258240,14,13284,0,0,4bwt0GoOh3,RO12,taul,1K8T,487l,6zFJt03,I1sqWRxUAv,GgCV,9_Y1,rGJy,sJzTlal,kxE9,me75fM6ugJ,kIsH,uKAI,L84s,XfqtO3UdzaXh_,11p4mKe,eAWe,UYBR,AU8_WTd,ZDjvOIl,oslk,G9mQQMs,jySVZNlOJy,Qu4f,RAYp,F2FyR07IdsN7I
0,1050,7,528,140,175,136,166.56,0,0,0,2.345866,9,34,63,181424,12,10182.84,0,6,32,48,-35266,670,0,10080,48,158800,72030,115,0,0,33446,385500,18,35532,0,14,4e7gUH7IEC,RO12,taul,1K8T,TyGl,7UBxJVj,C_uQoStwYE,xPfz,9_Y1,m_h1,09_Q,IYzP,me75fM6ugJ,kIsH,uKAI,L84s,NhsEn4L,TDc6N9t,0_uM,cJvF,FzaX,07mmflk,oslk,NNyRUH6,LM8l689qOp,WqMG,RAYp,F2FyR07IdsN7I
0,1932,7,104,1136,1420,304,331.04,0,2927604,0,6.391156,9,50,14,3153952,0,128723.4,455,18,1080,584,-4485.16,1855,156,1152,0,5590100,209638,55,0,0,154469,9537440,94,399594,0,0,1qmgUHEuty,RO12,taul,1K8T,bhvQ,cJK_RsF,bGUqwlz,ycAW,9_Y1,em8I,VpdQ,IYzP,DHn_WUyBhW_whjA88g9bvA64_,kIsH,g5HH,L84s,CrNX,cUQG3kF,Ijs4,cJvF,FzaX,HJN2A8M,d0EEeJi,ffFDnag,jySVZNlOJy,me1d,nIGXDli,F2FyR07IdsN7I
0,1827,14,8020,260,325,144,200,0,18330,0,5.465926,18,162,245,1470720,0,46943.4,0,6,40,80,-29461.72,1030,6,33246,0,2691185,662740,1235,0,27,605556,4353480,66,191184,0,0,zcRZptzip9,MJdP52puUMWhmExsNdlkGDbNTFln2Eg,taul,1K8T,TyGl,fqeOwLG,nJy8d8N5V7yiy,cSte,9_Y1,t_4G,VpdQ,6JmL,7M47J5GA0pTYIFxg5uy,kIsH,uKAI,L84s,WsRVNrF85oPU_,ORMRzcp,t89X,UYBR,FzaX,fxJmel6,zCkv,WfsWw2A,LM8l689qOp,Qu4f,ZI9m,iyHGyLCEkQ
0,826,7,1968,200,250,184,133.12,0,0,0,2.392224,9,72,7,13712,0,1529.949,0,6,48,24,6449.84,720,0,75663,0,47230,28816,3120,0,9,19656,111544,42,13908,0,0,m9SvyxLkBI,RO12,taul,1K8T,Xa_z,ibXnCPt,BbTxtaMIkZsn1,kxBp,9_Y1,lXxA,VpdQ,hAFG,DHn_WUyBhW_whjA88g9bvA64_,kIsH,uKAI,L84s,CrNX,AuSDRR8,xaBX,cJvF,FzaX,efgMmq7,d0EEeJi,_Jxaa9J,LM8l689qOp,xb3V,nIGXDli,F2FyR07IdsN7I
0,945,21,812,116,145,32,153.2,0,270372,0,6.126682,36,196,35,3456056,0,175378.2,0,4,24,40,213658,470,6,1026,0,7344100,691200,185,0,18,0,9857160,34,1036800,0,0,Yddq9ayE15,AERks4l,taul,1K8T,0Xwj,fhk21Ss,V6XUlxabJ4VaD,f8qu,HLqf,F_Lu,VpdQ,y6dw,7M47J5GA0pTYIFxg5uy,sBgB,uKAI,L84s,_5OXC8MSLt,XTbQpf0,byiR,UYBR,FzaX,4UxGlow,oslk,catzS2D,LM8l689qOp,TNEC,ZI9m,ib5G6X1eUxUn6
0,2394,7,80,392,490,288,186.64,0,0,0,3.055544,27,102,77,271800,0,5403.78,0,22,160,216,-228761.2,1190,0,1251,0,331305,90532,55,0,36,87962,643728,48,92580,0,0,dRavyx7ejg,RO12,taul,1K8T,0Xwj,FJDupBg,bGUqwlz,5723,HLqf,RcM7,VpdQ,wMei,7M47J5GA0pTYIFxg5uy,sBgB,uKAI,L84s,E1aAZ0x7vd,beKMbmK,OH3C,UYBR,FzaX,OYHoGfM,QKW8DRm,RlTh9x_,LM8l689qOp,szEZ,vJ_w8kB,WfJYmPMksSqa1pajvfG
0,336,7,372,48,60,16,233.44,0,399750,0,2.528092,9,92,77,0,0,107268.6,5,2,16,0,-1091804,305,12,14697,0,2155410,32434,350,0,9,215656,2194400,12,184848,0,0,DQlgUH7IEC,RO12,taul,1K8T,72yt,DVqAQJk,y2LIM01bE1,e15Z,9_Y1,m_h1,sJzTlal,IYzP,me75fM6ugJ,kIsH,uKAI,L84s,NhsEn4L,beK4AFX,BmDj,cJvF,FzaX,t0rm0jM,oslk,rUj52Lp,LM8l689qOp,WqMG,RAYp,F2FyR07IdsN7I
0,2632,14,2036,288,360,160,230.08,5,1806072,0,0.5058748,18,182,203,1338040,0,13761.96,40,14,80,56,-333544.4,1245,84,2898,8,1027830,1006520,580,0,18,353528,6680000,32,1644654,0,0,dRaTmBfHUn,AERks4l,taul,1K8T,OY2L,fhk21Ss,9YuYZx0Xsm,L_h0,9_Y1,4N0K,VpdQ,y6dw,7M47J5GA0pTYIFxg5uy,kIsH,uKAI,L84s,oOT00mkwDoEFW,ORMMOiG,B8rI,cJvF,FzaX,4UxGlow,zCkv,catzS2D,LM8l689qOp,Qu4f,ZI9m,ib5G6X1eUxUn6
0,196,0,0,200,250,104,166.56,0,0,0,6.325144,18,16,0,479984,0,77488.2,0,14,56,32,-32385.72,550,0,0,0,3164705,616788,0,0,0,775012,5431160,52,2138730,0,0,vNEvyxLp3Z,RO12,taul,1K8T,UpNf,jF6Moat,7OQTfyc,UTnK,9_Y1,vzJD,sJzTlal,IYzP,me75fM6ugJ,kIsH,uKAI,L84s,NhsEn4L,mAja5EA,xr2z,UYBR,FzaX,LwG8XLE,oslk,_XSRDbC,LM8l689qOp,xb3V,RAYp,F2FyR07IdsN7I
0,238,0,0,188,235,56,253.52,5,3852918,0,6.259133,9,18,0,2534464,0,144884.1,15,22,112,32,1387840,425,60,0,8,1571675,1108828,0,0,9,1138592,8338520,24,1041672,0,0,N_vrjIXt5a,RO12,taul,z3mO,lK27,GYqL4TG,ZIXKpoNpqq,8kNp,9_Y1,xQ2A,09_Q,zm5i,me75fM6ugJ,kIsH,uKAI,L84s,NhsEn4L,mAja5EA,CJF8,cJvF,wwPEXoilkr,IS7RwBA,oslk,Q5995F0,LM8l689qOp,5Acm,RAYp,F2FyR07IdsN7I
0,931,7,2428,152,190,24,220.08,0,48606,0,6.419355,9,142,119,1841808,3,26311.62,5,8,48,48,312780.4,530,6,59112,8,4547930,145978,5565,0,36,925806,5356040,46,707652,0,0,DHeq9ayfAo,rEUOq2QD1qfkRr6qpua,taul,1K8T,JLbT,fhk21Ss,yiXKNUCbD1,g_zB,9_Y1,QBpP,VpdQ,itlM,7M47J5GA0pTYIFxg5uy,kIsH,uKAI,L84s,WsRVNrF85oPU_,_JdOk0k,YIxJ,UYBR,FzaX,4UxGlow,zCkv,catzS2D,LM8l689qOp,7P5s,ZI9m,ib5G6X1eUxUn6
0,1582,0,28,140,175,104,220.08,0,2931966,0,3.846828,9,110,0,287584,0,67896.91,25,8,40,32,-12939,510,36,756,0,1162645,2245600,0,0,18,8540,10381800,6,2064768,0,0,npOt0G8EIb,2Knk1KF,taul,1K8T,EPHy,mgrg0iR,RuVy67M,XEaz,9_Y1,k13i,VpdQ,hzlB,me75fM6ugJ,kIsH,uKAI,L84s,XfqtO3UdzaXh_,y5FELEt,zscN,UYBR,FzaX,68RDGtr,oslk,HCuodIn,LM8l689qOp,fKCe,RAYp,55YFVY9
0,1365,7,608,268,335,192,220.48,0,1351032,0,3.966887,9,176,70,2212368,0,93315.3,10,4,48,32,-914212,800,102,2385,0,1813135,265730,2710,0,27,121422,4121760,36,58506,0,0,86ct0Gdncc,RO12,taul,1K8T,0Xwj,fhk21Ss,BIxbyqR,9UI7,HLqf,cyKH,VpdQ,haYg,7M47J5GA0pTYIFxg5uy,sBgB,g5HH,L84s,_5OXC8MSLt,LxWhDOK,hkQS,cJvF,FzaX,4UxGlow,oslk,catzS2D,jySVZNlOJy,me1d,ZI9m,iyHGyLCEkQ
0,945,7,16020,124,155,96,206.72,0,5458164,0,0.602649,9,136,1218,908520,0,149337,15,6,24,16,110064.4,475,66,1089,0,0,2073600,95,0,18,0,10313840,0,1555200,0,0,uGLq9ayE15,AERks4l,taul,1K8T,z32l,fhk21Ss,_UtlxbJ,jrUy,9_Y1,vm5R,VpdQ,hAFG,7M47J5GA0pTYIFxg5uy,kIsH,uKAI,L84s,WsRVNrF85oPU_,_JdjUtW,9eg8,UYBR,FzaX,4UxGlow,zCkv,catzS2D,LM8l689qOp,7P5s,ZI9m,ib5G6X1eUxUn6
0,819,7,68,76,95,8,186.64,0,1832982,0,1.660329,9,38,14,1289032,0,167239.2,10,6,16,16,-250184.4,270,24,5778,0,2630670,79706,1045,0,9,0,5007920,14,1037274,0,0,HAoOj1KXzC,RO12,taul,1K8T,0Y9G,8NKFFda,lL9c3pxXdL,ejw5,9_Y1,jdbz,VpdQ,zm5i,me75fM6ugJ,kIsH,uKAI,Mtgm,NhsEn4L,mAja5EA,8EYL,cJvF,FzaX,zWA88FJ,oslk,Ggf2C8o,LM8l689qOp,kwS7,RAYp,F2FyR07IdsN7I
0,966,14,3420,128,160,104,220.08,0,149490,0,4.35783,36,120,28,1382400,0,190159.2,0,12,32,16,101939.2,525,12,87570,0,3762715,2246400,4235,0,9,1683675,10292720,18,2998350,0,0,1fZWq6e2Rv,2Knk1KF,taul,1K8T,PGNs,wpp8weI,I1sqWRxUAv,UOE5,9_Y1,_xpN,VpdQ,kxE9,me75fM6ugJ,kIsH,uKAI,L84s,XfqtO3UdzaXh_,XTbPUYD,WqHz,cJvF,qxDb,LwGmfvd,oslk,xYHAV0N,jySVZNlOJy,FSa2,RAYp,55YFVY9
0,3052,7,188,200,250,56,306,0,5001738,0,1.811365,9,34,21,1754040,0,52245,35,4,40,40,-4963.56,690,84,2214,0,2436000,245918,1095,0,18,1206681,8704920,30,875238,0,0,dukmfo8zhV,RO12,taul,1K8T,AKN1,SrBQn2A,YQcPlrpk3WNO0,y7Xz,9_Y1,wGwL,VpdQ,zm5i,me75fM6ugJ,kIsH,uKAI,L84s,NhsEn4L,kZJyVg2,EoOE,cJvF,FzaX,Mms38SL,oslk,XdAimVS,LM8l689qOp,wX53,RAYp,F2FyR07IdsN7I
0,1358,21,2564,700,875,280,166.56,0,56928,0,1.803034,27,78,105,159912,0,3895.71,0,10,72,152,-1779640,2045,24,67635,0,571370,78058,11290,0,0,41174,759860,224,43110,0,0,uUdt0G8EIb,RO12,taul,1K8T,2Ix5,60sCyD5,bGUqwlz,FAB4,9_Y1,k13i,VpdQ,IYzP,me75fM6ugJ,kIsH,uKAI,Mtgm,NhsEn4L,mAjbk_S,j5ro,UYBR,FzaX,Gpv8hdx,oslk,HcpEsaq,LM8l689qOp,fKCe,RAYp,F2FyR07IdsN7I
0,2597,7,316,412,515,136,164.56,0,598308,0,5.245461,9,48,63,1031176,0,6179.07,50,14,192,144,-127431.2,1200,138,8460,0,397035,176634,480,0,0,519722,1882808,56,358452,0,0,Foxt0Go8Lb,RO12,taul,1K8T,ujBx,aqcNWgo,FoJylxy,XrCF,9_Y1,C7DI,VpdQ,IYzP,DHn_WUyBhW_whjA88g9bvA64_,kIsH,uKAI,L84s,CrNX,7WwCSJk,KypT,cJvF,FzaX,zWAZz3F,d0EEeJi,tBGpVAO,LM8l689qOp,Qu4f,nIGXDli,F2FyR07IdsN7I
0,3486,0,20,460,575,64,687.28,0,1374216,0,6.08951,9,122,0,5140840,0,32543.4,10,18,56,128,345926,2130,174,14247,0,5095750,176006,0,0,18,1092175,8736160,102,369432,0,0,a4vOj1dMWg,2Knk1KF,taul,1K8T,4JaS,UsSY9Q6,qWL856HNyW,Pjyv,9_Y1,DFSe,VpdQ,6JmL,me75fM6ugJ,kIsH,g5HH,L84s,XfqtO3UdzaXh_,11p4mKe,hpGD,cJvF,qxDb,UF10FxM,oslk,BlJqCcD,M_8D,me1d,RAYp,55YFVY9
0,3346,35,5868,248,310,32,301.76,0,5580504,0,2.872463,54,84,686,1492312,6,16209.66,35,16,96,56,154630,1990,96,11565,16,2611840,177786,765,0,9,723429,9587280,40,1835016,0,0,FAJWq69cTy,RO12,taul,1K8T,j1T2,AIO9x15,UFLJAXPeB1,VZ9V,9_Y1,Px52,09_Q,IYzP,Kxdu,kIsH,uKAI,L84s,FMSzZ91zL2,NGZkjXV,eAHt,UYBR,FzaX,iokiSQE,zCkv,hYsWQhn,LM8l689qOp,PM2D,6fzt,SbOd7O8ky1wGNxp0Arj0Xs
0,917,21,12560,192,240,120,287.36,0,2062152,0,2.859218,27,160,469,356352,0,176815.5,15,8,72,56,107342.4,685,36,81846,0,2508460,2285420,5940,0,18,605850,10499960,26,2073600,0,0,9rAq9at_88,MJdP52puUMWhmExsNdlkGDbNTFln2Eg,taul,1K8T,sbZD,tTnYdIL,pcCFSyqFjM,S_MH,9_Y1,KfYH,VpdQ,Tkho,me75fM6ugJ,kIsH,g5HH,L84s,NhsEn4L,teAyFc5,y8W_,cJvF,FzaX,hf1AAox,oslk,PCWz4Af,jySVZNlOJy,me1d,RAYp,iyHGyLCEkQ
0,581,7,236,48,60,0,133.12,0,0,0,0.737022,9,52,77,0,0,8005.26,0,0,0,0,-9897.44,245,0,954,0,409170,0,75,0,0,0,327336,24,0,0,0,JMGrjIXt5a,RO12,taul,1K8T,vsvk,GraN0hm,r83_sZi,EM6M,9_Y1,nr0d,VpdQ,IYzP,DHn_WUyBhW_whjA88g9bvA64_,kIsH,uKAI,L84s,CrNX,mAjbq_f,pdXl,cJvF,FzaX,tCb_h5s,d0EEeJi,7k4CsYF,LM8l689qOp,5Acm,nIGXDli,F2FyR07IdsN7I
0,1330,14,2400,224,280,48,253.52,0,415368,0,1.600299,18,140,245,1208224,0,28876.83,10,0,56,104,13629.56,875,42,79371,0,1635570,106612,6655,0,18,88494,2493844,56,0,0,0,YddrjIQ5Ph,2Knk1KF,taul,1K8T,lK27,4rXxfeC,ElQylxy,sMhn,9_Y1,RVjC,09_Q,hAFG,me75fM6ugJ,kIsH,uKAI,L84s,XfqtO3UdzaXh_,XTbPUYD,4DIm,UYBR,FzaX,llYv48t,oslk,V51EKx8,jySVZNlOJy,FSa2,RAYp,55YFVY9
0,882,14,2320,172,215,64,220.08,0,6386580,0,6.019867,18,44,175,0,0,169218.6,50,0,40,0,217038.4,700,78,9495,0,511145,1344586,970,0,9,0,10746960,24,0,0,0,DHeTmBftjz,RO12,taul,1K8T,OY2L,YLTY4q6,DKUDUftgA7,rV_O,9_Y1,Gx0B,VpdQ,zm5i,me75fM6ugJ,kIsH,uKAI,L84s,NhsEn4L,kq0n8Bj,dNou,cJvF,qxDb,wZZm94s,oslk,l9eMpgG,LM8l689qOp,Qu4f,RAYp,F2FyR07IdsN7I
0,798,7,3548,136,170,88,166.56,0,2680938,0,6.776544,9,66,280,1456632,0,105247.8,5,8,48,56,-39307.56,580,36,19764,0,1120790,475884,530,0,0,142821,5303840,10,891360,0,0,CEat0G8rTN,RO12,taul,1K8T,lK27,604wEl4,II0S8f9,g9bF,9_Y1,k13i,VpdQ,IYzP,me75fM6ugJ,kIsH,uKAI,L84s,NhsEn4L,mAjbk_S,gf78,cJvF,FzaX,9WBvEWW,oslk,UsL2pc5,LM8l689qOp,fKCe,RAYp,F2FyR07IdsN7I
0,4088,7,588,544,680,136,200,0,712944,0,6.18778,9,136,476,2758664,0,22633.74,65,12,184,208,268989.2,3170,276,1260,0,3966815,352380,495,0,18,126728,6176240,56,424650,0,0,vAsvyx7ejg,AERks4l,taul,1K8T,dWQK,fhk21Ss,MypvvoIQqc,czHw,9_Y1,xSqs,09_Q,haYg,7M47J5GA0pTYIFxg5uy,kIsH,uKAI,L84s,9fipLB8rlL,_JdRpOD,_MlB,cJvF,FzaX,4UxGlow,zCkv,catzS2D,LM8l689qOp,szEZ,ZI9m,ib5G6X1eUxUn6
0,994,7,2968,128,160,96,166.56,0,991314,0,4.445631,9,154,189,373664,0,30021.9,0,2,16,16,6875.28,565,12,3546,0,781090,383486,1965,0,9,323295,2424292,30,277110,0,0,BQa9tYsdof,2Knk1KF,taul,1K8T,PGNs,IoVCPws,_UtlxbJ,dpn8,9_Y1,4N0K,VpdQ,hAFG,me75fM6ugJ,kIsH,uKAI,L84s,XfqtO3UdzaXh_,XTbPUYD,AvgH,cJvF,FzaX,uwhY_02,oslk,H9aOEra,LM8l689qOp,Qu4f,RAYp,TCU50_Yjmm6GIBZ0lL_
0,210,7,272,44,55,16,233.44,0,0,0,0.2345653,9,58,7,8800,0,11533.05,0,0,0,8,27845.52,175,0,147114,0,43220,15392,3050,0,0,0,69760,16,0,0,0,eOQgUHShse,RO12,taul,1K8T,JLbT,AjvDMYO,Iibp4Nm3uQ,85IW,9_Y1,RVjC,09_Q,giwq,me75fM6ugJ,kIsH,uKAI,L84s,NhsEn4L,mAjbk_S,ETNp,UYBR,FzaX,KhWT_66,oslk,0MplRwa,LM8l689qOp,FSa2,RAYp,F2FyR07IdsN7I
0,1211,7,188,144,180,88,258.48,0,2727378,0,4.979278,9,176,63,705408,0,90741,15,8,32,16,79307.6,615,42,2025,0,2449100,1814886,1325,0,36,0,10179200,18,2073600,0,0,CEaBcmz45j,2Knk1KF,taul,1K8T,TyGl,fhk21Ss,k10MzgT,fL_g,9_Y1,rzbc,VpdQ,hzlB,7M47J5GA0pTYIFxg5uy,kIsH,uKAI,L84s,XfqtO3UdzaXh_,_JdH8mF,nnvi,cJvF,AU8pNoi,4UxGlow,oslk,catzS2D,LM8l689qOp,Qcbd,ZI9m,iyHGyLCEkQ
0,805,7,1704,152,190,56,133.12,0,0,0,4.276223,9,114,7,1805984,0,65865.3,0,8,48,64,164207.2,585,0,45315,0,2687125,248538,1570,0,9,459165,4071440,38,782490,0,0,bZkvyxLkBI,2Knk1KF,taul,1K8T,ssAy,PHNvXy8,_jTP8ioIlJ,hLVY,9_Y1,vzJD,VpdQ,haYg,NKv3VA1BpP,kIsH,uKAI,L84s,Ie_5MZs,teAr_3I,zY1T,cJvF,FzaX,UF16siJ,zCkv,APgdzOv,LM8l689qOp,xb3V,6fzt,Zy3gnGM
0,3136,7,552,80,100,24,253.52,10,3639714,0,0.9265114,9,42,133,0,0,31259.4,25,0,16,0,-258253.6,440,18,43578,16,2791960,475330,10210,0,18,0,8917080,18,0,0,0,dukmfo8zhV,RO12,taul,1K8T,xgSF,x44vEdV,4soGE0N5VZrWb,8FB6,9_Y1,gnEy,09_Q,IYzP,me75fM6ugJ,kIsH,uKAI,L84s,NhsEn4L,mAjbk_S,FM6S,UYBR,FzaX,ys1oLzk,oslk,rnqMak1,LM8l689qOp,3Cy4,RAYp,F2FyR07IdsN7I
0,1421,7,108,184,230,88,383.2,0,9099660,0,2.533006,18,84,0,0,0,113360.1,30,4,32,0,82994.4,775,144,873,0,251060,673752,55,0,9,0,10298720,6,1036800,0,0,oUPBcmzkzH,RO12,taul,1K8T,kNzO,uwNODwF,J3fgbi2,YADB,9_Y1,rzbc,VpdQ,lVqb,me75fM6ugJ,kIsH,uKAI,L84s,XfqtO3UdzaXh_,jawoH6T,oyPY,cJvF,FzaX,Jth6pd1,oslk,TW37kpB,LM8l689qOp,Qcbd,RAYp,F2FyR07IdsN7I
0,1113,7,4764,120,150,104,163.2,0,0,0,1.967956,9,144,84,806544,0,39856.8,0,10,40,24,59326.8,445,0,6732,0,1733290,346102,17760,0,36,264936,2778312,18,444306,0,0,Yddq9ayE15,2Knk1KF,taul,1K8T,42Cy,qbzaVTy,_03xtaMIkZsn1,l1zl,9_Y1,pQsY,VpdQ,hzlB,me75fM6ugJ,kIsH,uKAI,Mtgm,XfqtO3UdzaXh_,XTbPUYD,zG4k,cJvF,FzaX,Oj6fql_,oslk,_rKAGfT,LM8l689qOp,TNEC,RAYp,55YFVY9
0,679,0,0,132,165,40,137.68,0,8518260,0,4.38966,9,110,0,0,0,242996.1,30,4,32,0,145383.6,460,108,72090,0,460895,793960,0,0,0,0,10400280,4,1036800,0,0,B2DgUHdMWg,2Knk1KF,taul,1K8T,487l,lUp8weI,Gaia7lNROH,M1Zd,9_Y1,bJXB,VpdQ,IYzP,me75fM6ugJ,kIsH,g5HH,L84s,NhsEn4L,teAyFc5,yiE0Ssq,cJvF,FzaX,qxvABPr,oslk,nZzRDbC,jySVZNlOJy,w_Ub,RAYp,55YFVY9
0,560,7,4680,92,115,0,133.12,0,75462,0,3.048067,9,202,14,115040,0,6366.12,0,0,24,32,5696.44,300,24,29088,0,136245,0,795,0,18,0,216824,30,0,0,0,gOyvyx7ejg,vuPfq6YcbX,CiJDdr4TQ0rGERIS,1K8T,hM6W,fhk21Ss,P9HTde2,k_OA,9_Y1,RcM7,VpdQ,y6dw,7M47J5GA0pTYIFxg5uy,kIsH,uKAI,L84s,_5OXC8MSLt,11pMFCG,Vxmi,cJvF,FzaX,4UxGlow,oslk,catzS2D,LM8l689qOp,szEZ,ZI9m,NoEd
0,924,14,2648,124,155,0,286.96,0,518400,0,4.967101,18,126,168,5529600,0,172916.1,0,0,32,64,517068,505,6,213156,0,9333000,0,7875,0,54,1814400,10576800,44,0,0,0,zcROj17IEC,2Knk1KF,taul,1K8T,0Xwj,GRlgCVv,hOpRIhsUSP,WOYY,HLqf,iVbl,09_Q,itlM,me75fM6ugJ,sBgB,uKAI,Mtgm,XfqtO3UdzaXh_,11p4mKe,k9Nb,cJvF,FzaX,9wyOVQC,oslk,EiGEVJ2,jySVZNlOJy,7aLG,RAYp,55YFVY9
0,1071,7,376,184,230,112,166.56,0,9732,0,6.180517,9,56,70,751576,0,41106.3,10,34,72,56,-228533.2,540,12,46602,0,311715,282966,1310,0,0,160258,1677812,8,691866,0,0,4e7gUH7IEC,RO12,taul,1K8T,lK27,Wtcr3WP,zA2IZno2NK,r4ud,9_Y1,LqKm,VpdQ,IYzP,me75fM6ugJ,kIsH,uKAI,L84s,NhsEn4L,kq0emRG,PZnj,cJvF,FzaX,5ZxD5lR,oslk,WUmqPCU,LM8l689qOp,453m,RAYp,F2FyR07IdsN7I
0,1092,0,8,200,250,160,220.08,0,0,0,0.1523179,9,46,0,764272,0,42252.9,0,8,56,152,91026,705,0,558,0,465650,389388,0,0,0,354683,1742996,14,314346,0,0,oUPBcmzkzH,RO12,taul,1K8T,OTVu,4jFcSKu,aXPHXVS,sGGa,9_Y1,EwzD,09_Q,IYzP,me75fM6ugJ,kIsH,uKAI,L84s,NhsEn4L,mAjbk_S,91pY,UYBR,FzaX,Z6VfSEp,oslk,503RDbC,LM8l689qOp,Qcbd,RAYp,F2FyR07IdsN7I
0,1183,0,0,932,1165,256,186.64,0,7216140,0,3.746849,9,38,0,2631336,0,100368.9,25,12,232,256,284669.6,2155,144,3843,0,2724465,251502,0,0,9,435477,9814040,268,93150,0,0,bZkvyxLkBI,RO12,taul,1K8T,R4_H,VjLkKKt,8hPyQtw,3KBV,9_Y1,vzJD,VpdQ,zm5i,me75fM6ugJ,kIsH,uKAI,L84s,NhsEn4L,mAja5EA,Ctkb,cJvF,FzaX,7CP8jNM,oslk,kPWQhib,jySVZNlOJy,xb3V,RAYp,F2FyR07IdsN7I
0,3878,7,2808,624,780,432,166.56,0,7860,0,6.804316,9,106,217,1047440,0,9924.84,5,40,168,168,58217.6,2660,6,11907,0,1136145,534710,370,0,27,244062,2904612,118,583080,0,0,JMGq9aXt5a,RO12,taul,1K8T,TLkP,iJzviRg,76j2P_OLn0,YVDi,9_Y1,Y9Bl,VpdQ,haYg,7M47J5GA0pTYIFxg5uy,kIsH,uKAI,L84s,WsRVNrF85oPU_,7Ww8aG_,XWKN,cJvF,FzaX,ch2oGfM,zCkv,P6pu4Vl,LM8l689qOp,uWr3,ZI9m,R4y5gQQWY8OodqDV
0,2044,7,0,264,330,256,286.96,0,0,0,6.585773,9,128,0,363392,0,11686.41,0,20,48,64,-1377728,950,0,477,0,140405,186568,50,0,27,58128,778856,32,167550,0,0,1GdOj17ejg,2Knk1KF,taul,1K8T,aD1X,bbm5wbm,yiXTc3CbD1,k3Im,9_Y1,eQTr,VpdQ,haYg,me75fM6ugJ,kIsH,uKAI,L84s,XfqtO3UdzaXh_,XTbPUYD,ARU2,cJvF,FzaX,1hf8iqZ,oslk,fV_z4Af,LM8l689qOp,7aLG,RAYp,55YFVY9
0,1421,7,816,164,205,56,253.52,0,7458840,0,2.07242,9,52,21,294296,0,77508.91,30,10,72,40,306764.4,545,90,24210,0,867085,878476,4625,0,9,76559,10349320,6,1058106,0,0,DHeTmBftjz,RO12,taul,1K8T,ujBx,65yJUS7,daiGnRstPa,bLJj,9_Y1,4N0K,09_Q,IYzP,me75fM6ugJ,kIsH,uKAI,L84s,NhsEn4L,mAjbk_S,DH2s,cJvF,FzaX,qcEvOIl,oslk,INp7j0h,LM8l689qOp,Qu4f,RAYp,F2FyR07IdsN7I
0,1120,7,192,248,310,168,257.44,0,409026,0,5.20957,9,80,28,2270912,0,21737.13,5,18,48,80,58381.6,855,42,11295,0,2423430,318064,2060,0,0,1031247,4317840,28,444690,0,0,Mtpt0G8EIb,RO12,taul,1K8T,wOc1,hWv5xck,LH0kFz12FM,QFV7,9_Y1,e7QV,09_Q,giwq,me75fM6ugJ,kIsH,uKAI,L84s,NhsEn4L,mAjbk_S,gFZi,UYBR,FzaX,MQG88FJ,oslk,865zgmc,LM8l689qOp,fKCe,RAYp,F2FyR07IdsN7I
0,1148,7,352,136,170,32,256.48,0,3306108,0,6.099765,9,38,21,1627912,3,121459.8,30,4,48,24,-24717,1060,42,75042,8,4752260,575672,1860,0,9,870002,10219480,24,950448,0,0,9hRmfo875g,RO12,taul,1K8T,TyGl,inNvHAP,I1sqWRxUAv,HjO8,9_Y1,wGwL,09_Q,zm5i,me75fM6ugJ,kIsH,uKAI,L84s,NhsEn4L,mAjbk_S,7E3c,UYBR,qxDb,_amoI0_,oslk,ZFsMjkj,LM8l689qOp,wX53,RAYp,F2FyR07IdsN7I
0,525,7,268,116,145,144,260.16,0,5796,0,1.361888,9,106,126,65400,0,4788.45,0,0,32,40,18519,500,12,10782,0,11120,51022,425,0,0,9912,147504,8,0,0,0,gE8Wq6edh4,RO12,taul,1K8T,TyGl,SHXhE4b,FoJylxy,qUsF,9_Y1,_xpN,VpdQ,IYzP,me75fM6ugJ,kIsH,uKAI,L84s,NhsEn4L,kq0aHkC,8EVF,UYBR,FzaX,THMm0jM,oslk,cObCBw5,LM8l689qOp,FSa2,RAYp,F2FyR07IdsN7I
0,1309,14,2100,160,200,40,200,0,5829840,0,5.847255,36,130,14,3456000,0,130192.5,20,4,40,40,67776.8,720,96,36954,8,2387020,633718,990,0,18,604800,10408280,16,643572,0,7,xOXr4RXktW,2Knk1KF,taul,1K8T,lK27,cSPyOPj,h0frVuP,oAnL,9_Y1,jakt,sJzTlal,sYC_,me75fM6ugJ,kIsH,uKAI,L84s,NhsEn4L,beK4AFX,VNIv,UYBR,FzaX,urwOVQC,oslk,Am5OEra,M_8D,7FJQ,RAYp,55YFVY9
0,644,0,0,68,85,48,166.56,0,0,0,5.845332,9,40,0,249984,0,32566.8,5,8,32,24,-64148,390,0,234,0,430165,125430,0,0,0,2275,880204,6,226866,0,0,CEaWq69cTy,RO12,taul,1K8T,YFAj,0tvQgIh,nQUxgtZnMW,xklU,9_Y1,RVjC,sJzTlal,IYzP,me75fM6ugJ,kIsH,uKAI,L84s,NhsEn4L,mAjbk_S,H3p7,UYBR,FzaX,EPIs6v_,oslk,XtGtFwR,LM8l689qOp,FSa2,RAYp,F2FyR07IdsN7I
0,1253,21,3052,184,230,72,171.12,0,851934,0,5.509079,36,100,259,480192,0,18476.22,0,10,56,64,55111.6,945,18,19935,0,950830,89528,500,0,18,194544,2485904,42,1107198,0,0,1PnOj1KVEH,RO12,taul,1K8T,0Y9G,9GJGgoz,N04Cfk7dJR,Zmmy,9_Y1,_KXv,VpdQ,haYg,Kxdu,kIsH,uKAI,L84s,FMSzZ91zL2,11pG9ir,24sK,cJvF,FzaX,Tvpip6Z,zCkv,hHJsvbM,LM8l689qOp,kwS7,6fzt,SbOd7O8ky1wGNxp0Arj0Xs
0,777,7,8116,120,150,0,220.08,0,0,0,5.803888,9,234,644,5529600,0,191184,0,0,32,64,84871.2,905,0,1359,0,9504000,0,2305,0,36,0,10368000,44,0,0,0,a4v9tYsGvO,msph93375qXRfw6hcMceRRIDdmHq8wn,CiJDdr4TQ0rGERIS,1K8T,PGNs,fhk21Ss,k10MzgT,ezWT,9_Y1,YULl,VpdQ,y6dw,7M47J5GA0pTYIFxg5uy,kIsH,uKAI,Mtgm,_5OXC8MSLt,LxWhDOK,2RPo,UYBR,FzaX,4UxGlow,oslk,catzS2D,LM8l689qOp,FSa2,ZI9m,VjDE
0,0,0,0,16,20,16,297.52,0,3631692,0,6.872677,9,14,0,0,0,586566,0,0,0,0,-894940,20,12,0,0,0,353610,0,0,0,0,3128348,0,0,0,0,6m0t0G8rTN,RO12,taul,1K8T,YmZp,B884X3H,pNAbKh0,7ioK,9_Y1,e7QV,sJzTlal,IYzP,me75fM6ugJ,kIsH,uKAI,Mtgm,NhsEn4L,kq0dQfu,EHsf,UYBR,FzaX,Fon8hdx,oslk,bTV7qqc,LM8l689qOp,fKCe,RAYp,F2FyR07IdsN7I
0,1820,7,5488,268,335,224,200,0,15714,0,6.589404,9,78,28,590936,0,24836.64,0,22,112,112,288393.2,935,12,40995,0,219530,632208,515,0,0,180614,2116620,24,555954,0,0,2jiWq69cTy,RO12,taul,1K8T,lK27,RxDMhNR,V6XUlxabJ4VaD,KYk5,9_Y1,Px52,VpdQ,IYzP,me75fM6ugJ,kIsH,uKAI,L84s,NhsEn4L,mAjcfkM,9Yt0,UYBR,FzaX,Y578iqZ,oslk,BG5Rt2K,jySVZNlOJy,PM2D,RAYp,F2FyR07IdsN7I
0,1372,7,28,208,260,80,166.56,0,3691722,0,5.627644,9,50,7,1136720,0,57171.3,5,22,104,48,642892,675,54,5400,0,2381280,581170,375,0,0,742175,7984520,30,2313066,0,0,1GdOj17ejg,RO12,taul,1K8T,lK27,b9YnRr1,xtMzxjAuQ_,XRZh,9_Y1,iVbl,VpdQ,IYzP,DHn_WUyBhW_whjA88g9bvA64_,kIsH,uKAI,L84s,CrNX,mAjbq_f,S7cc,cJvF,FzaX,ACmy8OH,d0EEeJi,rDbupln,LM8l689qOp,7aLG,nIGXDli,F2FyR07IdsN7I
0,5229,7,984,180,225,48,253.52,0,5108142,0,1.836573,9,104,35,2016040,0,32668.8,30,10,64,24,169145.2,4305,84,99126,0,3997610,346726,1230,0,27,80367,10476360,22,331674,0,0,8I1r4RXXnK,RO12,taul,1K8T,1TqK,ojHnF0C,ELRUn57,rmDK,9_Y1,Zazx,VpdQ,kxE9,me75fM6ugJ,kIsH,uKAI,L84s,XfqtO3UdzaXh_,11p4mKe,OCc1,cJvF,FzaX,KhlYWu3,oslk,83UEsaq,LM8l689qOp,Xa3G,RAYp,F2FyR07IdsN7I
0,28,0,0,48,60,0,253.52,0,0,0,6.344798,9,14,0,1386736,0,229432.8,0,2,8,24,-545392,60,0,0,16,3456000,0,0,0,0,604800,3670924,16,319134,0,14,HrWq9aXt5a,e6CkoqApVR,taul,1K8T,487l,6CXYbuk,nQUxgtZEqo,msSD,9_Y1,6TCl,VpdQ,IYzP,Kxdu,kIsH,uKAI,L84s,FMSzZ91zL2,mAjdzWk,DH4f,cJvF,FzaX,ROeipLp,zCkv,K2SqEo9,LM8l689qOp,uWr3,6fzt,F2FcTt7IdMT_v
0,2128,21,2888,656,820,320,133.12,0,305580,0,6.680838,36,44,476,107032,0,4416.96,15,32,168,152,54720.8,1900,36,3456,0,748910,38368,525,0,0,30247,962668,160,42360,0,0,1YVgUHXZeb,RO12,taul,1K8T,h3JW,ks5A1LJ,r83_sZi,3s6t,9_Y1,7JiV,VpdQ,IYzP,me75fM6ugJ,kIsH,uKAI,L84s,NhsEn4L,TDcECyH,qUBa,cJvF,FzaX,pHXA5lA,oslk,wYvXbDK,LM8l689qOp,453m,RAYp,F2FyR07IdsN7I
0,721,7,60,132,165,80,166.56,0,24522,0,4.564837,9,48,7,77928,0,4174.65,5,12,64,48,-12288.16,395,30,120420,0,33945,14418,1380,0,0,57365,131364,10,28530,0,0,l7Fq9ayE15,RO12,taul,1K8T,TyGl,lCpd8Q3,tvCvLMA,sryr,9_Y1,kJJ7,09_Q,IYzP,me75fM6ugJ,kIsH,uKAI,L84s,NhsEn4L,TDcECyH,e6YI,cJvF,FzaX,JO06w_1,oslk,ZwrQhib,LM8l689qOp,7P5s,RAYp,F2FyR07IdsN7I
0,259,0,0,236,295,200,253.52,0,136146,0,0.8417005,9,16,0,1335160,0,47850.6,10,18,56,96,-848048,565,18,0,0,665350,580084,0,0,0,678545,3037300,16,777228,0,0,BQavyxLp3Z,RO12,taul,1K8T,lK27,f_onF0C,y2LIM01bE1,ZTrH,9_Y1,_r21,09_Q,IYzP,me75fM6ugJ,kIsH,uKAI,L84s,NhsEn4L,NGZxnJM,ZDmY,cJvF,FzaX,8_rYWu3,oslk,rT1Esaq,LM8l689qOp,xb3V,RAYp,F2FyR07IdsN7I
0,1442,21,948,196,245,104,200,0,0,0,5.980132,27,64,0,227968,0,20729.79,0,6,40,80,62328,880,0,12897,0,534560,144526,380,0,0,1225,917076,46,129588,0,0,0vimfo8zhV,RO12,taul,1K8T,7gSz,x44vEdV,hOpRIhsUSP,syCs,9_Y1,_48V,VpdQ,IYzP,me75fM6ugJ,kIsH,uKAI,L84s,NhsEn4L,mAjbk_S,hYv2,cJvF,FzaX,ys1oLzk,oslk,rnqMak1,LM8l689qOp,3Cy4,RAYp,F2FyR07IdsN7I
0,1974,7,8,136,170,0,220.08,0,7291260,0,2.771203,9,36,0,2393384,0,78685.2,20,0,32,32,123765.6,610,96,13104,0,3818080,0,340,0,18,604800,10494400,20,0,0,0,oyGrjIXt5a,RO12,taul,1K8T,vsvk,B5nc5gJ,8x1oaY3538,ps76,9_Y1,Nbbb,09_Q,IYzP,me75fM6ugJ,kIsH,uKAI,L84s,NhsEn4L,kZJtVhC,r5s6,cJvF,FzaX,CJTY_02,oslk,ygD7j0h,LM8l689qOp,5Acm,RAYp,F2FyR07IdsN7I
0,7,7,1284,24,30,0,166.56,0,0,0,1.477248,9,182,7,19024,0,6153.99,0,0,8,8,16459.64,35,0,81531,0,76010,0,40,0,18,0,70320,10,0,0,0,YddrjIQ5Ph,2Knk1KF,taul,1K8T,JLbT,fhk21Ss,q2tfFQq,sMhn,9_Y1,RVjC,VpdQ,y6dw,7M47J5GA0pTYIFxg5uy,kIsH,uKAI,L84s,_5OXC8MSLt,LxWhDOK,4DIm,UYBR,FzaX,4UxGlow,oslk,catzS2D,LM8l689qOp,FSa2,ZI9m,iyHGyLCEkQ
0,3591,14,348,152,190,40,196.64,0,3600768,0,5.163213,18,106,168,2037800,0,41741.7,10,6,56,48,-125263.6,520,48,62982,0,3255050,573962,510,0,18,219954,8249080,28,579756,0,0,V8lt0G8rTN,RO12,taul,1K8T,TIPl,F0DSdMg,76j2P_OLn0,KKrj,9_Y1,e7QV,VpdQ,sYC_,me75fM6ugJ,kIsH,uKAI,L84s,NhsEn4L,beK4AFX,SZ9z,UYBR,FzaX,1Fq88FJ,oslk,XByOEra,LM8l689qOp,fKCe,RAYp,F2FyR07IdsN7I
0,3654,7,84,1080,1350,456,166.56,0,3579888,0,2.067293,9,34,28,1032544,0,31906.8,80,22,152,176,154215.2,3780,690,4041,0,2937230,741066,65,0,0,332710,8957480,98,918960,0,0,AUUt0GoOh3,RO12,taul,1K8T,g6No,faywyM5,nQUq7hGe64,B5DQ,9_Y1,t_4G,09_Q,IYzP,DHn_WUyBhW_whjA88g9bvA64_,kIsH,uKAI,L84s,CrNX,kq0Ng6w,ha7b,UYBR,FzaX,3s41NKZ,d0EEeJi,aD3P7LR,jySVZNlOJy,Qu4f,nIGXDli,F2FyR07IdsN7I
0,77,0,0,208,260,104,166.56,0,0,0,6.252724,9,14,0,244192,0,12471.09,5,4,32,40,17747.84,365,0,0,0,700985,83072,0,0,0,0,866968,62,23118,0,0,HYTvyx7ejg,AERks4l,CuXi4je,1K8T,7wJ6,PQJs45W,hOpRIhsUSP,Wq93,9_Y1,xSqs,VpdQ,IYzP,DHn_WUyBhW_whjA88g9bvA64_,kIsH,uKAI,L84s,JBfYVit4g8,TDctq2l,5wE5,cJvF,FzaX,Nvc6T0L,Al6ZaUT,EXUhEm1,LM8l689qOp,szEZ,02N6s8f,xwM2aC7IdeMC0
0,917,0,0,492,615,336,220.08,0,3623490,0,4.591968,36,28,0,838152,0,117675.3,30,26,152,128,-352938.4,1265,114,0,0,1674615,389924,0,0,9,443765,5807920,54,700530,0,0,9hRmfo875g,RO12,taul,1K8T,487l,jX5lhSa,MypvvoIQqc,ZmQ_,9_Y1,Bw19,09_Q,zm5i,me75fM6ugJ,kIsH,uKAI,L84s,NhsEn4L,mAja5EA,fW8G,cJvF,FzaX,WEga9N8,oslk,NbpRb9q,LM8l689qOp,wX53,RAYp,F2FyR07IdsN7I
0,798,7,232,164,205,64,213.36,0,0,0,4.317026,9,74,35,87600,0,3812.43,0,4,0,48,12588.72,790,0,57780,0,277845,41490,1200,0,0,0,368504,50,29172,0,0,NESt0G8EIb,RO12,taul,1K8T,487l,4rXn9NE,6uerj6GG35,fgj6,9_Y1,e7QV,VpdQ,IYzP,me75fM6ugJ,kIsH,uKAI,L84s,NhsEn4L,kZJ4Oht,0b85,cJvF,FzaX,dqL8hdx,oslk,MnYAKIt,LM8l689qOp,fKCe,RAYp,F2FyR07IdsN7I
0,2345,7,8772,488,610,248,210,0,90816,0,3.377697,27,228,1127,234456,0,4521.18,5,30,88,160,34375,1755,66,14778,0,291715,96556,3700,0,27,17696,691772,88,115998,0,0,hSovyx7IEC,BrRu5UxtiQY9TTJ8ABKpfS,CiJDdr4TQ0rGERIS,1K8T,7M9D,fhk21Ss,ELRUn57,dcue,9_Y1,YGOC,VpdQ,y6dw,7M47J5GA0pTYIFxg5uy,kIsH,uKAI,L84s,_5OXC8MSLt,kZJMFCG,7SYG,UYBR,FzaX,4UxGlow,oslk,catzS2D,LM8l689qOp,szEZ,ZI9m,VjDE
0,161,0,0,136,170,120,309.12,0,2421294,0,4.549455,9,18,0,1382400,0,102037.8,5,10,32,16,181539.2,630,30,0,0,2152870,2184580,0,0,0,0,10470440,12,2592000,0,0,zcROj17IEC,RO12,taul,1K8T,487l,I6Bd3iM,J_sb4dmQwP,3Ivc,9_Y1,iVbl,VpdQ,IYzP,me75fM6ugJ,kIsH,uKAI,Mtgm,NhsEn4L,7WwOAni,bRgG,UYBR,FzaX,bBmOw16,oslk,CcdTy9x,LM8l689qOp,7aLG,RAYp,F2FyR07IdsN7I
0,252,7,136,100,125,16,73.76,0,0,0,2.518265,9,158,21,0,0,3506.01,0,0,0,0,-1853504,210,0,16353,0,118635,3036,365,0,9,0,100980,46,0,0,0,AUUt0GoOh3,2Knk1KF,taul,1K8T,g6No,a5zOfm0,lGXpFd_2Rf,m_ym,9_Y1,t_4G,09_Q,IYzP,me75fM6ugJ,kIsH,uKAI,Mtgm,XfqtO3UdzaXh_,XTbqizz,tski,cJvF,FzaX,lRbfSEp,oslk,zccO8fW,LM8l689qOp,Qu4f,RAYp,TCU50_Yjmm6GIBZ0lL_
0,399,0,0,148,185,48,279.76,5,4277088,0,2.46144,9,22,0,2213968,0,217256.1,30,0,40,32,165523.6,535,54,0,8,4062315,804960,0,0,9,554428,10719080,24,0,0,0,Yn7t0Go8Lb,RO12,taul,1K8T,YVv3,bbJMPAv,NW71gM15FR,3XiJ,9_Y1,rGJy,VpdQ,zm5i,me75fM6ugJ,kIsH,uKAI,Mtgm,NhsEn4L,7Ww61kb,7EM2,UYBR,FzaX,J9KmS85,oslk,kqrML05,LM8l689qOp,Qu4f,RAYp,F2FyR07IdsN7I
0,5635,21,552,28,35,8,265.76,0,1088124,0,0.5488144,36,134,63,3441176,0,25840.02,0,0,0,8,65969.6,340,12,11925,0,8285050,422,305,0,27,0,9074880,6,0,0,0,tr0Wq69cTy,2Knk1KF,taul,1K8T,ssAy,ntsODwF,msIqHk8toE,so1U,9_Y1,0A_v,VpdQ,sYC_,me75fM6ugJ,kIsH,uKAI,L84s,NhsEn4L,beK4AFX,bHhG,UYBR,FzaX,CJTj9cC,oslk,nqp6Kfh,jySVZNlOJy,PM2D,RAYp,55YFVY9
0,434,0,0,352,440,288,166.56,0,0,0,2.871395,9,16,0,143336,0,2451.045,0,24,96,112,9177.44,1265,0,0,0,71205,89372,0,0,0,82131,348052,52,61014,0,0,hSovyx7IEC,RO12,taul,1K8T,0Xwj,8ij6Lg8,9xAFApr,KTi9,HLqf,YGOC,sJzTlal,IYzP,me75fM6ugJ,sBgB,uKAI,L84s,NhsEn4L,mAjbQbU,aj6o,cJvF,FzaX,7OmVzos,oslk,76DJixu,LM8l689qOp,szEZ,RAYp,F2FyR07IdsN7I
0,7868,7,6248,1532,1915,1256,220.08,0,236790,0,5.007263,36,156,504,2029344,0,16393.38,35,76,368,568,-13628.44,8005,60,1026,0,1742305,469494,2170,0,54,251769,3931024,200,591090,0,0,DHerjIKQ76,AERks4l,taul,1K8T,pGTb,fhk21Ss,25RRhwb,ukp9,9_Y1,7WNq,VpdQ,haYg,7M47J5GA0pTYIFxg5uy,kIsH,uKAI,L84s,dGiN9qj1jEYX9,ORM4cJh,OtzQ,cJvF,AU8pNoi,4UxGlow,Al6ZaUT,catzS2D,LM8l689qOp,WqMG,ZI9m,ib5G6X1eUxUn6
0,826,7,3168,264,330,200,166.56,0,2566056,0,0.9049349,9,72,343,995864,0,39341.7,20,12,40,80,-1036272,1045,30,376560,0,1598665,239476,495,0,0,515886,5359160,32,830742,0,0,qXhrEy7VR2,RO12,taul,1K8T,TyGl,4JEMGuV,zA2IZno2NK,IudG,9_Y1,X8zP,VpdQ,IYzP,me75fM6ugJ,kIsH,uKAI,Mtgm,NhsEn4L,mAjbk_S,Ijmq,cJvF,FzaX,VA_88FJ,oslk,0JeRt72,LM8l689qOp,Aoh3,RAYp,F2FyR07IdsN7I
0,1953,7,0,240,300,72,253.52,0,6299520,0,0.2433241,9,30,0,1848176,0,69682.5,30,8,32,64,165041.6,1055,108,774,0,2823415,646648,210,0,0,0,10337680,30,563952,0,0,Qu0qrQKzJV,RO12,taul,1K8T,JLbT,4e311pK,r83_sZi,t65Y,9_Y1,15m3,VpdQ,IYzP,me75fM6ugJ,kIsH,uKAI,L84s,NhsEn4L,mAjbk_S,oWky,UYBR,FzaX,kC8vOIl,oslk,OjiRt72,LM8l689qOp,FSa2,RAYp,F2FyR07IdsN7I
0,1113,7,10196,288,360,104,200,0,455580,0,5.394788,9,88,2380,1790960,0,60203.7,15,22,96,80,-1167404,950,114,44271,0,1922120,324678,1875,0,0,534674,3704504,32,449592,0,0,4e7Wq69R_D,AERks4l,taul,1K8T,lK27,PHNvXy8,JQFeOYK,0XzP,9_Y1,Px52,VpdQ,IYzP,NKv3VA1BpP,kIsH,uKAI,Mtgm,I6KzrtUCei,cUQgrpN,JEC4,UYBR,FzaX,UF16siJ,zCkv,APgdzOv,LM8l689qOp,PM2D,6fzt,xwM2aC7IdeMC0
0,441,7,0,28,35,32,166.56,0,0,0,0.6797693,9,124,0,10864,0,5396.31,0,2,8,8,-1952.572,115,0,846,0,11865,11066,120,0,9,0,45656,2,12900,0,0,xearjIX0Db,AERks4l,taul,1K8T,JLbT,cfdrWlZ,3clyC8L,jFxw,9_Y1,nr0d,VpdQ,wMei,7M47J5GA0pTYIFxg5uy,kIsH,uKAI,L84s,TW8UhnX,CWNYhG_,V00J,cJvF,FzaX,hLKJbH2,QKW8DRm,vr9adAY,LM8l689qOp,5Acm,vJ_w8kB,ib5G6X1eUxUn6
0,791,0,0,472,590,248,406.96,0,4152558,0,1.8699,9,26,0,3374440,0,136066.2,35,40,144,104,7096.16,1045,114,0,8,3538655,433190,0,0,0,161308,9617720,56,511188,0,7,2jiWq69cTy,RO12,taul,1K8T,lK27,SCRu_5h,itSGh3t,zl7F,9_Y1,Px52,VpdQ,IYzP,me75fM6ugJ,kIsH,uKAI,L84s,NhsEn4L,mAja5EA,cbH5,UYBR,FzaX,QtooGGc,oslk,X2DAyp5,LM8l689qOp,PM2D,RAYp,F2FyR07IdsN7I
0,1645,14,132,460,575,208,133.12,0,398460,0,1.82931,27,130,0,530792,0,9403.949,20,18,64,144,131.8572,1455,72,13707,0,325190,210458,160,0,18,77938,1417196,92,250998,0,0,1GdOj17ejg,2Knk1KF,taul,1K8T,oXaB,PFWctUb,V6XUlxabJ4VaD,hW6L,9_Y1,zfpA,VpdQ,lVqb,me75fM6ugJ,kIsH,uKAI,L84s,XfqtO3UdzaXh_,11pm6dL,8TN8,cJvF,FzaX,UjGfc8E,oslk,MKxzgmc,LM8l689qOp,7aLG,RAYp,55YFVY9
0,784,7,2876,112,140,16,196.64,20,5394318,0,0.7673574,9,82,210,1918312,3,74878.5,20,4,48,24,1090508,565,54,107415,40,3168170,316816,795,0,18,411096,9225720,16,352368,0,0,C2Dvyx875g,RO12,taul,1K8T,TyGl,2iJuMXJ,ZIXKpoNpqq,XqdY,9_Y1,MBhA,09_Q,haYg,me75fM6ugJ,kIsH,uKAI,L84s,XfqtO3UdzaXh_,11p4mKe,Xpz5,UYBR,FzaX,IvCCvHT,oslk,FjXjKAP,LM8l689qOp,WqMG,RAYp,F2FyR07IdsN7I
0,658,14,4268,168,210,40,120.4,25,2515200,9,1.688742,18,86,70,470352,9,49948.8,5,20,32,56,-75034,505,30,4230,72,2712525,451002,2400,0,45,0,7418480,28,3176478,0,0,75lr4RXktW,RO12,taul,1K8T,kNzO,cSPyOPj,_jTP8ioIlJ,gItN,9_Y1,jakt,VpdQ,hzlB,me75fM6ugJ,kIsH,uKAI,L84s,XfqtO3UdzaXh_,11p4mKe,LHIP,cJvF,FzaX,urwOVQC,oslk,Am5OEra,LM8l689qOp,7FJQ,RAYp,F2FyR07IdsN7I
0,1792,7,4912,276,345,168,201.12,0,0,0,4.640248,9,50,7,943456,0,32487.6,5,16,40,136,-300914.4,1300,0,5472,0,1761215,377940,1675,0,0,63763,3139388,44,752910,0,0,V8lt0G8rTN,RO12,taul,1K8T,lK27,q9gARMl,msIFlLyI91,7emT,9_Y1,k13i,VpdQ,IYzP,me75fM6ugJ,kIsH,uKAI,L84s,NhsEn4L,mAjbk_S,gtNh,cJvF,FzaX,zQ_4jrS,oslk,3L2y2B0,LM8l689qOp,fKCe,RAYp,F2FyR07IdsN7I
0,714,7,60,188,235,72,270.16,0,0,0,3.164068,9,48,0,71696,0,3250.29,5,16,40,112,-45677.2,470,0,756,0,60210,31856,210,0,0,16191,189208,30,56382,0,0,oBXq9ayfAo,RO12,taul,1K8T,487l,XX3cFZv,EXpWEXgaYpMJ7,rlx_,9_Y1,F_Lu,VpdQ,IYzP,me75fM6ugJ,kIsH,uKAI,L84s,NhsEn4L,mAjbk_S,TddH,UYBR,FzaX,FMZYH7D,oslk,MHP7DIf,LM8l689qOp,TNEC,RAYp,F2FyR07IdsN7I
0,1239,7,5256,200,250,168,166.56,0,35088,0,6.274941,36,172,105,391632,0,6474.36,5,8,48,56,-121130.4,795,12,2187,0,78940,55592,35,0,18,11018,429552,30,52140,0,0,qXhrEy7VR2,qqimvRzsp8ZZdKRPgzLg68joSn_k,taul,1K8T,0Xwj,zN9Vdmm,9ttoZBB,H1M5,HLqf,H9GL,VpdQ,kxE9,me75fM6ugJ,sBgB,uKAI,L84s,XfqtO3UdzaXh_,XTbPUYD,Uplh,cJvF,FzaX,Ox8fR8o,oslk,mWoTy9x,LM8l689qOp,Aoh3,RAYp,iyHGyLCEkQ
0,308,7,280,88,110,120,186.64,0,0,0,1.189489,9,202,7,28944,6,6286.53,0,10,16,8,-48745.6,225,0,639,24,7730,87292,85,0,27,0,252512,2,85908,0,7,52Iq9ayE15,_7J0OGNN8s6gFzbM,CiJDdr4TQ0rGERIS,1K8T,0Xwj,fhk21Ss,r83_sZi,nt0n,HLqf,vm5R,VpdQ,sYC_,7M47J5GA0pTYIFxg5uy,sBgB,uKAI,L84s,MeOIHRG3F9,EknepHi,C4DH,cJvF,FzaX,4UxGlow,zCkv,catzS2D,LM8l689qOp,7P5s,ZI9m,ZeaF
0,2198,7,348,388,485,160,166.56,0,1252536,0,5.962401,9,68,84,918832,0,18940.71,30,26,128,128,93495.2,1995,36,30096,0,1594450,112824,190,0,9,386617,4085040,72,315726,0,0,JMGrjIXt5a,RO12,taul,1K8T,sKnY,im_bujo,FoJylxy,08RV,9_Y1,xQ2A,VpdQ,sYC_,me75fM6ugJ,kIsH,uKAI,L84s,NhsEn4L,beK4AFX,61hs,cJvF,FzaX,hf11Ctd,oslk,6Uhw_BK,LM8l689qOp,5Acm,RAYp,F2FyR07IdsN7I
0,868,14,1368,132,165,0,234.72,0,5184000,0,6.87524,27,66,182,2038800,0,198836.1,25,0,32,32,178546.4,510,60,2286,0,5711500,0,2420,0,9,604800,10772600,28,0,0,0,C2Dvyx875g,snf9xe6PBwBZ8lKzhEz,LfvqpCtLOY,1K8T,pGTb,PHNvXy8,I1sqWRxUAv,JM2c,9_Y1,MBhA,09_Q,sYC_,NKv3VA1BpP,kIsH,uKAI,L84s,I6KzrtUCei,TDcUKer,5smi,UYBR,tdJW_Pm,UF16siJ,zCkv,APgdzOv,bCPvVye,WqMG,6fzt,xwM2aC7IdeMC0
0,1239,7,0,164,205,32,253.52,0,1901808,0,2.914121,9,66,0,4635232,0,136877.1,10,0,40,64,124354.4,1155,30,6318,0,7579300,132796,20,0,18,192087,10605720,44,0,0,0,oyGrjIXt5a,RO12,taul,1K8T,JLbT,n0tQn2A,4hMlgkf58mhwh,N_kQ,9_Y1,YBFS,VpdQ,43pnToF,me75fM6ugJ,kIsH,uKAI,L84s,NhsEn4L,mAjbk_S,DkqJ,cJvF,FzaX,Qui18fN,oslk,ep2j7qz,LM8l689qOp,5Acm,RAYp,F2FyR07IdsN7I
0,1309,7,2312,156,195,120,166.56,5,450,0,3.30015,9,156,98,114000,0,3520.5,0,6,40,72,-344.8572,565,12,13689,8,51855,29444,5485,0,9,62853,171732,20,21090,0,0,8I1r4RXXnK,2Knk1KF,taul,1K8T,dWQK,DP5xtq0,r83_sZi,VGHH,9_Y1,TFSW,VpdQ,haYg,me75fM6ugJ,kIsH,uKAI,L84s,XfqtO3UdzaXh_,XTbPUYD,f316,UYBR,FzaX,2Lw6pd1,oslk,XHOAGfT,LM8l689qOp,Xa3G,RAYp,TCU50_Yjmm6GIBZ0lL_
0,2548,14,324,356,445,272,166.56,0,46320,0,0.8470412,27,52,35,1854736,0,19297.23,20,10,88,128,-133198.4,1395,24,9441,0,781640,536382,690,0,0,415870,2836116,52,218514,0,0,KXMWq69R_D,RO12,taul,1K8T,ssAy,RxDMhNR,lL9c3pxXdL,KYk5,9_Y1,Px52,VpdQ,IYzP,me75fM6ugJ,kIsH,uKAI,L84s,NhsEn4L,mAjbk_S,h1yL,cJvF,FzaX,Y578iqZ,oslk,BG5Rt2K,LM8l689qOp,PM2D,RAYp,F2FyR07IdsN7I
0,1827,7,716,340,425,96,320.4,0,5335752,0,5.880581,9,34,357,3287168,0,71453.7,30,8,56,120,179976.4,1480,120,12780,0,2748730,1087804,2200,0,9,5894,10644080,56,658944,0,0,1KSqrQK2Mx,RO12,taul,1K8T,AnrR,ofiZR7x,r83_sZi,l_Pq,9_Y1,15m3,VpdQ,IYzP,me75fM6ugJ,kIsH,uKAI,Mtgm,NhsEn4L,kZJtVhC,4EiV,cJvF,FzaX,JO03372,oslk,XlgxB9z,LM8l689qOp,FSa2,RAYp,F2FyR07IdsN7I
0,1211,7,832,580,725,256,166.56,0,4326,0,1.003204,9,136,259,363056,0,37248.6,0,18,152,280,-70094.4,1040,36,4293,0,357940,21888,175,0,9,70595,563064,126,72786,0,0,MlYvyx875g,rEUOq2QD1qfkRr6qpua,taul,1K8T,Guv5,fhk21Ss,FoJylxy,D6lg,9_Y1,MBhA,VpdQ,wMei,7M47J5GA0pTYIFxg5uy,kIsH,uKAI,L84s,h0lfDKh52u4GP,XTb43TJ,5smi,UYBR,OFWH,4UxGlow,oslk,catzS2D,jySVZNlOJy,WqMG,ZI9m,ib5G6X1eUxUn6
0,350,7,164,96,120,96,133.12,0,9480,0,6.969878,9,54,0,34104,0,3711.3,5,2,16,16,1670,185,12,16992,0,13625,31988,565,0,0,0,106680,12,2748,0,0,1YVgUHXZeb,RO12,taul,1K8T,wOc1,gwY4NQF,_03xtaMIkk68B,rqJO,9_Y1,8BBI,VpdQ,IYzP,me75fM6ugJ,kIsH,uKAI,L84s,NhsEn4L,TDceha3,ehSn,cJvF,FzaX,t5EoLzk,oslk,ag5iNPX,LM8l689qOp,453m,RAYp,F2FyR07IdsN7I
0,1029,7,300,128,160,0,220.08,0,7169520,0,5.110446,9,74,0,2363128,0,160663.2,25,0,40,32,401104,480,84,20133,0,3780085,0,700,0,18,604800,10512200,18,0,0,0,NESt0G8EIb,RO12,taul,1K8T,2Ix5,qEdASpP,ELRUn57,PwcR,9_Y1,e7QV,VpdQ,sYC_,me75fM6ugJ,kIsH,uKAI,L84s,NhsEn4L,beK4AFX,yA67,cJvF,FzaX,0AJo2f2,oslk,2Kb5FSF,jySVZNlOJy,fKCe,RAYp,F2FyR07IdsN7I
0,7231,14,3868,160,200,80,286.96,0,1239642,0,5.829951,18,84,231,4017992,0,23016.63,5,4,32,48,144246.4,815,24,10665,0,5119750,1457084,540,0,9,1190602,10630880,34,1036800,0,0,zKnr4RXktW,RO12,taul,1K8T,0Y9G,9GJGgoz,k10jHig,FYy8,9_Y1,jakt,VpdQ,43pnToF,Kxdu,kIsH,uKAI,L84s,FMSzZ91zL2,kq04MS5,bYIR,cJvF,FzaX,Tvpip6Z,zCkv,hHJsvbM,LM8l689qOp,7FJQ,6fzt,SbOd7O8ky1wGNxp0Arj0Xs
0,3472,7,248,384,480,144,321.2,0,6204660,0,0.1260414,9,58,7,2737480,0,51417.3,30,14,192,136,334806.4,3015,96,504,0,3343305,632864,1600,0,9,282093,10994400,64,173970,0,0,7zYrEyQ13H,RO12,taul,1K8T,z32l,ZTQvcTJ,76j2P_OLn0,ECFV,9_Y1,SkZj,VpdQ,sYC_,me75fM6ugJ,kIsH,g5HH,L84s,NhsEn4L,kq0n8Bj,6qnK,cJvF,FzaX,9WBDQF4,oslk,OXJytFJ,LM8l689qOp,Aoh3,RAYp,F2FyR07IdsN7I
0,1351,7,696,80,100,88,173.2,0,0,0,6.585132,27,176,14,32568,0,2925.897,0,8,64,40,-5639,415,0,4500,0,0,48920,405,0,18,66311,139180,0,37584,0,0,m9SvyxLkBI,qqimvRzsp8ZZdKRPgzLg68joSn_k,taul,1K8T,Xa_z,fhk21Ss,8nstQ62E0C,341G,9_Y1,FbIm,VpdQ,y6dw,7M47J5GA0pTYIFxg5uy,kIsH,uKAI,L84s,_5OXC8MSLt,teArcsH,t5Xy,UYBR,FzaX,4UxGlow,oslk,catzS2D,LM8l689qOp,xb3V,ZI9m,iyHGyLCEkQ
0,546,7,452,120,150,88,220.08,0,0,0,0.9070711,9,32,91,2764800,0,211547.4,0,8,32,32,111918.4,485,0,38052,0,4672825,1900800,3710,0,9,1209600,10304680,22,2073600,0,0,bZk9tYsGvO,RO12,taul,1K8T,PGNs,lKN4RJE,ThrHXVS,ZNIX,9_Y1,YULl,sJzTlal,43pnToF,me75fM6ugJ,kIsH,uKAI,L84s,NhsEn4L,kZJtVhC,qQof,UYBR,FzaX,wxPYjZW,oslk,dXi2qo0,LM8l689qOp,FSa2,RAYp,F2FyR07IdsN7I
0,511,0,0,140,175,80,256.96,0,6651780,0,4.422132,9,26,0,184480,0,206808.6,30,4,40,16,115990.4,560,78,0,0,5120,1726442,0,0,9,0,10677840,4,1036800,0,0,Iskvyx875g,RO12,taul,1K8T,pGTb,G6aMVop,P9HTde2,VvmD,9_Y1,7WNq,VpdQ,zm5i,me75fM6ugJ,kIsH,uKAI,L84s,NhsEn4L,NGZxnJM,cQFy,cJvF,FzaX,Xsgmfvd,oslk,uBYMak1,LM8l689qOp,WqMG,RAYp,F2FyR07IdsN7I
0,2310,7,1152,164,205,64,588,0,0,0,0.1629994,9,90,21,2578136,0,25863.69,0,6,40,64,74205.6,1685,0,22581,0,4098840,389366,5650,0,9,945147,5604080,44,385800,0,0,KXMrEyXXnK,RO12,taul,1K8T,487l,LKy47iP,n2YfB05aPZ,j8N7,9_Y1,SkZj,09_Q,lVqb,me75fM6ugJ,kIsH,uKAI,L84s,XfqtO3UdzaXh_,XTbPUYD,XqMk,cJvF,FzaX,ZLrmfvd,oslk,khtiNPX,LM8l689qOp,Aoh3,RAYp,F2FyR07IdsN7I
0,1190,14,3404,196,245,168,166.56,0,823662,0,4.930143,36,110,378,314568,0,117819,5,14,56,40,126196,800,60,31680,0,550160,1921400,1825,0,18,190848,6416320,10,2105484,0,0,zC_Wq6e2Rv,2Knk1KF,taul,1K8T,487l,c7x9WtT,5q1hF23,QSbr,9_Y1,_xpN,09_Q,lVqb,5iay,kIsH,uKAI,L84s,Ie_5MZs,XTb3Vfj,FjSu,UYBR,FzaX,iVsiwtx,zCkv,FRz7PDj,LM8l689qOp,FSa2,6fzt,Zy3gnGM
0,819,7,1464,140,175,16,286.96,0,8130000,0,2.39201,9,170,35,1382400,3,206507.4,35,0,32,16,178628,555,96,116892,8,2534525,47570,3225,0,36,0,10653160,16,0,0,0,FoxgUHSK8h,5QKIjwyXr4MCZTEp7uAkS8PtBLcn,taul,1K8T,kNzO,fqeOwLG,9xAYHTb,6S0J,9_Y1,mTeA,09_Q,hzlB,7M47J5GA0pTYIFxg5uy,kIsH,uKAI,L84s,5gZdPPT4kHWmT,IoIoj1e,MhTF,UYBR,FzaX,fxJmel6,zCkv,WfsWw2A,M_8D,FSa2,ZI9m,iyHGyLCEkQ
0,350,0,0,440,550,208,166.56,0,4908,0,5.496902,9,16,0,34296,0,1859.121,0,40,112,120,-30037.72,975,42,0,0,87505,34552,0,0,0,29540,244412,84,127326,0,0,HYTvyx7ejg,RO12,taul,1K8T,dWQK,ZBOJeCE,hOpRIhsUSP,OypD,9_Y1,xSqs,VpdQ,IYzP,me75fM6ugJ,kIsH,uKAI,L84s,NhsEn4L,mAja5EA,jLVb,cJvF,FzaX,SppPaRp,oslk,kklH6zW,LM8l689qOp,szEZ,RAYp,F2FyR07IdsN7I
0,1617,14,2104,244,305,248,140.32,0,0,0,1.982269,18,114,14,1572304,0,30912.6,0,12,48,160,594.716,825,0,18846,0,200115,426092,120,0,18,509215,2016884,8,327684,0,0,1GdOj1KXzC,2Knk1KF,taul,1K8T,0Y9G,yqCAZ1S,hOpRIhsUSP,venw,9_Y1,jdbz,VpdQ,haYg,me75fM6ugJ,kIsH,uKAI,L84s,XfqtO3UdzaXh_,XTbPUYD,6JUt,cJvF,FzaX,9AJNioI,oslk,MHVjxQb,LM8l689qOp,kwS7,RAYp,55YFVY9
0,1295,0,8,104,130,32,166.56,0,1110360,0,6.212134,18,140,0,556688,0,26178.39,5,2,56,88,153149.2,505,12,3069,0,928155,81736,0,0,18,299320,2181408,14,42138,0,0,DQlrEyXXnK,2Knk1KF,taul,1K8T,0Xwj,8XsYR4W,M2FFY3ZnAuZ9IfFj,4gDN,HLqf,H1uM,VpdQ,wMei,me75fM6ugJ,sBgB,uKAI,L84s,h0lfDKh52u4GP,IoI4mKe,5QOL,cJvF,FzaX,MQGm0jM,oslk,Mo7Muea,LM8l689qOp,Aoh3,RAYp,55YFVY9
0,1477,0,160,144,180,40,170,0,7008300,0,1.295022,45,160,0,784,0,93712.8,50,0,32,8,93848.8,690,84,10224,0,1821215,528660,0,0,18,0,10350680,12,0,0,0,NESt0G8EIb,2Knk1KF,taul,1K8T,2Ix5,qEdASpP,76j2P_OLn0,Av9x,9_Y1,k13i,VpdQ,wMei,me75fM6ugJ,kIsH,uKAI,L84s,h0lfDKh52u4GP,IoI4mKe,QhST,cJvF,FzaX,0AJo2f2,oslk,2Kb5FSF,jySVZNlOJy,fKCe,RAYp,TCU50_Yjmm6GIBZ0lL_
0,2107,7,0,396,495,368,166.56,0,565086,0,5.970946,9,46,0,432152,0,22319.85,0,20,120,56,-248283.2,1315,138,1845,0,128135,245172,15,0,9,251944,1259184,26,110298,0,0,NESt0G8EIb,RO12,taul,1K8T,lK27,gwY4NQF,7ruFuE4,r2fE,9_Y1,k13i,09_Q,IYzP,me75fM6ugJ,kIsH,uKAI,L84s,NhsEn4L,mAjbk_S,qtec,cJvF,FzaX,t5EoLzk,oslk,ag5iNPX,LM8l689qOp,fKCe,RAYp,F2FyR07IdsN7I
0,1323,7,68,200,250,176,133.12,0,0,0,4.874172,9,168,7,264168,0,8901.449,0,16,48,40,-11984.72,780,0,2700,0,202705,150706,680,0,18,77882,707560,30,167850,0,0,avkq9ayfAo,g62hiBSaKg,taul,1K8T,tzKK,fhk21Ss,XPzgwMv,Z93z,9_Y1,vm5R,VpdQ,hAFG,7M47J5GA0pTYIFxg5uy,kIsH,uKAI,L84s,4kVnq_T26xq1p,XTbSTqG,t0iA,cJvF,FzaX,4UxGlow,zCkv,catzS2D,LM8l689qOp,7P5s,ZI9m,ib5G6X1eUxUn6
0,252,0,0,20,25,0,243.76,0,1053780,0,0.6154668,9,20,0,0,0,262691.4,0,0,0,0,-144282,290,6,0,0,10097450,0,0,0,9,0,8780480,8,0,0,0,zcRZptzip9,RO12,taul,1K8T,ssAy,PvuPLzH,aDgwLKl,oIfG,9_Y1,t_4G,sJzTlal,zm5i,me75fM6ugJ,kIsH,uKAI,Mtgm,NhsEn4L,7WwuNea,jF2B,UYBR,FzaX,EFkfR8o,oslk,tBKqqb8,LM8l689qOp,Qu4f,RAYp,F2FyR07IdsN7I
0,2436,7,1384,88,110,40,220.08,0,2876610,0,4.256783,45,136,0,1382400,0,76221.59,10,6,24,16,176995.2,570,42,30339,0,641980,864000,30,0,54,348964,6413600,6,1335912,0,0,LDPvyx7IEC,2Knk1KF,ev6I,1K8T,487l,fhk21Ss,DKUDUftgA7,dIbZ,9_Y1,qaiO,VpdQ,wMei,7M47J5GA0pTYIFxg5uy,kIsH,uKAI,L84s,Ie_5MZs,XTbjhEX,jUF3,cJvF,FzaX,4UxGlow,zCkv,catzS2D,jySVZNlOJy,szEZ,ZI9m,Zy3gnGM
0,105,0,0,196,245,152,86.96,0,1640910,0,4.838923,9,14,0,138952,0,61673.4,0,10,16,32,-704308,375,42,0,0,450880,496590,0,0,0,234955,3067212,28,824868,0,0,_v2TmBftjz,RO12,taul,1K8T,4fje,F0CcSKu,ZIXUCtex8p,1o7d,9_Y1,Gx0B,sJzTlal,IYzP,me75fM6ugJ,kIsH,uKAI,L84s,NhsEn4L,7WwwAA_,wPYF,UYBR,FzaX,Z6VzNJS,oslk,503jKAP,LM8l689qOp,Qu4f,RAYp,F2FyR07IdsN7I
0,2030,7,8,196,245,32,220.08,0,5086272,0,0.130314,9,122,0,447176,0,71211.59,40,8,104,64,103201.2,945,72,4203,0,4689275,20440,235,0,9,249116,10305920,26,720360,0,0,Yn7t0Go8Lb,2Knk1KF,taul,1K8T,G6s_,8F4NGWG,GHfL3MpXAX,4bTR,9_Y1,MGOA,VpdQ,sYC_,me75fM6ugJ,kIsH,uKAI,L84s,NhsEn4L,teAyFc5,bHR7,UYBR,FzaX,J8TK3rj,oslk,6ZAHToS,LM8l689qOp,Qu4f,RAYp,55YFVY9
0,1302,7,2176,148,185,96,288.16,5,2923728,0,2.330698,9,130,21,487056,0,42321,25,4,32,24,-108288,720,42,5040,8,851520,1780954,285,0,27,0,8555560,16,950388,0,0,KXMWq69R_D,2Knk1KF,taul,1K8T,FPxv,6KF0k8W,p528EHj,i_Q4,9_Y1,Px52,VpdQ,kxE9,me75fM6ugJ,kIsH,uKAI,L84s,XfqtO3UdzaXh_,11p4mKe,OjcI,UYBR,FzaX,ot6oLzk,oslk,IIvC99a,LM8l689qOp,PM2D,RAYp,55YFVY9
0,2170,14,13024,152,190,8,200,0,8734440,0,0.5481735,36,136,105,1382400,0,43716.9,30,12,32,16,143925.2,1095,102,18639,0,1795620,20400,120,0,9,0,10725760,12,1147776,0,0,BQavyxLp3Z,2Knk1KF,taul,1K8T,R4_H,UOmdzR5,glRBFJT8NN,FUgD,9_Y1,vzJD,VpdQ,sYC_,me75fM6ugJ,kIsH,uKAI,L84s,NhsEn4L,beK4AFX,cMEF,UYBR,FzaX,zqsoLzk,oslk,WRysKoy,LM8l689qOp,xb3V,RAYp,55YFVY9
0,728,0,0,144,180,24,308.24,0,5317182,0,1.376843,9,24,0,2764800,0,145809,25,0,32,32,120688,685,66,0,0,4872340,29302,0,0,18,0,10611680,26,0,0,0,NQ5vyxLkBI,RO12,taul,1K8T,GYbZ,ka_ns41,9YuYZx0Xsm,VHh0,9_Y1,FbIm,VpdQ,zm5i,me75fM6ugJ,kIsH,uKAI,Mtgm,NhsEn4L,kZJtVhC,CnTg,UYBR,FzaX,1YVfGrO,oslk,fXVEsaq,LM8l689qOp,xb3V,RAYp,F2FyR07IdsN7I
0,644,7,1268,136,170,8,186.64,0,1129782,0,4.1489,36,32,0,4721592,0,227046.9,10,0,32,56,-193118.8,485,30,774,0,7855600,394,150,0,0,0,10090480,38,0,0,0,hSovyx7IEC,RO12,taul,1K8T,0Xwj,wLsMvt2,r83_sZi,gtyJ,HLqf,RcM7,VpdQ,IYzP,me75fM6ugJ,sBgB,uKAI,L84s,NhsEn4L,mAjbk_S,CbqS,cJvF,FzaX,Ehlm94s,oslk,dxUMkpY,LM8l689qOp,szEZ,RAYp,F2FyR07IdsN7I
0,1183,7,32,712,890,176,300.32,0,5663892,0,3.099765,9,60,28,1715192,0,125221.8,55,24,56,40,-86860,1670,336,9513,0,3588555,404354,640,0,0,62601,10044440,144,426888,0,0,vNEvyxLp3Z,RO12,taul,1K8T,ssAy,crMnQZj,iQmfpd5,3qg9,9_Y1,FbIm,VpdQ,IYzP,me75fM6ugJ,kIsH,uKAI,L84s,NhsEn4L,mAjbk_S,Iypm,cJvF,FzaX,4PcK5YS,oslk,bTP9hga,M_8D,xb3V,RAYp,F2FyR07IdsN7I
0,399,0,0,200,250,232,200,0,0,0,4.399915,9,22,0,645112,0,13158.54,0,14,64,64,17243.44,775,0,0,0,134870,285122,0,0,0,563388,1250372,12,374514,0,0,eOQt0GoOh3,RO12,taul,1K8T,wGW5,bn8OjS3,V_KvNzO,Mp67,9_Y1,C7DI,VpdQ,IYzP,me75fM6ugJ,kIsH,uKAI,L84s,NhsEn4L,mAja5EA,ZUCb,cJvF,FzaX,nfA6V3V,oslk,cBS7qqc,LM8l689qOp,Qu4f,RAYp,F2FyR07IdsN7I
0,994,7,160,168,210,80,200,0,518400,0,3.05533,9,78,63,1017424,0,57277.8,0,6,48,48,-1191320,715,6,5715,0,2518675,151052,80,0,27,393064,3431572,44,390324,0,0,oUPBcmzkzH,RO12,taul,1K8T,uNkU,6CXYbuk,6uerj6GG35,7nYb,9_Y1,KubS,VpdQ,itlM,Kxdu,kIsH,uKAI,L84s,9pUnzWLbztKTo,y5FWh4t,IT3w,cJvF,FzaX,ROeipLp,zCkv,K2SqEo9,LM8l689qOp,Qcbd,6fzt,am14IcfM7tWLrUmRT52KtA
0,91,0,0,112,140,72,258.72,5,2488422,0,2.371929,18,16,0,7024680,9,234908.7,5,2,16,48,114141.2,245,24,0,32,2333820,1401786,0,0,0,0,10742480,14,875616,0,0,75lq9ayfAo,RO12,taul,1K8T,lK27,GUg04mC,IoHEIyTRj9,jmqu,9_Y1,AKLO,09_Q,IYzP,me75fM6ugJ,kIsH,uKAI,L84s,NhsEn4L,NGZxnJM,mWNb,cJvF,FzaX,6g5Ojel,oslk,UbjqFbB,LM8l689qOp,TNEC,RAYp,F2FyR07IdsN7I
0,861,7,44,180,225,80,297.52,0,5250,0,1.198462,9,38,35,2105312,6,40194.6,0,8,40,80,-986356,675,12,6435,16,2096980,231506,65,0,9,901306,3437880,38,361692,0,0,LDPvyx7IEC,RO12,taul,1K8T,oXaB,GOBu1hQ,LH076SiAyW,2k9D,9_Y1,RcM7,sJzTlal,Tkho,me75fM6ugJ,kIsH,uKAI,Mtgm,NhsEn4L,7Ww_Xqy,A1VJ,UYBR,FzaX,xtR871e,oslk,LiUPLfR,LM8l689qOp,szEZ,RAYp,F2FyR07IdsN7I
0,896,14,1560,112,140,96,133.12,0,0,0,5.32023,36,44,217,0,0,12848.37,0,4,0,0,82004.4,340,0,29691,0,606020,121946,3675,0,0,0,777520,28,73218,0,0,bZkvyxLkBI,RO12,taul,1K8T,0Xwj,6KF0k8W,V4E_TU9097,CZsd,F3hy,vzJD,09_Q,IYzP,me75fM6ugJ,kIsH,uKAI,L84s,NhsEn4L,TDcECyH,PDRj,cJvF,FzaX,ot6oLzk,oslk,IIvC99a,LM8l689qOp,xb3V,RAYp,F2FyR07IdsN7I
0,588,14,4588,244,305,88,210,0,2322846,0,6.183081,27,88,35,1169648,0,78396.3,30,8,64,112,1109996,1035,36,9738,0,1982490,1095958,4620,0,0,940723,7488800,40,794130,0,0,CEaBcmz45j,RO12,taul,1K8T,tXti,F0C9gyP,z2Sp986pTn,2bVl,9_Y1,WGOH,VpdQ,IYzP,me75fM6ugJ,kIsH,uKAI,L84s,NhsEn4L,beK4AFX,rdgs,UYBR,FzaX,Z6VL1fY,oslk,MPTjKAP,LM8l689qOp,Qcbd,RAYp,F2FyR07IdsN7I
0,4200,7,14484,212,265,72,230.08,0,2075064,0,3.352916,9,200,9919,262008,0,37524.3,10,4,16,16,240433.6,1270,36,80460,0,1931035,199252,105,0,27,32529,6167600,64,1170618,0,0,1YVgUHXZeb,2Knk1KF,taul,1K8T,7ALb,fhk21Ss,nu5cwYj,V9OO,9_Y1,STGZ,VpdQ,y6dw,7M47J5GA0pTYIFxg5uy,kIsH,uKAI,L84s,_5OXC8MSLt,LxWhDOK,RRxJ,UYBR,FzaX,4UxGlow,oslk,catzS2D,LM8l689qOp,453m,ZI9m,VjDE
0,1729,7,2476,424,530,144,166.56,0,1401780,0,4.834437,18,100,14,2168784,0,63860.1,35,6,72,104,41412.8,1530,120,12663,0,3669310,882356,10720,0,27,461643,7065880,90,418356,0,0,8I1r4RXXnK,RO12,taul,1K8T,JLbT,r6c4NQF,NW71mrodGH,AItK,9_Y1,TFSW,VpdQ,haYg,me75fM6ugJ,kIsH,uKAI,L84s,XfqtO3UdzaXh_,XTbPUYD,FjrU,cJvF,AU8pNoi,vtCOZ4E,oslk,uyDQguc,LM8l689qOp,Xa3G,RAYp,F2FyR07IdsN7I
0,665,14,584,28,35,8,289.04,0,5679132,0,5.82931,18,42,0,2346576,0,229183.8,0,0,0,8,321029.2,365,18,38610,0,4352440,1085492,345,0,18,0,10612320,4,0,0,0,UCDvyx8zhV,RO12,taul,1K8T,TyGl,WBE7_nh,EXpWEXgaYWQf4,JM2c,9_Y1,MBhA,VpdQ,zm5i,me75fM6ugJ,kIsH,uKAI,L84s,NhsEn4L,mAjbk_S,5smi,UYBR,FzaX,Nh_lI5k,oslk,MKErUdI,jySVZNlOJy,WqMG,RAYp,F2FyR07IdsN7I
0,266,0,0,60,75,24,166.56,0,0,0,6.277719,9,28,0,50632,0,2424.33,0,0,24,56,-9064.16,275,0,0,0,30500,3846,0,0,0,15393,57408,10,0,0,0,8I1q9ayE15,RO12,taul,1K8T,GYbZ,ezgcTEF,hCdK,gsgF,9_Y1,pQsY,VpdQ,IYzP,me75fM6ugJ,kIsH,uKAI,L84s,NhsEn4L,mAja5EA,zPvi,UYBR,FzaX,xtRfGrO,oslk,N0GRusu,LM8l689qOp,TNEC,RAYp,F2FyR07IdsN7I
0,1267,7,1032,272,340,296,166.56,0,1710,0,1.51677,9,54,35,230096,0,6304.65,5,12,88,136,-12097.16,830,6,178110,0,96320,192624,2265,0,0,119553,624912,12,67860,0,0,xddq9ayfAo,RO12,taul,1K8T,z32l,Fnlw8DQ,II0S8f9,PhfY,9_Y1,kJJ7,VpdQ,IYzP,me75fM6ugJ,kIsH,uKAI,L84s,NhsEn4L,mAjbk_S,zbdf,cJvF,FzaX,wIfAM23,oslk,dwbKSUK,LM8l689qOp,7P5s,RAYp,F2FyR07IdsN7I
0,728,7,1636,140,175,128,176.56,0,0,0,6.595386,9,64,0,62928,0,5115.45,5,6,48,48,-1266708,540,0,7614,0,57895,76804,2190,0,0,34650,252348,18,29700,0,0,zKnr4RXktW,RO12,taul,1K8T,0Y9G,GgAyY9R,76j2P_OLn0,XBcw,9_Y1,jakt,VpdQ,IYzP,me75fM6ugJ,kIsH,uKAI,Mtgm,NhsEn4L,mAjbk_S,fQOI,cJvF,FzaX,eJsTbnP,oslk,renRdow,LM8l689qOp,7FJQ,RAYp,F2FyR07IdsN7I
0,966,7,2720,136,170,24,289.76,0,5229444,0,2.275368,9,64,49,680016,0,209749.5,30,6,48,16,115506,575,66,19971,0,3571505,489614,335,0,9,642089,10402880,18,999840,0,0,AUUt0GoOh3,RO12,taul,1K8T,xgSF,tAqBboK,glRBFJT8NN,Taoo,9_Y1,Z5OU,VpdQ,IYzP,me75fM6ugJ,kIsH,7A3j,L84s,NhsEn4L,mAjbk_S,PrZW,UYBR,FzaX,B0LABPr,oslk,UP3EVaf,M_8D,Qu4f,RAYp,F2FyR07IdsN7I
0,903,7,88,148,185,16,186.64,0,8647320,0,1.845332,18,40,56,0,0,189194.4,40,0,24,0,498276,535,114,171,0,2288940,120864,140,0,9,0,10481760,16,0,0,0,dRaq9ayE15,RO12,taul,1K8T,yYar,6SycSKu,AnFl2Mwxzd,0pcc,9_Y1,QBpP,VpdQ,IYzP,me75fM6ugJ,kIsH,uKAI,L84s,NhsEn4L,mAja5EA,qKsk,cJvF,FzaX,vz9fSEp,oslk,CW6RDbC,LM8l689qOp,7P5s,RAYp,F2FyR07IdsN7I
0,3836,14,400,192,240,128,233.44,10,6150480,9,0.2418287,36,34,224,5518512,0,17126.76,5,2,32,56,50430.4,2665,72,5778,24,1486905,1179394,11285,0,18,262955,10894200,22,504822,0,0,DHeq9ayfAo,RO12,taul,1K8T,Bxva,yaSXmCB,hOpRIhsUSP,DXpT,9_Y1,vm5R,VpdQ,IYzP,DHn_WUyBhW_whjA88g9bvA64_,kIsH,uKAI,L84s,CrNX,mAjbq_f,aLT3,cJvF,FzaX,cNufMTs,d0EEeJi,qDdJhJw,LM8l689qOp,7P5s,nIGXDli,F2FyR07IdsN7I
0,2436,7,3752,396,495,200,133.12,0,7650,0,3.660329,18,50,119,538112,0,5190.75,25,38,160,240,-12743,1410,18,4284,0,141525,86672,75,0,0,255346,802324,34,325536,0,0,vAsvyx7ejg,AERks4l,taul,1K8T,0Xwj,7MftdX8,5q1hF23,aS0J,HLqf,YGOC,09_Q,IYzP,GjJ35utlTa_GNSvxxpb9ju,sBgB,uKAI,L84s,JBfYVit4g8,uZLQ8n6,b2Vl,cJvF,FzaX,VDdF8u1,Al6ZaUT,ua1Na8V,LM8l689qOp,szEZ,02N6s8f,xwM2aC7IdeMC0
0,896,7,584,300,375,72,166.56,0,18102,0,1.196539,9,140,147,609984,0,31197.9,5,14,176,232,109275.6,535,6,19323,0,1018960,69034,2300,0,18,203322,1380624,56,161820,0,0,avkq9ayfAo,2Knk1KF,taul,1K8T,0Xwj,HPUGayG,hCdK,rJJV,HLqf,vm5R,VpdQ,wMei,me75fM6ugJ,sBgB,uKAI,L84s,h0lfDKh52u4GP,IoI4mKe,0F0X,cJvF,FzaX,kTkv10k,oslk,TUP6P29,LM8l689qOp,7P5s,RAYp,55YFVY9
0,1015,7,4,280,350,184,253.52,0,4230576,0,1.366588,9,42,0,245624,0,171438,50,2,64,48,251384.4,850,72,1737,0,2758890,873226,5,0,9,36043,10008200,36,106944,0,0,Qu0qrQKzJV,PomAbFU,taul,1K8T,0Xwj,ofiZR7x,JwF8j8p,XINz,HLqf,15m3,VpdQ,43pnToF,me75fM6ugJ,sBgB,uKAI,Mtgm,NhsEn4L,NGZXfGp,hWTa,UYBR,FzaX,JO03372,oslk,XlgxB9z,jySVZNlOJy,FSa2,RAYp,F2FcTt7IdMT_v
0,938,7,232,28,35,0,294.24,0,2178762,0,0.3294168,9,36,70,1159640,0,202467,15,0,24,8,57141.6,395,12,7245,0,925780,0,235,0,9,0,10030560,2,0,0,0,dRaq9ayE15,RO12,taul,1K8T,mAW3,MvUxJVj,itSGh3t,gGmb,9_Y1,kJJ7,VpdQ,zm5i,me75fM6ugJ,kIsH,uKAI,L84s,NhsEn4L,mAjAVZm,glMe,cJvF,FzaX,cXse4eD,oslk,qWj5Ui8,LM8l689qOp,7P5s,RAYp,F2FyR07IdsN7I
0,3409,0,0,2288,2860,48,220.08,5,7986420,0,3.921384,9,16,0,821920,0,19221.66,620,238,936,1840,969364,3205,114,0,8,1076980,542138,0,0,0,0,9694840,148,251058,0,0,dRaTmBfHUn,RO12,taul,1K8T,EWYi,ZvGeml7,nQUq7hGe64,XCko,9_Y1,4N0K,09_Q,IYzP,me75fM6ugJ,kIsH,uKAI,L84s,NhsEn4L,kZJtVhC,YY9V,cJvF,FzaX,bDfR2zc,oslk,KcC08Cl,LM8l689qOp,Qu4f,RAYp,F2FyR07IdsN7I
0,623,14,4000,164,205,56,210,0,14208,0,3.625935,18,156,1106,1529040,0,83301,0,12,56,40,-76676.4,555,18,7920,0,3623830,301208,1795,0,9,688870,4459360,40,275838,0,0,NESWq69R_D,2Knk1KF,taul,1K8T,TyGl,GQpJsEU,DthSxx8,nyZz,9_Y1,RVjC,VpdQ,hAFG,7M47J5GA0pTYIFxg5uy,kIsH,uKAI,L84s,XfqtO3UdzaXh_,XTbPUYD,bru6,UYBR,AU8pNoi,kTkvdH_,oslk,xT679_c,LM8l689qOp,FSa2,RAYp,TCU50_Yjmm6GIBZ0lL_
0,840,14,384,36,45,0,353.36,5,4797510,0,0.5263833,54,48,35,0,0,199140.9,10,0,16,0,2746460,300,18,10773,8,2868220,0,2315,0,9,0,10331320,8,0,0,0,DQlgUH7IEC,RO12,taul,1K8T,lK27,7nPr1U6,rmMHG3u,B7dd,9_Y1,m_h1,VpdQ,IYzP,me75fM6ugJ,kIsH,uKAI,L84s,NhsEn4L,mAjbk_S,KS5g,UYBR,OFWH,eJsuwyX,oslk,2YrjELi,LM8l689qOp,WqMG,RAYp,F2FyR07IdsN7I
0,812,7,644,200,250,168,166.56,0,6096,0,4.435804,9,106,224,80872,0,10206.09,0,4,24,48,29809.56,590,6,53217,0,150715,94970,3800,0,18,13986,382148,40,40704,0,0,uUdt0G8EIb,RO12,taul,1K8T,0LaQ,4ryM639,NYICOH7blwl_zaed,Kwsf,9_Y1,k13i,sJzTlal,hAFG,me75fM6ugJ,kIsH,uKAI,L84s,XfqtO3UdzaXh_,XTbPUYD,6how,UYBR,FzaX,ncu87dl,oslk,_2aRkup,jySVZNlOJy,fKCe,RAYp,F2FyR07IdsN7I
0,1862,28,6120,284,355,80,166.56,0,5097852,0,1.477676,36,68,574,1820336,0,69559.5,65,0,128,72,44797.2,1880,90,2133,0,2169315,1146626,2895,0,9,116522,9743600,48,0,0,0,HYTvyx7ejg,RO12,taul,1K8T,hM6W,b4AnqNs,NBVUlxabJhR17,VTAI,9_Y1,RcM7,09_Q,sYC_,me75fM6ugJ,kIsH,uKAI,L84s,NhsEn4L,beK4AFX,Lzte,cJvF,FzaX,8c8Ku_a,oslk,OyG9qc9,jySVZNlOJy,szEZ,RAYp,F2FyR07IdsN7I
0,1519,14,240,232,290,152,166.56,0,2918394,0,2.947233,36,58,14,170848,0,61215,25,16,56,48,111148.4,1180,78,10269,0,936310,1172838,885,0,0,106505,6326040,14,1682646,0,0,KXMWq69R_D,RO12,taul,1K8T,ssAy,vLtMhNR,LJF4fPp,sfyB,9_Y1,0A_v,VpdQ,IYzP,me75fM6ugJ,kIsH,uKAI,L84s,NhsEn4L,mAja5EA,9NYs,UYBR,FzaX,ie38iqZ,oslk,35GRt2K,LM8l689qOp,PM2D,RAYp,F2FyR07IdsN7I
0,1064,7,528,240,300,104,242.8,0,101574,0,1.912626,9,130,301,711216,0,38896.5,5,14,48,56,-1066960,675,18,3573,0,2050280,281244,880,0,18,262472,3323956,58,1002456,0,0,JMGrjIXt5a,2Knk1KF,taul,1K8T,nQZ6,UGl8_3u,ToUSgkq,w0vQ,9_Y1,VILw,sJzTlal,sYC_,me75fM6ugJ,kIsH,uKAI,Mtgm,NhsEn4L,beK4AFX,7grc,cJvF,FzaX,VA_m0jM,oslk,Z16AAUb,jySVZNlOJy,5Acm,RAYp,55YFVY9
0,161,0,0,344,430,296,166.56,0,0,0,2.159795,9,14,0,138392,0,2194.116,0,16,40,120,-3793.284,430,0,0,0,52890,57052,0,0,0,3199,251592,52,38970,0,0,gOyq9ayE15,RO12,taul,1K8T,_8YK,ob8i_CD,II0S8f9,gnhB,9_Y1,QBpP,VpdQ,IYzP,DHn_WUyBhW_whjA88g9bvA64_,kIsH,uKAI,L84s,CrNX,NGZ_12K,4VUu,cJvF,FzaX,4Pc0JMp,d0EEeJi,T0PdWgH,LM8l689qOp,7P5s,02N6s8f,F2FyR07IdsN7I
0,406,0,0,168,210,40,220.48,0,411624,0,2.205725,9,18,0,290928,0,7355.94,5,12,88,56,69033.6,550,102,0,0,42150,64752,0,0,0,434189,842748,12,376434,0,0,M5vt0Gdc_a,RO12,taul,1K8T,jzYi,SY4EQZQ,S85klZI_wB,29xa,9_Y1,cyKH,09_Q,IYzP,me75fM6ugJ,kIsH,g5HH,L84s,NhsEn4L,TDc4Td_,_ufY,cJvF,AU8pNoi,vU6NT4W,oslk,Oh06Kfh,LM8l689qOp,me1d,RAYp,F2FyR07IdsN7I
0,2772,14,492,488,610,368,133.12,0,0,0,5.422346,18,62,70,97664,0,2281.068,0,44,168,216,-861540,2415,0,21528,0,119560,78322,5090,0,0,59115,363788,54,93996,0,0,zcRZptzip9,RO12,taul,1K8T,wGW5,0mQduRc,Oe4E7cR6Kt,Ghmd,9_Y1,t_4G,VpdQ,IYzP,me75fM6ugJ,kIsH,uKAI,Mtgm,NhsEn4L,TDceha3,Vi98,UYBR,FzaX,JthK5YS,oslk,AV7svbM,LM8l689qOp,Qu4f,RAYp,F2FyR07IdsN7I
0,1575,7,92,228,285,128,200,0,69372,0,4.91348,18,88,21,2356968,3,54023.1,15,14,56,104,-95546,685,6,93339,16,3157495,418174,5,0,0,1098671,5095040,34,581106,0,7,FAJgUH7ejg,RO12,taul,1K8T,vSNn,qmX7Duj,3clyC8L,wuAn,9_Y1,1Bp0,VpdQ,IYzP,me75fM6ugJ,kIsH,uKAI,L84s,NhsEn4L,mAjbk_S,EQ8w,UYBR,FzaX,TIBRJ5l,oslk,fsowEWL,LM8l689qOp,WqMG,RAYp,F2FyR07IdsN7I
0,1008,0,0,164,205,104,86.96,0,29244,0,2.04828,9,36,0,282632,0,5511.87,0,10,64,112,-1551640,285,18,2214,0,13905,71836,0,0,0,28077,345564,12,44934,0,0,qXhrEy7VR2,eSGpMwS8zSGgq_trOpckZ5,taul,1K8T,LZs_,XZnvpGW,7qIEVHeq8Qb64AjqhpU,U2Ge,9_Y1,H9GL,VpdQ,IYzP,DHn_WUyBhW_whjA88g9bvA64_,kIsH,uKAI,Mtgm,UbxQ8lZ,ORMRote,JfeN,cJvF,FzaX,EFkwyO5,Al6ZaUT,5P5qRrF,LM8l689qOp,Aoh3,02N6s8f,R4y5gQQWY8OodqDV
0,6580,0,64,1288,1610,1216,166.56,0,127566,0,4.966887,18,50,0,444576,0,5640.66,55,82,296,400,-137633.6,4690,120,98532,0,258020,270836,0,0,0,162603,1436840,96,446760,0,0,V8lBcmz45j,RO12,taul,1K8T,kNzO,kozdzR5,S85OeCBjSz,EZSk,9_Y1,4nnx,09_Q,IYzP,me75fM6ugJ,kIsH,uKAI,L84s,NhsEn4L,mAja5EA,mJ0B,UYBR,FzaX,sd2OZ4E,oslk,spyTQlu,LM8l689qOp,Qcbd,RAYp,F2FyR07IdsN7I
0,1477,7,356,176,220,88,166.56,0,2088,0,4.291818,18,160,0,457696,0,7314.72,0,10,80,136,22902.28,790,6,7128,0,48215,32646,1840,0,27,72660,368488,20,51576,0,0,1GdOj1KXzC,AERks4l,taul,1K8T,0Xwj,fhk21Ss,nQUq7hGe64,pxv3,HLqf,_KXv,VpdQ,haYg,7M47J5GA0pTYIFxg5uy,sBgB,uKAI,L84s,leSl,teA09W3,yEAU,cJvF,FzaX,4UxGlow,QKW8DRm,catzS2D,LM8l689qOp,kwS7,ZI9m,ib5G6X1eUxUn6
0,1645,7,196,896,1120,408,253.52,0,3608172,0,3.256142,9,34,224,1541504,0,102540.9,65,36,168,240,794568,1470,192,1458,0,3642290,1022082,95,0,9,132286,10101480,160,539634,0,0,xOXr4RXktW,RO12,taul,1K8T,lK27,fIZg0iR,IoHCTe99VL,1RZ6,9_Y1,TFSW,09_Q,zm5i,me75fM6ugJ,kIsH,uKAI,Mtgm,NhsEn4L,NGZXfGp,6jhe,cJvF,FzaX,kM3Ojel,oslk,20HE4Qn,LM8l689qOp,Xa3G,RAYp,F2FyR07IdsN7I
0,2940,21,1664,216,270,64,286.96,20,4702428,0,1.821406,27,88,0,3571104,0,68686.5,20,0,112,120,112259.2,1260,66,26919,40,4568785,84492,555,6,9,89775,9996840,32,0,0,0,DHeq9ayfAo,RO12,taul,1K8T,yYar,lCpd8Q3,_jTP8ioIlJ,gnhB,9_Y1,QBpP,VpdQ,sYC_,me75fM6ugJ,kIsH,uKAI,L84s,NhsEn4L,kq0aHkC,L3NZ,cJvF,FzaX,JO06w_1,oslk,ZwrQhib,LM8l689qOp,7P5s,RAYp,F2FyR07IdsN7I
0,1715,0,440,240,300,272,33.44,0,0,0,1.064943,9,40,0,370656,6,12863.73,0,26,64,80,-75900,785,0,0,24,40300,301998,0,0,9,119406,1139116,6,476328,0,7,1PnOj1KVEH,RO12,taul,1K8T,hAOr,6CXYbuk,yLQX8HOoy1,DnfT,9_Y1,_KXv,09_Q,sYC_,Kxdu,kIsH,uKAI,L84s,9pUnzWLbztKTo,7WwGGIX,XpCD,UYBR,FzaX,ROeipLp,zCkv,K2SqEo9,LM8l689qOp,kwS7,6fzt,am14IcfM7tWLrUmRT52KtA
0,1330,7,0,304,380,96,233.44,0,354,0,1.498184,9,58,0,151296,0,7722.15,0,14,48,80,19897,1065,6,1071,0,568920,50514,165,0,0,41111,710804,92,118134,0,0,wx50AqAqGL,RO12,taul,1K8T,0Xwj,meVMnpH,Oe4E7cR6Kt,0xFv,F3hy,RVjC,VpdQ,IYzP,me75fM6ugJ,kIsH,uKAI,L84s,NhsEn4L,kq0n8Bj,Kz6e,UYBR,FzaX,OwlvdH_,oslk,pDgO8fW,LM8l689qOp,FSa2,RAYp,F2FyR07IdsN7I
0,56,0,0,20,25,0,274,0,12186,0,6.02649,9,16,0,0,0,396954,0,0,0,0,-214429.6,185,6,0,0,12096000,0,0,0,0,0,9684920,8,0,0,0,8I1TmBtueT,RO12,taul,1K8T,EPHy,47WdmQ4,e1XhvTunuD,ZUB4,9_Y1,47ra,VpdQ,IYzP,me75fM6ugJ,kIsH,uKAI,Mtgm,NhsEn4L,7WwuNea,V7s6,UYBR,FzaX,w97ARL_,oslk,hqk7qqc,LM8l689qOp,rgKb,RAYp,F2FyR07IdsN7I
0,1050,7,3280,196,245,48,344.96,0,8601720,0,6.790002,18,154,35,1554784,0,158687.4,40,0,80,64,110284,710,120,8820,0,1179300,436746,5030,0,9,32655,10575360,14,0,0,0,kMJt0GoOh3,rEUOq2QD1qfkRr6qpua,taul,1K8T,g6No,fhk21Ss,CbcWkL1DRg48F,_zcQ,9_Y1,rGJy,09_Q,haYg,7M47J5GA0pTYIFxg5uy,kIsH,7A3j,L84s,4kVnq_T26xq1p,OFqKdLX,PmU4,UYBR,FzaX,4UxGlow,zCkv,catzS2D,LM8l689qOp,Qu4f,ZI9m,ib5G6X1eUxUn6
0,1834,7,2920,292,365,160,286.96,0,1283634,0,5.541551,18,72,63,5913912,0,80551.5,20,4,48,72,143845.6,1505,78,64827,0,7793250,223352,720,0,9,0,10686440,50,91314,0,0,DHegUHXZeb,RO12,LfvqpCtLOY,1K8T,7ALb,cSPqFuv,8o3zKbi,4Qwl,9_Y1,STGZ,sJzTlal,sYC_,me75fM6ugJ,kIsH,uKAI,L84s,NhsEn4L,kq0ELEt,Qw7G,cJvF,FzaX,joS6pd1,oslk,AYu2Oqu,jySVZNlOJy,453m,RAYp,F2FyR07IdsN7I
0,665,7,12,124,155,0,260.32,0,11405100,0,1.505661,9,32,21,0,0,214032.6,45,0,32,0,147763.6,495,132,675,0,0,0,585,0,9,0,10713880,0,0,0,0,etYt0G8EIb,RO12,taul,1K8T,lK27,qEdASpP,yLQX8HOoy1,KBdR,9_Y1,k13i,09_Q,IYzP,me75fM6ugJ,kIsH,uKAI,L84s,NhsEn4L,mAjbk_S,MmXb,UYBR,FzaX,0AJo2f2,oslk,2Kb5FSF,LM8l689qOp,fKCe,RAYp,F2FyR07IdsN7I
0,1260,7,16,132,165,24,253.52,0,5702400,0,3.465499,9,30,0,2073600,0,145039.5,25,2,32,24,224831.6,1260,66,2979,0,3583125,399114,145,0,0,0,10396000,20,518400,0,0,hSogUHXZeb,RO12,taul,1K8T,7ALb,b8EJ4lp,LH0kFz12FM,szHs,9_Y1,STGZ,sJzTlal,IYzP,me75fM6ugJ,kIsH,uKAI,Mtgm,NhsEn4L,mAjbk_S,4l3_,cJvF,FzaX,Hofvwg4,oslk,mKmKSaP,LM8l689qOp,453m,RAYp,F2FyR07IdsN7I
0,770,21,212,156,195,56,253.52,0,3780132,0,3.621021,27,128,7,1267216,0,213019.8,25,6,32,16,129298.4,540,66,4464,0,3881550,1108814,95,0,9,554407,10497280,22,1425618,0,0,2jirEyXktW,2Knk1KF,taul,1K8T,0Xwj,PHNvXy8,ilrY4YM,SsIg,HLqf,H1uM,sJzTlal,kxE9,NKv3VA1BpP,sBgB,uKAI,L84s,Ie_5MZs,CWNY2py,WNi3,cJvF,AU8pNoi,UF16siJ,zCkv,APgdzOv,M_8D,Aoh3,6fzt,Zy3gnGM
0,4564,14,1732,88,110,24,265.76,0,4413582,0,1.126896,18,50,28,1549856,0,12530.88,10,4,48,40,198368,960,30,1521,0,1821550,1345326,570,0,18,16674,8972720,10,950436,0,0,eOQgUHShse,RO12,taul,1K8T,kNzO,tV41XMV,ASj4kgY6phhWK,85IW,9_Y1,RVjC,09_Q,IYzP,me75fM6ugJ,kIsH,uKAI,Mtgm,NhsEn4L,TDcECyH,ETNp,UYBR,qxDb,tzps94F,oslk,5nQ89kv,LM8l689qOp,FSa2,RAYp,F2FyR07IdsN7I
0,1085,14,524,132,165,56,133.12,0,3636,0,5.970305,18,82,21,186376,0,4972.92,0,8,72,96,22976.16,435,12,67698,0,13715,32312,2260,0,0,80920,188032,16,25236,0,0,1YVvyx7IEC,RO12,taul,1K8T,FgS1,yCMr1U6,V4E_TU9097,iMPo,9_Y1,RcM7,09_Q,sYC_,GjJ35utlTa_GNSvxxpb9ju,kIsH,uKAI,L84s,JBfYVit4g8,kq0wjIN,YKnZ,UYBR,FzaX,zQ_w2LX,Al6ZaUT,Kuk4q5A,LM8l689qOp,szEZ,02N6s8f,xwM2aC7IdeMC0
0,1022,7,20,168,210,24,286.96,0,8140740,0,5.239051,9,32,28,1465512,0,147759,30,12,40,32,94339.6,740,96,486,0,2691260,18028,10,0,18,216832,10362360,14,391650,0,0,8Iqt0G8rTN,RO12,taul,1K8T,Uk76,qEdASpP,6JhQ5n9,2kDj,9_Y1,e7QV,09_Q,IYzP,me75fM6ugJ,sBgB,uKAI,Mtgm,NhsEn4L,NGZBB0k,54Ak,UYBR,FzaX,0AJo2f2,oslk,2Kb5FSF,LM8l689qOp,fKCe,RAYp,F2FyR07IdsN7I
0,2184,7,1192,460,575,120,133.12,0,5520,0,3.735099,18,44,469,200792,0,3606.66,0,14,88,128,-3065.428,1590,6,5193,0,460000,23356,470,0,9,26446,535728,152,25410,0,0,NQ5vyxLkBI,RO12,taul,1K8T,TyGl,faywyM5,V6XUlxabJ4VaD,OnYb,9_Y1,vzJD,VpdQ,zm5i,DHn_WUyBhW_whjA88g9bvA64_,kIsH,uKAI,L84s,CrNX,7WwCSJk,hjja,cJvF,FzaX,3s41NKZ,d0EEeJi,aD3P7LR,LM8l689qOp,xb3V,nIGXDli,F2FyR07IdsN7I
0,2597,7,44,64,80,16,453.52,0,2601414,0,5.232002,18,70,0,7479784,0,69487.5,15,2,16,16,478860,1540,18,468,0,2063180,387634,20,0,27,0,10287680,10,235074,0,0,xddq9ayfAo,RO12,ev6I,1K8T,z32l,FJDupBg,aTJpcpV,PhfY,9_Y1,kJJ7,09_Q,haYg,7M47J5GA0pTYIFxg5uy,kIsH,uKAI,L84s,E1aAZ0x7vd,teAfWtZ,HypH,cJvF,FzaX,OYHoGfM,QKW8DRm,RlTh9x_,LM8l689qOp,7P5s,vJ_w8kB,WfJYmPMksSqa1pajvfG
0,490,0,0,124,155,0,276.32,10,11133420,0,3.555437,18,28,0,0,0,230400.3,35,0,24,0,159273.6,490,132,0,16,864000,0,0,0,9,0,10532720,4,0,0,0,dRagUHXM47,RO12,taul,1K8T,pE9z,LHrpdAf,hOpRIhsUSP,qXyG,9_Y1,fTh6,09_Q,zm5i,me75fM6ugJ,kIsH,uKAI,L84s,NhsEn4L,mAja5EA,DhN7,cJvF,FzaX,rSNVGQ9,oslk,O8szlpr,LM8l689qOp,453m,RAYp,F2FyR07IdsN7I
0,854,7,2668,172,215,72,99.68,0,6816,0,4.195044,27,120,259,101944,0,3219.72,5,8,40,104,-17222.56,565,18,65304,0,74460,15532,155,0,18,20132,173532,26,38574,0,0,avkq9ayfAo,RO12,taul,1K8T,0Xwj,iJzviRg,75HH_hi,Ub0p,HLqf,kJJ7,VpdQ,wMei,7M47J5GA0pTYIFxg5uy,sBgB,uKAI,L84s,4kVnq_T26xq1p,y5FVjuN,cp38,UYBR,FzaX,ch2oGfM,zCkv,P6pu4Vl,LM8l689qOp,7P5s,ZI9m,R4y5gQQWY8OodqDV
0,658,7,148,84,105,16,20.08,0,1987260,0,1.759453,9,32,0,6917184,6,232607.1,5,2,24,40,276987.2,435,24,2286,24,3601160,132468,620,0,9,0,10694080,16,3628800,0,7,CEaBcmz45j,RO12,taul,1K8T,0Xwj,C9mYk2K,glRbITbnHQ,5hOv,HLqf,WGOH,VpdQ,IYzP,me75fM6ugJ,sBgB,uKAI,L84s,NhsEn4L,mAjbk_S,Mmcd,cJvF,FzaX,8huKVq0,oslk,7V8NFRU,LM8l689qOp,Qcbd,RAYp,F2FyR07IdsN7I
0,910,7,992,132,165,16,286.96,0,4437792,0,2.546892,9,32,175,3095752,0,141360.3,20,0,32,40,125427.6,535,54,27270,0,5330700,345600,925,0,9,0,10644520,26,0,0,0,DHeTmBftjz,RO12,taul,1K8T,LFM_,UsKxkyQ,hcbMtI_FYl,eyLh,9_Y1,Gx0B,VpdQ,zm5i,me75fM6ugJ,kIsH,uKAI,Mtgm,NhsEn4L,kZJtVhC,vYJe,UYBR,FzaX,OXxv4zN,oslk,VWtE4Qn,LM8l689qOp,Qu4f,RAYp,F2FyR07IdsN7I
0,1078,7,308,120,150,112,166.56,0,50874,0,0.8028199,9,40,14,413544,0,13360.2,0,0,16,48,102511.2,625,6,20916,0,122220,246394,420,0,0,0,831252,18,0,0,0,75lq9ayfAo,RO12,taul,1K8T,42Cy,KPS63_4,YKgs2B0Igg,D7X_,9_Y1,AKLO,VpdQ,IYzP,DHn_WUyBhW_whjA88g9bvA64_,kIsH,uKAI,L84s,CrNX,NGZ_12K,uf1E,cJvF,FzaX,QMdcnVs,d0EEeJi,OddUBjl,LM8l689qOp,TNEC,nIGXDli,F2FyR07IdsN7I
0,1477,7,3860,296,370,96,186.64,0,2367312,0,4.759239,9,150,7,2311760,0,80005.5,35,8,48,96,82029.6,1280,102,64872,0,5272950,329108,275,0,9,1582931,8899400,44,769428,0,0,BQa9tYsdof,g62hiBSaKg,taul,1K8T,JLbT,fhk21Ss,V_KvNzO,5dqF,9_Y1,YULl,VpdQ,hAFG,7M47J5GA0pTYIFxg5uy,kIsH,uKAI,L84s,oOT00mkwDoEFW,IoIODxo,Qr3L,cJvF,FzaX,4UxGlow,zCkv,catzS2D,jySVZNlOJy,FSa2,ZI9m,ib5G6X1eUxUn6
0,1232,14,644,276,345,136,166.56,0,4482,0,4.296091,18,110,14,656896,0,54671.7,15,18,72,80,-42812.4,910,6,22482,0,963830,236052,190,0,0,95620,1739708,58,192408,0,0,eOQgUHShse,2Knk1KF,taul,1K8T,TyGl,2sVYDup,V6XUlxabJ4VaD,sSbm,9_Y1,mTeA,VpdQ,sYC_,me75fM6ugJ,kIsH,uKAI,L84s,NhsEn4L,kq0aHkC,SCbn,UYBR,FzaX,do03REx,oslk,4JJCVtG,LM8l689qOp,FSa2,RAYp,55YFVY9
0,140,7,72,56,70,40,166.56,0,0,0,4.911344,9,52,21,44248,0,3981.12,0,2,0,24,-34121.16,195,0,124659,0,37330,6530,1480,0,9,0,68892,10,5766,0,0,HYTvyx7ejg,RO12,taul,1K8T,FgS1,VcWp_2L,wLOHP_zu_u,8PYD,9_Y1,xSqs,09_Q,wMei,7M47J5GA0pTYIFxg5uy,kIsH,uKAI,L84s,fnfcPDe,_Jda0yv,lpgs,cJvF,FzaX,dBlJbH2,QKW8DRm,Z2_IPGf,jySVZNlOJy,szEZ,vJ_w8kB,WfJ2BB2SFSqauljlfOB
0,1421,7,84,560,700,176,267.84,0,2945988,0,6.069857,9,32,49,1215040,0,71304,35,16,208,184,876864,1435,174,9387,0,3632935,1093608,65,0,0,143388,10079880,102,983952,0,0,dRaq9ayE15,AERks4l,taul,1K8T,JLbT,HtadR0M,V4Eytg4LiC,9Cn7,9_Y1,vm5R,09_Q,IYzP,GjJ35utlTa_GNSvxxpb9ju,kIsH,uKAI,Mtgm,JBfYVit4g8,uZLz8Sc,xiHr,cJvF,FzaX,TZCNaqu,Al6ZaUT,WJynIET,LM8l689qOp,7P5s,02N6s8f,xwM2aC7IdeMC0
0,9317,14,1240,752,940,176,290.64,0,4556022,0,4.312326,18,122,21,2529232,0,14094.93,100,10,120,360,233148.8,3035,120,58518,0,3997565,640000,3830,0,27,39564,10583720,152,323004,0,0,75lTmBtFkL,g62hiBSaKg,taul,1K8T,ssAy,fhk21Ss,d2LjOEyhdg,Azih,9_Y1,Px52,VpdQ,kxE9,7M47J5GA0pTYIFxg5uy,kIsH,uKAI,L84s,4kVnq_T26xq1p,uZLPpJd,a_qK,UYBR,FzaX,4UxGlow,zCkv,catzS2D,LM8l689qOp,PM2D,ZI9m,ib5G6X1eUxUn6
0,3080,28,1028,536,670,544,200,0,389052,0,5.737236,45,48,63,1298136,0,21415.02,35,28,144,112,-879144,2125,60,45792,0,711155,672588,2925,0,0,468580,4352880,42,520374,0,0,GcUBcmz45j,RO12,taul,1K8T,0Xwj,9GJGgoz,nQU2P_OLn0,ceBY,HLqf,yrDU,VpdQ,IYzP,Kxdu,sBgB,uKAI,Mtgm,FMSzZ91zL2,kq067VR,GqGy,cJvF,FzaX,Tvpip6Z,zCkv,hHJsvbM,LM8l689qOp,Qcbd,6fzt,SbOd7O8ky1wGNxp0Arj0Xs
0,3549,21,516,668,835,544,166.56,0,15144,0,5.441786,27,60,385,440552,0,3921.24,5,34,192,272,-1348036,2095,54,1089,0,167735,133346,235,0,0,82824,733536,76,128202,0,0,HYTvyx7ejg,RO12,taul,1K8T,7M9D,vPFxJG_,r83_sZi,usSX,9_Y1,qaiO,VpdQ,IYzP,me75fM6ugJ,sBgB,uKAI,Mtgm,NhsEn4L,TDceha3,RwQT,cJvF,FzaX,5LLjlYU,oslk,y1zjPJU,LM8l689qOp,szEZ,RAYp,F2FyR07IdsN7I
0,1267,21,340,220,275,0,220.08,5,206058,0,0.8357189,27,140,119,5426000,0,164718,5,36,56,80,102000.8,625,12,62325,8,9318250,0,415,0,27,235655,10603360,48,299874,0,0,dRagUHXM47,2Knk1KF,taul,1K8T,JLbT,_RmnZSn,II0S8f9,WV2b,9_Y1,fTh6,VpdQ,sYC_,me75fM6ugJ,kIsH,uKAI,L84s,XfqtO3UdzaXh_,11pm6dL,kgW5,cJvF,FzaX,dRiNT4W,oslk,4XQyovK,LM8l689qOp,453m,RAYp,55YFVY9
0,308,0,0,132,165,56,253.52,0,6169260,0,1.489425,18,22,0,0,0,200172.6,30,8,40,0,120378.8,470,78,0,0,636685,1209600,0,0,9,0,10396400,6,2073600,0,0,HYTvyx7ejg,RO12,taul,1K8T,hM6W,WkHngaa,yiXKNUCbD1,C4mi,9_Y1,xSqs,VpdQ,zm5i,me75fM6ugJ,kIsH,uKAI,L84s,NhsEn4L,kZJtVhC,FNvN,cJvF,FzaX,gg7Y_02,oslk,tzhEVJ2,LM8l689qOp,szEZ,RAYp,F2FyR07IdsN7I
0,770,7,4788,124,155,64,279.12,0,190218,0,3.994446,9,58,595,4838400,0,235880.7,0,4,32,56,120640.4,510,6,53406,0,5616000,1382400,34305,0,0,0,10494800,26,1036800,0,0,qXh9tYsdof,RO12,taul,1K8T,PGNs,_A3lbGp,msIqHk8toE,18g2,9_Y1,YULl,VpdQ,IYzP,me75fM6ugJ,kIsH,uKAI,L84s,NhsEn4L,NGZXfGp,2ozN,UYBR,FzaX,ErGY_02,oslk,a4oQQMs,M_8D,FSa2,RAYp,F2FyR07IdsN7I
0,15547,7,288,68,85,8,203.36,0,2598864,0,1.61034,9,58,0,2806088,0,5868.81,10,4,24,40,-45270,3220,36,1719,0,430280,102710,70,0,0,0,4537480,2,241500,0,0,6VLvyx7IEC,RO12,taul,1K8T,uNkU,8NKmMBT,nJy8d8N5V7yiy,WU0y,9_Y1,qaiO,VpdQ,IYzP,Kxdu,kIsH,uKAI,L84s,FMSzZ91zL2,7WwZluu,6efi,UYBR,FzaX,zWAKYdx,zCkv,1lSadAY,LM8l689qOp,szEZ,6fzt,SbOd7O8ky1wGNxp0Arj0Xs
0,980,7,276,764,955,240,133.12,0,5910,0,6.5815,9,82,392,37608,0,2947.689,20,6,48,80,-19371.28,2830,18,85761,0,737410,28870,9935,0,0,10115,679792,282,8214,0,0,cFHt0GoOh3,RO12,taul,1K8T,0Xwj,8RVBmIU,MypvvoIQqc,6UiV,F3hy,MGOA,09_Q,sYC_,me75fM6ugJ,kIsH,uKAI,L84s,NhsEn4L,kq0aHkC,bHR7,UYBR,FzaX,HlomS85,oslk,MMuldxq,jySVZNlOJy,Qu4f,RAYp,F2FyR07IdsN7I
0,952,7,2116,136,170,80,294.08,0,2449932,0,2.489852,18,136,497,1839632,9,148935.9,0,8,24,24,151670,470,42,39744,40,2814940,1701946,3255,0,36,0,9547960,20,2008500,0,14,oyGrjIXt5a,RO12,taul,1K8T,487l,QiwK0yW,V4EEkD4AAZ,kAWx,9_Y1,EKFb,09_Q,6JmL,Kxdu,kIsH,uKAI,L84s,FMSzZ91zL2,pMW6Pnu,YebU,cJvF,FzaX,Fpzip6Z,zCkv,YAqrS2Y,jySVZNlOJy,5Acm,6fzt,4rd_
0,826,7,1372,112,140,40,66.88,0,23334,0,5.090793,9,122,14,52680,0,3249.6,0,2,32,56,-697768,420,24,10143,0,64715,18852,1610,0,18,0,131664,22,438,0,0,Qu0r4RKzJV,2Knk1KF,taul,1K8T,1QqW,0v27GMk,V_KvNzO,uIp3,9_Y1,DtNL,VpdQ,IYzP,me75fM6ugJ,kIsH,uKAI,L84s,XfqtO3UdzaXh_,11p4mKe,oZ_p,UYBR,FzaX,YBh0nTz,oslk,J_tzF_Q,LM8l689qOp,FSa2,RAYp,55YFVY9
0,1974,7,2480,308,385,104,220.08,0,39162,0,1.202521,9,80,0,870568,0,24784.38,5,26,72,104,-314690,865,6,122805,0,805580,135570,4325,0,27,468706,1806856,72,604728,0,0,75lq9ayfAo,RO12,taul,1K8T,hAOr,kkNNXZR,JyLMtI_L29,gzjv,9_Y1,F_Lu,VpdQ,6JmL,me75fM6ugJ,sBgB,uKAI,L84s,XfqtO3UdzaXh_,XTbPUYD,AbMb,cJvF,FzaX,OTgfc8E,oslk,GeD7j0h,LM8l689qOp,TNEC,RAYp,F2FyR07IdsN7I
0,875,7,76,124,155,176,186.64,0,0,0,4.391369,9,42,0,0,0,202087.5,0,16,32,0,116211.2,585,0,58671,0,8125,3773400,65,0,9,1814400,10318120,2,4147200,0,0,6VLvyx7IEC,RO12,taul,1K8T,lK27,SkIcgy7,u2p2Afw,R9qb,9_Y1,xSqs,sJzTlal,Tkho,me75fM6ugJ,kIsH,uKAI,L84s,NhsEn4L,7Ww_Xqy,7tIM,cJvF,FzaX,54pYWu3,oslk,uBq7qqc,LM8l689qOp,szEZ,RAYp,F2FyR07IdsN7I
0,224,0,0,132,165,152,293.84,0,330312,0,2.771416,9,20,0,0,0,208467.6,0,16,32,0,107086,525,18,0,0,1296000,3243140,0,0,9,0,10508080,6,4147200,0,0,dRaTmBfHUn,RO12,taul,1K8T,xgSF,pro8v8X,V_KvNzO,dadT,9_Y1,4N0K,VpdQ,zm5i,me75fM6ugJ,kIsH,uKAI,Mtgm,NhsEn4L,7WwOAni,nHKS,UYBR,FzaX,meWVy8V,oslk,DQ3u3MC,LM8l689qOp,Qu4f,RAYp,F2FyR07IdsN7I
0,1365,0,0,196,245,56,362.96,0,6147600,0,5.811152,9,28,0,1990672,0,95043,35,4,40,40,551820,950,102,0,0,3470980,527642,0,0,27,324695,10638440,22,392292,0,0,E3dr4RQxul,RO12,taul,1K8T,487l,ndKvZgk,TsoCAaROny,WKtD,9_Y1,z5Ry,09_Q,zm5i,me75fM6ugJ,sBgB,uKAI,Mtgm,NhsEn4L,NGZxnJM,FMag,UYBR,FzaX,WWm488r,oslk,BSukhfw,LM8l689qOp,FSa2,RAYp,F2FyR07IdsN7I
0,3591,7,204,544,680,240,173.2,0,1068,0,0.6060671,9,56,112,1037656,0,14351.49,0,20,88,176,103172.4,2525,6,85653,0,1863730,461766,2725,0,0,468825,3476772,146,814074,0,0,FoxgUHSK8h,RO12,taul,1K8T,mtqM,6CXYbuk,Tg7jjBB,1oh4,9_Y1,_xpN,VpdQ,IYzP,Kxdu,kIsH,uKAI,L84s,9pUnzWLbztKTo,TDc92TK,oyXK,cJvF,FzaX,ROeipLp,zCkv,K2SqEo9,LM8l689qOp,FSa2,6fzt,am14IcfM7tWLrUmRT52KtA
0,665,7,8,140,175,48,355.92,0,3702720,0,5.288614,9,30,14,1364528,0,205026.3,25,6,40,32,126637.6,580,48,4743,0,3545530,950438,125,0,0,554778,10446920,18,1425960,0,0,Tfit0G8EIb,RO12,taul,1K8T,lK27,5EpXqGp,V6XUlxabJ4VaD,x4RI,9_Y1,k13i,VpdQ,IYzP,me75fM6ugJ,kIsH,uKAI,L84s,NhsEn4L,NGZXfGp,EqlC,UYBR,FzaX,OTgQ8OA,oslk,Vo68gbh,LM8l689qOp,fKCe,RAYp,F2FyR07IdsN7I
0,882,7,796,288,360,96,133.12,0,76632,0,1.001923,9,100,70,39336,0,3754.89,0,0,8,32,21584.56,1025,60,4626,0,358165,21746,2515,0,18,0,400780,92,0,0,0,DHevyx7IEC,w9ygS99Qp_,taul,1K8T,Bxva,vqoLloM,yEFIHeU,Q3Ie,9_Y1,f4dr,VpdQ,wMei,DHn_WUyBhW_whjA88g9bvA64_,kIsH,uKAI,L84s,CrNX,7N7iRy5,Muei,cJvF,FzaX,oPZ7gqP,d0EEeJi,2girG8A,LM8l689qOp,szEZ,nIGXDli,R4y5gQQWY8OodqDV
0,840,14,3108,212,265,88,166.56,0,15900,0,1.325785,27,126,343,324960,0,14406.96,0,8,24,72,10296.44,690,6,92097,0,543125,160770,3110,0,18,230930,1064396,56,202914,0,0,BQa9tYsdof,2Knk1KF,taul,1K8T,TyGl,PHNvXy8,EEqgD77uMkodw,WfTZ,9_Y1,YULl,VpdQ,G_zk,NKv3VA1BpP,kIsH,uKAI,L84s,Ie_5MZs,OFqdri0,Ve06,UYBR,FzaX,UF16siJ,zCkv,APgdzOv,LM8l689qOp,FSa2,6fzt,Zy3gnGM
0,252,0,0,72,90,32,186.64,0,3149136,0,1.834864,9,18,0,25760,0,215211.6,25,2,0,8,-67520.4,440,18,0,0,5353450,812,0,0,0,0,7907120,8,2220690,0,0,DHeq9ayfAo,e6CkoqApVR,taul,1K8T,z32l,tUuO1hZ,UFIdC8I,AqPG,9_Y1,kJJ7,VpdQ,IYzP,Kxdu,kIsH,uKAI,L84s,FMSzZ91zL2,kq0IHVu,M11H,cJvF,FzaX,2JIKlta,zCkv,HI2n4Yj,LM8l689qOp,7P5s,6fzt,F2FcTt7IdMT_v
0,1764,7,3756,128,160,0,166.56,0,5477046,0,6.837855,9,84,280,2764800,0,78855,25,0,32,32,80488.8,805,72,11214,0,4706465,0,1500,0,0,0,10314000,22,0,0,0,639r4RK2Mx,RO12,taul,1K8T,kwI9,xziuXRS,FsDMvLF,V7Bs,9_Y1,DtNL,09_Q,IYzP,me75fM6ugJ,kIsH,uKAI,L84s,NhsEn4L,mAjbk_S,5ZXB,UYBR,FzaX,uUY0Q3K,oslk,HMhOTZB,M_8D,FSa2,RAYp,F2FyR07IdsN7I
0,1029,21,2120,144,180,16,361.68,0,11119200,0,3.635121,27,54,560,0,0,169301.1,45,4,48,0,89446,535,138,31383,0,0,40452,1150,0,0,24801,10618280,0,21258,0,0,TfiBcmzkzH,RO12,LfvqpCtLOY,1K8T,YPhp,nLJsz2a,V6XUlxabJ4VaD,uwwf,9_Y1,yrDU,VpdQ,IYzP,me75fM6ugJ,kIsH,7A3j,L84s,NhsEn4L,kZJtVhC,ykzL,UYBR,qxDb,9oU6V3V,oslk,00ARusu,LM8l689qOp,Qcbd,RAYp,F2FyR07IdsN7I
0,987,7,332,244,305,168,166.56,0,0,0,5.998718,9,36,63,183656,0,7440.09,0,8,56,80,53028.8,735,0,40041,0,1218640,170236,2445,0,9,195524,1556856,52,224466,0,0,HYTrjIK12c,RO12,taul,1K8T,TyGl,Mqscy5d,pcCGnR57ah,mauT,9_Y1,7WNq,VpdQ,IYzP,me75fM6ugJ,kIsH,uKAI,L84s,NhsEn4L,mAjbk_S,RTJq,cJvF,FzaX,OjIYE38,oslk,xmA7A2G,LM8l689qOp,WqMG,RAYp,F2FyR07IdsN7I
0,749,14,3392,128,160,0,186.64,0,42972,0,0.2146977,27,202,7,5529600,0,222738,0,0,32,64,351442,425,12,1692,0,9504000,0,2745,0,54,0,10396640,44,0,0,0,JMGrjIXt5a,vuPfq6YcbX,CiJDdr4TQ0rGERIS,1K8T,vsvk,fhk21Ss,IoHgH68hVM,0iyF,9_Y1,EKFb,09_Q,oZyB,7M47J5GA0pTYIFxg5uy,kIsH,uKAI,L84s,TW8UhnX,_Jd5pUp,jtMm,UYBR,FzaX,4UxGlow,QKW8DRm,catzS2D,M_8D,5Acm,ZI9m,NoEd
0,2772,14,1024,592,740,200,273.6,5,143400,0,2.348216,27,56,392,1955496,0,19386.78,0,32,152,296,146490.4,1165,36,28629,8,3683155,299978,2650,0,18,778708,5062240,128,663600,0,0,2jirEyXktW,RO12,taul,1K8T,AkfA,X94q7NI,LH0kFz12FM,MUDT,9_Y1,H1uM,09_Q,hzlB,me75fM6ugJ,kIsH,uKAI,L84s,XfqtO3UdzaXh_,11p4mKe,WvRY,cJvF,AU8_WTd,EuI6s0w,oslk,nHa2qo0,jySVZNlOJy,Aoh3,RAYp,F2FyR07IdsN7I
0,8372,14,2444,1320,1650,520,200,0,1017462,0,5.738731,36,118,56,1600632,0,12990.96,185,68,440,312,-262913.2,5700,312,46791,0,1385775,863098,250,0,9,534597,5252880,206,905388,0,0,1fZWq6e2Rv,GpoBynXzkxADI7bZBtqvX2IPV5t7o2QCPE,taul,1K8T,TyGl,q6Yxtq0,_03xtaMIkZsn1,nsSD,9_Y1,_xpN,VpdQ,sYC_,GjJ35utlTa_GNSvxxpb9ju,kIsH,uKAI,L84s,DmYOBF5GfjJxb,beKR4Vi,h1GE,UYBR,FzaX,efgNaqu,Al6ZaUT,9MCpZje,M_8D,FSa2,02N6s8f,iyHGyLCEkQ
0,1442,21,5620,184,230,16,233.44,0,6395340,0,2.40376,54,132,266,2902264,0,117477.3,30,4,48,48,162751.6,710,90,33957,0,3628075,45212,6110,0,18,0,10705720,30,37116,0,0,1KSr4RK2Mx,2Knk1KF,taul,1K8T,JLbT,7qvk2Zj,fXexTA9,g7ag,9_Y1,DtNL,VpdQ,sYC_,me75fM6ugJ,kIsH,uKAI,L84s,NhsEn4L,beK4AFX,ZiaU,UYBR,FzaX,FhTm94s,oslk,TIxsTKW,jySVZNlOJy,FSa2,RAYp,55YFVY9
0,131761,7,0,24940,31175,7432,200,0,3990066,0,0.2898953,9,58,0,1951088,0,1280.424,3080,576,3664,5280,-269033.6,87850,10362,6984,0,3700865,756440,590,0,0,366401,9477080,4030,779802,0,0,dRaTmBfHUn,RO12,taul,1K8T,LFM_,rMXNw5i,_03xtaMIkk68B,3c02,9_Y1,4N0K,VpdQ,sYC_,me75fM6ugJ,kIsH,uKAI,L84s,NhsEn4L,kq0n8Bj,FSGK,cJvF,FzaX,IKMNT4W,oslk,LBgodIn,M_8D,Qu4f,RAYp,F2FyR07IdsN7I
0,1456,14,3280,272,340,216,133.12,0,0,0,6.272164,36,190,665,1045240,0,23430.12,0,24,88,88,-40385.2,980,0,58266,0,587505,461332,395,0,18,159922,2552872,36,956376,0,0,1qmr4RQxul,2Knk1KF,taul,1K8T,WkTj,fhk21Ss,C_udlZg5GX,zrY9,9_Y1,z5Ry,09_Q,y6dw,7M47J5GA0pTYIFxg5uy,kIsH,uKAI,L84s,MeOIHRG3F9,CWN4pHT,cqxq,UYBR,FzaX,4UxGlow,zCkv,catzS2D,LM8l689qOp,FSa2,ZI9m,iyHGyLCEkQ
0,266,7,244,44,55,0,133.12,0,0,0,0.7267678,9,64,14,63816,0,4045.86,0,0,24,56,-6224.16,205,0,81090,0,39305,0,2215,0,9,0,63352,8,0,0,0,cFHt0GoOh3,RO12,taul,1K8T,G6s_,abwcTxR,V4EEkD4AAZ,78S5,9_Y1,MGOA,sJzTlal,kxE9,me75fM6ugJ,kIsH,uKAI,L84s,XfqtO3UdzaXh_,XTbPUYD,9pTS,cJvF,FzaX,YbZfGrO,oslk,E8SzF_Q,LM8l689qOp,Qu4f,RAYp,F2FyR07IdsN7I
0,98,0,0,176,220,80,443.68,10,443352,0,1.982482,9,14,0,157376,0,40517.1,20,10,64,40,-1214108,220,12,0,16,242825,245948,0,0,0,70805,2377000,36,66906,0,0,GcUBcmz45j,RO12,taul,1K8T,0WHw,abw3aWy,XZCHhjM,tMGr,9_Y1,KubS,09_Q,IYzP,me75fM6ugJ,kIsH,uKAI,L84s,NhsEn4L,NGZxnJM,3dQ2,cJvF,FzaX,yO76hzI,oslk,O98EKx8,LM8l689qOp,Qcbd,RAYp,F2FyR07IdsN7I
0,315,0,4,112,140,48,196.64,0,9282,0,0.2969451,9,52,0,122552,0,4018.35,5,0,72,104,41774,220,18,0,0,26180,26090,0,0,18,3101,142036,10,0,0,0,FAJgUH7ejg,RO12,taul,1K8T,vSNn,3PBXEFX,ZkibjLN5VwJ2V,CPWY,9_Y1,m_h1,VpdQ,IYzP,me75fM6ugJ,kIsH,uKAI,L84s,NhsEn4L,TDcECyH,JKvg,UYBR,FzaX,PYpRJ5l,oslk,eu2wIB5,LM8l689qOp,WqMG,RAYp,F2FyR07IdsN7I
0,476,0,0,124,155,136,205.28,5,1202046,0,3.185003,9,26,0,0,0,207635.1,0,12,24,0,-27928.72,470,24,0,8,590855,2937600,0,0,0,1814400,9222840,8,3110400,0,0,DHevyx7IEC,RO12,taul,1K8T,hM6W,PAgx_1Z,P9HTde2,aHcT,9_Y1,xSqs,VpdQ,IYzP,me75fM6ugJ,kIsH,uKAI,L84s,NhsEn4L,mAja5EA,rQXg,cJvF,FzaX,aoBj9cC,oslk,ouMYyXX,LM8l689qOp,szEZ,RAYp,F2FyR07IdsN7I
0,546,0,0,100,125,48,196.64,0,0,0,6.194403,9,20,0,930768,0,34891.8,0,14,56,72,-198064.8,470,0,0,0,263350,185212,0,0,9,401149,1317476,6,406482,0,0,1YVgUHXZeb,RO12,taul,1K8T,lK27,MErwv86,OP83jfooHq,rf2R,9_Y1,7JiV,09_Q,zm5i,me75fM6ugJ,kIsH,uKAI,L84s,NhsEn4L,mAja5EA,803q,cJvF,FzaX,azMfql_,oslk,egEQowC,LM8l689qOp,453m,RAYp,F2FyR07IdsN7I
0,1050,14,228,96,120,32,133.12,0,28044,0,4.273019,18,74,63,53928,0,4037.04,0,4,24,32,-75749.6,435,24,97281,0,120280,9714,1515,0,0,28987,166904,20,8388,0,0,npOBcmzkzH,RO12,taul,1K8T,lK27,NhnAExd,fo8oHA5,gb6Z,9_Y1,EwzD,VpdQ,IYzP,me75fM6ugJ,kIsH,uKAI,L84s,NhsEn4L,TDceha3,fwc6,cJvF,FzaX,dqLmS85,oslk,wqB5FSF,LM8l689qOp,Qcbd,RAYp,F2FyR07IdsN7I
0,679,7,52,68,85,32,166.56,0,25452,0,5.389874,9,30,28,27160,0,5455.56,0,2,24,40,-49558,355,6,189,0,48305,4796,10,0,9,252,83136,12,6528,0,0,uGLq9ayE15,RO12,taul,1K8T,z32l,eUquP03,bGUqwlz,5uIy,9_Y1,kJJ7,VpdQ,43pnToF,me75fM6ugJ,kIsH,uKAI,L84s,NhsEn4L,mAjbk_S,Myqh,cJvF,FzaX,Owlv10k,oslk,hjFYw04,LM8l689qOp,7P5s,RAYp,F2FyR07IdsN7I
0,245,7,4188,16,20,0,200,0,0,0,1.855373,27,122,329,7888,0,21083.7,0,0,24,24,-775208,150,0,90648,0,6635,0,180,0,0,0,9252,2,0,0,0,NESt0G8EIb,GpoBynXzkxADI7bZBtqvX2IPV5t7o2QCPE,taul,1K8T,2Ix5,_BrPLOA,f57QZkO0mRgG5,DUuu,9_Y1,k13i,VpdQ,IYzP,GjJ35utlTa_GNSvxxpb9ju,kIsH,uKAI,Mtgm,DmYOBF5GfjJxb,beKR4Vi,YuXi,UYBR,AU8pNoi,ie2tAB9,Al6ZaUT,N_D6v7j,LM8l689qOp,fKCe,02N6s8f,iyHGyLCEkQ
0,826,7,408,156,195,72,253.52,0,473118,0,4.004486,18,128,0,2427104,0,217371.3,0,8,40,56,-538436,555,6,5184,0,4477660,810370,115,0,27,1322062,7490440,36,1137936,0,0,zKnr4RXktW,AERks4l,taul,1K8T,487l,fhk21Ss,_jTP8ioIlJ,Phiv,9_Y1,TFSW,VpdQ,hAFG,7M47J5GA0pTYIFxg5uy,sBgB,uKAI,L84s,fnfcPDe,teAodkL,uAgP,UYBR,AU8pNoi,4UxGlow,QKW8DRm,catzS2D,M_8D,Xa3G,ZI9m,ib5G6X1eUxUn6
0,4081,14,1772,1128,1410,712,200,0,1571976,0,1.809229,27,62,70,1152456,0,17035.68,60,124,576,584,192745.2,3435,168,62703,0,607950,423800,3395,0,0,321160,3934652,36,494436,0,0,dRagUHXM47,RO12,taul,1K8T,0Xwj,6oGvcTJ,yLQX8HOoy1,TNyI,HLqf,fTh6,09_Q,IYzP,me75fM6ugJ,sBgB,uKAI,L84s,NhsEn4L,mAjbk_S,TFdD,cJvF,FzaX,MiSOw16,oslk,alU2fT4,LM8l689qOp,453m,RAYp,F2FyR07IdsN7I
0,7,0,0,44,55,16,236.88,0,1111146,0,0.1845759,9,12,0,1112016,0,289261.5,0,0,0,8,-539996,55,12,0,16,3679130,1214,0,0,0,0,4242520,12,0,0,14,ZSNrjIX0Db,RO12,taul,1K8T,0Xwj,LHrpdAf,ZaChz0C,1Di2,HLqf,nr0d,VpdQ,IYzP,me75fM6ugJ,sBgB,uKAI,L84s,NhsEn4L,mAja5EA,2ZUx,cJvF,FzaX,rSNVGQ9,oslk,O8szlpr,LM8l689qOp,5Acm,RAYp,F2FyR07IdsN7I
0,329,0,0,136,170,40,265.04,0,3500496,0,3.707541,9,18,0,3671584,0,163026.9,15,2,32,56,114216.8,580,42,0,0,4390060,864000,0,0,9,604800,10672760,22,518400,0,0,O8Zr4Rdc_a,RO12,taul,1K8T,4fje,hbu7kIo,EZ4aYJC,_pP6,9_Y1,em8I,09_Q,wMei,me75fM6ugJ,kIsH,g5HH,L84s,NhsEn4L,TDc4Td_,lNFe,cJvF,FzaX,QyR0Azj,oslk,jZZzgmc,LM8l689qOp,me1d,RAYp,F2FyR07IdsN7I
0,553,0,0,240,300,96,234.72,0,5960028,0,4.428114,9,26,0,1639584,0,191115.9,40,6,104,96,97670.4,665,72,0,0,3507385,477358,0,0,18,209755,10469440,26,1038522,0,0,9hRmfo875g,RO12,taul,1K8T,LloI,inNvHAP,DKUDUftgA7,8FB6,9_Y1,gnEy,VpdQ,zm5i,me75fM6ugJ,kIsH,uKAI,Mtgm,NhsEn4L,kZJtVhC,FM6S,UYBR,FzaX,_amoI0_,oslk,ZFsMjkj,LM8l689qOp,3Cy4,RAYp,F2FyR07IdsN7I
0,245,7,72,52,65,8,66.88,0,0,0,6.601367,9,86,7,106216,0,3864.33,0,4,0,24,-1423408,125,0,3051,0,43690,2320,5,0,9,0,98956,14,9384,0,0,gOyq9ayE15,ND3t9Yro9U,taul,1K8T,Fq5T,FeT47iP,_jTP8ioIlJ,jrUy,9_Y1,vm5R,VpdQ,hzlB,DHn_WUyBhW_whjA88g9bvA64_,kIsH,uKAI,Mtgm,XfqtO3UdzaXh_,11p4mKe,9eg8,UYBR,FzaX,yALQDfL,oslk,OMt7e4L,LM8l689qOp,7P5s,nIGXDli,F2FcTt7IdMT_v
0,1484,7,360,244,305,208,166.56,0,403632,0,3.598804,36,78,0,1674776,0,49300.5,35,12,48,56,-28702.16,935,36,55701,0,638875,950392,65,0,0,1223936,4401960,18,830226,0,0,gE8Wq6edh4,RO12,taul,1K8T,JLbT,gOhJ89M,Tg7o1or,JZWQ,9_Y1,_xpN,VpdQ,IYzP,me75fM6ugJ,kIsH,uKAI,L84s,NhsEn4L,mAjbk_S,LsTU,UYBR,wwPEXoilkr,_viYWu3,oslk,OugT3Cb,LM8l689qOp,FSa2,RAYp,F2FyR07IdsN7I
0,2940,7,588,116,145,32,183.2,0,8236320,0,3.807734,9,66,7,3277384,0,34363.8,0,0,24,56,-18718.16,650,36,2889,0,2486860,366298,350,0,9,189329,9851680,24,0,0,0,HYTrjIK12c,eSGpMwS8zSGgq_trOpckZ5,taul,1K8T,lK27,suTvZgk,yEFIHeU,Zz8p,9_Y1,7WNq,VpdQ,IYzP,GjJ35utlTa_GNSvxxpb9ju,kIsH,uKAI,L84s,DmYOBF5GfjJxb,kZJQt_O,QBA_,UYBR,FzaX,IhOa63T,Al6ZaUT,4JrRIi9,LM8l689qOp,WqMG,02N6s8f,R4y5gQQWY8OodqDV
0,1148,0,0,68,85,24,220.08,0,2072514,0,6.865627,9,44,0,1382400,0,136761.9,5,0,16,16,-1131260,690,30,11223,0,1394935,345692,0,0,0,0,4221600,12,0,0,0,KXMgUH7IEC,RO12,taul,1K8T,487l,7UBxJVj,NKax3On,MfHY,9_Y1,m_h1,VpdQ,IYzP,me75fM6ugJ,kIsH,uKAI,L84s,NhsEn4L,kZJtVhC,cMZZ,cJvF,FzaX,07mmflk,oslk,NNyRUH6,M_8D,WqMG,RAYp,F2FyR07IdsN7I
0,1141,14,516,216,270,176,33.44,0,1032,0,6.789575,18,106,168,1645840,12,59497.8,0,0,104,152,148332.8,645,6,30672,40,1227870,281406,4600,0,27,434063,2368716,24,0,0,7,DHeq9ayfAo,RO12,taul,1K8T,z32l,iJzviRg,FoJylxy,jrUy,9_Y1,vm5R,VpdQ,haYg,7M47J5GA0pTYIFxg5uy,kIsH,uKAI,L84s,4kVnq_T26xq1p,y5Flcac,9eg8,UYBR,FzaX,ch2oGfM,zCkv,P6pu4Vl,jySVZNlOJy,7P5s,ZI9m,R4y5gQQWY8OodqDV
0,518,7,832,64,80,0,166.56,0,0,0,2.563341,9,208,168,51824,0,5891.94,0,0,16,64,-446248,555,0,7353,0,86900,0,3095,0,27,0,95432,16,0,0,0,Yn7t0Go8Lb,vuPfq6YcbX,hiMqnEM7VgIk4JUu,1K8T,0Xwj,fhk21Ss,e1XhvTunuD,5zai,HLqf,t_4G,VpdQ,y6dw,7M47J5GA0pTYIFxg5uy,sBgB,uKAI,L84s,ZtujLmj9uJdIkLfg,X1BTAbf,QTvs,cJvF,FzaX,4UxGlow,QKW8DRm,catzS2D,LM8l689qOp,Qu4f,ZI9m,NoEd
0,14,0,0,48,60,0,323.84,0,859200,0,2.596667,9,12,0,8253840,6,306540,0,0,8,16,-895952,60,12,0,32,256145,0,0,0,0,3566094,4904640,16,0,0,14,Yddq9ayE15,RO12,taul,1K8T,hAOr,ZtMq7Fq,qj0efbgZb2VDpkoH,rlx_,9_Y1,F_Lu,09_Q,IYzP,me75fM6ugJ,kIsH,uKAI,Mtgm,NhsEn4L,mAja5EA,TddH,UYBR,FzaX,lbrVHK6,oslk,_sz_44J,LM8l689qOp,TNEC,RAYp,F2FyR07IdsN7I
0,2191,7,4,212,265,112,166.56,0,18438,0,1.43495,9,38,7,407784,0,10167.81,5,28,88,144,-62968,780,6,125289,0,44730,126206,225,0,0,175049,764792,10,389964,0,0,gOyvyx7ejg,RO12,taul,1K8T,FgS1,6CXYbuk,msIqHk8toE,Cis9,9_Y1,RcM7,VpdQ,IYzP,Kxdu,kIsH,uKAI,L84s,9pUnzWLbztKTo,TDcBmwK,NrTt,cJvF,qxDb,ROeipLp,zCkv,K2SqEo9,LM8l689qOp,szEZ,6fzt,am14IcfM7tWLrUmRT52KtA
0,819,7,2420,168,210,160,166.56,0,3684,0,3.969665,9,86,63,466336,0,23804.34,0,20,88,40,10252.16,560,6,18270,0,342495,555112,2755,0,0,419573,2509388,12,1334316,0,0,8I1TmBtueT,RO12,taul,1K8T,wOc1,A4fnQZj,jcoxzxoL4i,9PyJ,9_Y1,47ra,09_Q,sYC_,me75fM6ugJ,kIsH,uKAI,L84s,NhsEn4L,kq0aHkC,2i_t,cJvF,FzaX,9qlAWQ7,oslk,ERuOTZB,LM8l689qOp,rgKb,RAYp,F2FyR07IdsN7I
0,196,7,2948,20,25,8,107.28,0,475212,0,6.35313,18,62,329,0,21,5869.02,0,0,0,0,-800700,35,6,74745,72,16465,780,3080,0,0,0,331540,6,0,0,14,LDPvyx7IEC,RO12,taul,1K8T,LloI,dSyX0q9,ElQylxy,R9qb,9_Y1,xSqs,09_Q,IYzP,me75fM6ugJ,kIsH,uKAI,L84s,XfqtO3UdzaXh_,XTbPUYD,0ea3,cJvF,FzaX,n0ws6v_,oslk,5qERVB_,LM8l689qOp,szEZ,RAYp,F2FyR07IdsN7I
0,175,0,0,48,60,24,66.88,0,654,0,2.18714,9,18,0,6312,0,832.8,0,0,16,32,-91907.6,130,12,0,0,4170,520,0,0,0,0,7968,6,0,0,0,mCGq9ayE15,RO12,taul,1K8T,_8YK,8ij6Lg8,q2tfFQq,hC8t,9_Y1,kJJ7,VpdQ,IYzP,me75fM6ugJ,kIsH,uKAI,L84s,NhsEn4L,mAjR0Ac,Pea6,cJvF,FzaX,7OmVzos,oslk,76DJixu,LM8l689qOp,7P5s,RAYp,F2FyR07IdsN7I
0,763,0,0,168,210,40,253.52,0,6794460,0,1.723136,9,16,0,1276224,0,42654,15,10,40,24,149211.6,1490,90,0,0,3045570,540218,0,0,27,596379,10587440,22,1564044,0,0,u6tWq6edh4,RO12,taul,1K8T,JLbT,KwenkcQ,e1XhvTunuD,OhLp,9_Y1,_xpN,VpdQ,IYzP,me75fM6ugJ,kIsH,uKAI,L84s,NhsEn4L,NGZxnJM,gsTD,UYBR,FzaX,XqwYlW4,oslk,sMvE4Qn,LM8l689qOp,FSa2,RAYp,F2FyR07IdsN7I
0,847,7,400,136,170,136,253.52,0,0,0,5.157659,9,138,84,1664,0,220013.4,10,16,32,16,81006.8,555,0,16335,0,1484910,2937600,635,0,27,0,10243160,10,4147200,0,0,YddTmBtueT,2Knk1KF,taul,1K8T,487l,au1CPws,75H7ltG,wWJ2,9_Y1,c2JP,VpdQ,itlM,me75fM6ugJ,kIsH,uKAI,L84s,XfqtO3UdzaXh_,XTbPUYD,X7s9,cJvF,FzaX,_PxY_02,oslk,r7xOEra,M_8D,rgKb,RAYp,55YFVY9
0,98,0,0,776,970,440,253.52,0,6620520,0,0.1841487,9,14,0,1382400,0,49866.6,35,2,40,16,213312.4,1055,558,0,0,2419525,60142,0,0,0,0,9812880,72,398538,0,0,1PnOj1KVEH,AERks4l,taul,1K8T,0Y9G,3FCrXBz,RuVy67M,hXQA,9_Y1,jdbz,VpdQ,IYzP,7M47J5GA0pTYIFxg5uy,kIsH,uKAI,L84s,leSl,NGZiGpF,Zpg5,cJvF,FzaX,oatipLp,QKW8DRm,RsCQLlz,LM8l689qOp,kwS7,vJ_w8kB,xwM2aC7IdeMC0
0,399,7,96,120,150,16,220.48,0,86886,0,2.543474,9,206,0,85312,0,9518.37,15,12,40,24,-21512.72,635,84,3519,0,10100,30530,55,0,9,12677,259524,4,89130,0,0,7Cwt0Gdc_a,2Knk1KF,CiJDdr4TQ0rGERIS,1K8T,aekr,fhk21Ss,_jTP8ioIlJ,Cuzd,9_Y1,cyKH,VpdQ,haYg,7M47J5GA0pTYIFxg5uy,kIsH,g5HH,L84s,_5OXC8MSLt,LxWMK5e,uwws,cJvF,FzaX,4UxGlow,oslk,catzS2D,LM8l689qOp,me1d,ZI9m,VjDE
0,1148,21,9216,164,205,48,574.64,0,4712376,0,4.495621,45,218,518,2534584,0,113341.2,25,8,32,32,261840,750,66,14022,0,3795185,761402,6380,0,45,1663326,10580360,22,1668678,0,0,uUdt0G8EIb,2Knk1KF,CiJDdr4TQ0rGERIS,1K8T,0Xwj,fhk21Ss,76j2P_OLn0,RUy6,HLqf,e7QV,VpdQ,y6dw,7M47J5GA0pTYIFxg5uy,sBgB,uKAI,L84s,62ZfA6x0SiWOX,7N74Q2u,WY4n,cJvF,FzaX,4UxGlow,JIiEFBU,catzS2D,LM8l689qOp,fKCe,ZI9m,r_7E
0,728,7,216,180,225,136,166.56,5,0,0,5.047853,9,60,42,80400,0,3906.42,0,2,32,48,9427,490,0,11682,8,138395,22520,875,0,0,3682,198968,42,4518,0,0,V8lt0G8rTN,RO12,taul,1K8T,wOc1,gwY4NQF,etM739XNbCmUu,RK_c,9_Y1,k13i,VpdQ,IYzP,me75fM6ugJ,kIsH,uKAI,L84s,NhsEn4L,TDceha3,XgJo,cJvF,FzaX,t5EoLzk,oslk,ag5iNPX,LM8l689qOp,fKCe,RAYp,F2FyR07IdsN7I
0,938,7,96,132,165,32,258,0,4156482,0,3.293741,9,44,0,1267232,0,186581.7,15,4,32,16,226947.2,555,54,15597,0,4937875,557544,160,0,9,554407,10054000,26,950412,0,0,oUPBcmzkzH,RO12,taul,1K8T,uErj,pfMpcUU,_jTP8ioIlJ,5V6A,9_Y1,yrDU,VpdQ,43pnToF,me75fM6ugJ,kIsH,uKAI,L84s,NhsEn4L,mAjbk_S,3Q8h,cJvF,FzaX,U8I6w_1,oslk,CFMqCcD,LM8l689qOp,Qcbd,RAYp,F2FyR07IdsN7I
0,3248,7,28,352,440,176,166.56,0,1287822,0,3.862209,9,50,7,1050568,0,33146.4,65,20,112,80,1240136,840,66,4464,0,1346210,345326,245,0,0,217140,3954400,44,463470,0,0,vAsTmBfHUn,RO12,taul,1K8T,LFM_,Nn3wY8e,o64y9zI,3Lti,9_Y1,4N0K,VpdQ,IYzP,me75fM6ugJ,kIsH,uKAI,L84s,NhsEn4L,mAjbk_S,h20l,cJvF,FzaX,75wv48t,oslk,xKQ2fT4,LM8l689qOp,Qu4f,RAYp,F2FyR07IdsN7I
0,553,7,464,124,155,24,186.64,0,4286934,0,1.732109,9,30,70,1396880,0,88009.8,10,8,48,40,498056,465,78,58437,0,1679430,57760,110,0,0,287749,5770040,8,95046,0,0,1YVgUHXZeb,RO12,taul,1K8T,487l,KiMXyrj,SviuBojFD_rhK,SUbi,9_Y1,fTh6,VpdQ,IYzP,DHn_WUyBhW_whjA88g9bvA64_,kIsH,uKAI,L84s,CrNX,mAjbq_f,5Wva,cJvF,FzaX,agOwxzD,d0EEeJi,X8nyLgb,LM8l689qOp,453m,nIGXDli,F2FyR07IdsN7I
0,3304,28,3780,120,150,0,133.12,0,0,0,5.269173,45,248,441,5529600,0,53637,0,0,32,64,192232.8,500,0,41652,0,9504000,0,405,0,36,0,10368000,44,0,0,0,qFpmfo8zhV,wvnt2iBhAPeGqIKaFUxJc6ca3IYp,CiJDdr4TQ0rGERIS,1K8T,ssAy,fhk21Ss,wuBOPIpk3n9Op,X641,9_Y1,_48V,VpdQ,y6dw,7M47J5GA0pTYIFxg5uy,kIsH,uKAI,L84s,_5OXC8MSLt,LxWhDOK,sgM3,UYBR,FzaX,4UxGlow,oslk,catzS2D,LM8l689qOp,3Cy4,ZI9m,VjDE
0,693,7,420,104,130,72,166.56,0,2083806,0,5.528306,9,38,21,102784,0,53801.1,10,2,16,8,223143.6,775,30,5328,0,325700,319424,550,0,0,89936,2770156,16,53082,0,0,NESt0G8EIb,RO12,taul,1K8T,TyGl,tsKMUDL,UFICjKT,lPZt,9_Y1,k13i,VpdQ,IYzP,me75fM6ugJ,kIsH,uKAI,L84s,NhsEn4L,mAjbk_S,i8P2,cJvF,FzaX,lbr8hdx,oslk,eiyRusu,LM8l689qOp,fKCe,RAYp,F2FyR07IdsN7I
0,70,0,0,72,90,56,243.12,0,0,0,2.084597,9,12,0,189504,0,21545.82,0,6,24,56,156708.4,90,0,0,16,74645,129966,0,0,0,110411,517100,2,154050,0,14,zcROj17IEC,RO12,taul,1K8T,aD1X,RTui_CD,o5WT5gy7iu,7xCH,9_Y1,zfpA,VpdQ,IYzP,DHn_WUyBhW_whjA88g9bvA64_,kIsH,uKAI,L84s,CrNX,NGZ_12K,QJup,cJvF,FzaX,VsUxaQ8,d0EEeJi,F2mb0tV,LM8l689qOp,7aLG,02N6s8f,F2FyR07IdsN7I
0,1820,7,1804,228,285,40,301.84,5,5953458,0,3.487075,18,102,385,1719016,3,105440.1,25,12,64,32,144960.4,1275,90,2538,16,3115135,406096,190,0,9,63420,10702840,44,1628172,0,0,Qu0TmBQZiT,RO12,taul,1K8T,IGdn,aKBrLEy,HKFGqS8,DSAx,9_Y1,TjV7,sJzTlal,sYC_,me75fM6ugJ,kIsH,uKAI,L84s,NhsEn4L,kq0XiNd,E3av,UYBR,FzaX,8GK0Q3K,oslk,4JiE4Qn,LM8l689qOp,FSa2,RAYp,F2FyR07IdsN7I
0,14,0,0,20,25,8,186.64,0,10886400,0,2.543687,9,14,0,0,0,622899,5,0,0,0,60031.6,80,18,0,0,0,335132,0,0,0,0,10347080,0,0,0,0,_v2vyx7IEC,RO12,lSbpiq1,1K8T,lK27,8ij6Lg8,bGUqwlz,S67e,9_Y1,f4dr,VpdQ,IYzP,me75fM6ugJ,kIsH,uKAI,L84s,NhsEn4L,mAja5EA,DGUD,cJvF,FzaX,7OmVzos,oslk,76DJixu,LM8l689qOp,szEZ,RAYp,F2FyR07IdsN7I
0,770,7,352,136,170,32,186.64,0,4297212,0,4.832301,18,68,28,4147200,3,225750.3,15,0,32,48,145195.6,500,54,522,16,4652305,562046,120,0,9,0,10478080,24,0,0,7,mzKvyx8zhV,RO12,taul,1K8T,Guv5,innngaa,nQU2P_OLn0,A0ND,9_Y1,MBhA,VpdQ,43pnToF,me75fM6ugJ,kIsH,uKAI,L84s,NhsEn4L,NGZMmo2,rSdj,UYBR,OFWH,1FARoKG,oslk,CnZoIp0,jySVZNlOJy,WqMG,RAYp,F2FyR07IdsN7I
0,133,0,0,48,60,40,186.64,0,1862736,0,6.041658,9,16,0,4576656,0,321987,15,2,24,8,236023.2,290,12,0,0,0,2780640,0,0,0,142226,11614040,0,121908,0,0,Qu0qrQKzJV,RO12,taul,1K8T,AnrR,zg_pBTu,nJy8d8N5V7yiy,Gt1c,9_Y1,15m3,VpdQ,IYzP,me75fM6ugJ,kIsH,uKAI,L84s,NhsEn4L,mAja5EA,WFD8,UYBR,FzaX,bZhDGHt,oslk,IWyDN1n,LM8l689qOp,FSa2,RAYp,F2FyR07IdsN7I
0,101850,7,140,36272,45340,13168,331.04,0,2800842,0,5.744072,27,124,35,784872,0,1393.962,4985,1038,4552,10352,-306247.6,71630,13086,106614,0,2743655,305374,20,0,18,119560,6485640,4862,375528,0,0,H1Fr4Rdncc,2Knk1KF,taul,1K8T,L_LK,fLzCyD5,iubjallRpn,jReB,9_Y1,em8I,VpdQ,lVqb,me75fM6ugJ,kIsH,g5HH,L84s,XfqtO3UdzaXh_,XTbPUYD,kIVy,cJvF,FzaX,yO79OJS,oslk,uBooG9v,jySVZNlOJy,me1d,RAYp,55YFVY9
0,672,7,208,124,155,0,286.96,0,11404800,0,1.577441,18,30,245,0,0,210377.4,45,0,32,0,403980,505,132,2034,0,0,0,390,0,9,0,10713600,0,0,0,0,75lr4RXktW,RO12,taul,1K8T,1TqK,dpLnqNs,ZkibjLN5VdYQ7,K5jj,9_Y1,TFSW,VpdQ,43pnToF,me75fM6ugJ,kIsH,uKAI,L84s,NhsEn4L,kZJtVhC,pnso,cJvF,FzaX,9F7m0jM,oslk,jrbDSFl,LM8l689qOp,Xa3G,RAYp,F2FyR07IdsN7I
0,931,7,1620,148,185,40,166.56,0,6487140,0,1.135014,9,40,427,1382400,0,167445.6,35,2,32,16,-121488.8,630,78,486,0,1551820,691292,1540,0,0,0,10105640,18,197154,0,0,tr0rEyXktW,RO12,taul,1K8T,0Xwj,fqedTJr,Yi49a6G,K23q,F3hy,H1uM,VpdQ,IYzP,me75fM6ugJ,kIsH,uKAI,L84s,NhsEn4L,mAjbk_S,dZL6,cJvF,FzaX,fxJ68SY,oslk,SyxQQMs,LM8l689qOp,Aoh3,RAYp,F2FyR07IdsN7I
0,1736,28,924,172,215,16,327.44,0,9500460,0,0.5810724,36,58,84,0,0,36087,45,2,32,0,5682.72,1005,114,2106,0,94305,8668,1465,0,18,0,9503000,24,75372,0,0,V8lBcmz45j,RO12,taul,1K8T,YPhp,BoXMutf,wHfQYg4FYPyudCQ6,0R5r,9_Y1,yrDU,VpdQ,sYC_,me75fM6ugJ,kIsH,uKAI,L84s,NhsEn4L,kq0n8Bj,DKuB,cJvF,FzaX,KgoD5lR,oslk,o_K0_1Y,LM8l689qOp,Qcbd,RAYp,F2FyR07IdsN7I
0,385,14,316,36,45,24,166.56,0,0,0,3.515702,27,70,0,0,0,8645.91,0,0,0,0,-26774.28,205,0,954,0,42580,13290,520,0,9,0,60644,12,0,0,0,DQlgUH7IEC,RO12,taul,1K8T,yMvB,UsS0iwa,ThrnFOQ,e2MQ,9_Y1,m_h1,09_Q,43pnToF,me75fM6ugJ,sBgB,uKAI,L84s,NhsEn4L,mAjbk_S,ppF9,UYBR,FzaX,UF1OtFs,oslk,O45qCcD,LM8l689qOp,WqMG,RAYp,F2FyR07IdsN7I
0,1015,0,0,704,880,216,186.64,0,6835560,0,2.073916,9,20,0,2187480,0,75810,25,60,368,288,-31629.44,1385,288,0,8,2103580,400106,0,0,9,1390711,9885840,60,1253826,0,7,8Iqt0G8rTN,RO12,taul,1K8T,2Ix5,7c9SNLr,ErM0Vcg68N,zF2v,9_Y1,k13i,VpdQ,zm5i,me75fM6ugJ,kIsH,uKAI,L84s,NhsEn4L,mAja5EA,MJdo,cJvF,FzaX,mTP8jNM,oslk,bMSObSS,LM8l689qOp,fKCe,RAYp,F2FyR07IdsN7I
0,931,7,96,244,305,96,166.56,0,84918,0,4.956634,18,112,7,247680,0,8348.16,10,18,56,88,15308.16,860,30,3672,0,260615,39044,730,0,27,33537,513536,44,49698,0,0,8Fdr4RXXnK,2Knk1KF,taul,1K8T,uErj,gmq88LT,9YuuPSz3BI,zZ9V,9_Y1,Albh,VpdQ,hAFG,me75fM6ugJ,kIsH,uKAI,L84s,XfqtO3UdzaXh_,11p4mKe,1CTg,cJvF,FzaX,gbo1rOn,oslk,Pml6FsY,LM8l689qOp,Xa3G,RAYp,55YFVY9
0,651,0,0,124,155,136,186.64,0,0,0,6.001282,18,26,0,377608,0,21423.78,0,16,40,48,126664,475,0,0,0,0,321488,0,0,9,172837,1154936,0,484734,0,0,52Iq9ayE15,RO12,taul,1K8T,z32l,8HgwL4a,nJy8d8N5VniGX,v74V,9_Y1,000J,VpdQ,IYzP,DHn_WUyBhW_whjA88g9bvA64_,kIsH,uKAI,L84s,CrNX,mAjbq_f,oInC,cJvF,FzaX,tZkHeW8,d0EEeJi,9ZppRtK,LM8l689qOp,7P5s,nIGXDli,F2FyR07IdsN7I
0,8736,7,288,196,245,72,213.36,0,6122100,0,1.911985,9,34,7,1781016,0,17915.25,30,4,56,32,130686.4,710,96,10089,0,1661675,1147530,305,0,9,1017289,10450000,24,871962,0,0,1nlTmBtueT,RO12,taul,1K8T,TyGl,lKbEbie,zA2IZno2NK,QUKT,9_Y1,C6Eu,VpdQ,zm5i,me75fM6ugJ,kIsH,uKAI,Mtgm,NhsEn4L,mAja5EA,K87U,cJvF,FzaX,JptTe_2,oslk,2wCw01M,LM8l689qOp,rgKb,RAYp,F2FyR07IdsN7I
0,343,14,5820,272,340,80,286.96,5,2039004,0,5.342021,27,40,686,2113024,0,21904.41,15,10,72,56,3318048,420,42,107595,8,2533860,142872,2080,0,18,1565641,5830080,72,641952,0,0,oUPBcmzkzH,RO12,taul,1K8T,uNkU,xziqMKD,C_uQoStwYE,tMGr,9_Y1,KubS,09_Q,lVqb,me75fM6ugJ,kIsH,uKAI,L84s,XfqtO3UdzaXh_,11p4mKe,Bgu0,cJvF,FzaX,KX868SY,oslk,Mkb2C8o,LM8l689qOp,Qcbd,RAYp,F2FyR07IdsN7I
0,252,0,0,68,85,32,186.64,0,3397734,0,5.942961,9,20,0,0,0,248752.8,0,0,0,0,226336,300,18,0,0,9170350,27430,0,0,9,0,9656280,20,0,0,0,1PnOj1KVEH,RO12,taul,1K8T,tXti,2gN8HPr,3cO76t0,C_jS,9_Y1,ID5l,VpdQ,zm5i,me75fM6ugJ,kIsH,uKAI,L84s,NhsEn4L,mAja5EA,wVFk,cJvF,FzaX,sx5ARL_,oslk,hFzRusu,LM8l689qOp,kwS7,RAYp,F2FyR07IdsN7I
0,1596,7,320,744,930,304,166.56,0,91176,0,4.474685,9,58,119,152792,0,2728.944,15,20,104,168,16548,2760,102,31653,0,372960,52952,4430,0,0,10969,630760,194,77784,0,0,DHeq9ayfAo,RO12,taul,1K8T,mAW3,Kn7o7aV,Oe4E7cR6Kt,A0mG,9_Y1,kJJ7,VpdQ,IYzP,me75fM6ugJ,kIsH,uKAI,L84s,NhsEn4L,mAja5EA,He4R,UYBR,AU8_WTd,ylC6pd1,oslk,BULTE6Y,jySVZNlOJy,7P5s,RAYp,F2FyR07IdsN7I
0,1505,7,700,112,140,0,173.2,0,0,0,1.211066,9,62,28,0,0,14935.35,0,0,0,0,43276.8,315,0,42246,0,1774255,0,2830,0,0,0,1419404,56,0,0,0,vNEvyxLp3Z,RO12,taul,1K8T,ssAy,iJzviRg,CdPgMY1Z52,UTnK,9_Y1,vzJD,VpdQ,IYzP,7M47J5GA0pTYIFxg5uy,kIsH,uKAI,L84s,4kVnq_T26xq1p,y5FQAhq,xr2z,UYBR,FzaX,ch2oGfM,zCkv,P6pu4Vl,LM8l689qOp,xb3V,ZI9m,R4y5gQQWY8OodqDV
0,896,7,264,56,70,32,166.56,0,0,0,3.692801,9,130,0,2563416,0,48623.1,0,0,32,72,-94336.8,295,0,105768,0,242290,83222,595,0,9,251573,1641984,2,0,0,0,py5rEyXktW,2Knk1KF,taul,1K8T,fhwd,fqedTJr,V_KvNzO,DfHY,9_Y1,H1uM,VpdQ,haYg,me75fM6ugJ,kIsH,uKAI,L84s,XfqtO3UdzaXh_,XTb4AFX,XYHO,cJvF,FzaX,fxJ68SY,oslk,SyxQQMs,LM8l689qOp,Aoh3,RAYp,55YFVY9
0,2149,14,376,192,240,136,166.56,0,0,0,5.449477,18,56,21,1259816,0,21322.68,10,14,88,112,-168499.2,905,0,648,0,80165,153056,190,0,9,245602,1091488,16,105456,0,0,V8lt0G8rTN,RO12,taul,1K8T,YmZp,B884X3H,_UtlxbJ,u59h,9_Y1,e7QV,VpdQ,IYzP,me75fM6ugJ,kIsH,uKAI,L84s,NhsEn4L,mAjbk_S,mhBC,UYBR,FzaX,Fon8hdx,oslk,bTV7qqc,LM8l689qOp,fKCe,RAYp,F2FyR07IdsN7I
0,1379,7,1364,240,300,72,286.96,0,5475444,0,2.307199,9,62,2436,1956792,0,33470.4,55,28,56,48,705192,730,72,46053,0,2930475,761192,770,0,0,190456,10562960,16,552432,0,0,u6tWq6edh4,RO12,taul,1K8T,AHgj,r6oXgvp,a0nTw4C,rXQd,9_Y1,_xpN,VpdQ,IYzP,me75fM6ugJ,kIsH,uKAI,Mtgm,NhsEn4L,TDcECyH,hv45,UYBR,FzaX,8UAYE38,oslk,rJxz_Kt,LM8l689qOp,FSa2,RAYp,F2FyR07IdsN7I
0,1554,7,456,208,260,40,166.56,0,2403552,0,3.847041,18,44,42,638272,0,92200.5,15,4,48,56,-136435.6,845,60,18702,0,2558115,309824,1650,0,9,202867,5737040,50,367752,0,0,V8lt0G8rTN,RO12,taul,1K8T,2Ix5,qEdASpP,S85OeCBjSz,RK_c,9_Y1,k13i,09_Q,IYzP,me75fM6ugJ,kIsH,uKAI,L84s,NhsEn4L,mAjbk_S,6JuY,cJvF,FzaX,0AJo2f2,oslk,2Kb5FSF,LM8l689qOp,fKCe,RAYp,F2FyR07IdsN7I
0,896,7,4096,144,180,24,234.64,0,3924822,0,1.320658,9,114,511,3340832,0,194368.2,10,6,24,40,130562.4,510,48,3618,0,4869730,441096,3020,0,9,0,10333040,30,1147164,0,0,yaKt0Go8Lb,RO12,taul,1K8T,JLbT,iJzviRg,EXpWEXgaYpMJ7,1kDC,9_Y1,C7DI,VpdQ,kxE9,7M47J5GA0pTYIFxg5uy,kIsH,uKAI,L84s,4kVnq_T26xq1p,kZJBy4G,rgfi,cJvF,FzaX,ch2oGfM,zCkv,P6pu4Vl,LM8l689qOp,Qu4f,ZI9m,R4y5gQQWY8OodqDV
0,462,0,0,160,200,40,286.96,5,4978878,0,6.856655,9,24,0,3523728,0,186746.7,15,6,32,48,180277.6,685,72,0,8,4228475,576072,0,0,9,0,10574800,22,132420,0,0,1GdOj17ejg,RO12,taul,1K8T,ZSv9,6CXYbuk,nQUBcBcErl,N7Xz,9_Y1,iVbl,VpdQ,IYzP,Kxdu,kIsH,uKAI,L84s,9pUnzWLbztKTo,mAjygUE,yHHB,cJvF,FzaX,ROeipLp,zCkv,K2SqEo9,LM8l689qOp,7aLG,6fzt,am14IcfM7tWLrUmRT52KtA
0,931,7,0,136,170,56,259.12,0,2628618,0,5.992736,9,48,0,1900824,0,143949.6,10,8,32,24,81023.6,555,42,1242,0,4183885,1109456,30,0,0,554407,10169680,22,1900824,0,0,AUUt0GoOh3,RO12,taul,1K8T,7gSz,G6aMVop,PFnVrQ2,PWyo,9_Y1,C7DI,VpdQ,IYzP,me75fM6ugJ,sBgB,uKAI,L84s,NhsEn4L,mAj3MXw,qltq,cJvF,FzaX,Xsgmfvd,oslk,uBYMak1,jySVZNlOJy,Qu4f,RAYp,F2FyR07IdsN7I
0,518,21,1348,628,785,40,200,0,7212,0,6.296091,27,92,0,4816,0,8660.13,10,0,24,16,93756,2460,24,603,0,507130,157240,220,0,18,2107,1074204,288,0,0,0,UCDvyx8zhV,RO12,taul,1K8T,Guv5,QML7qwL,LMDauou,sKj_,9_Y1,MBhA,VpdQ,sYC_,me75fM6ugJ,kIsH,uKAI,L84s,NhsEn4L,kq0aHkC,nPjI,cJvF,FzaX,tjWeT2p,oslk,9MCMpgG,jySVZNlOJy,WqMG,RAYp,F2FyR07IdsN7I
0,1505,7,25348,176,220,88,200,0,36210,0,0.2219611,18,182,511,2334184,0,38925,5,6,40,80,315324,740,30,14895,0,1484880,684688,1695,0,9,1122135,3960548,28,253992,0,0,l7Fq9ayE15,2Knk1KF,taul,1K8T,mAW3,fhk21Ss,FoJylxy,KX1F,9_Y1,000J,VpdQ,lVqb,7M47J5GA0pTYIFxg5uy,kIsH,uKAI,L84s,H4p93_uThXwSG,ORM1ICc,Kgqw,UYBR,AU8pNoi,4UxGlow,Al6ZaUT,catzS2D,LM8l689qOp,7P5s,ZI9m,iyHGyLCEkQ
0,1085,35,8712,276,345,152,133.12,0,8292,0,1.32194,45,138,70,85456,0,2559.615,5,18,80,112,5807,690,12,32031,0,106780,28670,3635,0,18,6720,213804,48,32718,0,0,puvq9aX0Db,2Knk1KF,I9xt3GDRhUK7p,1K8T,lK27,VjLpcUU,NFlfMbKIm3,mPLg,9_Y1,6TCl,09_Q,haYg,me75fM6ugJ,kIsH,uKAI,L84s,XfqtO3UdzaXh_,XTbPUYD,FZov,cJvF,FzaX,H7j6w_1,oslk,_DoqCcD,LM8l689qOp,uWr3,RAYp,55YFVY9
0,2037,0,8,1080,1350,624,53.52,0,6171720,0,3.194403,9,32,0,858472,6,67314.3,65,66,240,128,40237.2,2685,168,0,24,2619985,625584,0,0,9,509544,10589600,204,1403040,0,7,dRaTmBfHUn,RO12,taul,1K8T,TyGl,ho_heVi,77ihvTNYTV,Dyax,9_Y1,Z5OU,VpdQ,zm5i,me75fM6ugJ,kIsH,uKAI,L84s,NhsEn4L,mAjbk_S,NUGF,cJvF,FzaX,ImpAWQ7,oslk,lcWqFbB,LM8l689qOp,Qu4f,RAYp,F2FyR07IdsN7I
0,1351,7,2664,168,210,64,200,0,5731386,0,2.034181,9,90,0,2089344,0,119101.5,5,6,56,56,-63011.6,780,84,35190,0,1786455,1126970,2095,0,9,60746,9408360,18,1035750,0,0,NQ5rEy7Rm6,RO12,taul,1K8T,nQZ6,4JEMGuV,WICZqsx,DUG7,9_Y1,X8zP,VpdQ,6JmL,me75fM6ugJ,kIsH,uKAI,L84s,XfqtO3UdzaXh_,XTbPUYD,li1k,cJvF,FzaX,VA_88FJ,oslk,0JeRt72,LM8l689qOp,Aoh3,RAYp,F2FyR07IdsN7I
0,931,7,2320,144,180,80,206.72,10,1669260,0,6.969451,9,112,77,611752,0,153796.8,15,10,40,32,57037.2,810,24,1125,16,4216840,1696132,5120,0,36,655725,10575200,20,2117250,0,0,8I1TmBtueT,2Knk1KF,taul,1K8T,kNzO,77f44U8,pCsFbvQJcF,4cn2,9_Y1,C6Eu,09_Q,CoYW,me75fM6ugJ,kIsH,uKAI,L84s,XfqtO3UdzaXh_,XTbPUYD,Af4H,cJvF,FzaX,tzp8jNM,oslk,5nQ7A2G,jySVZNlOJy,rgKb,RAYp,55YFVY9
0,378,0,0,140,175,16,266.4,0,4147200,0,5.891476,9,20,0,2764800,0,175369.2,30,0,40,32,221677.6,620,48,0,0,5751250,87588,0,0,9,0,10655840,30,0,0,0,oBXrjIQq3d,RO12,taul,1K8T,JLbT,fVhJr0F,aicwJWdM824QSSRZjet,o5H_,9_Y1,RVjC,VpdQ,zm5i,me75fM6ugJ,kIsH,uKAI,Mtgm,NhsEn4L,7WwOAni,TQqY,UYBR,FzaX,yMCvEWW,oslk,cwU7qqc,LM8l689qOp,FSa2,RAYp,F2FyR07IdsN7I
0,714,7,2240,168,210,16,220.08,0,3538242,0,6.768639,9,56,84,4147200,0,102510.9,10,0,32,48,323950.4,555,48,99504,0,6751500,31948,2820,0,9,1209600,10588720,48,0,0,0,puvq9aX0Db,RO12,taul,1K8T,TLkP,XktJaGu,DKUDUftgA7,Z2m3,9_Y1,6TCl,VpdQ,lVqb,me75fM6ugJ,kIsH,uKAI,L84s,XfqtO3UdzaXh_,XTbPUYD,9ppy,cJvF,FzaX,cicv1FD,oslk,jxsQhib,LM8l689qOp,uWr3,RAYp,F2FyR07IdsN7I
0,630,7,2288,128,160,16,176.56,0,518400,0,5.112369,9,72,105,2620424,0,96435,0,2,32,64,225804.8,475,6,2007,0,4187290,207754,3635,0,9,933415,5766760,40,518400,0,0,1YVvyx7IEC,RO12,taul,1K8T,487l,idWJKO_,msIFlLyI91,ToxV,9_Y1,xSqs,VpdQ,sYC_,me75fM6ugJ,kIsH,uKAI,L84s,NhsEn4L,beK4AFX,1cQR,cJvF,FzaX,z0TYlW4,oslk,9mKTE6Y,M_8D,szEZ,RAYp,F2FyR07IdsN7I
0,1330,7,1980,156,195,48,297.04,0,7318020,0,0.7154455,9,86,63,328,9,105565.8,30,18,96,8,41625.2,1075,54,11853,32,3644880,14768,225,0,0,0,9674120,16,537042,0,7,TfiWq69R_D,AERks4l,LfvqpCtLOY,1K8T,MoUp,PHNvXy8,FoJylxy,Pkzj,9_Y1,RVjC,VpdQ,sYC_,NKv3VA1BpP,kIsH,uKAI,L84s,Ie_5MZs,cUQZTTg,wVfc,UYBR,FzaX,UF16siJ,zCkv,APgdzOv,jySVZNlOJy,FSa2,6fzt,xwM2aC7IdeMC0
0,7294,14,2764,124,155,0,286.96,5,130896,9,2.567187,18,106,140,6220800,3,11215.98,0,0,32,72,102484.4,575,6,21492,24,9000700,0,460,0,27,0,10398200,42,0,0,0,dRaTmBfHUn,RO12,taul,1K8T,7gSz,EKQtyiI,MSmOHlx,yslf,9_Y1,Z5OU,09_Q,Tkho,EBKcR3s6B22tD6gC36gm6S,kIsH,uKAI,L84s,CrNX,pMWQVqj,EirH,cJvF,FzaX,e2DXbK_,d0EEeJi,ik9uSTZ,LM8l689qOp,Qu4f,nIGXDli,F2FyR07IdsN7I
0,840,7,228,128,160,0,260.24,0,3628824,0,3.21128,9,64,7,4838400,0,199857.9,10,2,32,56,-147589.2,540,42,74106,0,6472150,0,45,0,9,0,10649080,30,127464,0,0,DQlrEyXXnK,RO12,taul,1K8T,WkTj,_ybO0dd,n1zVHpT8NN,geHS,9_Y1,SkZj,sJzTlal,sYC_,me75fM6ugJ,kIsH,uKAI,Mtgm,NhsEn4L,kq0n8Bj,8gB5,UYBR,FzaX,L91KIiz,oslk,CE7uk3u,LM8l689qOp,Aoh3,RAYp,F2FyR07IdsN7I
0,238,0,0,36,45,8,264,0,4678080,0,0.1999573,9,20,0,4838400,0,169012.2,10,2,16,8,-183811.2,545,18,0,0,24080,142374,0,0,9,0,8929000,2,563106,0,0,1GdOj17ejg,RO12,taul,1K8T,4fje,xUTqnbN,8o3zKbi,TSp6,9_Y1,iVbl,VpdQ,zm5i,me75fM6ugJ,kIsH,uKAI,Mtgm,NhsEn4L,7WwuNea,iERa,UYBR,FzaX,LwGVino,oslk,xYH_Q4n,LM8l689qOp,7aLG,RAYp,F2FyR07IdsN7I
0,7217,14,184,232,290,56,220.08,0,3575694,0,1.75454,45,120,0,3316040,0,16990.83,35,8,64,48,268650,3720,90,40464,0,5906850,110034,55,0,27,58016,10563880,38,90132,0,0,LDPgUHXZeb,2Knk1KF,taul,1K8T,7ALb,3pg460p,J_sb4dmQwP,sDah,9_Y1,STGZ,VpdQ,6JmL,me75fM6ugJ,kIsH,uKAI,L84s,XfqtO3UdzaXh_,XTbPUYD,hvGZ,UYBR,FzaX,Qf2vbB7,oslk,jZZjeOa,LM8l689qOp,453m,RAYp,55YFVY9
0,1463,7,472,460,575,160,133.12,0,2514,0,3.940184,9,58,84,531544,0,14416.11,5,10,72,112,-152886.8,1470,6,71082,0,395180,233520,7545,0,0,228620,1156760,148,154524,0,0,6m0t0G8rTN,RO12,taul,1K8T,lK27,B884X3H,yEFIHeU,LEtC,9_Y1,e7QV,VpdQ,IYzP,me75fM6ugJ,kIsH,uKAI,L84s,NhsEn4L,TDceha3,SyPi,cJvF,FzaX,Fon8hdx,oslk,bTV7qqc,LM8l689qOp,fKCe,RAYp,F2FyR07IdsN7I
0,140,0,0,128,160,72,230.32,0,2439846,0,3.123692,9,18,0,2707248,0,225251.7,15,6,40,32,107773.2,320,30,0,0,3276835,1454424,0,0,0,0,10329280,16,1216134,0,0,KXMrEyXXnK,RO12,taul,1K8T,487l,6G2q5m3,z2Sp986pTn,gif5,9_Y1,SkZj,VpdQ,IYzP,me75fM6ugJ,kIsH,uKAI,Mtgm,NhsEn4L,kZJtVhC,aINY,UYBR,FzaX,zxm6hzI,oslk,RRM2fT4,LM8l689qOp,Aoh3,RAYp,F2FyR07IdsN7I
0,504,7,3228,140,175,88,166.56,0,16356,0,2.177526,9,162,98,161696,0,6157.74,0,0,0,56,86829.2,730,12,108171,0,184165,196202,2820,0,18,0,631488,30,0,0,0,vNEvyxLp3Z,2Knk1KF,taul,1K8T,0Xwj,rsmRWXF,V_KvNzO,FUgD,HLqf,vzJD,VpdQ,kxE9,me75fM6ugJ,sBgB,uKAI,L84s,XfqtO3UdzaXh_,_JdcICD,cMEF,UYBR,AU8pNoi,FhT87dl,oslk,og8TE6Y,LM8l689qOp,xb3V,RAYp,TCU50_Yjmm6GIBZ0lL_
0,952,7,192,256,320,120,1112.08,0,5993262,0,0.5748771,9,40,0,2448176,0,148212.9,15,10,32,56,255595.6,820,84,585,0,2745860,779630,80,0,9,0,10018440,40,337536,0,0,1PnOj1KVEH,RO12,taul,1K8T,kwI9,A_yBboK,hOpRIhsUSP,ENZq,9_Y1,ID5l,VpdQ,zm5i,me75fM6ugJ,kIsH,uKAI,Mtgm,NhsEn4L,mAjbk_S,SrHL,cJvF,FzaX,3Jmmfvd,oslk,JD1lw9w,LM8l689qOp,kwS7,RAYp,F2FyR07IdsN7I
0,1050,21,7284,148,185,0,200,0,10626540,0,5.943388,54,78,196,66248,0,189006,45,0,48,24,112671.6,575,126,19278,0,272270,0,1980,0,0,36561,10330560,8,0,0,0,CEat0G8rTN,RO12,taul,1K8T,PbOJ,7c9SNLr,rvXE5Xj,MAcl,9_Y1,k13i,VpdQ,IYzP,me75fM6ugJ,kIsH,uKAI,L84s,NhsEn4L,beK4AFX,Dv1D,UYBR,FzaX,mTP8jNM,oslk,bMSObSS,M_8D,fKCe,RAYp,F2FyR07IdsN7I
0,938,14,3032,468,585,280,220.08,0,264252,0,2.610126,18,160,259,1483664,3,19621.44,20,46,112,112,171695.6,1110,36,1044,8,2307240,575044,695,0,36,138460,4682880,70,673806,0,0,C2Dvyx875g,MJdP52puUMWhmExsNdlkGDbNTFln2Eg,taul,1K8T,72yt,eDdCzkM,HLpRhrR,dt2W,9_Y1,3NyY,VpdQ,kxE9,me75fM6ugJ,kIsH,uKAI,L84s,XfqtO3UdzaXh_,XTbPUYD,ZZeJ,cJvF,FzaX,t9iOtFs,oslk,IDnz_Kt,LM8l689qOp,WqMG,RAYp,iyHGyLCEkQ
0,5243,7,184,964,1205,624,133.12,0,125418,0,3.64623,9,52,7,611088,0,6505.53,15,70,296,392,46808,3530,114,639,0,626195,409894,1070,0,0,222215,2068800,114,485598,0,0,LDPgUHXZeb,RO12,taul,1K8T,h3JW,WIUdTJr,A1cKNds,9Hqr,9_Y1,LqKm,09_Q,IYzP,me75fM6ugJ,kIsH,uKAI,L84s,NhsEn4L,TDcECyH,2S0r,UYBR,FzaX,ALC68SY,oslk,9JvQQMs,LM8l689qOp,453m,RAYp,F2FyR07IdsN7I
0,1036,14,7456,296,370,176,166.56,0,1071264,0,1.558641,27,68,42,4068208,0,94683.59,5,4,48,80,633332,1075,126,24444,0,1340095,1149740,965,0,0,776629,6445640,36,457452,0,0,NESWq69R_D,RO12,taul,1K8T,TyGl,_ybO0dd,gG7yZNBdAY,i4KB,9_Y1,z5Ry,09_Q,IYzP,me75fM6ugJ,kIsH,uKAI,Mtgm,NhsEn4L,NGZMmo2,r7yD,UYBR,qxDb,L91KIiz,oslk,CE7uk3u,M_8D,FSa2,RAYp,F2FyR07IdsN7I
0,1743,21,5636,140,175,152,186.64,0,768630,0,4.862423,36,72,203,1804920,0,22379.7,15,4,24,48,145357.2,760,24,27171,0,41990,889022,1080,0,18,1042216,5401480,2,389532,0,0,NQ5rEy7Rm6,snf9xe6PBwBZ8lKzhEz,taul,1K8T,IvdZ,PHNvXy8,daiGnRstPa,02fP,9_Y1,X8zP,09_Q,haYg,NKv3VA1BpP,kIsH,uKAI,L84s,Ie_5MZs,OFqdri0,x_YG,UYBR,FzaX,UF16siJ,zCkv,APgdzOv,LM8l689qOp,Aoh3,6fzt,xwM2aC7IdeMC0
0,4165,28,304,824,1030,408,200,0,256884,0,1.222602,36,112,441,351168,0,7037.28,65,66,400,320,-891236,2175,288,26046,0,206865,137322,2960,0,0,166922,943328,42,186402,0,0,zC_Wq6e2Rv,2Knk1KF,taul,1K8T,JLbT,gNIALo2,LIH3TPf,2j2o,9_Y1,_xpN,09_Q,IYzP,me75fM6ugJ,kIsH,uKAI,Mtgm,NhsEn4L,cUQBu6y,DA6B,UYBR,FzaX,ZLO9MDz,oslk,rXIAwsZ,LM8l689qOp,FSa2,RAYp,55YFVY9
0,1029,7,92,252,315,192,200,0,0,0,6.803461,9,40,0,571928,0,16064.64,0,12,72,152,41005.6,1000,0,396,0,292780,198010,25,0,18,107590,964356,28,72222,0,0,puvq9aX0Db,RO12,taul,1K8T,lK27,wEJwkuM,V4E_TU9097,Mn2e,9_Y1,6TCl,09_Q,IYzP,me75fM6ugJ,kIsH,uKAI,L84s,NhsEn4L,mAjbk_S,N37R,cJvF,FzaX,1E1v4zN,oslk,LHq2Oqu,LM8l689qOp,uWr3,RAYp,F2FyR07IdsN7I
0,1099,7,2176,132,165,88,186.64,0,1668078,0,3.847896,18,50,7,550240,0,147219.3,10,8,64,48,-728424,510,30,25659,0,409490,260416,2235,0,18,541870,3041744,10,328374,0,0,8I1r4RXXnK,RO12,taul,1K8T,EzKK,QyNMUDL,V4EIHR4LiC,8tew,9_Y1,TFSW,09_Q,lVqb,DHn_WUyBhW_whjA88g9bvA64_,kIsH,uKAI,L84s,CrNX,AuSPDRg,pOff,cJvF,FzaX,AI54wcb,d0EEeJi,IuaeLdZ,LM8l689qOp,Xa3G,nIGXDli,F2FyR07IdsN7I
0,448,0,0,76,95,32,89.2,0,0,0,4.350566,9,28,0,7448,0,1867.266,0,2,0,24,7784.16,245,0,0,0,48475,8730,0,0,0,0,62376,22,3618,0,0,51rBcmz45j,RO12,taul,1K8T,TyGl,Z4ho8ot,S85klZxJvf,cqg9,9_Y1,KubS,09_Q,IYzP,me75fM6ugJ,kIsH,uKAI,L84s,NhsEn4L,mAjR0Ac,CBWS,cJvF,FzaX,pqU6hzI,oslk,XKaTy9x,LM8l689qOp,Qcbd,RAYp,F2FyR07IdsN7I
0,1554,0,0,200,250,160,133.12,0,1362,0,6.004272,9,52,0,2909136,0,11592.27,5,2,40,96,-1326036,945,6,3645,0,1072150,680110,0,0,0,944174,3744636,30,106548,0,0,8Iqt0G8rTN,RO12,taul,1K8T,wOc1,qEdASpP,76j2P_OLn0,_piL,9_Y1,e7QV,VpdQ,IYzP,me75fM6ugJ,kIsH,uKAI,Mtgm,NhsEn4L,cUQmao5,pgmc,cJvF,FzaX,0AJo2f2,oslk,2Kb5FSF,LM8l689qOp,fKCe,RAYp,F2FyR07IdsN7I
0,945,7,12,172,215,24,214.64,0,7163040,0,3.954924,9,36,7,2073600,6,174257.7,30,2,40,24,192528.8,620,84,1647,24,3311670,112614,75,0,0,124544,10733120,32,106752,0,7,75lr4RXktW,RO12,taul,1K8T,uErj,4XZdCcU,CbcWkL1DRg48F,ligO,9_Y1,Albh,sJzTlal,sYC_,me75fM6ugJ,kIsH,uKAI,L84s,NhsEn4L,7WwwAA_,bOo5,UYBR,FzaX,ZCEmfvd,oslk,Nbsa8ZG,LM8l689qOp,Xa3G,RAYp,F2FyR07IdsN7I
0,1316,7,72,372,465,184,200,0,38418,0,2.472335,9,42,154,1200,0,4521.21,25,10,48,16,51514.4,1320,12,4149,0,393910,113344,470,0,0,0,610984,112,32976,0,0,FAJgUH7ejg,RO12,taul,1K8T,0Xwj,cJKwkuM,6LRC0A5C7p,cAr9,HLqf,m_h1,VpdQ,IYzP,me75fM6ugJ,sBgB,uKAI,L84s,NhsEn4L,mAja5EA,sV49,UYBR,FzaX,aL0uLpj,oslk,5YyyovK,LM8l689qOp,WqMG,RAYp,F2FyR07IdsN7I
0,21,0,0,56,70,40,238.72,0,0,0,1.773766,9,12,0,220664,3,15980.79,0,0,16,24,-196132.4,70,0,0,16,215330,7856,0,0,0,15519,298308,12,0,0,7,qFpmfo8zhV,e6CkoqApVR,taul,1K8T,42Cy,9GJGgoz,LH076SiAyW,uMXz,9_Y1,6Kw9,sJzTlal,IYzP,Kxdu,kIsH,uKAI,L84s,FMSzZ91zL2,NGZzHLz,kdct,cJvF,FzaX,Tvpip6Z,zCkv,hHJsvbM,LM8l689qOp,3Cy4,6fzt,F2FcTt7IdMT_v
0,63,0,0,92,115,32,299.6,0,5546274,0,4.109592,9,14,0,1267232,0,250792.5,20,2,16,16,-288111.6,175,36,0,0,2376080,524196,0,0,0,554435,8915840,12,475230,0,0,75lTmBtFkL,RO12,taul,1K8T,487l,qJShE4b,msIcVg8v5v,_VgA,9_Y1,C6Eu,VpdQ,IYzP,me75fM6ugJ,kIsH,uKAI,Mtgm,NhsEn4L,mAja5EA,jMSf,UYBR,FzaX,Y2CKu_a,oslk,aIqdPAm,LM8l689qOp,rgKb,RAYp,F2FyR07IdsN7I
0,973,0,0,1020,1275,888,220.08,0,9348180,0,1.991241,9,26,0,1149056,0,62803.8,45,6,112,192,143056,3310,456,0,0,852065,431918,0,0,9,0,10472640,64,573108,0,0,npOBcmzkzH,RO12,taul,1K8T,OTVu,0LPEqH4,e1XhvTunuD,2bVl,9_Y1,WGOH,VpdQ,zm5i,me75fM6ugJ,kIsH,uKAI,Mtgm,NhsEn4L,kZJtVhC,rdgs,UYBR,FzaX,azMDSPW,oslk,Qt5zAyO,LM8l689qOp,Qcbd,RAYp,F2FyR07IdsN7I
0,1043,7,636,144,180,112,133.12,0,18888,0,4.324717,9,48,0,160000,0,7370.22,10,4,56,88,-27203.84,605,12,6696,0,144615,125586,4230,0,0,36617,482980,10,27186,0,0,1JGr4RKzJV,RO12,taul,1K8T,0Xwj,Z4hPoJV,iPJy6Cz,IPea,F3hy,DtNL,sJzTlal,IYzP,me75fM6ugJ,kIsH,uKAI,L84s,NhsEn4L,TDcECyH,qJKz,UYBR,AU8pNoi,25c0nTz,oslk,xiJRusu,LM8l689qOp,FSa2,RAYp,F2FyR07IdsN7I
0,637,7,1800,92,115,72,133.12,0,14640,0,0.4642171,9,112,14,96168,0,5032.44,0,0,32,72,1621.144,330,12,47214,0,36285,31178,2540,0,18,30051,149228,6,0,0,0,etYt0GVuu1,2Knk1KF,taul,1K8T,Uk76,xniu5tB,GVWDufEPyV,Rvdz,9_Y1,k13i,VpdQ,haYg,me75fM6ugJ,kIsH,g5HH,L84s,XfqtO3UdzaXh_,XTbPUYD,C9df,UYBR,Lmli,ie2oOXS,oslk,xwyAw04,LM8l689qOp,fKCe,RAYp,55YFVY9
0,882,14,2500,164,205,32,300.32,0,5767230,0,0.2285836,27,110,49,1747904,0,203412.6,35,2,40,32,68225.2,575,72,48060,0,3300105,274234,265,0,18,0,10278240,26,68748,0,0,vAsvyx7ejg,2Knk1KF,taul,1K8T,dWQK,P3bf9oa,lGXbRju_Hh,qHTX,9_Y1,xSqs,09_Q,Tkho,DHn_WUyBhW_whjA88g9bvA64_,kIsH,uKAI,L84s,CrNX,beKtFTo,2aaY,cJvF,FzaX,IhOwSS5,d0EEeJi,8YqaUYA,jySVZNlOJy,szEZ,nIGXDli,55YFVY9
0,952,21,1936,140,175,8,166.56,0,880134,0,2.097202,36,202,182,5690088,0,170282.1,5,2,32,72,306269.2,600,12,36108,0,8590900,56322,10640,0,27,0,10586840,42,30996,0,0,8I1r4RXXnK,AERks4l,CiJDdr4TQ0rGERIS,1K8T,z32l,fhk21Ss,hOpRIhsUSP,eW2S,9_Y1,Cgc3,VpdQ,y6dw,7M47J5GA0pTYIFxg5uy,kIsH,uKAI,L84s,tbewxY_YSo,IoITifx,XVsq,cJvF,FzaX,4UxGlow,JIiEFBU,catzS2D,jySVZNlOJy,Xa3G,ZI9m,NoEd
0,168,7,312,52,65,24,236.08,0,4143858,0,4.995086,9,50,14,0,0,281681.1,0,2,0,0,-46553.6,315,24,612,0,6078900,475472,200,0,18,0,8893440,10,475212,0,0,voArjIXt5a,RO12,taul,1K8T,JLbT,iJzviRg,V_KR_LD,MB3D,9_Y1,xQ2A,VpdQ,giwq,7M47J5GA0pTYIFxg5uy,kIsH,uKAI,Mtgm,4kVnq_T26xq1p,NGZeFa8,gvA6,UYBR,FzaX,ch2oGfM,zCkv,P6pu4Vl,jySVZNlOJy,5Acm,ZI9m,R4y5gQQWY8OodqDV
0,1736,21,832,184,230,80,220.08,0,2272662,0,4.193976,27,120,343,4358024,0,64563,5,0,32,56,-30999,770,54,28026,0,5706250,272158,825,0,18,0,9149040,38,0,0,0,DHevyx7IEC,rEUOq2QD1qfkRr6qpua,taul,1K8T,Bxva,u7UPB5L,FoJylxy,G2l2,9_Y1,YGOC,VpdQ,haYg,EBKcR3s6B22tD6gC36gm6S,kIsH,uKAI,L84s,CrNX,11piGKz,04BW,cJvF,FzaX,hf1HrQ1,d0EEeJi,bN3tk81,LM8l689qOp,szEZ,nIGXDli,ib5G6X1eUxUn6
0,854,7,1448,144,180,24,307.92,0,8233200,0,1.475112,9,82,0,0,0,164991.9,40,0,24,0,189529.2,695,102,33012,0,1786355,327992,1275,0,18,0,10338680,16,0,0,0,CxSr4RXktW,RO12,taul,1K8T,1TqK,4XZdCcU,ELRUn57,dkxN,9_Y1,Zazx,VpdQ,lVqb,me75fM6ugJ,kIsH,uKAI,L84s,XfqtO3UdzaXh_,11p4mKe,AWtI,cJvF,FzaX,ZCEmfvd,oslk,Nbsa8ZG,LM8l689qOp,Xa3G,RAYp,F2FyR07IdsN7I
0,1281,7,1956,412,515,208,233.44,0,230346,0,1.459944,18,76,70,60392,0,3291.81,5,10,32,32,-45590.8,1580,156,12618,0,202610,68006,3270,0,0,49497,523684,82,31596,0,0,tr0rEyXktW,RO12,taul,1K8T,YFAj,LnrdQSP,baRCMZ6q_vEZE,q8UP,9_Y1,SkZj,VpdQ,giwq,me75fM6ugJ,kIsH,uKAI,L84s,NhsEn4L,mAjbk_S,HZTI,cJvF,FzaX,UiC6V3V,oslk,nXOQZmh,LM8l689qOp,Aoh3,RAYp,F2FyR07IdsN7I
0,1225,7,2140,160,200,80,275.84,0,5535828,0,2.577654,9,56,14,168496,0,69036.59,35,6,32,16,295602.8,680,66,6057,0,966300,171788,1770,0,0,140154,7300520,14,308364,0,0,uUdt0G8EIb,RO12,taul,1K8T,0Xwj,F0DSdMg,ELRUn57,xklo,F3hy,e7QV,VpdQ,IYzP,me75fM6ugJ,kIsH,uKAI,L84s,NhsEn4L,mAja5EA,p2M1,UYBR,FzaX,1Fq88FJ,oslk,XByOEra,LM8l689qOp,fKCe,RAYp,F2FyR07IdsN7I
0,3633,7,56,216,270,120,266.88,0,1128498,0,4.016022,9,78,7,804392,0,24122.46,60,14,80,40,96678.8,1120,30,78804,0,4844370,1431406,570,0,27,162295,8769400,20,158232,0,0,NQ5vyxLkBI,RO12,taul,1K8T,R4_H,UKQvcTJ,V_KvNzO,VyxK,9_Y1,lXxA,09_Q,hAFG,me75fM6ugJ,kIsH,uKAI,L84s,XfqtO3UdzaXh_,XTb10lF,ZO55,cJvF,FzaX,75woGGc,oslk,23ZMCCr,jySVZNlOJy,xb3V,RAYp,F2FyR07IdsN7I
0,1295,7,2048,120,150,48,210,0,0,0,1.746422,9,92,21,331624,0,4714.47,0,4,24,48,-54988.8,350,0,107037,0,184580,70570,2505,0,9,284830,467588,32,19458,0,0,Mtpt0G8EIb,RO12,taul,1K8T,lK27,d1uSYVk,Tg7jjBB,diUD,9_Y1,k13i,VpdQ,hAFG,me75fM6ugJ,kIsH,uKAI,L84s,XfqtO3UdzaXh_,11p4mKe,Q7cE,cJvF,FzaX,7Om87dl,oslk,ZXdOTZB,LM8l689qOp,fKCe,RAYp,F2FyR07IdsN7I
0,1708,0,0,252,315,8,186.64,0,1443090,0,2.618885,9,70,0,5682408,0,100936.2,40,0,64,72,895684,945,144,72198,0,8030900,96004,0,0,18,0,10648440,42,0,0,0,YddrjIQ5Ph,RO12,taul,1K8T,JLbT,6CXYbuk,N4xbMThNdK,kWfE,9_Y1,RVjC,VpdQ,sYC_,Kxdu,kIsH,uKAI,L84s,9pUnzWLbztKTo,kq0YABQ,4a9J,UYBR,FzaX,ROeipLp,zCkv,K2SqEo9,jySVZNlOJy,FSa2,6fzt,am14IcfM7tWLrUmRT52KtA
0,1197,7,4332,296,370,112,169.36,0,1482,0,3.528733,9,148,637,177088,0,4947.48,5,6,56,96,-4194.72,1055,12,27090,0,343110,59922,2440,0,18,36869,504496,84,29610,0,0,NQ5vyxLkBI,2Knk1KF,taul,1K8T,R4_H,a5zFpID,Y0uewlZ,S7OZ,9_Y1,vzJD,09_Q,haYg,me75fM6ugJ,kIsH,uKAI,L84s,XfqtO3UdzaXh_,XTbPUYD,h9NQ,cJvF,FzaX,aTW8jNM,oslk,au82_Lp,LM8l689qOp,xb3V,RAYp,55YFVY9
0,2331,7,28,128,160,120,166.56,0,134184,0,2.353557,27,106,0,1382400,0,59849.4,0,12,32,16,129195.2,480,18,18306,0,2284765,2592000,135,0,9,1814400,9866080,12,3110400,0,0,vNEvyxLp3Z,RO12,taul,1K8T,ssAy,UKQvcTJ,NW71mrodGH,4SAx,9_Y1,vzJD,VpdQ,sYC_,me75fM6ugJ,kIsH,uKAI,Mtgm,NhsEn4L,kq0aHkC,ZTs4,UYBR,FzaX,75woGGc,oslk,23ZMCCr,M_8D,xb3V,RAYp,F2FyR07IdsN7I
0,2408,21,3804,208,260,80,333.12,0,3032424,0,6.099338,36,150,364,654904,0,36435.6,40,16,80,32,721892,980,60,153072,0,336920,460186,1730,0,45,62594,5792560,24,561912,0,0,m9SrEy7Rm6,2Knk1KF,taul,1K8T,R4_H,PHNvXy8,aEghjcMgIfpMJu7y,sU4J,9_Y1,H9GL,VpdQ,giwq,NKv3VA1BpP,kIsH,uKAI,L84s,Ie_5MZs,XTbjhEX,rxz9,cJvF,FzaX,UF16siJ,zCkv,APgdzOv,LM8l689qOp,Aoh3,6fzt,Zy3gnGM
0,721,7,312,144,180,16,547.84,0,3161430,0,0.3678701,9,32,0,3854120,0,205102.8,10,2,32,48,146798.8,520,48,6219,0,6838750,131846,3055,0,9,0,10560600,34,150066,0,0,JMGq9at_88,RO12,taul,1K8T,lK27,gjtEWXn,mEoHXVS,EddR,9_Y1,KfYH,sJzTlal,zm5i,me75fM6ugJ,kIsH,g5HH,L84s,NhsEn4L,jawO7iH,D04_,cJvF,FzaX,JptRsCb,oslk,2wCqs0R,LM8l689qOp,me1d,RAYp,F2FyR07IdsN7I
0,1904,7,1120,196,245,48,200,0,0,0,4.770989,9,104,21,55808,0,3532.35,0,10,48,48,-41484.4,970,0,77967,0,141805,15810,2320,0,0,14812,184552,64,17376,0,0,Qu0qrQKzJV,2Knk1KF,taul,1K8T,lK27,B5nJHBC,01rpPS3KgPnu7,_GvQ,9_Y1,15m3,VpdQ,IYzP,me75fM6ugJ,kIsH,uKAI,L84s,NhsEn4L,beK4AFX,Au2C,UYBR,FzaX,_vd0Q3K,oslk,AQ0QowC,LM8l689qOp,FSa2,RAYp,55YFVY9
0,4242,21,5264,876,1095,360,200,0,14016,0,5.19718,27,146,161,484968,0,2095.206,5,60,280,352,-1383912,2840,54,3924,0,461110,28050,1275,0,18,22743,763176,180,128370,0,0,zKnr4RXktW,AERks4l,taul,1K8T,kNzO,fhk21Ss,FoJylxy,2ocE,9_Y1,jakt,VpdQ,wMei,7M47J5GA0pTYIFxg5uy,kIsH,uKAI,L84s,4kVnq_T26xq1p,teA4cb7,CvoN,cJvF,FzaX,4UxGlow,zCkv,catzS2D,LM8l689qOp,7FJQ,ZI9m,ib5G6X1eUxUn6
0,749,7,192,32,40,0,166.56,0,0,0,3.529588,9,34,70,0,0,201786.9,5,2,0,0,112670,275,0,6948,0,6887900,0,3605,0,9,0,9738640,12,2713698,0,0,JMGq9aXt5a,RO12,taul,1K8T,TLkP,6CXYbuk,r83_sZi,TZAw,9_Y1,Y9Bl,VpdQ,IYzP,Kxdu,kIsH,uKAI,L84s,9pUnzWLbztKTo,TDcBmwK,kvwd,cJvF,FzaX,ROeipLp,zCkv,K2SqEo9,LM8l689qOp,uWr3,6fzt,am14IcfM7tWLrUmRT52KtA
0,1274,35,4452,124,155,0,166.56,0,10886400,0,5.12775,45,156,70,0,0,131741.1,45,0,32,0,238173.2,470,126,18063,0,116175,0,1105,0,18,0,10396640,2,0,0,0,8I1r4RXXnK,2Knk1KF,taul,1K8T,lK27,ojHnF0C,vW6mSEW,hK9K,9_Y1,Zazx,09_Q,hAFG,me75fM6ugJ,kIsH,uKAI,Mtgm,XfqtO3UdzaXh_,XTbIt4R,wH2R,cJvF,FzaX,KhlYWu3,oslk,83UEsaq,LM8l689qOp,Xa3G,RAYp,TCU50_Yjmm6GIBZ0lL_
0,1722,0,36,368,460,336,95.92,0,0,0,3.638752,9,58,0,132672,0,4400.76,0,26,120,136,-111269.6,960,0,6084,0,65210,123020,0,0,9,71820,462648,40,147156,0,0,a4vvyxLkBI,RO12,taul,1K8T,ssAy,VjLkKKt,9UgkRNa9Jb,oN4H,9_Y1,vzJD,VpdQ,oZyB,me75fM6ugJ,kIsH,uKAI,L84s,XfqtO3UdzaXh_,beKT7LR,cCbz,UYBR,FzaX,7CP8jNM,oslk,kPWQhib,LM8l689qOp,xb3V,RAYp,F2FyR07IdsN7I
0,182,0,0,196,245,104,178.96,0,62490,0,1.925016,18,16,0,181032,0,6418.59,0,4,40,80,-43979.6,510,18,0,0,219280,49148,0,0,0,3164,438092,42,48294,0,0,0vimfo8zhV,RO12,taul,1K8T,AKN1,jX5lhSa,FoJylxy,24w0,9_Y1,Bw19,VpdQ,IYzP,me75fM6ugJ,kIsH,uKAI,L84s,NhsEn4L,mAja5EA,5vck,cJvF,FzaX,WEga9N8,oslk,NbpRb9q,LM8l689qOp,wX53,RAYp,F2FyR07IdsN7I
0,833,7,12,132,165,8,255.6,0,8178540,0,2.344584,9,42,63,2073600,0,183127.5,20,2,32,24,166599.6,520,96,702,0,3233150,46370,1090,0,18,1209600,10818880,16,402096,0,0,8Fdr4RXXnK,LrdVolaSGUfkVeWC,taul,1K8T,ZNsX,RPKu5tB,q2tfFQq,mdNY,9_Y1,ZKJc,VpdQ,wMei,me75fM6ugJ,kIsH,uKAI,Mtgm,h0lfDKh52u4GP,ORM0Mzs,PGmj,UYBR,FzaX,WdP1WU5,oslk,05j67Xw,LM8l689qOp,7FJQ,RAYp,R4y5gQQWY8OodqDV
0,3178,0,0,472,590,248,286.96,0,5472774,0,1.85815,45,28,0,1935384,0,48869.7,60,6,32,120,-85370,2820,192,0,0,3245235,334782,0,0,9,21910,9467720,50,68076,0,0,1GdOj17ejg,RO12,taul,1K8T,aD1X,GRlgCVv,fESaUVe,hx65,9_Y1,iVbl,sJzTlal,wMei,me75fM6ugJ,kIsH,uKAI,L84s,NhsEn4L,7WwwAA_,2kP9,cJvF,FzaX,9wyOVQC,oslk,EiGEVJ2,LM8l689qOp,7aLG,RAYp,F2FyR07IdsN7I
0,1372,7,380,156,195,8,240.56,0,8442420,0,3.198462,9,90,28,1503680,0,50357.7,30,2,48,24,114045.2,740,108,60966,0,2381175,60360,1310,0,9,0,10593560,20,391428,0,0,JMGq9at_88,RO12,taul,1K8T,5B99,OENRWXF,bAyJC1anwc,c1rY,9_Y1,KfYH,09_Q,y6dw,me75fM6ugJ,kIsH,g5HH,L84s,XfqtO3UdzaXh_,11p4mKe,HsUK,cJvF,FzaX,rHB9eoy,oslk,1j2Q5_S,jySVZNlOJy,me1d,RAYp,F2FyR07IdsN7I
0,1918,0,0,444,555,152,166.56,0,1390368,0,6.914335,9,30,0,896280,0,28372.86,40,18,120,96,229361.2,1655,114,135,0,1507495,364884,0,0,0,376439,3821560,88,305418,0,0,2jirEyXktW,RO12,taul,1K8T,YFAj,6LkG5Z3,_03xtaMIkk68B,DFE6,9_Y1,SkZj,VpdQ,IYzP,me75fM6ugJ,kIsH,uKAI,L84s,NhsEn4L,uZL60aU,PAqM,UYBR,FzaX,OTgD5lR,oslk,X7DRYX6,LM8l689qOp,Aoh3,RAYp,F2FyR07IdsN7I
0,903,7,0,132,165,144,186.64,0,1890678,0,1.105319,9,38,0,286032,0,214020,5,12,32,8,71462,535,24,270,0,878770,3015980,5,0,9,1814400,10557640,6,3110400,0,0,mCGq9ayE15,RO12,taul,z3mO,0Xwj,ka_xJVj,XPzgwMv,5uIy,HLqf,kJJ7,VpdQ,zm5i,me75fM6ugJ,sBgB,uKAI,L84s,NhsEn4L,mAjbk_S,S9AY,cJvF,FzaX,Mms6hzI,oslk,iZDAgOW,LM8l689qOp,7P5s,RAYp,F2FyR07IdsN7I
0,4361,7,13872,780,975,336,166.56,0,375240,0,2.76223,18,84,364,1831024,0,13625.79,20,26,192,232,163421.6,2810,108,7155,0,1998605,481364,8160,0,9,472248,4139960,178,550644,0,0,Y3tqrQKzJV,RO12,taul,1K8T,IGdn,0ks4hIU,qZsAqpg,hdqt,9_Y1,15m3,09_Q,lVqb,me75fM6ugJ,kIsH,uKAI,L84s,XfqtO3UdzaXh_,11p4mKe,yf5A,cJvF,FzaX,7CPmIK9,oslk,hxsiuXx,LM8l689qOp,FSa2,RAYp,F2FyR07IdsN7I
0,1043,7,72,60,75,8,186.64,0,525186,0,1.091006,9,58,0,6984,0,174804.3,5,0,0,8,352026.8,500,12,140688,0,14815850,147500,475,0,9,0,12558640,20,0,0,0,bt0mfo875g,RO12,taul,1K8T,xgSF,88agCYR,qj0efbgZb2VDpkoH,gEiT,9_Y1,gnEy,VpdQ,IYzP,DHn_WUyBhW_whjA88g9bvA64_,kIsH,uKAI,L84s,CrNX,mAjbq_f,1Tbw,UYBR,FzaX,scZPnKH,d0EEeJi,kEYuqjs,LM8l689qOp,3Cy4,nIGXDli,F2FyR07IdsN7I
0,2947,7,1316,248,310,104,253.52,0,7185660,0,0.09933775,18,84,0,1382400,0,40064.7,35,2,40,16,115306,1600,108,1926,0,2637925,199730,470,0,18,0,10475480,42,518400,0,0,py5gUH7ejg,RO12,taul,1K8T,72yt,eYPJuq4,9YuT4s0Bqf,6HZW,9_Y1,m_h1,VpdQ,sYC_,me75fM6ugJ,kIsH,uKAI,L84s,NhsEn4L,kq0aHkC,CQzQ,cJvF,FzaX,42Uv66D,oslk,_BMKSUK,LM8l689qOp,WqMG,RAYp,F2FyR07IdsN7I
0,378,7,772,112,140,0,176.56,5,0,0,3.799402,9,188,0,15520,0,9694.561,0,2,24,16,36686.16,455,0,17442,8,366360,0,460,0,9,9996,624660,50,485718,0,0,HYTvyx7ejg,g62hiBSaKg,taul,1K8T,lK27,fhk21Ss,e1XhvTunuD,giKM,9_Y1,f4dr,VpdQ,y6dw,7M47J5GA0pTYIFxg5uy,kIsH,uKAI,L84s,QsQAxv5,KqjecMy,umMQ,cJvF,FzaX,4UxGlow,QKW8DRm,catzS2D,LM8l689qOp,szEZ,ZI9m,ib5G6X1eUxUn6
0,259,0,0,24,30,8,243.2,0,7259640,0,3.927793,18,22,0,0,0,252621.9,0,0,0,0,-12788.28,335,18,0,0,5899800,59180,0,0,18,0,9677960,4,0,0,0,KXMrEyXXnK,RO12,taul,1K8T,ZHNR,apKK0yW,jgyr5WV,YMPo,9_Y1,SkZj,VpdQ,IYzP,me75fM6ugJ,kIsH,uKAI,Mtgm,NhsEn4L,uZLuNea,Xzba,UYBR,AU8pNoi,_amvbB7,oslk,H2gyovK,LM8l689qOp,Aoh3,RAYp,F2FyR07IdsN7I
0,854,7,112,136,170,112,253.52,0,770850,0,6.107669,9,38,0,2764800,0,204928.2,0,8,32,32,700808,715,24,130626,0,3200735,2277740,150,0,9,0,10394760,16,2073600,0,0,NESt0G8EIb,RO12,taul,1K8T,487l,7c9SNLr,kUL6Y9wHG2,zF2v,9_Y1,k13i,VpdQ,zm5i,me75fM6ugJ,kIsH,uKAI,L84s,NhsEn4L,NGZxnJM,dE73,UYBR,FzaX,mTP8jNM,oslk,bMSObSS,LM8l689qOp,fKCe,RAYp,F2FyR07IdsN7I
0,819,7,2596,152,190,64,253.52,0,4633248,0,1.909635,36,128,126,1267264,0,184645.5,20,8,32,16,70503.6,540,66,5715,0,3107520,849776,1765,0,18,554421,10370920,18,1900884,0,0,vAsvyx7ejg,2Knk1KF,taul,1K8T,lK27,PHNvXy8,GHf4lBZm_z,y1jr,9_Y1,YGOC,09_Q,haYg,NKv3VA1BpP,kIsH,uKAI,L84s,Ie_5MZs,OFqdri0,nJEd,cJvF,FzaX,UF16siJ,zCkv,APgdzOv,jySVZNlOJy,szEZ,6fzt,Zy3gnGM
0,2324,28,172,208,260,88,186.64,0,2146038,0,1.10297,63,116,42,537848,0,20286.27,0,2,80,144,-123706.8,1065,30,360,0,719975,124626,1470,0,18,62972,2527196,34,3522,0,0,64nWq69R_D,2Knk1KF,taul,1K8T,ssAy,ZTQCNUi,8xqsKsAwUv,V1Id,9_Y1,Px52,09_Q,hAFG,me75fM6ugJ,kIsH,uKAI,L84s,XfqtO3UdzaXh_,11p4mKe,ekGM,cJvF,FzaX,kH5RngW,oslk,dclYaaM,LM8l689qOp,PM2D,RAYp,55YFVY9
0,385,7,128,48,60,32,233.44,0,0,0,5.495407,9,48,42,340808,0,17901.6,0,4,16,8,38622.84,210,0,14481,0,311885,72926,30,0,0,38437,587728,10,32946,0,0,HYTvyx7ejg,RO12,taul,1K8T,TyGl,ZBORawV,fXexTA9,5iDV,9_Y1,YGOC,VpdQ,IYzP,me75fM6ugJ,kIsH,uKAI,L84s,NhsEn4L,kq0n8Bj,RwMl,cJvF,wwPEXoilkr,JO0WZR6,oslk,ZwrmOr3,LM8l689qOp,szEZ,RAYp,F2FyR07IdsN7I
0,686,14,4948,128,160,40,186.64,0,0,0,6.049776,36,106,280,826824,0,18960,0,8,64,80,89473.6,415,0,42489,0,393380,62044,5565,0,18,355047,963820,26,167424,0,0,1KSqrQK2Mx,2Knk1KF,taul,1K8T,AnrR,fHbPB5L,C_uQoStwYE,Twu7,9_Y1,15m3,09_Q,sYC_,DHn_WUyBhW_whjA88g9bvA64_,kIsH,uKAI,L84s,CrNX,kZJigPo,Qku4,UYBR,OFWH,1hf9Qt9,d0EEeJi,dLbCOPs,jySVZNlOJy,FSa2,nIGXDli,55YFVY9
0,903,7,4476,128,160,168,260.96,0,818376,0,4.024354,9,124,154,0,0,218720.4,5,16,32,0,90986,500,12,9405,0,0,3620280,2365,0,18,1209600,10570960,0,4147200,0,0,NESWq69R_D,2Knk1KF,taul,1K8T,487l,cfdwv9Q,msIzzNai_Z,0xFv,9_Y1,RVjC,VpdQ,wMei,me75fM6ugJ,kIsH,uKAI,L84s,h0lfDKh52u4GP,IoI4mKe,Kz6e,UYBR,FzaX,hLKvOIl,oslk,iZH2C8o,LM8l689qOp,FSa2,RAYp,55YFVY9
0,819,7,24,112,140,24,292.8,0,39468,0,2.928861,9,82,0,244192,9,4374.27,0,6,24,88,-878744,355,36,2187,40,49735,3636,250,0,9,20923,223668,10,42300,0,14,zKnr4RXktW,RO12,taul,1K8T,AHrt,MNw47cQ,7vJz3tk,x_UP,9_Y1,ZKJc,VpdQ,hAFG,me75fM6ugJ,kIsH,uKAI,L84s,XfqtO3UdzaXh_,XTbPUYD,8v44,cJvF,FzaX,ME5YWu3,oslk,qDl2pc5,LM8l689qOp,7FJQ,RAYp,F2FyR07IdsN7I
0,1036,14,8840,220,275,40,166.56,0,0,0,2.512925,18,54,21,2731008,0,99275.09,5,12,72,128,37206,645,0,21087,0,4453475,212212,1875,0,0,763532,5645600,54,382158,0,0,V8lt0G8rTN,RO12,taul,1K8T,hM6W,B884X3H,1lFJzqR,7dl8,9_Y1,e7QV,VpdQ,IYzP,me75fM6ugJ,kIsH,uKAI,L84s,NhsEn4L,kq0FLbb,JEdI,cJvF,FzaX,Fon8hdx,oslk,bTV7qqc,LM8l689qOp,fKCe,RAYp,F2FyR07IdsN7I
0,700,7,468,44,55,16,259.04,0,10295520,0,0.5827814,36,34,756,44608,0,207441.9,0,0,0,8,345508.4,345,36,4536,0,3607815,890780,295,0,18,0,11553800,4,0,0,0,zKnr4RXktW,RO12,taul,1K8T,487l,dC0d3iM,4hMlgkf58mhwh,522u,9_Y1,TFSW,VpdQ,zm5i,me75fM6ugJ,kIsH,uKAI,L84s,NhsEn4L,mAjbk_S,XRyE,cJvF,FzaX,Ox88mx2,oslk,7KtqWEN,LM8l689qOp,Xa3G,RAYp,F2FyR07IdsN7I
0,770,7,5772,128,160,8,220.08,0,1425690,0,0.1732536,36,156,357,5529600,0,227427,0,0,32,64,151511.2,505,18,9297,0,8576950,93584,4860,0,36,1209600,10764000,40,0,0,0,CxSr4RXktW,2Knk1KF,taul,1K8T,lK27,fhk21Ss,9YuuPSz3BI,zuv2,9_Y1,Zazx,VpdQ,hAFG,7M47J5GA0pTYIFxg5uy,kIsH,uKAI,Mtgm,Ie_5MZs,CWNY2py,WMli,UYBR,FzaX,4UxGlow,zCkv,catzS2D,LM8l689qOp,Xa3G,ZI9m,TCU50_Yjmm6GIBZ0lL_
0,665,7,644,16,20,0,186.64,5,0,0,6.335398,9,40,119,0,0,234988.8,0,0,0,0,32729.16,355,0,12438,8,12096000,0,570,0,18,0,9676800,8,0,0,0,hSovyx7IEC,RO12,taul,1K8T,7M9D,ApX1U9m,NBVUlxabJhR17,MqKB,9_Y1,YGOC,09_Q,zm5i,me75fM6ugJ,kIsH,uKAI,L84s,NhsEn4L,mAjbk_S,LOwA,UYBR,FzaX,_McsTJ7,oslk,Bfv8e0L,LM8l689qOp,szEZ,RAYp,F2FyR07IdsN7I
0,1379,7,1592,224,280,40,173.2,0,9341880,0,0.8724632,9,68,217,135704,0,99968.7,30,4,24,8,103064.4,1105,114,13788,0,300615,692074,430,0,0,0,10341840,46,521748,0,0,hSogUHXZeb,RO12,taul,1K8T,JLbT,qbzATNu,J1MZ1kd,s68S,9_Y1,LqKm,09_Q,IYzP,me75fM6ugJ,kIsH,uKAI,L84s,NhsEn4L,kq0emRG,T7lo,UYBR,OFWH,Oj69oV7,oslk,7IeAGfT,M_8D,453m,RAYp,F2FyR07IdsN7I
0,910,7,1212,224,280,136,176.56,0,25122,0,4.894894,9,60,49,218920,0,7648.65,0,12,88,88,-1624636,670,12,66456,0,326310,62826,4955,0,0,21028,586780,40,110808,0,0,4e7Wq69R_D,AERks4l,taul,1K8T,8qEx,PHNvXy8,LJF4fPp,HzBF,9_Y1,Px52,VpdQ,IYzP,NKv3VA1BpP,kIsH,uKAI,L84s,Ie_5MZs,y5FEvJ5,dXOK,UYBR,qxDb,UF16siJ,zCkv,APgdzOv,LM8l689qOp,PM2D,6fzt,xwM2aC7IdeMC0
0,11361,21,1324,224,280,40,220.08,5,2367750,0,1.193121,36,154,42,601032,0,13133.64,5,8,56,88,-1327544,2405,54,5499,8,1055005,390568,1875,0,18,377272,3945088,52,142998,0,0,GcUt0G8rTN,g62hiBSaKg,taul,1K8T,0Xwj,fhk21Ss,msIzzNai_Z,NXso,HLqf,k13i,VpdQ,kxE9,7M47J5GA0pTYIFxg5uy,sBgB,uKAI,L84s,4kVnq_T26xq1p,teAaNR4,rVRa,UYBR,FzaX,4UxGlow,zCkv,catzS2D,jySVZNlOJy,fKCe,ZI9m,ib5G6X1eUxUn6
0,1260,7,16,204,255,104,323.36,0,6003120,0,1.658193,9,32,0,11096,0,101508.6,20,8,40,16,128271.2,615,78,468,0,1005780,1379898,255,0,9,1209600,10269200,30,2073600,0,0,DHeq9ayfAo,RO12,taul,1K8T,TyGl,oYe77fS,Y0uewlZ,kVZt,9_Y1,vm5R,09_Q,zm5i,me75fM6ugJ,kIsH,uKAI,L84s,NhsEn4L,kZJtVhC,XqfQ,UYBR,FzaX,WWmT_66,oslk,c4RXgDl,LM8l689qOp,7P5s,RAYp,F2FyR07IdsN7I
0,140,0,0,4,5,0,133.12,0,0,0,0.02926725,9,60,0,0,0,12963.63,0,0,0,0,-23833.72,70,0,194535,0,3620,0,0,0,18,0,2896,2,0,0,0,KXMWq69R_D,RO12,taul,1K8T,ssAy,6KF0k8W,9xAFApr,KYk5,9_Y1,Px52,sJzTlal,lVqb,me75fM6ugJ,kIsH,uKAI,L84s,XfqtO3UdzaXh_,XTb10lF,3slN,UYBR,AU8pNoi,ot6oLzk,oslk,IIvC99a,LM8l689qOp,PM2D,RAYp,F2FyR07IdsN7I
0,1750,14,11008,396,495,152,30.08,5,930852,0,3.92523,18,160,742,1020696,6,32044.2,80,6,96,80,-654624,1840,90,27522,32,618410,72734,575,0,27,38556,2332912,72,549378,0,7,qXh9tYsdof,2Knk1KF,taul,1K8T,0Xwj,fhk21Ss,dP3zXQfflO,37uy,F3hy,YULl,09_Q,hzlB,7M47J5GA0pTYIFxg5uy,kIsH,uKAI,L84s,Ie_5MZs,CWNY2py,oE0s,UYBR,FzaX,4UxGlow,zCkv,catzS2D,LM8l689qOp,FSa2,ZI9m,TCU50_Yjmm6GIBZ0lL_
0,119,0,0,40,50,32,186.64,0,7616640,0,2.593463,9,16,0,0,0,180746.4,5,0,8,0,-177517.6,375,18,0,0,3114300,698046,0,0,0,0,10012320,4,0,0,0,LDPq9ayfAo,RO12,taul,1K8T,yYar,6SycSKu,glRbITbnHQ,CAl2,9_Y1,QBpP,VpdQ,IYzP,me75fM6ugJ,kIsH,uKAI,L84s,NhsEn4L,mAja5EA,ucdq,cJvF,qxDb,vz9fSEp,oslk,CW6RDbC,LM8l689qOp,7P5s,RAYp,F2FyR07IdsN7I
0,1428,7,3688,132,165,16,166.56,0,2406474,0,1.872463,9,74,98,3768664,0,71462.7,20,2,32,40,43966.8,700,90,1386,0,2891645,525650,1310,0,18,1428,8068600,12,1032,0,0,ZSNq9aX0Db,RO12,taul,1K8T,487l,VcWMqdZ,hOpRIhsUSP,o_4o,9_Y1,Y9Bl,VpdQ,IYzP,me75fM6ugJ,kIsH,uKAI,L84s,NhsEn4L,mAjbk_S,NFWs,UYBR,FzaX,dBlvOIl,oslk,_83OEra,LM8l689qOp,uWr3,RAYp,F2FyR07IdsN7I
0,483,7,1652,72,90,72,233.44,0,0,0,3.098056,9,118,0,36200,0,4635.78,5,0,16,16,-24483.28,415,0,8487,0,39560,33328,225,0,18,0,138808,12,0,0,0,dRarjIK12c,2Knk1KF,taul,1K8T,YVv3,fhk21Ss,y2LIM01bE1,ZmHR,9_Y1,7WNq,09_Q,y6dw,7M47J5GA0pTYIFxg5uy,kIsH,uKAI,L84s,XfqtO3UdzaXh_,XTbPUYD,cOiH,cJvF,FzaX,4UxGlow,oslk,catzS2D,LM8l689qOp,WqMG,ZI9m,55YFVY9
0,812,7,4,76,95,40,166.56,0,0,0,2.775475,9,74,0,48416,0,3772.38,0,6,40,32,44518,175,0,1917,0,21465,20234,390,0,0,43484,130468,14,72930,0,0,qXhrEy7VR2,RO12,taul,1K8T,IvdZ,M0FFFda,9u75nbuS9wfwb,B41I,9_Y1,X8zP,09_Q,IYzP,me75fM6ugJ,kIsH,uKAI,L84s,NhsEn4L,mAjbk_S,khMo,cJvF,OFWH,Zno88FJ,oslk,nyX2C8o,LM8l689qOp,Aoh3,RAYp,F2FyR07IdsN7I
0,707,0,0,36,45,16,289.28,0,1121832,0,6.477249,9,30,0,0,0,195560.7,15,0,8,0,244620,350,12,864,0,3943830,249536,0,0,0,0,10910360,4,0,0,0,HYTvyx7ejg,RO12,taul,1K8T,hM6W,ZBOJeCE,r83_sZi,o2W6,9_Y1,xSqs,VpdQ,IYzP,me75fM6ugJ,kIsH,uKAI,L84s,NhsEn4L,mAjAVZm,wWnL,cJvF,FzaX,SppPaRp,oslk,kklH6zW,jySVZNlOJy,szEZ,RAYp,F2FyR07IdsN7I
0,84,0,0,76,95,16,186.64,0,1588734,0,0.3227943,9,16,0,5472032,0,279397.2,10,6,16,16,467704,200,18,0,0,5061000,316816,0,0,0,1235528,10018600,14,1361016,0,0,V8lBcmz45j,RO12,taul,1K8T,JLbT,XaPbxgw,JsRZWq2,pSVn,9_Y1,4nnx,VpdQ,IYzP,me75fM6ugJ,kIsH,uKAI,L84s,NhsEn4L,mAja5EA,XWT_,cJvF,FzaX,vU6OVQC,oslk,POx7j0h,LM8l689qOp,Qcbd,RAYp,F2FyR07IdsN7I
0,2569,7,192,524,655,280,166.56,0,1317072,0,2.140568,9,76,14,1825936,6,25005.12,75,28,112,304,14931.84,1300,36,9801,24,969165,306348,440,0,9,433489,4011680,46,840954,0,7,wRXmfo875g,RO12,taul,1K8T,tXti,9GJGgoz,k10MzgT,Euxf,9_Y1,iZJp,VpdQ,sYC_,Kxdu,kIsH,uKAI,L84s,FMSzZ91zL2,mAjUo2m,P41j,cJvF,AU8_WTd,Tvpip6Z,zCkv,hHJsvbM,jySVZNlOJy,3Cy4,6fzt,SbOd7O8ky1wGNxp0Arj0Xs
0,154,0,0,32,40,16,316.64,0,0,0,6.175817,18,18,0,5338936,0,302853,5,0,16,24,27128.44,365,0,0,0,1863590,1324072,0,0,0,908789,9227680,4,0,0,0,xearjIX0Db,RO12,taul,1K8T,dTod,LHrpdAf,76j2P_OLn0,Xa8a,9_Y1,xQ2A,VpdQ,IYzP,me75fM6ugJ,kIsH,uKAI,Mtgm,NhsEn4L,7WwuNea,9uwF,UYBR,FzaX,rSNVGQ9,oslk,O8szlpr,LM8l689qOp,5Acm,RAYp,F2FyR07IdsN7I
0,1008,7,1332,136,170,48,257.12,0,8072760,0,2.046571,27,30,511,0,0,111104.7,35,4,32,0,175545.2,525,102,2745,0,666005,867686,960,0,9,0,10760400,4,1036800,0,0,_v2rjIKQ76,RO12,taul,1K8T,pGTb,BMnJ89M,Oe4E7cR6Kt,a1rY,9_Y1,7WNq,VpdQ,IYzP,me75fM6ugJ,kIsH,uKAI,Mtgm,NhsEn4L,cUQdHad,vQVO,UYBR,FzaX,8d5YWu3,oslk,sXbT3Cb,LM8l689qOp,WqMG,RAYp,F2FyR07IdsN7I
0,609,7,72,140,175,40,387.2,0,6147600,0,5.306131,9,34,0,1900936,0,182788.8,25,0,32,24,69766,330,84,360,0,2064820,792060,125,0,9,0,9984080,16,0,0,0,crIt0Go8Lb,RO12,taul,1K8T,wGW5,kqY9S4e,K5UY5yZpFo,yXK2,9_Y1,YePk,VpdQ,zm5i,DHn_WUyBhW_whjA88g9bvA64_,kIsH,uKAI,L84s,CrNX,y5FewfI,5JG_,cJvF,FzaX,nQmQVF9,d0EEeJi,zCSRVB_,LM8l689qOp,Qu4f,nIGXDli,F2FyR07IdsN7I
0,693,14,4040,168,210,96,200,0,8928,0,4.745781,18,102,189,144336,0,11610.63,0,4,48,64,-1206.716,515,12,11133,0,437145,47938,180,0,18,0,531520,36,11712,0,0,NESt0G8EIb,RO12,taul,1K8T,0Xwj,voX4XxH,9YuuPSz3BI,wtRT,F3hy,k13i,VpdQ,Tkho,me75fM6ugJ,kIsH,uKAI,L84s,NhsEn4L,beK4AFX,cJmt,UYBR,FzaX,_Mc87dl,oslk,Bfv7kpB,LM8l689qOp,fKCe,RAYp,F2FyR07IdsN7I
0,1127,7,4644,136,170,72,286.96,0,5918064,0,6.980133,9,128,35,1727520,0,110824.8,15,4,40,32,138270.4,545,72,38826,0,1728000,1399002,9035,0,18,647192,10717560,8,1036800,0,0,xOXr4RXktW,2Knk1KF,taul,1K8T,AHrt,qXFASYT,_jTP8ioIlJ,bIER,9_Y1,ZKJc,VpdQ,giwq,me75fM6ugJ,kIsH,uKAI,Mtgm,h0lfDKh52u4GP,IoI4mKe,XXsx,cJvF,FzaX,CBAm94s,oslk,CU05roF,LM8l689qOp,7FJQ,RAYp,55YFVY9
0,3675,7,2940,132,165,56,234.72,0,6368700,0,1.106174,9,170,518,0,0,13420.29,35,4,32,0,116083.2,1455,78,42606,0,1591585,941418,5355,0,45,0,10411080,8,1036800,0,0,1KSr4RK2Mx,rEUOq2QD1qfkRr6qpua,taul,1K8T,0Xwj,fhk21Ss,Z8ZAV8jDl3,NXA4,HLqf,DtNL,VpdQ,CoYW,7M47J5GA0pTYIFxg5uy,sBgB,uKAI,L84s,9fipLB8rlL,_JdiP7w,krHX,UYBR,qxDb,4UxGlow,zCkv,catzS2D,LM8l689qOp,FSa2,ZI9m,ib5G6X1eUxUn6
0,392,21,2580,116,145,56,198.72,0,2940,0,1.644093,27,172,105,50320,6,11564.37,10,2,16,48,-732532,405,6,23994,24,2213845,74922,1675,0,0,0,2705768,24,114678,0,7,dRaq9ayE15,2Knk1KF,taul,1K8T,487l,85iqupw,lGXpFd_2Rf,LoGP,9_Y1,kJJ7,09_Q,IYzP,me75fM6ugJ,kIsH,uKAI,L84s,XfqtO3UdzaXh_,XTbqizz,kVFD,UYBR,AU8_WTd,Kbk6w_1,oslk,FAw2_Lp,jySVZNlOJy,7P5s,RAYp,TCU50_Yjmm6GIBZ0lL_
0,28,0,0,76,95,16,314.4,0,5702400,0,1.168554,9,12,0,153456,0,229296.6,15,0,16,8,-495936,95,66,0,16,625910,196496,0,0,0,0,5808840,4,0,0,14,dRarjIK12c,RO12,taul,1K8T,JLbT,QDYng1z,8o3HXVS,1aTj,9_Y1,7WNq,sJzTlal,IYzP,me75fM6ugJ,kIsH,uKAI,L84s,NhsEn4L,kZJtVhC,ULYV,cJvF,FzaX,CWez3cs,oslk,_8W0zM1,LM8l689qOp,WqMG,RAYp,F2FyR07IdsN7I
0,532,7,1952,180,225,104,316.24,0,6218940,0,2.095706,18,88,161,1382400,0,176457,20,4,32,16,320368.4,695,90,112230,0,3057105,575898,880,0,18,0,10508240,18,1036800,0,0,KXMrEyXXnK,RO12,taul,1K8T,487l,iXH8HPr,AnFl2Mwxzd,A68q,9_Y1,H1uM,VpdQ,hAFG,me75fM6ugJ,kIsH,uKAI,Mtgm,XfqtO3UdzaXh_,jawoH6T,kZ42,cJvF,FzaX,TIBmS85,oslk,eu1AaaM,jySVZNlOJy,Aoh3,RAYp,F2FyR07IdsN7I
0,1890,7,340,248,310,192,286.96,0,0,0,4.722068,9,60,63,1919128,0,40246.8,0,12,48,72,127448.4,830,0,62919,0,2049490,314366,745,0,18,623623,3845692,46,926706,0,0,NESt0G8EIb,RO12,taul,1K8T,0Xwj,qEdASpP,NfN9Bz6HFx,c0CZ,F3hy,k13i,VpdQ,43pnToF,me75fM6ugJ,kIsH,uKAI,L84s,NhsEn4L,mAjbk_S,qMRP,UYBR,FzaX,0AJo2f2,oslk,2Kb5FSF,LM8l689qOp,fKCe,RAYp,F2FyR07IdsN7I
0,4039,14,1368,184,230,64,286.96,0,7077720,0,1.021149,18,114,91,1989616,0,72008.7,20,0,40,72,221075.6,3775,96,13032,0,2951255,624096,4635,0,18,19418,10704880,18,0,0,0,Foxt0Go8Lb,w9ygS99Qp_,taul,1K8T,TyGl,fhk21Ss,yLQX8HOoy1,tr99,9_Y1,rGJy,sJzTlal,haYg,7M47J5GA0pTYIFxg5uy,kIsH,uKAI,L84s,CrNX,11piGKz,NZQT,UYBR,AU8_WTd,4UxGlow,d0EEeJi,catzS2D,jySVZNlOJy,Qu4f,ZI9m,R4y5gQQWY8OodqDV
0,987,7,88,228,285,64,186.64,0,3832440,0,3.822047,9,34,0,784432,0,110434.5,35,6,48,32,747396,985,90,2151,0,962805,84420,515,0,9,399861,5856040,40,548904,0,0,Ylct0GoOh3,RO12,taul,1K8T,ssAy,O5sY4Me,yEFIHeU,w94Q,9_Y1,t_4G,VpdQ,zm5i,DHn_WUyBhW_whjA88g9bvA64_,kIsH,uKAI,L84s,CrNX,NGZ_12K,EYsd,cJvF,FzaX,Jpt0iK5,d0EEeJi,RkjPxVr,LM8l689qOp,Qu4f,nIGXDli,F2FyR07IdsN7I
0,917,0,0,172,215,80,234.72,0,3939120,0,4.198248,27,96,0,3480560,0,120553.8,20,2,40,48,82768.4,615,66,16011,0,2535340,1261436,0,0,36,0,10397160,22,518400,0,0,1fZWq6e2Rv,RO12,taul,1K8T,JLbT,1uc4xPh,Q50Ydp0,1rEo,9_Y1,_xpN,09_Q,sYC_,me75fM6ugJ,kIsH,uKAI,Mtgm,NhsEn4L,kq0ELEt,vIsY,UYBR,FzaX,Qkc0un2,oslk,cwcA9vx,jySVZNlOJy,FSa2,RAYp,F2FyR07IdsN7I
0,1491,7,120,300,375,160,323.76,0,3841614,0,6.306985,9,38,84,2109720,0,121076.1,15,10,40,32,94592.4,850,138,2322,0,2305755,1558414,1740,0,9,31605,10325480,40,1201494,0,0,1KSTmBQxul,RO12,taul,1K8T,TyGl,iMR_WUr,ELqaUgs,SxPy,9_Y1,TjV7,09_Q,zm5i,me75fM6ugJ,kIsH,7A3j,L84s,NhsEn4L,kZJyVg2,DKzw,UYBR,FzaX,Oa93REx,oslk,j1EhgR7,LM8l689qOp,FSa2,RAYp,F2FyR07IdsN7I
0,728,7,516,972,1215,0,166.56,10,0,0,3.320658,9,30,665,149384,0,3449.22,0,2,120,144,155768,2230,0,47007,16,793615,0,210,0,9,0,1021612,448,468042,0,0,m9SvyxLkBI,RO12,taul,1K8T,UpNf,ka_ns41,IG_G867,_9ol,9_Y1,FbIm,VpdQ,IYzP,me75fM6ugJ,kIsH,uKAI,L84s,NhsEn4L,mAjbk_S,H4an,UYBR,FzaX,1YVfGrO,oslk,fXVEsaq,LM8l689qOp,xb3V,RAYp,F2FyR07IdsN7I
0,14,0,0,12,15,0,0,5,4008,0,0.948088,9,12,0,2720,3,605808,0,2,16,8,-694884,15,6,0,24,0,0,0,0,0,4235980,2423232,0,3628800,0,7,CxSr4RXktW,RO12,taul,1K8T,EzKK,SHmviED,e1XhvTunuD,NI5U,9_Y1,Zazx,VpdQ,IYzP,7M47J5GA0pTYIFxg5uy,kIsH,uKAI,L84s,leSl,kZJ7V9Z,kzkS,cJvF,FzaX,7zPJmUr,QKW8DRm,v6E0Yoz,LM8l689qOp,Xa3G,vJ_w8kB,WfJ2BB2SFSqauljlfOB
0,525,7,4,28,35,0,200,0,0,0,6.699851,9,52,0,0,0,12003.21,0,0,0,0,-39409.6,195,0,306,0,150500,0,10,0,9,0,120400,14,0,0,0,8Iqt0G8rTN,RO12,taul,1K8T,lK27,mMEMUDL,r83_sZi,X9BD,9_Y1,e7QV,VpdQ,hAFG,me75fM6ugJ,kIsH,uKAI,L84s,XfqtO3UdzaXh_,11p4mKe,8uxy,cJvF,FzaX,TIB8hdx,oslk,u4_Rusu,LM8l689qOp,fKCe,RAYp,F2FyR07IdsN7I
0,896,7,100,288,360,128,133.12,0,113586,0,4.658406,9,82,21,122744,0,3156.84,5,8,48,80,19020.56,670,66,106299,0,179350,66276,6070,0,9,14721,436428,60,27084,0,0,eOQt0GoOh3,RO12,taul,1K8T,487l,kJ1ERUT,nQUxgtZEqo,XcYz,9_Y1,rGJy,VpdQ,wMei,7M47J5GA0pTYIFxg5uy,kIsH,uKAI,L84s,leSl,CWNHJ27,Hl_U,UYBR,FzaX,MMTJrCp,QKW8DRm,Rkj9jvX,LM8l689qOp,Qu4f,vJ_w8kB,WfJ2BB2SFSqauljlfOB
0,952,0,0,176,220,64,260.72,0,5913684,0,4.198676,9,28,0,0,0,115579.2,40,6,32,0,878260,575,90,0,0,2650450,572850,0,0,18,0,10780320,20,1555200,0,0,avkq9ayfAo,RO12,taul,1K8T,PJLW,VS7y1or,_jTP8ioIlJ,G4kx,9_Y1,vm5R,VpdQ,IYzP,DHn_WUyBhW_whjA88g9bvA64_,kIsH,uKAI,L84s,CrNX,jawXxsX,hJ1s,cJvF,FzaX,hpqT_66,d0EEeJi,RdFR2wj,LM8l689qOp,7P5s,nIGXDli,F2FyR07IdsN7I
0,1596,7,1172,196,245,56,166.56,0,8235900,0,4.082248,9,34,672,2452792,0,87667.2,25,4,48,32,-76807.6,855,108,13770,0,1527925,189590,1540,0,9,0,10415720,26,988296,0,0,8Iqt0G8rTN,RO12,taul,1K8T,Uk76,7c9SNLr,msIqHk8toE,3GQz,9_Y1,k13i,VpdQ,43pnToF,me75fM6ugJ,kIsH,uKAI,Mtgm,NhsEn4L,mAja5EA,gC2z,cJvF,FzaX,mTP8jNM,oslk,bMSObSS,jySVZNlOJy,fKCe,RAYp,F2FyR07IdsN7I
0,770,14,1300,120,150,0,220.08,5,4392270,0,5.886136,18,40,7,2764800,0,228341.7,15,0,32,32,90482,485,54,20502,8,5937600,0,660,0,9,1209600,10097480,28,0,0,0,HrWq9aXt5a,RO12,taul,1K8T,TLkP,AKGxtq0,NW71mrodGH,gPhE,9_Y1,6TCl,VpdQ,zm5i,me75fM6ugJ,kIsH,uKAI,L84s,NhsEn4L,kZJtVhC,Vx2J,cJvF,FzaX,a_g6pd1,oslk,9HlAGfT,LM8l689qOp,uWr3,RAYp,F2FyR07IdsN7I
0,259,0,0,116,145,48,186.64,0,3873216,0,3.923521,27,16,0,5654832,0,171345,10,6,24,40,314495.6,580,36,0,0,2074780,813660,0,0,0,4233600,10083520,14,243552,0,0,_v2rjIKQ76,RO12,taul,1K8T,JLbT,3fI4jEC,q2tfFQq,Z99S,9_Y1,7WNq,VpdQ,IYzP,me75fM6ugJ,kIsH,uKAI,L84s,NhsEn4L,mAja5EA,uMyL,UYBR,FzaX,pHXYlW4,oslk,wYv2Oqu,LM8l689qOp,WqMG,RAYp,F2FyR07IdsN7I
0,742,14,64,140,175,40,379.12,0,3801756,0,0.03311258,18,32,0,3168160,0,201307.8,20,2,40,40,38260.72,560,48,55539,0,4766150,792044,135,0,36,1108842,10510360,24,475236,0,0,AhzZptzip9,ues7INAmyjdS1vDd0YL9jU,taul,1K8T,ujBx,6Wu7zLh,I1sqWRxUAv,ya_j,9_Y1,t_4G,09_Q,IYzP,7M47J5GA0pTYIFxg5uy,kIsH,uKAI,L84s,NhsEn4L,NGZ8l1f,DcUj,UYBR,FzaX,8c8KEbL,oslk,UQenOT8,jySVZNlOJy,Qu4f,ZI9m,F2FcTt7IdMT_v
0,1029,7,60,44,55,16,166.56,0,0,0,4.371716,9,52,7,115776,3,12824.01,0,12,16,16,31399,235,0,2700,8,3805,8078,30,0,0,48097,222296,2,217812,0,0,wRXmfo875g,RO12,taul,1K8T,42Cy,jCeGyn_,zA2Fwmd0q6,QDhy,9_Y1,gnEy,VpdQ,IYzP,me75fM6ugJ,kIsH,uKAI,L84s,NhsEn4L,mAja5EA,OyRC,cJvF,FzaX,tCbv66D,oslk,bcU6icy,LM8l689qOp,3Cy4,RAYp,F2FyR07IdsN7I
0,861,7,1460,124,155,104,204.72,0,9930,0,6.717155,9,38,42,37328,9,4562.49,0,8,8,16,-1448436,625,12,2745,40,62555,42474,215,0,0,0,170600,20,15486,0,14,kMJt0GoOh3,RO12,taul,1K8T,QQSE,Wq69B7S,V6XUlxabJ4VaD,bqg3,9_Y1,rGJy,VpdQ,IYzP,me75fM6ugJ,kIsH,uKAI,L84s,XfqtO3UdzaXh_,11p4mKe,O0hw,UYBR,FzaX,h72uX8Z,oslk,bxCQb98,LM8l689qOp,Qu4f,RAYp,F2FyR07IdsN7I
0,812,7,368,140,175,8,200,0,10770180,0,2.785943,18,160,70,0,0,208939.5,45,4,32,0,91836.4,550,126,30726,0,56800,88382,3545,0,9,0,10459360,4,1644,0,0,_v2vyx7IEC,LrdZy8QqgUfkVShG,taul,1K8T,JLbT,fhk21Ss,msIqHk8toE,Ef1y,9_Y1,RcM7,VpdQ,wMei,7M47J5GA0pTYIFxg5uy,kIsH,uKAI,L84s,h0lfDKh52u4GP,IoI4mKe,A1VJ,UYBR,FzaX,4UxGlow,oslk,catzS2D,jySVZNlOJy,szEZ,ZI9m,ib5G6X1eUxUn6
0,826,21,2600,132,165,72,255.68,0,6658140,0,4.331339,27,114,63,0,0,221165.4,25,6,32,0,358726,470,78,32310,0,142260,1214072,610,0,63,0,9745480,6,1555200,0,0,py5gUH7ejg,2Knk1KF,taul,1K8T,USOt,n8md3iM,byFNzV_,HAjw,9_Y1,m_h1,VpdQ,wMei,me75fM6ugJ,kIsH,uKAI,L84s,h0lfDKh52u4GP,IoI4mKe,pJOt,cJvF,FzaX,1iA45vq,oslk,BBWdsN3,LM8l689qOp,WqMG,RAYp,55YFVY9
0,1106,7,64,228,285,16,166.56,5,153378,0,4.753471,9,84,0,279248,3,28069.5,20,16,112,72,-100641.6,880,36,324,24,498265,22160,35,0,18,70014,937664,56,248598,0,7,Foxt0Go8Lb,RO12,taul,1K8T,TyGl,XX3vpGW,t7WIKb24hR,gUeG,9_Y1,Z5OU,VpdQ,Tkho,me75fM6ugJ,kIsH,uKAI,L84s,NhsEn4L,kq0aHkC,TmIf,UYBR,wwPEXoilkr,n2dvEWW,oslk,xInqI2t,LM8l689qOp,Qu4f,RAYp,F2FyR07IdsN7I
0,231,7,76,136,170,40,263.52,0,4760970,0,4.140355,9,112,42,1901216,0,205899.6,20,2,32,24,278022.4,520,66,1062,0,3839425,792122,470,0,36,554414,10364520,20,475212,0,0,1GdOj17ejg,2Knk1KF,taul,1K8T,aD1X,PHNvXy8,DKUDUftgA7,k3Im,9_Y1,eQTr,VpdQ,hAFG,NKv3VA1BpP,kIsH,uKAI,L84s,Ie_5MZs,teAY_NX,rsCx,cJvF,FzaX,UF16siJ,zCkv,APgdzOv,LM8l689qOp,7aLG,6fzt,Zy3gnGM
0,854,7,1128,148,185,32,295.84,0,1421586,0,1.509079,9,166,0,5477832,0,199273.8,5,0,40,64,93720,535,30,2556,8,7707750,211168,250,0,36,1814400,10276080,38,0,0,7,1YVvyx7IEC,g62hiBSaKg,taul,1K8T,FgS1,fhk21Ss,u13ZDgSPYg,iMPo,9_Y1,RcM7,VpdQ,kxE9,7M47J5GA0pTYIFxg5uy,kIsH,uKAI,L84s,4kVnq_T26xq1p,ORMjjaH,YKnZ,UYBR,FzaX,4UxGlow,zCkv,catzS2D,jySVZNlOJy,szEZ,ZI9m,ib5G6X1eUxUn6
0,560,0,0,52,65,16,254.88,0,3298212,0,2.698569,9,26,0,0,0,175901.7,5,2,0,0,-198987.2,590,42,0,0,3489000,1124580,0,0,27,0,9304120,4,1733790,0,0,py5gUH7ejg,RO12,taul,1K8T,ekye,PAgnV1D,_jTP8ioIlJ,61M5,9_Y1,DmlN,VpdQ,zm5i,me75fM6ugJ,kIsH,uKAI,L84s,NhsEn4L,mAjbk_S,9vxrzk6,cJvF,FzaX,aR2NN3u,oslk,DpHynIC,LM8l689qOp,w_Ub,RAYp,F2FyR07IdsN7I
0,840,7,1564,136,170,16,252.4,0,6739200,9,0.8517411,9,68,0,2764800,3,201832.2,25,0,32,32,956036,535,78,29232,16,3888045,53528,255,0,27,0,10770520,20,0,0,0,DQlrEyXXnK,RO12,taul,1K8T,487l,rRx7ehn,MV4DUjA,gif5,9_Y1,SkZj,VpdQ,IYzP,me75fM6ugJ,kIsH,uKAI,L84s,NhsEn4L,y5FtUIE,aINY,UYBR,FzaX,8EdTbnP,oslk,VNjXcTb,LM8l689qOp,Aoh3,RAYp,F2FyR07IdsN7I
0,287,0,0,192,240,64,166.56,0,518976,0,3.790857,9,28,0,1479144,0,42668.4,5,4,40,64,45496,420,12,0,0,2803555,744474,0,0,0,755405,5215000,54,577962,0,0,l7Fq9ayE15,RO12,taul,1K8T,lK27,bbmns41,IoHEIyTRj9,n33g,9_Y1,QBpP,09_Q,IYzP,me75fM6ugJ,kIsH,uKAI,L84s,NhsEn4L,mAjbk_S,Lk_b,cJvF,FzaX,oatfGrO,oslk,8vXEsaq,LM8l689qOp,7P5s,RAYp,F2FyR07IdsN7I
0,966,7,372,120,150,0,399.36,0,11923200,0,5.996582,18,36,371,0,0,185503.8,35,0,24,0,81879.6,505,138,5436,0,0,0,745,0,9,0,10368000,0,0,0,0,8Iqt0G8rTN,RO12,taul,1K8T,JLbT,7c9SNLr,rw8eldAuGlGVk,Ksk9,9_Y1,k13i,VpdQ,zm5i,me75fM6ugJ,kIsH,7A3j,L84s,NhsEn4L,kZJyVg2,tdSs,UYBR,FzaX,mTP8jNM,oslk,bMSObSS,LM8l689qOp,fKCe,RAYp,F2FyR07IdsN7I
0,2429,7,604,600,750,408,166.56,0,10770,0,3.217902,18,68,231,248504,0,2793.252,10,30,144,168,-53112.8,2255,12,11583,0,212740,128780,6275,0,9,57638,636672,118,92412,0,0,1YVvyx7IEC,RO12,taul,1K8T,7M9D,iJzviRg,bGUTssl,ZCJx,9_Y1,f4dr,VpdQ,haYg,7M47J5GA0pTYIFxg5uy,kIsH,uKAI,L84s,4kVnq_T26xq1p,TDcXLO1,ECtu,cJvF,FzaX,ch2oGfM,zCkv,P6pu4Vl,LM8l689qOp,szEZ,ZI9m,R4y5gQQWY8OodqDV
0,644,28,6864,124,155,24,200,5,4383540,0,0.4977569,36,112,917,2764800,0,231221.4,10,0,24,32,724604,485,54,35109,8,4908675,365526,7145,0,9,0,9653960,26,0,0,0,wx50AqAqGL,ND3t9Yro9U,LfvqpCtLOY,1K8T,TyGl,jfPn1fB,5JDdsXu,hRZh,9_Y1,RVjC,VpdQ,sYC_,me75fM6ugJ,kIsH,uKAI,L84s,NhsEn4L,beK4AFX,oSQY,UYBR,Lmli,WPf93Yc,oslk,853aRTx,M_8D,FSa2,RAYp,iyHGyLCEkQ
0,623,7,1828,224,280,96,266.88,0,5217006,0,4.994018,9,66,0,2700328,0,57968.4,30,4,48,56,3830244,330,72,11565,16,2389140,299844,2095,0,9,161672,8646280,34,169308,0,14,etYt0G8EIb,RO12,taul,1K8T,TyGl,tsKMUDL,glRbITbnHQ,3uva,9_Y1,e7QV,VpdQ,IYzP,me75fM6ugJ,sBgB,uKAI,L84s,NhsEn4L,mAja5EA,w82d,cJvF,FzaX,lbr8hdx,oslk,eiyRusu,jySVZNlOJy,fKCe,RAYp,F2FyR07IdsN7I
0,791,14,368,140,175,16,286.96,5,7803900,0,6.360607,36,40,0,1319232,0,223362.3,30,0,32,24,162280.4,565,102,24831,8,2655450,345600,425,0,9,0,10674640,14,0,0,0,ZSNrjIX0Db,RO12,taul,1K8T,487l,J7Kx0bI,FoJylxy,sZLd,9_Y1,xQ2A,VpdQ,zm5i,me75fM6ugJ,kIsH,uKAI,Mtgm,NhsEn4L,NGZxnJM,UxD7,UYBR,FzaX,VsU68SY,oslk,F2mOEra,LM8l689qOp,5Acm,RAYp,F2FyR07IdsN7I
0,910,7,792,132,165,80,133.12,0,0,0,6.907926,9,124,42,823528,0,21038.46,0,2,40,72,-68006,560,0,2160,0,341605,92176,610,0,18,94584,871980,26,3870,0,0,xOXr4RXktW,2Knk1KF,taul,1K8T,AHrt,Np_47cQ,_UtlxbJ,uKCK,9_Y1,ZKJc,VpdQ,haYg,me75fM6ugJ,kIsH,uKAI,L84s,XfqtO3UdzaXh_,11p4mKe,xO8K,cJvF,FzaX,uHZYWu3,oslk,8C02pc5,LM8l689qOp,7FJQ,RAYp,55YFVY9
0,1407,7,304,244,305,184,33.44,0,0,0,6.466567,9,34,77,395280,3,4033.08,0,24,136,176,78054,790,0,7191,8,57435,57660,125,0,9,74788,438152,8,118866,0,0,Yddq9ayE15,RO12,taul,1K8T,hAOr,oYewL4a,FoJylxy,sdw6,9_Y1,NFMt,VpdQ,IYzP,me75fM6ugJ,kIsH,uKAI,L84s,NhsEn4L,mAjbk_S,n3yQ,cJvF,FzaX,WWmQhsi,oslk,mL6XgDl,LM8l689qOp,TNEC,RAYp,F2FyR07IdsN7I
0,245,0,0,64,80,48,186.64,0,2685096,0,2.998932,9,22,0,3218672,0,139169.1,5,2,32,16,507524,420,12,0,0,1083780,256670,0,0,9,2816338,5324080,8,282306,0,0,xearjIX0Db,RO12,taul,1K8T,80HR,JVFLDAi,jduw3jg,Xa8a,9_Y1,xQ2A,sJzTlal,zm5i,me75fM6ugJ,kIsH,uKAI,L84s,NhsEn4L,mAja5EA,9uwF,UYBR,FzaX,YTCRPlm,oslk,nXK9h3w,LM8l689qOp,5Acm,RAYp,F2FyR07IdsN7I
0,231,7,3752,84,105,56,176.56,5,195918,0,3.175817,18,226,350,0,3,7744.41,0,6,0,0,-1088152,260,6,40572,16,86730,13040,130,0,27,0,678444,20,678552,0,0,Foxt0Go8Lb,vuPfq6YcbX,CiJsoa4TQ0rGHlMp,1K8T,lK27,fhk21Ss,V6XUlxabJ4VaD,mwz4,9_Y1,MGOA,VpdQ,y6dw,7M47J5GA0pTYIFxg5uy,kIsH,uKAI,L84s,iwn6,LQcSaAj,EKsR,cJvF,FzaX,4UxGlow,QKW8DRm,catzS2D,jySVZNlOJy,Qu4f,ZI9m,VjDE
0,2408,7,2472,364,455,240,133.12,0,37380,0,5.145695,9,110,21,275224,0,4086.66,0,4,128,208,29227.28,1330,24,125694,0,148525,73830,1535,0,27,37506,442976,58,20946,0,0,hSovyx7IEC,2Knk1KF,taul,1K8T,lK27,tGK44U8,SxtYzP9RCi,S2RO,9_Y1,qaiO,VpdQ,haYg,me75fM6ugJ,kIsH,uKAI,L84s,XfqtO3UdzaXh_,11p4mKe,X3Q8,cJvF,OFWH,_Pu9sBz,oslk,5il6P29,LM8l689qOp,szEZ,RAYp,55YFVY9
0,315,0,0,168,210,40,266.4,0,4515216,0,2.88934,9,20,0,1506040,0,201430.5,35,0,48,32,125918,590,66,0,0,4986290,248472,0,0,18,109606,10531320,30,0,0,0,gOyq9ayE15,RO12,taul,1K8T,hM6W,uJf23g8,TP5upuTLjIwLuWf8pjH,N3N4,9_Y1,kJJ7,VpdQ,zm5i,DHn_WUyBhW_whjA88g9bvA64_,kIsH,uKAI,Mtgm,CrNX,NGZGHP3,XBBN,cJvF,FzaX,5Zx0cA_,d0EEeJi,7wLJ085,LM8l689qOp,7P5s,nIGXDli,F2FyR07IdsN7I
0,938,35,4360,124,155,8,233.44,0,3298500,0,2.772698,63,168,301,4838400,0,219176.4,10,0,32,56,87923.2,540,42,19836,0,5853100,172800,540,0,63,0,10337480,28,0,0,0,LDPq9ayfAo,2Knk1KF,taul,1K8T,z32l,47W4ewH,n1zVHpT8NN,OEXX,9_Y1,000J,09_Q,itlM,me75fM6ugJ,kIsH,uKAI,L84s,XfqtO3UdzaXh_,XTbPUYD,f8A5,UYBR,FzaX,Eu2Ow16,oslk,TRNQv5o,jySVZNlOJy,7P5s,RAYp,TCU50_Yjmm6GIBZ0lL_
0,511,14,92,244,305,56,200,0,0,0,6.822047,27,52,84,791200,0,12308.22,0,4,16,72,203598.4,625,0,11178,0,1767385,38316,40,0,0,0,1886804,86,996,0,0,9hRmfo875g,RO12,taul,1K8T,42Cy,G2z0yiU,NBVUlxabJhR17,6LqW,9_Y1,gnEy,09_Q,IYzP,me75fM6ugJ,kIsH,uKAI,L84s,NhsEn4L,kZJtVhC,IRHO,cJvF,FzaX,ShVOw16,oslk,DHWqqb8,LM8l689qOp,3Cy4,RAYp,F2FyR07IdsN7I
0,12474,7,344,132,165,64,220.08,0,209142,0,0.4390088,27,96,56,4147200,0,16609.62,0,4,32,48,69245.6,1215,18,12555,0,5853500,1382400,320,0,18,1814400,10351840,28,1036800,0,0,LDPvyx7IEC,w9ygS99Qp_,taul,1K8T,0Xwj,R4YX0q9,iDskMGe,qqEk,HLqf,YGOC,09_Q,hAFG,DHn_WUyBhW_whjA88g9bvA64_,sBgB,uKAI,L84s,CrNX,AuSBTw7,DTtU,cJvF,FzaX,dMzarsb,d0EEeJi,tyHSTzz,LM8l689qOp,szEZ,nIGXDli,R4y5gQQWY8OodqDV
0,399,0,0,152,190,32,293.6,0,4339812,0,5.591754,9,24,0,3967128,0,208446.6,15,0,40,48,157791.6,565,66,0,0,5773850,221150,0,0,9,604800,10690400,28,0,0,0,UCDvyx8zhV,RO12,taul,1K8T,pGTb,au1viRg,ThrnFOQ,o7t0,9_Y1,MBhA,09_Q,zm5i,me75fM6ugJ,kIsH,uKAI,L84s,NhsEn4L,NGZxnJM,B5tG,UYBR,FzaX,iEXOjel,oslk,PgO2Oqu,LM8l689qOp,WqMG,RAYp,F2FyR07IdsN7I
0,350,7,1196,64,80,48,133.12,5,121458,0,2.582995,9,108,21,87280,0,15888.69,0,2,8,24,54970.8,315,12,20907,8,159725,77856,375,0,9,0,449444,8,62010,0,0,hSovyx7IEC,RO12,taul,1K8T,SzjZ,iJzviRg,8o3WlGR,U17L,9_Y1,xSqs,sJzTlal,hAFG,7M47J5GA0pTYIFxg5uy,kIsH,uKAI,L84s,4ylQpLr46xum2hHQ,7WwK5g3,lYjT,cJvF,FzaX,ch2oGfM,z4pH,P6pu4Vl,LM8l689qOp,szEZ,ZI9m,R4y5gQQWY8OodqDV
0,1169,7,2960,208,260,80,254.64,0,5697174,0,1.638966,9,66,91,220192,0,158222.4,30,10,40,24,247142.4,745,78,65592,0,1361975,1039186,8225,0,27,0,10253280,30,2322336,0,0,LDPvyx7IEC,RO12,taul,1K8T,lK27,zVsQ9wn,9YuuPSz3BI,_Uuu,9_Y1,qaiO,VpdQ,lVqb,me75fM6ugJ,kIsH,uKAI,Mtgm,XfqtO3UdzaXh_,11p4mKe,mSFt,cJvF,FzaX,uMO1UQz,oslk,DjijeOa,LM8l689qOp,szEZ,RAYp,F2FyR07IdsN7I
0,224,0,0,196,245,80,105.2,0,3511596,9,3.687033,9,16,0,2165664,3,162765.6,20,2,56,64,-95767.6,565,72,0,16,4567415,906564,0,0,0,120092,10019560,28,154416,0,0,yaKt0Go8Lb,RO12,taul,1K8T,G6s_,8DBOkab,i2WHG3u,D9uL,9_Y1,MGOA,09_Q,IYzP,me75fM6ugJ,kIsH,uKAI,Mtgm,NhsEn4L,7Wws1xg,4Fqz,UYBR,FzaX,0bjfql_,oslk,c1HOTZB,LM8l689qOp,Qu4f,RAYp,F2FyR07IdsN7I
0,826,14,1216,132,165,16,23.44,0,8578500,0,6.676137,36,32,70,1544424,3,181108.2,35,0,40,24,90216.4,535,102,18495,8,1589800,101762,5555,0,18,180005,10385800,8,0,0,0,v0Nt0Go8Lb,RO12,taul,1K8T,wGW5,XX3vpGW,msIzzNai_Z,sbg_,9_Y1,t_4G,VpdQ,IYzP,me75fM6ugJ,kIsH,uKAI,L84s,NhsEn4L,kZJtVhC,2lEx,cJvF,FzaX,n2dvEWW,oslk,xInqI2t,LM8l689qOp,Qu4f,RAYp,F2FyR07IdsN7I
0,5096,7,36,124,155,0,186.64,0,0,0,1.020509,9,90,0,6066040,0,23209.53,0,0,32,72,346898,645,0,261,0,9504000,0,25,0,18,0,10636240,44,0,0,0,dRaTmBfHUn,RO12,ev6I,1K8T,ujBx,FJDupBg,k10MzgT,Q5Ne,9_Y1,4N0K,VpdQ,wMei,7M47J5GA0pTYIFxg5uy,kIsH,uKAI,L84s,E1aAZ0x7vd,beKMbmK,FxCC,cJvF,FzaX,OYHoGfM,QKW8DRm,RlTh9x_,jySVZNlOJy,Qu4f,vJ_w8kB,WfJYmPMksSqa1pajvfG
0,875,7,300,136,170,136,220.08,0,0,0,6.132451,9,144,63,2981848,0,72723,0,2,40,72,186077.6,535,0,7542,0,1592680,558342,330,0,36,902188,3919712,14,56940,0,0,1PnOj1KVEH,2Knk1KF,taul,1K8T,0Y9G,_gMnuwV,9YuYZx0Xsm,D0g5,9_Y1,jdbz,VpdQ,TIA9,me75fM6ugJ,kIsH,uKAI,L84s,XfqtO3UdzaXh_,11pEY2j,8RLn,cJvF,FzaX,CBA87dl,oslk,TX2AGfT,jySVZNlOJy,kwS7,RAYp,55YFVY9
0,301,0,0,136,170,80,220.08,0,5344488,0,4.605426,9,26,0,0,0,156476.7,25,8,32,0,139206.8,515,66,0,0,461665,1688542,0,0,9,1209600,10419800,8,2073600,0,0,DQlgUH7IEC,RO12,taul,1K8T,ekye,wXmANjt,gG77TqgKer,gyLz,9_Y1,DmlN,sJzTlal,zm5i,me75fM6ugJ,kIsH,uKAI,L84s,NhsEn4L,kZJtVhC,uLA507c,cJvF,FzaX,ClzmFX7,oslk,PCW5Ui8,LM8l689qOp,w_Ub,RAYp,F2FyR07IdsN7I
0,539,7,8,120,150,0,186.64,0,0,0,1.025849,9,30,35,5529600,0,225454.2,0,0,32,64,49199.6,490,0,135,0,9504000,0,315,0,0,2419200,10368000,44,0,0,0,jg69tYsGvO,RO12,taul,1K8T,lK27,5HU7nTC,Gai9lEF2Fr,eOv3,9_Y1,YULl,09_Q,IYzP,me75fM6ugJ,sBgB,uKAI,L84s,NhsEn4L,mAjbk_S,G3tG,UYBR,FzaX,7Jxlefp,oslk,je1reV4,LM8l689qOp,FSa2,RAYp,F2FyR07IdsN7I
0,4914,21,144,152,190,40,255.76,0,3142386,0,0.1480453,36,32,35,4608064,0,26338.2,15,0,32,56,285592,1630,54,459,0,4756585,681770,510,0,9,0,10269560,28,0,0,0,dTGmfo8zhV,RO12,taul,1K8T,LloI,HPUhM2I,r83_sZi,pM6b,9_Y1,wGwL,VpdQ,zm5i,me75fM6ugJ,kIsH,uKAI,Mtgm,NhsEn4L,mAjbk_S,bwXG,UYBR,FzaX,hP0Q2YB,oslk,ioNa5gA,LM8l689qOp,wX53,RAYp,F2FyR07IdsN7I
0,0,0,0,16,20,16,159.44,0,195900,0,1.147404,9,12,0,0,0,191857.5,0,0,0,0,-1000060,20,6,0,0,1101660,5656,0,0,0,0,1023240,2,0,0,0,_v2vyx7IEC,RO12,taul,1K8T,7M9D,G2zwXf5,yLQX8HOoy1,82fP,9_Y1,f4dr,09_Q,IYzP,me75fM6ugJ,kIsH,uKAI,L84s,NhsEn4L,7Ww3FSW,7ydJ,cJvF,FzaX,KhWfR8o,oslk,0MpQv5o,LM8l689qOp,szEZ,RAYp,F2FyR07IdsN7I
0,1589,7,2192,160,200,64,286.96,15,2715066,0,2.464003,18,64,1008,3738288,0,15133.62,0,2,64,104,-399156.4,955,6,10908,24,2118135,161396,460,0,18,44156,5702960,34,9684,0,0,CxSr4RXktW,RO12,taul,1K8T,1TqK,MNw47cQ,n1cRZfHvqr,x3i5,9_Y1,TFSW,sJzTlal,giwq,me75fM6ugJ,kIsH,uKAI,Mtgm,NhsEn4L,kq0GnQa,f28y,cJvF,FzaX,ME5YWu3,oslk,qDl2pc5,LM8l689qOp,Xa3G,RAYp,F2FyR07IdsN7I
0,21,0,0,76,95,48,336.56,0,6747600,0,6.484939,9,14,0,976208,0,335673,5,0,8,16,-225552,95,24,0,0,1777305,580466,0,0,0,0,8503720,12,0,0,0,1GdOj17ejg,RO12,taul,1K8T,aD1X,bbm5wbm,0IWZqtp,bGT1,9_Y1,eQTr,VpdQ,IYzP,me75fM6ugJ,kIsH,uKAI,L84s,NhsEn4L,mAja5EA,LPkQ,cJvF,FzaX,1hf8iqZ,oslk,fV_z4Af,LM8l689qOp,7aLG,RAYp,F2FyR07IdsN7I
0,1085,7,172,204,255,64,279.2,0,5979582,0,2.542406,18,74,0,2790880,0,123714.3,25,2,56,48,146670.8,1310,102,405,0,3410390,552182,335,0,9,448868,10732600,28,199338,0,0,hSogUHXZeb,RO12,taul,1K8T,h3JW,dyPOzOu,n1zVHpT8NN,uk3v,9_Y1,STGZ,09_Q,43pnToF,DHn_WUyBhW_whjA88g9bvA64_,sBgB,uKAI,L84s,CrNX,mAjbq_f,uaoc,cJvF,FzaX,EFkBxC1,d0EEeJi,T5HqtD9,LM8l689qOp,453m,nIGXDli,F2FyR07IdsN7I
0,1575,7,344,96,120,24,258.88,0,1075332,0,4.959624,9,32,7,530016,0,80406.91,20,0,24,8,514768,710,24,10062,0,6456050,501936,760,0,18,0,10220960,24,0,0,0,75lTmBtFkL,RO12,taul,1K8T,F9g8,bP5uMXJ,hCdK,qFke,9_Y1,C6Eu,VpdQ,haYg,me75fM6ugJ,kIsH,uKAI,L84s,XfqtO3UdzaXh_,11p4mKe,Z8XX,cJvF,FzaX,WdPoLzk,oslk,05jAV0N,LM8l689qOp,rgKb,RAYp,F2FyR07IdsN7I
0,1827,7,180,180,225,120,53.52,20,4508418,0,4.609485,9,36,7,0,3,35961.9,25,4,24,0,304444,565,60,2277,72,1526995,271958,75,0,18,0,6505040,26,8844,0,28,qXhvyxLp3Z,RO12,taul,1K8T,UpNf,32pCIek,oI3dOfoZBD,nzeT,9_Y1,_r21,09_Q,IYzP,me75fM6ugJ,kIsH,uKAI,L84s,NhsEn4L,mAjbk_S,PN3n,UYBR,FzaX,FB4YlW4,oslk,0p8OTZB,LM8l689qOp,xb3V,RAYp,F2FyR07IdsN7I
0,469,0,0,296,370,72,255.28,0,5031126,0,1.5768,9,16,0,2988248,0,102783.6,35,10,88,128,-78898.4,795,114,0,0,2254615,631574,0,0,0,353493,9346960,36,593094,0,0,m9SvyxLkBI,RO12,taul,1K8T,Xa_z,T2e7I6V,AnFl2Mwxzd,2fsT,9_Y1,FbIm,VpdQ,IYzP,7M47J5GA0pTYIFxg5uy,kIsH,uKAI,L84s,NhsEn4L,NGZxnJM,srTh,cJvF,FzaX,ACmTklq,oslk,rDbG_aX,LM8l689qOp,xb3V,ZI9m,F2FyR07IdsN7I
0,14140,0,0,128,160,0,220.08,0,1555200,0,4.301432,27,28,0,5371360,0,8554.229,5,2,40,64,121952,8105,18,0,0,7878100,0,0,0,18,0,10587640,38,518400,0,0,oBXTmBtFkL,RO12,taul,1K8T,0Xwj,iD765dn,jgyr5WV,BZK_,HLqf,c2JP,VpdQ,IYzP,DHn_WUyBhW_whjA88g9bvA64_,sBgB,uKAI,L84s,CrNX,y5FewfI,f1Gl,UYBR,FzaX,q3q0swW,d0EEeJi,emgCrNG,LM8l689qOp,rgKb,nIGXDli,F2FyR07IdsN7I
0,6678,0,92,1420,1775,216,286.96,0,5311704,0,4.574664,9,50,0,2514672,0,26147.79,100,34,480,752,39924.56,3435,198,26280,0,3168430,328652,0,0,0,578130,9880440,328,412464,0,0,vAsvyx7ejg,RO12,taul,1K8T,0Xwj,kJ1ERUT,W3kLbc3,gneO,F3hy,RcM7,VpdQ,IYzP,7M47J5GA0pTYIFxg5uy,kIsH,7A3j,L84s,leSl,cUQS6dd,LMUM,UYBR,FzaX,MMTJrCp,QKW8DRm,Rkj9jvX,jySVZNlOJy,szEZ,vJ_w8kB,WfJ2BB2SFSqauljlfOB
0,945,0,0,136,170,16,302.72,0,4538970,0,1.005127,18,26,0,3581200,0,104191.5,15,0,32,48,212906.4,1255,54,0,0,5500200,73182,0,0,9,0,10399920,28,0,0,0,DHeq9ayfAo,RO12,taul,1K8T,lK27,ka3eV8O,oWVUlxabJo7j9,gt88,9_Y1,kJJ7,09_Q,zm5i,DHn_WUyBhW_whjA88g9bvA64_,kIsH,uKAI,L84s,CrNX,jawXxsX,7b0w,cJvF,FzaX,UvL_w6z,d0EEeJi,nuwugiB,LM8l689qOp,7P5s,nIGXDli,F2FyR07IdsN7I
0,2443,7,2148,164,205,112,320.4,0,1610286,0,3.080111,9,98,0,2625000,0,59690.4,0,10,32,32,56686.4,540,48,47790,0,2640135,2304040,930,0,0,0,10537880,20,2147496,0,0,KXMgUH7IEC,RO12,taul,1K8T,lK27,vHHY4q6,hOpRIhsUSP,iO_y,9_Y1,bJXB,VpdQ,IYzP,me75fM6ugJ,kIsH,uKAI,L84s,NhsEn4L,kq0aHkC,yiE0Ssq,cJvF,FzaX,R4hm94s,oslk,oSyMpgG,LM8l689qOp,w_Ub,RAYp,F2FyR07IdsN7I
0,756,14,1380,168,210,0,133.12,5,410706,0,0.8728904,18,58,0,5529600,0,200136.3,0,0,32,64,419920,490,30,7884,8,9352900,0,315,0,0,1209600,10520920,58,0,0,0,xddq9ayfAo,RO12,taul,1K8T,z32l,x8bo8ot,JBPMtI_L29,UmBx,9_Y1,vm5R,VpdQ,IYzP,me75fM6ugJ,kIsH,uKAI,L84s,NhsEn4L,TDceha3,fa7X,cJvF,FzaX,tS16hzI,oslk,vHkTy9x,M_8D,7P5s,RAYp,F2FyR07IdsN7I
0,1141,7,228,164,205,40,233.44,0,9487980,0,5.829524,9,126,7,421800,0,183565.2,40,0,32,56,148259.2,570,114,2457,0,469655,519650,80,0,27,0,10626560,4,0,0,0,4e7Wq69R_D,2Knk1KF,taul,1K8T,8qEx,PHNvXy8,nQU2P_OLn0,VZ9V,9_Y1,Px52,VpdQ,lVqb,NKv3VA1BpP,kIsH,uKAI,L84s,Ie_5MZs,beKrZ3Z,eAHt,UYBR,FzaX,UF16siJ,zCkv,APgdzOv,LM8l689qOp,PM2D,6fzt,Zy3gnGM
0,1792,7,28,120,150,24,220.08,10,2073600,0,2.5721,9,36,0,1098864,15,102338.4,25,4,56,48,-349746.4,585,24,2232,72,3335980,312728,295,6,27,244041,6772200,20,619164,0,7,KXMgUH7IEC,RO12,taul,1K8T,vSNn,knVlH9W,z2Sp986pTn,8bx9,9_Y1,1Bp0,VpdQ,IYzP,me75fM6ugJ,kIsH,uKAI,L84s,NhsEn4L,kZJtVhC,GUpa,UYBR,FzaX,ekOYlW4,oslk,zu6qFbB,LM8l689qOp,WqMG,RAYp,0pzBWGkV3fbsGZN52DH
0,294,7,1460,56,70,24,166.56,0,0,0,6.26191,9,102,0,100912,0,74173.8,0,0,0,16,-420044,135,0,6309,0,29090,3954,1405,0,18,0,81636,18,0,0,0,dRagUHXM47,RO12,taul,1K8T,lK27,iJzviRg,WN2wUb0T0UKRa,pDLX,9_Y1,t_4G,09_Q,hzlB,7M47J5GA0pTYIFxg5uy,kIsH,uKAI,L84s,4kVnq_T26xq1p,kq0T3nN,OpIX,UYBR,FzaX,ch2oGfM,zCkv,P6pu4Vl,LM8l689qOp,Qu4f,ZI9m,R4y5gQQWY8OodqDV
0,2359,21,1760,552,690,224,256.8,0,4075494,0,1.381329,36,142,28,1362936,0,66185.41,60,42,256,72,116718.8,2375,186,18558,0,4914810,223420,1105,0,18,137627,10362320,74,607356,0,0,uUdt0G8EIb,2Knk1KF,taul,z3mO,0Xwj,EQsMhNR,yEFIHeU,2kDj,HLqf,e7QV,VpdQ,hAFG,me75fM6ugJ,sBgB,uKAI,L84s,XfqtO3UdzaXh_,11p4mKe,54Ak,UYBR,FzaX,KVX8iqZ,oslk,3A8Rt2K,M_8D,fKCe,RAYp,55YFVY9
0,847,7,3144,452,565,392,166.56,0,87282,0,0.2888272,9,152,511,45040,0,4438.86,10,26,96,80,-36728.84,995,150,21420,0,38325,116668,870,0,27,707,419944,28,102570,0,0,qXhvyxLp3Z,2Knk1KF,taul,1K8T,lK27,fhk21Ss,daiGnRstPa,TyIK,9_Y1,_r21,09_Q,kxE9,7M47J5GA0pTYIFxg5uy,kIsH,uKAI,L84s,Ie_5MZs,CWNY2py,GS97,cJvF,FzaX,4UxGlow,zCkv,catzS2D,LM8l689qOp,xb3V,ZI9m,TCU50_Yjmm6GIBZ0lL_
0,3731,28,2824,624,780,384,200,0,1317468,0,0.5594958,36,106,343,401272,0,15847.83,10,32,88,256,-26782.84,2360,48,5526,0,1062205,188478,700,0,9,40229,2475436,100,95448,0,0,1qmr4RQxul,2Knk1KF,taul,1K8T,487l,wGQl2XU,V_KvNzO,HTi9,9_Y1,z5Ry,VpdQ,sYC_,me75fM6ugJ,kIsH,uKAI,L84s,NhsEn4L,kq0aHkC,fVFR,UYBR,FzaX,GOYYjZW,oslk,fEMQguc,LM8l689qOp,FSa2,RAYp,55YFVY9
0,2065,14,4144,256,320,208,200,0,50682,0,3.790857,18,96,315,791392,0,17194.77,15,18,64,80,33119.16,1010,6,11070,0,543190,382600,2260,0,9,141176,2004696,30,484440,0,0,xOXTmBtFkL,RO12,taul,1K8T,F9g8,MPSM0nx,_jTP8ioIlJ,cd6W,9_Y1,47ra,VpdQ,haYg,me75fM6ugJ,kIsH,uKAI,L84s,XfqtO3UdzaXh_,XTbPUYD,9kd9,cJvF,FzaX,UDVAAox,oslk,uOV2fT4,LM8l689qOp,rgKb,RAYp,F2FyR07IdsN7I
0,1596,7,716,244,305,240,133.12,0,6498,0,4.636616,18,56,42,100360,0,3195.33,0,18,48,104,32517.84,970,6,1260,0,64620,95484,220,0,0,10192,330972,16,50694,0,0,4e7Wq69R_D,RO12,taul,1K8T,JLbT,Fn0AVx0,n1zVHpT8NN,opnx,9_Y1,0A_v,09_Q,IYzP,me75fM6ugJ,kIsH,uKAI,L84s,NhsEn4L,TDceha3,1Ysa,cJvF,FzaX,Qf2oI0_,oslk,R9o52Lp,LM8l689qOp,PM2D,RAYp,F2FyR07IdsN7I
0,756,7,216,124,155,96,186.64,0,3110400,0,2.687887,9,36,35,0,0,216661.2,10,12,32,0,105683.6,490,36,94356,0,1861955,2073600,2315,0,18,0,10475160,10,3110400,0,0,3HjOj17ejg,RO12,taul,1K8T,aD1X,I6Bd3iM,r83_sZi,gO6T,9_Y1,iVbl,VpdQ,zm5i,me75fM6ugJ,kIsH,uKAI,L84s,NhsEn4L,kZJtVhC,GQme,cJvF,FzaX,bBmOw16,oslk,CcdTy9x,LM8l689qOp,7aLG,RAYp,F2FyR07IdsN7I
0,791,7,548,124,155,0,166.56,0,0,0,0.4065371,18,60,105,5529600,0,230559,5,0,40,64,91272.8,490,0,32238,0,9504000,0,40,0,0,0,10376320,44,0,0,0,64nWq69R_D,RO12,taul,1K8T,ssAy,GdzFZs5,ELRUn57,qkRP,9_Y1,Px52,VpdQ,IYzP,me75fM6ugJ,kIsH,uKAI,L84s,NhsEn4L,mAjbk_S,G8Zc,cJvF,FzaX,Xsg8XLE,oslk,eIi2qo0,M_8D,PM2D,RAYp,F2FyR07IdsN7I
0,2282,7,7880,228,285,152,266.88,0,57090,0,5.074557,18,52,182,686136,0,13715.94,30,12,72,64,-178101.2,840,18,35766,0,479815,504718,1855,0,0,324975,2211440,30,540708,0,0,AhzOj17IEC,RO12,taul,1K8T,JLbT,au1nqNs,zA2IZno2NK,ADMv,9_Y1,iVbl,VpdQ,IYzP,me75fM6ugJ,kIsH,uKAI,L84s,NhsEn4L,kq0n8Bj,UGUy,cJvF,FzaX,_PxA1m8,oslk,vUcOEra,LM8l689qOp,7aLG,RAYp,F2FyR07IdsN7I
0,1071,7,2724,160,200,64,166.56,0,2830356,0,6.263405,9,54,238,753744,0,111771.9,25,8,80,40,168394,680,54,2259,0,1526985,906446,3655,0,0,19642,7184160,18,1067328,0,0,dTGmfo8zhV,RO12,taul,1K8T,42Cy,jlzAv9G,cV_4KgM,Ssxt,9_Y1,gnEy,VpdQ,IYzP,me75fM6ugJ,kIsH,uKAI,L84s,NhsEn4L,mAjbk_S,ygAK,cJvF,FzaX,6VNOjel,oslk,ilgAGfT,LM8l689qOp,3Cy4,RAYp,F2FyR07IdsN7I
0,833,7,28,136,170,8,353.68,5,5263980,0,4.071993,9,58,0,3456000,0,225164.1,15,0,32,40,181150.4,520,72,1098,8,4425450,68718,90,0,9,1209600,9899760,26,0,0,0,8I1q9ayE15,RO12,taul,1K8T,TyGl,bP5uMXJ,6UozQZm,rlx_,9_Y1,F_Lu,sJzTlal,43pnToF,me75fM6ugJ,kIsH,uKAI,Mtgm,NhsEn4L,kZJtVhC,TddH,UYBR,FzaX,WdPoLzk,oslk,05jAV0N,LM8l689qOp,TNEC,RAYp,F2FyR07IdsN7I
0,42,0,0,40,50,0,293.76,0,957738,0,0.6252937,9,16,0,3761056,0,450096,15,0,8,8,-131676,130,6,0,0,2537460,0,0,0,0,3290924,8194280,10,0,0,0,AUUt0GoOh3,RO12,taul,1K8T,0Xwj,pro8v8X,LJF4fPp,u0cA,HLqf,ID5l,VpdQ,IYzP,me75fM6ugJ,sBgB,uKAI,L84s,NhsEn4L,NGZxnJM,VgBd,cJvF,AU8pNoi,meWVy8V,oslk,DQ3u3MC,LM8l689qOp,kwS7,RAYp,F2FyR07IdsN7I
0,2030,7,1160,280,350,40,120.4,0,0,0,4.577868,9,106,0,218960,0,2901.255,0,4,80,152,-1830456,855,0,8406,0,101925,9026,535,0,0,23996,213888,88,7224,0,0,tr0rEyXktW,2Knk1KF,taul,1K8T,AkfA,8XsYR4W,UnPEkD6Pex,NPRM,9_Y1,H1uM,09_Q,IYzP,me75fM6ugJ,kIsH,uKAI,Mtgm,XfqtO3UdzaXh_,XTbPUYD,J2c7,cJvF,AU8pNoi,MQGm0jM,oslk,Mo7Muea,LM8l689qOp,Aoh3,RAYp,55YFVY9
0,322,0,0,224,280,56,361.76,0,5279904,0,5.385602,9,20,0,2534464,0,134079.6,20,4,40,32,546700,690,78,0,0,2330875,764566,0,0,9,554414,10081840,52,950424,0,0,1JGr4RKzJV,RO12,taul,1K8T,JLbT,CCtTn7V,z5patKTYRBN2RRiGsQI,yfpF,9_Y1,DtNL,09_Q,zm5i,me75fM6ugJ,kIsH,uKAI,L84s,NhsEn4L,kZJtVhC,BY9S,UYBR,FzaX,5Zx3Kho,oslk,SPyOJ79,LM8l689qOp,FSa2,RAYp,F2FyR07IdsN7I
0,2184,7,2492,136,170,0,200,0,2073600,0,4.092288,9,146,28,3518016,0,33686.7,10,0,24,72,-200182,590,24,5256,0,8208000,0,10395,0,9,1209600,10159800,38,0,0,0,E3dr4RQxul,2Knk1KF,taul,1K8T,rXTS,d4zq7r9,KhDb8PW,hJPt,9_Y1,z5Ry,VpdQ,wMei,7M47J5GA0pTYIFxg5uy,kIsH,uKAI,L84s,h0lfDKh52u4GP,IoI4mKe,hIp0,UYBR,FzaX,QuiYWu3,oslk,XSbAKIt,LM8l689qOp,FSa2,RAYp,55YFVY9
0,805,7,932,140,175,48,337.6,5,8555820,0,3.8699,9,42,98,669848,0,160115.1,20,4,32,8,143960.4,570,108,4824,8,295885,1036800,295,0,9,1190924,10422720,8,1036806,0,0,xddq9ayfAo,RO12,taul,1K8T,0Xwj,6KF0k8W,hCdK,ScE4,F3hy,kJJ7,VpdQ,zm5i,me75fM6ugJ,kIsH,uKAI,L84s,NhsEn4L,NGZxnJM,bGSS,cJvF,qxDb,ot6oLzk,oslk,IIvC99a,LM8l689qOp,7P5s,RAYp,F2FyR07IdsN7I
0,1589,21,2772,128,160,0,186.64,0,11376600,0,0.7585986,27,94,35,0,0,75414.59,45,0,32,0,-191528.4,515,132,23715,0,114490,0,2080,0,45,0,10786400,2,0,0,0,DHevyx7IEC,RO12,taul,1K8T,X9_k,q5ZViyY,J3fgbi2,at32,9_Y1,qaiO,VpdQ,CoYW,me75fM6ugJ,kIsH,uKAI,L84s,XfqtO3UdzaXh_,XTbPUYD,ckBN,cJvF,FzaX,wvSfql_,oslk,pfUTE6Y,LM8l689qOp,szEZ,RAYp,F2FyR07IdsN7I
0,1050,7,2528,132,165,56,569.2,0,2602836,0,5.236061,18,170,119,2764800,0,122632.5,15,4,32,32,125305.2,510,36,5967,0,4377615,1093162,4590,0,45,604800,10534040,22,1036800,0,0,HYTrjIK12c,2Knk1KF,taul,1K8T,487l,z8FO0dd,zA2IZno2NK,8MF2,9_Y1,7WNq,VpdQ,kxE9,me75fM6ugJ,kIsH,uKAI,L84s,XfqtO3UdzaXh_,XTbqizz,VQD8,UYBR,FzaX,ZoXfR8o,oslk,IKPOtEt,LM8l689qOp,WqMG,RAYp,TCU50_Yjmm6GIBZ0lL_
0,1015,7,172,48,60,0,166.56,0,0,0,1.411878,9,68,0,57920,0,5847.9,0,14,64,8,-45962,80,0,81,0,7285,0,140,0,27,55153,37344,8,3834,0,0,DHeTmBftjz,RO12,taul,1K8T,TyGl,25Anr2P,oQ173939hbJdw,SMa_,9_Y1,Gx0B,VpdQ,CoYW,me75fM6ugJ,kIsH,uKAI,L84s,XfqtO3UdzaXh_,11p4mKe,dJFO,cJvF,FzaX,KNXfql_,oslk,AA72Oqu,LM8l689qOp,Qu4f,RAYp,F2FyR07IdsN7I
0,756,14,7764,40,50,0,202.96,0,3727956,0,4.871395,18,154,105,1609048,0,217454.7,0,0,0,8,-192443.6,430,24,19845,0,8981450,0,1465,0,45,0,10475000,10,0,0,0,eOQt0GoOh3,2Knk1KF,taul,1K8T,487l,tAqBboK,msIFlLyI91,M0pw,9_Y1,Z5OU,VpdQ,haYg,me75fM6ugJ,kIsH,uKAI,L84s,XfqtO3UdzaXh_,_JdcICD,Xdn5,UYBR,FzaX,B0LABPr,oslk,UP3EVaf,LM8l689qOp,Qu4f,RAYp,TCU50_Yjmm6GIBZ0lL_
0,3122,7,2584,408,510,200,170.88,0,104412,0,2.663533,18,80,21,1113112,0,14029.92,0,34,136,248,-71546.4,2170,48,10413,0,474835,260462,1635,0,9,430710,1835868,42,463368,0,0,AhzOj17IEC,LrdVolaSGUfkVeWC,taul,1K8T,TyGl,RPKu5tB,yLQX8HOoy1,nlOT,9_Y1,eQTr,09_Q,6JmL,me75fM6ugJ,kIsH,uKAI,L84s,XfqtO3UdzaXh_,OFq9NeO,KTGk,cJvF,FzaX,WdP1WU5,oslk,05j67Xw,LM8l689qOp,7aLG,RAYp,R4y5gQQWY8OodqDV
0,4200,28,3712,1396,1745,256,200,0,5374872,0,4.496689,36,70,406,2149872,0,49725.3,75,20,152,56,344882.4,2250,168,42129,0,3310485,482428,4685,0,0,181020,10432720,514,342594,0,0,LDPq9ayfAo,RO12,taul,1K8T,_8YK,DK_ZJjN,Yi49a6G,sryr,9_Y1,kJJ7,VpdQ,IYzP,DHn_WUyBhW_whjA88g9bvA64_,kIsH,uKAI,L84s,CrNX,NGZ_12K,_xZJ,cJvF,OFWH,WZAvDm5,d0EEeJi,_YxQgHm,M_8D,7P5s,nIGXDli,F2FyR07IdsN7I
0,623,7,92,132,165,48,166.56,0,5064684,0,4.011108,9,32,14,998352,0,124181.4,20,4,24,24,257460,475,66,3033,0,585915,555132,60,0,0,0,6896920,14,523410,0,0,vAsgUHXM47,RO12,taul,1K8T,lK27,bd4J34g,NBVUlxabJhR17,N1Id,9_Y1,fTh6,09_Q,IYzP,me75fM6ugJ,kIsH,uKAI,L84s,NhsEn4L,mAjbk_S,24BW,cJvF,FzaX,OOCs94F,oslk,piPYdpM,LM8l689qOp,453m,RAYp,F2FyR07IdsN7I
0,378,0,0,132,165,0,186.64,0,123702,0,1.494552,9,24,0,5934504,0,218894.7,5,0,40,72,125591.6,510,6,0,0,9246450,0,0,0,9,0,10560600,44,0,0,0,KXMgUH7IEC,RO12,taul,1K8T,dm89,knVlH9W,LH076SiAyW,8bx9,9_Y1,1Bp0,sJzTlal,zm5i,me75fM6ugJ,kIsH,uKAI,L84s,NhsEn4L,mAja5EA,GUpa,UYBR,FzaX,ekOYlW4,oslk,zu6qFbB,jySVZNlOJy,WqMG,RAYp,F2FyR07IdsN7I
0,952,28,3128,136,170,8,333.76,0,10201980,0,6.659902,45,158,259,468728,0,176199,40,0,32,8,199559.6,555,120,30321,0,904600,64924,5745,0,36,0,10654000,8,0,0,0,ZSNq9aX0Db,onTuEhrJJQy_H3IHkZku5AFczhYGqxJ890,taul,1K8T,lK27,uTVWK_I,J_sb4dmQwP,IyWb,9_Y1,Y9Bl,VpdQ,hzlB,DHn_WUyBhW_whjA88g9bvA64_,kIsH,uKAI,L84s,CrNX,AuSBTw7,sieV,cJvF,AU8_WTd,1FqIHXu,d0EEeJi,PPGGn0i,jySVZNlOJy,uWr3,nIGXDli,iyHGyLCEkQ
0,504,7,88,28,35,0,166.56,0,0,0,0.3950011,18,50,7,216,0,25280.25,0,8,48,16,-37191.84,220,0,1125,0,7045,0,365,0,9,32319,64896,2,88728,0,0,AUUt0GoOh3,RO12,taul,1K8T,JLbT,b8EvARv,y4g9XoZ,fzgZ,9_Y1,MGOA,VpdQ,IYzP,me75fM6ugJ,kIsH,uKAI,L84s,NhsEn4L,mAjbk_S,O8KV,cJvF,FzaX,Q_huhvP,oslk,QqIaRTx,LM8l689qOp,Qu4f,RAYp,F2FyR07IdsN7I
0,651,14,496,148,185,24,220.08,0,3019212,0,2.18479,54,30,294,691200,0,145021.2,15,6,16,8,-177608,525,66,2385,0,2498105,60274,185,0,0,0,6045880,32,1042218,0,0,oyGrjIXt5a,RO12,taul,1K8T,0Xwj,82ydmQ4,hLqXNNw,F8i5,F3hy,xQ2A,09_Q,IYzP,me75fM6ugJ,kIsH,uKAI,L84s,NhsEn4L,kZJtVhC,hk_D,cJvF,FzaX,FonmS85,oslk,PC0a_vf,LM8l689qOp,5Acm,RAYp,F2FyR07IdsN7I
0,1519,7,292,144,180,72,263.52,0,3805260,0,6.016663,9,42,7,1267224,3,108490.2,35,2,32,16,109180.8,695,48,23670,16,3108790,1139386,105,0,18,0,10470720,18,475212,0,7,8I1TmBtueT,RO12,taul,1K8T,F9g8,77f44U8,d6zx_0v,yrkx,9_Y1,C6Eu,VpdQ,IYzP,me75fM6ugJ,kIsH,uKAI,Mtgm,NhsEn4L,NGZxnJM,w9PO,cJvF,FzaX,tzp8jNM,oslk,5nQ7A2G,LM8l689qOp,rgKb,RAYp,F2FyR07IdsN7I
0,749,7,28,108,135,48,230.56,15,1826280,9,2.886776,9,126,0,6739336,0,233780.4,20,4,40,32,-343882.4,520,12,23409,32,3074985,64146,25,0,36,0,9213920,18,573522,0,0,crIgUHSK8h,onTuEhrJJQy_H3IHkZku5AFczhYGqxJ890,taul,1K8T,JLbT,mGn4sPt,_jTP8ioIlJ,dZaM,9_Y1,RVjC,VpdQ,Tkho,GjJ35utlTa_GNSvxxpb9ju,kIsH,uKAI,Mtgm,DmYOBF5GfjJxb,teA4cJh,0bZ9,UYBR,FzaX,fxJStrN,Al6ZaUT,Wfsn6mF,jySVZNlOJy,FSa2,02N6s8f,iyHGyLCEkQ
0,462,14,1624,132,165,40,257.76,0,4755564,0,0.5524461,36,108,14,3168128,0,82342.8,25,0,40,40,207240.4,415,60,28512,0,3168185,710920,1830,0,18,554414,10294880,16,0,0,0,qXhrEy7VR2,2Knk1KF,taul,1K8T,487l,4JEMGuV,4hMlgkf58mhwh,y2Ts,9_Y1,X8zP,VpdQ,haYg,me75fM6ugJ,kIsH,uKAI,L84s,XfqtO3UdzaXh_,XTbPUYD,WxCc,cJvF,FzaX,VA_88FJ,oslk,0JeRt72,LM8l689qOp,Aoh3,RAYp,55YFVY9
0,1113,7,3140,160,200,112,406.96,5,3667332,0,4.075839,18,54,364,56472,0,152333.7,20,8,32,16,133157.6,915,48,5877,8,1726760,1915348,5065,0,9,0,10340600,16,2048778,0,0,UzE54NEjuC,RO12,taul,1K8T,Guv5,ojHCYcI,nQUq7hGe64,THfD,9_Y1,MBhA,sJzTlal,sYC_,me75fM6ugJ,kIsH,3av_,L84s,NhsEn4L,kq0n8Bj,pnK_,cJvF,FzaX,KtBOw16,oslk,NKvz4Af,LM8l689qOp,WqMG,RAYp,F2FyR07IdsN7I
0,931,14,3396,144,180,64,432.24,0,4752162,0,5.905149,27,62,28,1726832,0,175595.1,25,2,32,24,95726,670,60,39933,0,2615100,1267240,3395,0,0,0,10275360,18,475218,0,0,xOXTmBtFkL,RO12,taul,1K8T,2Ix5,X7nM3I9,6UEVDe9,WgcA,9_Y1,c2JP,VpdQ,IYzP,me75fM6ugJ,kIsH,uKAI,L84s,NhsEn4L,mAjbk_S,fAVx,cJvF,FzaX,RnYQ_Zs,oslk,4Iey5oW,M_8D,rgKb,RAYp,F2FyR07IdsN7I
0,2233,21,2712,224,280,112,300.32,0,2744724,0,4.695364,36,160,49,5121736,0,77486.7,5,8,48,80,111291.2,1270,48,19908,0,6047400,326774,7530,0,27,68607,10246680,38,146952,0,0,4e7gUH7IEC,2Knk1KF,taul,1K8T,TyGl,SwToJmL,_jTP8ioIlJ,M1Zd,9_Y1,bJXB,VpdQ,hzlB,me75fM6ugJ,kIsH,7A3j,L84s,XfqtO3UdzaXh_,XTbPUYD,9vx_9VR,cJvF,FzaX,Nr9en4L,oslk,TBXs3yQ,jySVZNlOJy,w_Ub,RAYp,TCU50_Yjmm6GIBZ0lL_
0,763,7,44,28,35,8,263.52,0,1387170,0,0.520188,9,44,0,0,0,192906.6,0,0,0,0,523368,340,6,1611,0,12843600,453414,205,0,18,0,12106480,10,0,0,0,qFpmfo8zhV,RO12,taul,1K8T,0Xwj,MNwM9_c,I1sFbvkZsF,X641,F3hy,_48V,09_Q,zm5i,me75fM6ugJ,kIsH,uKAI,L84s,NhsEn4L,TDcECyH,sgM3,UYBR,FzaX,0MQv48t,oslk,d0BOtEt,M_8D,3Cy4,RAYp,F2FyR07IdsN7I
0,217,0,0,228,285,224,166.56,0,30186,0,6.438795,9,14,0,121976,0,12768.66,0,20,40,72,-156319.2,390,18,0,0,80405,345978,0,0,0,116459,1079200,14,362712,0,0,FoxgUHSK8h,AERks4l,taul,1K8T,0Xwj,NxdYjTW,bGUqwlz,rvti,HLqf,mTeA,VpdQ,IYzP,me75fM6ugJ,sBgB,uKAI,L84s,NhsEn4L,mAja5EA,QB1g,UYBR,FzaX,cS20nTz,oslk,gsLqI2t,LM8l689qOp,FSa2,RAYp,F2FcTt7IdMT_v
0,315,0,0,128,160,8,199.52,0,5184000,0,5.208502,9,22,0,2764800,0,59866.8,25,0,32,32,138367.6,2545,60,0,0,5112050,10996,0,0,9,0,10678040,24,0,0,0,xearjIX0Db,RO12,taul,1K8T,TyGl,bvZcCja,k10MzgT,hFHS,9_Y1,m7JR,VpdQ,zm5i,me75fM6ugJ,kIsH,uKAI,Mtgm,NhsEn4L,7Wws1xg,15KP,UYBR,FzaX,mTDfR8o,oslk,dEJz4Af,jySVZNlOJy,5Acm,RAYp,F2FyR07IdsN7I
0,728,7,788,60,75,80,166.56,0,1068,0,2.546251,9,38,98,42496,0,30363.3,0,2,16,16,21186.16,255,6,67734,0,2930,99230,65,0,0,13594,232780,2,15024,0,0,FAJWq69cTy,RO12,taul,1K8T,ssAy,EQs8M7U,ZIXqNozRXZ,2iDj,9_Y1,Px52,09_Q,IYzP,DHn_WUyBhW_whjA88g9bvA64_,kIsH,uKAI,L84s,CrNX,mAjbq_f,RASM,cJvF,FzaX,KVXdQVE,d0EEeJi,EHCegO_,jySVZNlOJy,PM2D,nIGXDli,F2FyR07IdsN7I
0,1015,7,2492,184,230,96,288.48,0,1894344,0,6.608631,9,158,266,1908112,0,30957,5,16,56,64,309601.6,760,24,47403,0,1975170,297792,50,0,45,262885,5041560,26,454938,0,0,8I1q9ayE15,2Knk1KF,taul,1K8T,R4_H,qE40PWj,nQUX8Hg64f,EAGq,9_Y1,AKLO,09_Q,kxE9,me75fM6ugJ,kIsH,uKAI,L84s,XfqtO3UdzaXh_,XTbPUYD,yH7o,UYBR,FzaX,V8hoI0_,oslk,3z2CBw5,LM8l689qOp,TNEC,RAYp,TCU50_Yjmm6GIBZ0lL_
0,182,0,0,76,95,24,367.2,0,1555200,0,3.302713,9,24,0,2073600,0,197402.4,5,2,16,24,-204950.4,410,18,0,0,3431085,518400,0,0,18,0,6250960,16,75138,0,0,crIgUHSK8h,RO12,taul,1K8T,487l,fVu1v0l,ThrnFOQ,gMVu,9_Y1,RVjC,09_Q,zm5i,me75fM6ugJ,kIsH,uKAI,L84s,NhsEn4L,mAjBRoX,YihF,UYBR,FzaX,B7BvEWW,oslk,XgnRusu,jySVZNlOJy,FSa2,RAYp,F2FyR07IdsN7I
0,1064,7,624,120,150,176,256.4,0,0,0,1.560137,9,172,42,0,0,108126.9,0,16,32,0,112796.8,490,0,27738,8,0,3801600,4510,0,9,0,10368000,0,4147200,0,7,Yn7t0Go8Lb,2Knk1KF,taul,1K8T,ujBx,fqeOwLG,ZkibjLN5VwJ2V,5_Js,9_Y1,C7DI,VpdQ,kxE9,7M47J5GA0pTYIFxg5uy,kIsH,uKAI,L84s,oOT00mkwDoEFW,ORM3Vj5,_aOT,cJvF,FzaX,fxJmel6,zCkv,WfsWw2A,LM8l689qOp,Qu4f,ZI9m,iyHGyLCEkQ
0,336,7,10624,112,140,64,166.56,0,1092,0,3.552233,9,54,0,20048,0,6982.29,0,8,32,24,-12605.72,340,6,27333,0,114310,30076,760,0,0,2562,229176,24,100236,0,0,DHegUHXZeb,RO12,taul,1K8T,USOt,au1K0yW,V6XUlxabJ4VaD,ZZSJ,9_Y1,fTh6,09_Q,IYzP,me75fM6ugJ,kIsH,uKAI,L84s,NhsEn4L,kq0FDQL,LI0l,UYBR,FzaX,iEX0Q3K,oslk,LPD2Oqu,LM8l689qOp,453m,RAYp,F2FyR07IdsN7I
0,693,7,56,132,165,136,220.48,0,922074,0,3.7304,18,124,0,1382320,0,250329.6,0,12,32,16,122555.2,475,18,81,0,1460390,2937440,55,0,9,2419060,10422560,10,3110220,0,0,ZSNq9atbb6,2Knk1KF,taul,1K8T,72yt,WkH7nZN,e1XhvTunuD,v4x1,9_Y1,KfYH,VpdQ,IYzP,me75fM6ugJ,kIsH,g5HH,L84s,NhsEn4L,teAyFc5,0H2E,cJvF,FzaX,scZ0Q3K,oslk,zmvzrB7,M_8D,me1d,RAYp,55YFVY9
0,735,7,100,16,20,0,255.04,0,6867180,0,1.428755,9,34,21,0,0,225093.9,0,2,0,0,67249.6,365,12,28485,0,3024005,0,415,0,18,0,8780800,2,2675238,0,0,2jigUH7ejg,RO12,taul,1K8T,72yt,Gra1e1h,msIqHk8toE,cAr9,9_Y1,m_h1,VpdQ,zm5i,me75fM6ugJ,kIsH,uKAI,Mtgm,NhsEn4L,mAjbk_S,sV49,UYBR,FzaX,Oy_VHK6,oslk,HatO6Fb,LM8l689qOp,WqMG,RAYp,F2FyR07IdsN7I
0,2128,0,108,268,335,208,166.56,0,90570,0,2.190557,27,40,0,1453872,0,19582.2,5,8,40,96,33834.16,1135,36,3195,0,850205,283388,0,0,9,278635,2061644,36,33204,0,0,cFHt0GoOh3,RO12,taul,1K8T,7gSz,K8Lod6b,n1zVHpT8NN,8LUd,9_Y1,t_4G,sJzTlal,zm5i,me75fM6ugJ,kIsH,uKAI,L84s,NhsEn4L,mAjbk_S,3JX4,cJvF,FzaX,EAnsTJ7,oslk,gv2w01M,LM8l689qOp,Qu4f,RAYp,F2FyR07IdsN7I
0,994,7,868,228,285,192,166.56,0,36156,0,1.31019,9,42,371,2130552,0,36947.1,5,6,40,64,26554.16,905,36,73917,0,659860,637802,10215,0,9,1031114,3155312,30,358626,0,0,_v2TmBftjz,RO12,taul,1K8T,LFM_,Nn3wY8e,aXPHXVS,dpn8,9_Y1,4N0K,09_Q,43pnToF,me75fM6ugJ,kIsH,uKAI,L84s,NhsEn4L,mAjbk_S,AvgH,cJvF,FzaX,75wv48t,oslk,xKQ2fT4,LM8l689qOp,Qu4f,RAYp,F2FyR07IdsN7I
0,12859,7,96,1324,1655,536,220.08,0,6742020,0,3.545823,9,34,91,997920,0,8065.979,155,94,456,368,546988,6525,246,123984,0,1702310,158470,2255,0,9,61096,7708400,198,386196,0,0,oyGrjIXt5a,RO12,taul,1K8T,JLbT,dEqp6vu,17VONbZnA2St0atz,svOP,9_Y1,EKFb,VpdQ,zm5i,DHn_WUyBhW_whjA88g9bvA64_,kIsH,uKAI,L84s,CrNX,y5FewfI,sQPJ,UYBR,FzaX,3t1EjTH,d0EEeJi,4htcNcN,LM8l689qOp,5Acm,nIGXDli,F2FyR07IdsN7I
0,840,7,28,124,155,64,187.6,0,4812546,0,0.6859645,9,32,0,1382400,0,123019.2,25,4,32,16,208629.2,500,60,630,0,1377495,1362084,185,0,18,604800,10144920,8,1036800,0,0,dRavyx7ejg,RO12,taul,1K8T,lK27,ml5cNhj,4opPw5W,MaEe,9_Y1,RcM7,VpdQ,43pnToF,me75fM6ugJ,kIsH,uKAI,L84s,NhsEn4L,mAjcfkM,GQwY,UYBR,FzaX,XbZfrxM,oslk,QfJz_Kt,LM8l689qOp,szEZ,RAYp,F2FyR07IdsN7I
0,945,7,4168,32,40,8,356.8,0,31410,0,5.213416,18,62,35,0,0,213427.8,20,0,0,0,627880,240,18,106137,0,0,39860,355,0,18,0,9777480,0,0,0,0,64nWq69R_D,RO12,taul,1K8T,0Xwj,vLtMhNR,AnFl2Mwxzd,WmhQ,HLqf,0A_v,VpdQ,IYzP,me75fM6ugJ,sBgB,uKAI,Mtgm,NhsEn4L,mAjbk_S,HnlP,cJvF,FzaX,ie38iqZ,oslk,35GRt2K,jySVZNlOJy,PM2D,RAYp,F2FyR07IdsN7I
0,1981,7,1416,160,200,16,286.96,0,4365804,0,4.623158,54,74,119,2033936,0,96105.3,50,6,56,32,117264,785,54,4392,0,5017450,345600,6455,0,9,1209600,10552560,24,1415658,0,0,ZSNrjIX0Db,RO12,taul,1K8T,TyGl,neZD1gf,p52UJQB,_iUi,9_Y1,xQ2A,VpdQ,IYzP,me75fM6ugJ,kIsH,uKAI,L84s,NhsEn4L,mAj3MXw,Ueeh,cJvF,FzaX,GUFAe72,oslk,NQxqbV5,LM8l689qOp,5Acm,RAYp,F2FyR07IdsN7I
0,910,7,208,216,270,56,220.08,0,5725866,0,6.967742,9,62,14,3886152,0,180238.2,30,2,48,72,122769.6,755,84,19485,0,3883260,261886,530,0,0,294133,10512200,34,15708,0,0,AhzOj17IEC,RO12,taul,1K8T,aD1X,I6Bd3iM,3cOC7qZ,3Ivc,9_Y1,iVbl,VpdQ,IYzP,me75fM6ugJ,kIsH,uKAI,L84s,NhsEn4L,mAjbk_S,bRgG,UYBR,FzaX,bBmOw16,oslk,CcdTy9x,LM8l689qOp,7aLG,RAYp,F2FyR07IdsN7I
0,490,0,0,140,175,16,220.08,5,8113920,0,3.407819,9,26,0,1382400,0,220966.2,30,0,32,16,786524,520,108,0,8,2899010,130814,0,0,9,0,10754920,14,0,0,0,NQ5rEy7Rm6,RO12,taul,1K8T,nQZ6,ezgR5DT,3cO76t0,mURy,9_Y1,H9GL,VpdQ,zm5i,me75fM6ugJ,kIsH,uKAI,L84s,NhsEn4L,kZJtVhC,onru,cJvF,AU8pNoi,O308iqZ,oslk,eyvTy9x,LM8l689qOp,Aoh3,RAYp,F2FyR07IdsN7I
0,791,7,4736,136,170,8,256.48,0,11839800,0,5.302073,9,90,238,126952,0,215780.1,25,0,24,32,79601.2,525,144,82521,0,0,172800,14805,0,36,0,10030280,0,0,0,0,HYTvyx7ejg,RO12,taul,1K8T,SzjZ,ZBOJeCE,MNbRqJdN8v,U17L,9_Y1,xSqs,09_Q,hAFG,me75fM6ugJ,kIsH,uKAI,L84s,XfqtO3UdzaXh_,XTbPUYD,ChaW,cJvF,FzaX,SppPaRp,oslk,kklH6zW,LM8l689qOp,szEZ,RAYp,F2FyR07IdsN7I
0,1295,14,1440,396,495,96,133.12,0,0,0,2.767144,18,194,126,126424,0,4939.92,0,2,48,72,-45848.4,830,0,22896,0,597765,40756,5890,0,18,23303,630696,154,11640,0,0,bZk9tYsGvO,2Knk1KF,I9xt3GMcxUnBZ,1K8T,487l,fhk21Ss,k10MzgT,Fb9u,9_Y1,YULl,VpdQ,y6dw,7M47J5GA0pTYIFxg5uy,kIsH,uKAI,L84s,H4p93_uThXwSG,IoITbZu,0PeI,UYBR,FzaX,4UxGlow,Al6ZaUT,catzS2D,LM8l689qOp,FSa2,ZI9m,iyHGyLCEkQ
0,714,7,196,132,165,56,266.88,0,6517440,0,0.8696859,9,62,7,691200,0,129909,15,4,16,8,221244.4,500,78,9594,0,1369940,65826,30,0,0,0,7254240,14,829542,0,0,_v2gUHXZeb,RO12,taul,1K8T,lK27,H3r7uSC,wD13J6M,mGmZ,9_Y1,LqKm,VpdQ,IYzP,me75fM6ugJ,kIsH,uKAI,L84s,NhsEn4L,kq0n8Bj,o8bQ,cJvF,FzaX,bEm6hzI,oslk,qWjz4Af,LM8l689qOp,453m,RAYp,F2FyR07IdsN7I
0,1295,14,7764,132,165,40,663.36,0,3326610,0,0.6972869,18,126,385,3801840,0,66131.09,15,2,40,48,88571.6,545,42,12645,0,4055560,792044,2505,0,27,0,10214480,22,475230,0,0,eOQgUHShse,2Knk1KF,taul,1K8T,JLbT,XPJvY8M,y2LuFUfSEo,gMVu,9_Y1,RVjC,VpdQ,haYg,me75fM6ugJ,kIsH,uKAI,L84s,XfqtO3UdzaXh_,11p4mKe,YihF,UYBR,FzaX,nNRvOIl,oslk,VVjqhZX,LM8l689qOp,FSa2,RAYp,55YFVY9
0,329,7,104,88,110,48,200,0,273354,0,4.770775,9,30,0,345504,0,7682.79,0,4,0,16,66296,270,6,1053,0,209245,23700,150,0,0,0,587440,22,26484,0,0,9hRmfo875g,RO12,taul,1K8T,PbOJ,EekctTK,Tg7jjBB,WlVq,9_Y1,_48V,VpdQ,IYzP,me75fM6ugJ,kIsH,uKAI,L84s,NhsEn4L,uZL60aU,UorY,cJvF,FzaX,KgozTww,oslk,S46jtfg,LM8l689qOp,3Cy4,RAYp,F2FyR07IdsN7I
0,1134,0,168,1244,1555,752,320.4,0,5635110,0,3.212348,18,72,0,936952,0,117695.1,45,32,128,240,-14506.44,1935,120,15687,0,2187305,1179678,0,0,18,203196,9945800,284,112482,0,0,639qrQK2Mx,RO12,taul,1K8T,WkTj,F0DwkuM,tKDkRNVik1,PE2o,9_Y1,15m3,VpdQ,IYzP,me75fM6ugJ,kIsH,uKAI,L84s,NhsEn4L,mAjbk_S,j3P0,cJvF,FzaX,FmXv4zN,oslk,WJO2Oqu,jySVZNlOJy,FSa2,RAYp,F2FyR07IdsN7I
0,784,14,592,136,170,32,261.92,0,3274638,0,0.9938048,36,130,42,2534496,0,215884.5,20,2,32,32,171896.4,525,42,117,0,5589400,551828,560,0,36,554421,10609600,28,475218,0,0,8I1r4RXXnK,g62hiBSaKg,taul,1K8T,EzKK,fhk21Ss,9YuuPSz3BI,VGHH,9_Y1,TFSW,VpdQ,hAFG,7M47J5GA0pTYIFxg5uy,kIsH,uKAI,L84s,9fipLB8rlL,kZJg6P6,f316,UYBR,AU8_WTd,4UxGlow,zCkv,catzS2D,jySVZNlOJy,Xa3G,ZI9m,ib5G6X1eUxUn6
0,1428,7,2056,20,25,8,253.52,0,0,0,1.826533,36,98,105,0,0,31143.6,0,0,0,0,-81308.8,635,0,11673,0,12096000,403936,150,0,27,0,10484680,8,0,0,0,gOyq9ayE15,RO12,taul,1K8T,TyGl,u4V4sPt,3clyC8L,IPv8,9_Y1,vm5R,VpdQ,6JmL,me75fM6ugJ,kIsH,uKAI,L84s,XfqtO3UdzaXh_,11p4mKe,hg36,cJvF,FzaX,s3vm0jM,oslk,pYQi7an,LM8l689qOp,7P5s,RAYp,F2FyR07IdsN7I
0,7714,7,1096,1912,2390,1304,186.64,0,6249480,0,1.441786,9,44,7,1470048,0,18111.33,40,122,400,576,-66531.6,5990,144,2934,0,3261170,263820,385,0,18,217413,9909880,300,335358,0,0,oyGrjIXt5a,RO12,taul,1K8T,lK27,UpI8v8b,mzDZadGIEhIBI,LHAl,9_Y1,VILw,09_Q,IYzP,me75fM6ugJ,kIsH,uKAI,L84s,NhsEn4L,NGZXfGp,UebS,cJvF,FzaX,bDfm94s,oslk,rBxAyXX,LM8l689qOp,5Acm,RAYp,F2FyR07IdsN7I
0,1596,7,2084,136,170,144,262,0,3432,0,1.986969,9,128,0,41672,9,7762.59,0,12,32,32,-973996,585,6,10260,40,84355,58298,40,0,9,0,335368,10,192246,0,14,NQ5vyxLkBI,2Knk1KF,taul,1K8T,FPxv,_A3nXHo,oWVUlxabJo7j9,qSok,9_Y1,vzJD,09_Q,hAFG,me75fM6ugJ,kIsH,uKAI,L84s,XfqtO3UdzaXh_,XTbPUYD,wziz,cJvF,FzaX,THM88FJ,oslk,erEqhZX,LM8l689qOp,xb3V,RAYp,55YFVY9
0,210,7,2392,88,110,16,380.4,0,1347882,0,3.728477,9,154,28,1279240,27,22347.42,0,2,24,24,-730496,205,18,234513,80,614845,53880,1565,0,0,0,2142332,26,6732,0,7,ZSNrjIX0Db,2Knk1KF,taul,1K8T,0Xwj,vfNb6I9,LJF4fPp,Doz5,HLqf,YBFS,VpdQ,IYzP,me75fM6ugJ,sBgB,uKAI,Mtgm,XfqtO3UdzaXh_,XTbPUYD,t1gf,cJvF,FzaX,XeiOhQy,oslk,E7Y7qqc,LM8l689qOp,5Acm,RAYp,TCU50_Yjmm6GIBZ0lL_
0,462,7,92,20,25,0,66.88,0,0,0,6.7116,18,106,21,40640,0,3258.84,0,0,8,32,-1627340,155,0,243,0,3705,0,85,0,0,15253,23284,2,0,0,0,1YVvyx7IEC,RO12,taul,1K8T,FgS1,wLsMvt2,e1XhvTunuD,oyvZ,9_Y1,RcM7,VpdQ,IYzP,me75fM6ugJ,kIsH,uKAI,Mtgm,XfqtO3UdzaXh_,XTbPUYD,a3Hs,UYBR,Lmli,Ehlm94s,oslk,dxUMkpY,LM8l689qOp,szEZ,RAYp,F2FyR07IdsN7I
0,63,0,0,184,230,104,0,0,339072,0,2.881863,9,14,0,1049256,0,42905.7,0,0,8,16,277400.4,400,42,0,0,1866685,401752,0,0,0,0,3047528,48,0,0,0,1PnOj1KVEH,RO12,taul,1K8T,Bxva,nLJsz2a,Yi4Pkbj,uwwf,9_Y1,yrDU,sJzTlal,IYzP,me75fM6ugJ,kIsH,uKAI,L84s,NhsEn4L,TDcwKda,ykzL,UYBR,FzaX,9oU6V3V,oslk,00ARusu,LM8l689qOp,Qcbd,RAYp,F2FyR07IdsN7I
0,924,14,5696,136,170,8,186.64,0,9944460,0,6.860286,45,174,147,691200,0,207938.4,40,2,32,8,114483.2,515,120,18180,0,109300,172800,10530,0,36,0,10261760,6,133062,0,0,LDPq9ayfAo,2Knk1KF,taul,1K8T,LZs_,fhk21Ss,_jTP8ioIlJ,QEAF,9_Y1,000J,VpdQ,kxE9,7M47J5GA0pTYIFxg5uy,kIsH,uKAI,L84s,Ie_5MZs,CWNY2py,KlJG,cJvF,FzaX,4UxGlow,zCkv,catzS2D,M_8D,7P5s,ZI9m,TCU50_Yjmm6GIBZ0lL_
0,189,0,0,272,340,104,220.08,0,3048408,0,5.812006,9,16,0,4386072,0,113739.6,30,8,64,64,122768.4,645,132,0,0,5199050,591234,0,0,0,5817,10289640,30,189684,0,0,Ylct0GoOh3,RO12,taul,1K8T,0Xwj,tAqBboK,ZkibjLN5VwJ2V,Taoo,F3hy,Z5OU,VpdQ,IYzP,me75fM6ugJ,kIsH,uKAI,L84s,NhsEn4L,kZJtVhC,ewhY,UYBR,FzaX,B0LABPr,oslk,UP3EVaf,LM8l689qOp,Qu4f,RAYp,F2FyR07IdsN7I
0,840,14,720,136,170,16,90.32,0,5227332,0,0.4708396,27,46,322,1267232,3,207880.8,15,8,32,16,158177.6,530,66,513,8,4723095,290530,1255,0,0,1108828,10695680,24,1900848,0,0,HYTvyx7ejg,RO12,taul,1K8T,TyGl,tSzBmIU,9UgkRNhwCh,4bJw,9_Y1,xSqs,VpdQ,IYzP,me75fM6ugJ,kIsH,uKAI,Mtgm,NhsEn4L,mAja5EA,m490,cJvF,FzaX,GpvmS85,oslk,HD2ldxq,M_8D,szEZ,RAYp,F2FyR07IdsN7I
0,84,7,132,4,5,0,253.52,0,0,0,1.713095,9,82,0,0,0,17125.26,0,0,0,0,-15973,45,0,22968,0,12285,0,1445,0,18,0,9828,2,0,0,0,py5rEyXktW,RO12,taul,1K8T,0Xwj,iJzviRg,Nu1b2Lyme0,sW6c,HLqf,SkZj,VpdQ,y6dw,7M47J5GA0pTYIFxg5uy,sBgB,uKAI,L84s,4kVnq_T26xq1p,kZJshmJ,DvFs,cJvF,FzaX,ch2oGfM,zCkv,P6pu4Vl,LM8l689qOp,Aoh3,ZI9m,R4y5gQQWY8OodqDV
0,3325,21,372,544,680,376,200,0,111762,0,4.998077,27,104,112,184176,0,1762.065,15,40,104,112,-36760.16,1875,96,2943,0,164900,107460,95,0,9,83069,612900,72,124722,0,0,CxSr4RXktW,2Knk1KF,taul,1K8T,uErj,fayYfhR,YQcPlrpk3WNO0,hK9K,9_Y1,Zazx,VpdQ,hAFG,DHn_WUyBhW_whjA88g9bvA64_,kIsH,uKAI,L84s,JBfYVit4g8,beKoWjo,wH2R,cJvF,FzaX,KbkKEj0,Al6ZaUT,QqVuch3,LM8l689qOp,Xa3G,02N6s8f,Zy3gnGM
0,1351,7,0,144,180,8,220.08,0,7680540,0,1.44264,9,34,0,1382400,0,74167.8,35,0,32,16,151281.6,2240,90,234,0,2598615,67604,110,0,9,0,10444880,22,0,0,0,DHeq9ayfAo,RO12,ev6I,1K8T,tzKK,FJDupBg,76j2P_OLn0,GRBm,9_Y1,vm5R,VpdQ,wMei,7M47J5GA0pTYIFxg5uy,kIsH,uKAI,L84s,E1aAZ0x7vd,beKMbmK,qUA2,cJvF,FzaX,OYHoGfM,QKW8DRm,RlTh9x_,LM8l689qOp,7P5s,vJ_w8kB,WfJYmPMksSqa1pajvfG
0,1680,7,236,240,300,120,240.56,0,25548,0,6.356121,9,168,0,140056,0,5948.04,35,12,120,80,-2747.716,950,78,28683,0,74355,91220,985,0,27,140805,425704,18,117804,0,0,9rAq9at_88,2Knk1KF,taul,z3mO,sbZD,WkH7nZN,AZfrA0N,v4x1,9_Y1,KfYH,VpdQ,y6dw,me75fM6ugJ,kIsH,g5HH,L84s,XfqtO3UdzaXh_,_JdcICD,0H2E,cJvF,FzaX,scZ0Q3K,oslk,zmvzrB7,LM8l689qOp,me1d,RAYp,TCU50_Yjmm6GIBZ0lL_
0,35,0,0,56,70,8,261.04,0,9969660,9,5.321085,9,14,0,1676448,6,548175,5,6,40,8,323596.4,75,36,0,24,2895475,358550,0,0,0,1476146,10961440,4,17502,0,0,LDPq9ayfAo,RO12,taul,1K8T,LZs_,ORzyZ8I,Gai9lEF2Fr,Dg7F,9_Y1,000J,09_Q,IYzP,me75fM6ugJ,kIsH,uKAI,Mtgm,NhsEn4L,mAja5EA,rj_k,cJvF,FzaX,KPaRa8C,oslk,l_freV4,LM8l689qOp,7P5s,RAYp,F2FyR07IdsN7I
0,1568,21,2728,132,165,48,223.44,0,5076330,0,1.688955,27,200,112,691200,0,116222.7,35,4,32,8,-18608,560,60,76761,0,1543990,604572,2040,0,18,0,9101600,14,1004190,0,0,75lq9ayfAo,2Knk1KF,CiJDdr4TQ0rGERIS,1K8T,487l,fhk21Ss,hKu6o_QRNMc4pmRS,rlx_,9_Y1,F_Lu,VpdQ,wMei,7M47J5GA0pTYIFxg5uy,kIsH,uKAI,L84s,ZtujLmj9uJdIkLfg,kZJ2ZbD,TddH,UYBR,FzaX,4UxGlow,QKW8DRm,catzS2D,jySVZNlOJy,TNEC,ZI9m,5oZS
0,1666,7,3492,280,350,128,143.12,5,70500,0,6.029481,18,110,357,1414448,0,5065.86,0,8,56,128,93503.2,1095,30,12303,8,699470,185606,1305,0,27,434000,1739240,58,81342,0,0,voArjIXt5a,2Knk1KF,LfvqpCtLOY,1K8T,pE9z,PHNvXy8,9YuT4s0Bqf,GTft,9_Y1,YBFS,VpdQ,hAFG,NKv3VA1BpP,kIsH,uKAI,L84s,Ie_5MZs,OFqdri0,wHit,cJvF,6krWwfF,UF16siJ,zCkv,APgdzOv,bCPvVye,5Acm,6fzt,Zy3gnGM
0,392,0,0,72,90,0,220.08,0,5264856,0,4.819483,9,24,0,0,0,208465.8,20,0,16,0,-656836,410,78,0,0,19615,0,0,0,9,0,4908000,2,0,0,0,ZSNrjIX0Db,RO12,CuXi4je,1K8T,dTod,UsKXtaU,etM739XNb0Rf0,9W6U,9_Y1,EKFb,VpdQ,zm5i,me75fM6ugJ,kIsH,uKAI,L84s,NhsEn4L,mAjbk_S,mLYG,cJvF,FzaX,eTkY_02,oslk,flKzgmc,LM8l689qOp,5Acm,RAYp,F2FyR07IdsN7I
0,1862,7,0,84,105,16,186.64,0,1956972,0,0.7797479,9,34,0,144760,0,79389.91,20,6,40,32,4958.56,655,24,9216,0,4581755,576724,30,0,18,107884,8634760,8,1898208,0,0,Yddq9ayE15,RO12,taul,1K8T,TyGl,kkNNXZR,L1rz70R,uN2_,9_Y1,F_Lu,09_Q,zm5i,me75fM6ugJ,kIsH,uKAI,L84s,NhsEn4L,mAjbk_S,Dz2C,UYBR,FzaX,OTgfc8E,oslk,GeD7j0h,LM8l689qOp,TNEC,RAYp,F2FyR07IdsN7I
0,1652,7,176,1240,1550,592,346.24,0,3870018,0,0.004272591,9,74,35,2616976,0,109230.3,30,88,480,288,146470,2010,108,6138,0,5807100,265396,665,0,18,245623,10710320,264,465858,0,0,FoxgUHSK8h,RO12,taul,1K8T,487l,wpp8weI,V_KvNzO,SYvw,9_Y1,mTeA,VpdQ,IYzP,me75fM6ugJ,kIsH,uKAI,L84s,NhsEn4L,TDceha3,ezfD,UYBR,FzaX,LwGmfvd,oslk,xYHAV0N,LM8l689qOp,FSa2,RAYp,F2FyR07IdsN7I
0,6125,0,12,504,630,176,20.08,0,3480084,0,0.4180731,9,32,0,800104,9,22609.83,35,24,120,296,472700,1315,198,1944,24,1869975,1528932,0,0,27,81970,10152880,30,1224000,0,0,BQa9tYsdof,RO12,taul,1K8T,kNzO,7qvk2Zj,y2Lz6rkCe3,KwKi,9_Y1,YULl,09_Q,zm5i,me75fM6ugJ,kIsH,uKAI,L84s,NhsEn4L,kZJtVhC,5a5U,UYBR,FzaX,FhTm94s,oslk,TIxsTKW,LM8l689qOp,FSa2,RAYp,F2FyR07IdsN7I
0,0,0,0,4,5,0,284.96,0,311568,0,6.50502,9,12,0,0,3,155784,0,0,0,0,-1028724,5,6,0,24,0,0,0,0,0,0,207712,0,0,0,14,64nWq69R_D,RO12,taul,1K8T,ssAy,gLjbxgw,yLQ6qarKpT,CYE0,9_Y1,0A_v,sJzTlal,IYzP,me75fM6ugJ,kIsH,uKAI,L84s,NhsEn4L,kZJyVg2,PKRS,cJvF,FzaX,qcEoI0_,oslk,fXLavGi,LM8l689qOp,PM2D,RAYp,F2FyR07IdsN7I
0,833,14,3236,152,190,16,286.96,0,5558058,0,6.858577,18,132,280,2384752,0,144760.8,15,6,40,48,254346.8,565,78,29817,0,2802945,84778,45,0,36,663250,8202160,22,247482,0,0,m9SrEy7Rm6,AERks4l,taul,1K8T,0Xwj,fhk21Ss,9YuYZx0Xsm,s_sw,HLqf,X8zP,VpdQ,wMei,7M47J5GA0pTYIFxg5uy,sBgB,uKAI,L84s,4kVnq_T26xq1p,ORMqC5o,HXEP,cJvF,FzaX,4UxGlow,zCkv,catzS2D,LM8l689qOp,Aoh3,ZI9m,ib5G6X1eUxUn6
0,1414,14,1956,216,270,208,228.88,0,2048466,0,4.380901,18,60,28,1051472,0,51506.1,5,18,48,64,56869.2,695,48,54405,0,541100,230610,545,0,0,190169,3096540,4,237756,0,0,dRavyx7ejg,RO12,taul,1K8T,7wJ6,t6TtIjH,76MiCML,qjVH,9_Y1,RcM7,sJzTlal,IYzP,me75fM6ugJ,kIsH,uKAI,L84s,NhsEn4L,TDceha3,q6XZ,cJvF,FzaX,YBhNqhB,oslk,xKMwIB5,LM8l689qOp,szEZ,RAYp,F2FyR07IdsN7I
0,399,7,204,64,80,48,166.56,0,792,0,2.557573,9,58,7,120960,0,7490.25,0,4,32,16,30537.72,230,6,51975,0,53115,48040,1220,0,0,91560,247968,10,72582,0,0,1GdOj17ejg,RO12,taul,1K8T,TyGl,au1nqNs,IG_G867,PFiL,9_Y1,zfpA,VpdQ,IYzP,me75fM6ugJ,kIsH,uKAI,L84s,NhsEn4L,TDceha3,ZRZt,UYBR,AU8pNoi,_PxA1m8,oslk,vUcOEra,LM8l689qOp,7aLG,RAYp,F2FyR07IdsN7I
0,1239,7,2820,424,530,136,176.56,0,432354,18,6.110874,18,168,483,1445976,3,8276.699,10,10,80,112,125116,930,48,32697,24,1996065,223850,15695,0,27,467838,3217920,120,231138,0,0,0vimfo8zhV,2Knk1KF,taul,1K8T,487l,fhk21Ss,y2LIM03TrE,pMap,9_Y1,6Kw9,sJzTlal,haYg,7M47J5GA0pTYIFxg5uy,kIsH,uKAI,L84s,Ie_5MZs,CWNY2py,lv9p,cJvF,FzaX,4UxGlow,zCkv,catzS2D,LM8l689qOp,3Cy4,ZI9m,TCU50_Yjmm6GIBZ0lL_
0,2695,14,352,428,535,208,200,0,0,0,6.956206,27,126,42,1341376,0,15644.64,0,32,176,256,-122374.4,1310,0,27009,0,505845,147010,1665,0,27,302890,1566536,66,295728,0,0,mCGq9ayE15,rEUOq2QD1qfkRr6qpua,taul,1K8T,z32l,kJ1ERUT,3clyC8L,JM4Q,9_Y1,kJJ7,VpdQ,haYg,7M47J5GA0pTYIFxg5uy,kIsH,uKAI,L84s,leSl,teA09W3,23V9,cJvF,FzaX,MMTJrCp,QKW8DRm,Rkj9jvX,LM8l689qOp,7P5s,vJ_w8kB,ib5G6X1eUxUn6
0,4571,14,912,904,1130,424,286.32,0,2362110,0,6.474258,18,42,49,4977272,0,45673.8,30,20,224,168,-181796,2420,96,6948,0,4784640,350236,1490,0,18,205646,9135720,240,268062,0,0,ypNt0Go8Lb,RO12,taul,1K8T,G6s_,fnPWNDD,I1PiQ5okpR,CbXP,9_Y1,MGOA,VpdQ,IYzP,Kxdu,kIsH,uKAI,L84s,FMSzZ91zL2,mAjj1AH,x_ow,cJvF,FzaX,ACmK9Wu,zCkv,VMoAgU3,LM8l689qOp,Qu4f,6fzt,SbOd7O8ky1wGNxp0Arj0Xs
0,791,7,2188,144,180,32,320.4,20,4159242,0,2.651784,9,80,0,3346096,0,223477.2,20,0,48,56,153715.6,530,60,29304,40,4325870,551390,820,0,18,55916,10257440,22,0,0,7,qXhPe2ftjz,RO12,taul,1K8T,TyGl,NxdYjTW,LJF4fPp,JoKa,9_Y1,mTeA,VpdQ,IYzP,me75fM6ugJ,kIsH,uKAI,L84s,NhsEn4L,mAja5EA,mcPg,UYBR,FzaX,cS20nTz,oslk,gsLqI2t,LM8l689qOp,FSa2,RAYp,F2FyR07IdsN7I
0,945,7,1300,140,175,40,269.36,0,6684000,0,3.388806,18,134,14,1382408,0,194418.3,40,6,48,16,213999.6,575,78,5571,0,1728005,694002,120,0,27,0,10619360,8,696384,0,0,75lq9ayfAo,2Knk1KF,taul,1K8T,2Ix5,mhknt93,e1XhvTunuD,6WeP,9_Y1,F_Lu,VpdQ,y6dw,me75fM6ugJ,kIsH,uKAI,L84s,XfqtO3UdzaXh_,XTbPUYD,TqEQ,cJvF,FzaX,WWmfR8o,oslk,c4R2fT4,M_8D,TNEC,RAYp,55YFVY9
0,693,7,0,428,535,208,217.6,0,4380924,0,1.63683,9,34,0,1833216,0,177683.7,40,6,32,96,178638.4,625,204,585,0,4651675,609286,45,0,18,929859,10159960,48,1064586,0,0,JMGrjIXt5a,RO12,taul,1K8T,dTod,itE48fK,17VONbZnA2St0atz,0iyF,9_Y1,EKFb,VpdQ,zm5i,me75fM6ugJ,kIsH,uKAI,L84s,NhsEn4L,kZJtVhC,jtMm,UYBR,FzaX,aAJYH7D,oslk,nDh2fT4,LM8l689qOp,5Acm,RAYp,F2FyR07IdsN7I
0,525,7,20,96,120,0,166.56,0,1072878,0,4.354839,9,54,0,367440,0,19612.98,5,0,24,32,-391430,330,36,25848,0,322350,0,110,0,0,95445,1502452,26,0,0,0,py5gUH7ejg,RO12,taul,1K8T,TyGl,ms0pSrJ,5CtupK8,zhIi,9_Y1,DmlN,09_Q,IYzP,DHn_WUyBhW_whjA88g9bvA64_,kIsH,uKAI,L84s,CrNX,mAjbq_f,2JkfAvQ,cJvF,FzaX,Oy_vInv,d0EEeJi,FS4vNTv,jySVZNlOJy,w_Ub,nIGXDli,F2FyR07IdsN7I
0,2198,0,0,788,985,312,286.96,0,1808682,0,3.315958,18,26,0,1167048,0,15047.16,35,18,136,248,888544,3485,114,0,0,1570030,318426,0,0,9,273735,4387640,184,396594,0,0,ZSNq9aX0Db,RO12,taul,1K8T,TyGl,jJ_J26Z,_03xtaMIkk68B,zAnj,9_Y1,Y9Bl,VpdQ,43pnToF,me75fM6ugJ,kIsH,uKAI,L84s,NhsEn4L,kZJtVhC,6oC0,cJvF,FzaX,EMvv4zN,oslk,RDY7kpB,LM8l689qOp,uWr3,RAYp,F2FyR07IdsN7I
0,1232,14,208,300,375,112,321.84,0,3534942,0,4.94937,18,68,28,3990592,0,153209.7,35,6,72,112,336108,1080,60,26154,0,6254700,179292,585,0,0,96901,10722520,54,193128,0,0,KXMgUH7IEC,RO12,taul,1K8T,72yt,7UBxJVj,nQU2P_OLn0,e2MQ,9_Y1,m_h1,VpdQ,IYzP,me75fM6ugJ,kIsH,uKAI,Mtgm,NhsEn4L,TDceha3,ppF9,UYBR,FzaX,07mmflk,oslk,NNyRUH6,LM8l689qOp,WqMG,RAYp,F2FyR07IdsN7I
0,1351,14,7568,168,210,40,259.36,0,431274,0,1.668661,45,160,623,5868384,0,71048.7,5,4,32,128,302748.8,640,12,85113,0,6692900,864000,7290,0,45,0,10482000,32,82020,0,0,NESt0G8EIb,MJdP52puUMWhmExsNdlkGDbNTFln2Eg,taul,1K8T,487l,Fefs43J,76j2P_OLn0,1KMJ,9_Y1,e7QV,VpdQ,kxE9,me75fM6ugJ,kIsH,uKAI,L84s,XfqtO3UdzaXh_,_JdcICD,x93V,UYBR,FzaX,aNnen4L,oslk,HDDAAUb,jySVZNlOJy,fKCe,RAYp,iyHGyLCEkQ
0,18830,7,448,132,165,32,303.44,0,24378,0,1.18244,9,36,14,4061424,0,8866.021,0,4,32,48,713416,4285,6,1836,0,8399000,558208,210,0,9,1814400,10573800,40,1036800,0,0,hSovyx7IEC,RO12,taul,1K8T,Bxva,cJKfmkh,J3fgbi2,aEDi,9_Y1,f4dr,VpdQ,zm5i,me75fM6ugJ,kIsH,uKAI,L84s,NhsEn4L,NGZxnJM,7iia,cJvF,FzaX,HJNVoxc,oslk,qlCDnag,LM8l689qOp,szEZ,RAYp,F2FyR07IdsN7I
0,1169,7,7656,184,230,16,133.12,0,435240,0,5.085879,9,166,238,846888,0,61957.8,5,14,56,32,-142394.4,805,54,24948,0,3382560,39070,4175,0,36,377888,3947452,46,673992,0,0,LDPgUHXZeb,2Knk1KF,taul,1K8T,JLbT,cGQO1UP,Iibp4Nm3uQ,oJdS,9_Y1,STGZ,09_Q,kxE9,me75fM6ugJ,kIsH,uKAI,L84s,XfqtO3UdzaXh_,XTbPUYD,kPAt,UYBR,FzaX,ZhB6w_1,oslk,ptT7A2G,LM8l689qOp,453m,RAYp,TCU50_Yjmm6GIBZ0lL_
0,154,0,0,48,60,56,166.56,5,0,0,5.592181,9,26,0,52496,0,8971.949,0,2,16,16,-12770.84,155,0,0,8,54605,57340,0,0,0,0,216516,4,47856,0,0,TfiBcmzkzH,RO12,taul,1K8T,mAW3,H7Fp6vu,9YuYZx0Xsm,Xwsi,9_Y1,yrDU,VpdQ,IYzP,me75fM6ugJ,kIsH,uKAI,L84s,NhsEn4L,mAja5EA,2Xwr,cJvF,AU8pNoi,MVOjtxg,oslk,Zwra5gA,LM8l689qOp,Qcbd,RAYp,F2FyR07IdsN7I
0,252,0,0,164,205,56,286.96,0,2685864,0,6.324076,27,18,0,1540368,0,157705.8,25,10,56,24,67662.4,575,42,0,0,3646295,1108886,0,0,0,64946,9913120,28,950136,0,0,dukmfo8zhV,AERks4l,taul,1K8T,AKN1,MPSpAK4,P9HTde2,DXGE,9_Y1,wGwL,VpdQ,IYzP,GjJ35utlTa_GNSvxxpb9ju,kIsH,uKAI,L84s,JBfYVit4g8,TDc_9Yi,23MO,cJvF,FzaX,ezqJmUr,Al6ZaUT,H0UIwlL,LM8l689qOp,wX53,02N6s8f,xwM2aC7IdeMC0
0,105,0,0,160,200,32,646.72,0,6830940,0,3.532151,9,16,0,1777664,0,180793.8,30,6,32,32,885208,270,90,0,0,1800000,560576,0,0,0,956263,10290240,16,1425666,0,0,v0Nt0Go8Lb,RO12,taul,1K8T,G6s_,xReo7aV,o64y9zI,FPQc,9_Y1,C7DI,VpdQ,IYzP,me75fM6ugJ,kIsH,uKAI,L84s,NhsEn4L,kZJtVhC,J2ax,cJvF,FzaX,jnK6pd1,oslk,oI0TE6Y,LM8l689qOp,Qu4f,RAYp,F2FyR07IdsN7I
0,7,0,0,24,30,32,260.4,0,546240,0,2.953001,9,12,0,0,0,351273,5,0,8,0,-570448,30,6,0,0,0,13406,0,0,0,0,2810172,0,0,0,0,8I1q9ayE15,RO12,taul,1K8T,hAOr,dBHv2aF,JsluJ5C,UaI7,9_Y1,NFMt,VpdQ,IYzP,me75fM6ugJ,kIsH,uKAI,Mtgm,NhsEn4L,7WwuNea,3qs2,UYBR,FzaX,f56OtFs,oslk,SDe2_Lp,LM8l689qOp,TNEC,RAYp,F2FyR07IdsN7I
0,665,7,284,172,215,80,166.56,0,0,0,2.282632,9,52,7,0,0,5294.7,0,4,0,0,24637.72,600,0,9009,0,298825,28478,1085,0,0,0,333496,62,56220,0,0,dRarjIK12c,AERks4l,taul,1K8T,lK27,LsEdTJr,Tg7jjBB,Th7L,9_Y1,7WNq,VpdQ,IYzP,GjJ35utlTa_GNSvxxpb9ju,kIsH,uKAI,L84s,JBfYVit4g8,mAjoPQ2,Grjv,cJvF,FzaX,ALJm8TH,Al6ZaUT,yrDVXMc,jySVZNlOJy,WqMG,02N6s8f,xwM2aC7IdeMC0
0,959,7,180,64,80,8,301.68,0,5792682,0,2.566545,9,50,7,2847856,0,84495.3,15,0,16,16,29326.72,380,30,11187,0,2314875,638728,420,0,18,277494,9914400,10,0,0,0,crIt0Go8Lb,RO12,taul,1K8T,lK27,_93bEE0,LH0kFz12FM,d1LC,9_Y1,C7DI,09_Q,TIA9,me75fM6ugJ,kIsH,uKAI,L84s,XfqtO3UdzaXh_,11p4mKe,K44b,cJvF,FzaX,wZZCLWs,oslk,9iFWDFK,LM8l689qOp,Qu4f,RAYp,F2FyR07IdsN7I
0,1561,7,2472,108,135,48,119.2,0,55968,0,2.229652,27,148,35,22256,0,3219.66,10,6,40,16,5392.28,505,60,30627,0,38395,8664,3595,0,27,4543,130352,8,20310,0,0,KXMrEyXXnK,2Knk1KF,taul,1K8T,YFAj,MErO9Nm,VFlGmRvqw2VDCyI0,taKF,9_Y1,SkZj,VpdQ,hAFG,me75fM6ugJ,kIsH,uKAI,L84s,XfqtO3UdzaXh_,XTbPUYD,aINY,UYBR,qxDb,1nA68SY,oslk,mhe7j0h,jySVZNlOJy,Aoh3,RAYp,55YFVY9
0,1169,14,132,32,40,8,186.64,0,747036,0,3.777611,18,58,0,1373784,0,49833,10,0,16,16,209685.2,210,6,9063,0,2752775,15290,590,0,9,132538,4967320,4,0,0,0,HYTvyx7ejg,RO12,taul,1K8T,hM6W,kXXyoMd,98kUPa9,gneO,9_Y1,RcM7,09_Q,IYzP,DHn_WUyBhW_whjA88g9bvA64_,kIsH,uKAI,L84s,CrNX,mAjbq_f,LMUM,UYBR,FzaX,BRDB32U,d0EEeJi,xUlJCAO,LM8l689qOp,szEZ,nIGXDli,F2FyR07IdsN7I
0,406,0,0,92,115,48,166.56,0,0,0,6.472762,9,26,0,169952,0,12549.03,0,0,8,48,25529.72,245,0,0,0,322485,73070,0,0,0,0,489104,22,0,0,0,TfiWq69R_D,AERks4l,taul,1K8T,kNzO,kvjALo2,LMDauou,nyZz,9_Y1,RVjC,VpdQ,IYzP,GjJ35utlTa_GNSvxxpb9ju,kIsH,uKAI,L84s,JBfYVit4g8,TDc_9Yi,bru6,UYBR,FzaX,6VNFfsb,Al6ZaUT,TKY4mJn,LM8l689qOp,FSa2,02N6s8f,xwM2aC7IdeMC0
0,756,7,308,136,170,144,288.8,0,1850394,0,0.08395642,9,124,0,0,0,194209.2,10,12,32,0,477708,510,24,288,0,1243645,2765160,3150,0,18,0,10523640,8,3110400,0,0,vAsgUHXM47,2Knk1KF,taul,1K8T,lK27,7z8szr3,ZZ7H_hi,vh2B,9_Y1,STGZ,VpdQ,haYg,me75fM6ugJ,kIsH,uKAI,Mtgm,XfqtO3UdzaXh_,XTbPUYD,88C3,cJvF,FzaX,Nvc6w_1,oslk,EXUR6zD,jySVZNlOJy,453m,RAYp,55YFVY9
0,1372,14,4688,180,225,56,166.56,0,1963410,0,3.692373,18,130,140,4280296,0,115401,0,10,16,40,216433.2,710,66,10323,0,2763050,1458808,330,0,18,0,8707320,34,195246,0,0,AhzZptzip9,2Knk1KF,taul,1K8T,lK27,rXHcNhj,CdPgMY1Z52,0xiW,9_Y1,t_4G,VpdQ,sYC_,me75fM6ugJ,kIsH,uKAI,L84s,NhsEn4L,beK4AFX,U56I,UYBR,FzaX,u9OfrxM,oslk,5Doz_Kt,M_8D,Qu4f,RAYp,55YFVY9
0,497,7,1344,128,160,0,253.52,0,9731400,0,6.241402,9,168,105,0,0,182858.7,45,0,32,0,198025.6,485,114,59832,0,1346805,0,40,0,9,0,10675440,8,0,0,0,tr0gUH7ejg,RO12,taul,1K8T,TyGl,fqeOwLG,etM739XNbCmUu,umg2,9_Y1,m_h1,VpdQ,6JmL,7M47J5GA0pTYIFxg5uy,kIsH,uKAI,L84s,QsQAxv5,11pJPFL,8JTE,UYBR,FzaX,fxJmel6,QKW8DRm,WfsWw2A,jySVZNlOJy,WqMG,ZI9m,iyHGyLCEkQ
0,826,21,1040,140,175,16,290.32,0,4848630,0,6.660756,36,96,28,3168080,0,210106.8,5,8,32,40,145114.4,550,66,16452,0,4753415,316810,2495,0,0,554414,10836840,24,1900848,0,0,Ie5gUH7IEC,RO12,taul,1K8T,TyGl,DVqAQJk,DKUDUftgA7,NG7X,9_Y1,m_h1,VpdQ,sYC_,me75fM6ugJ,kIsH,uKAI,Mtgm,NhsEn4L,kq0aHkC,jiRx,UYBR,FzaX,t0rm0jM,oslk,rUj52Lp,jySVZNlOJy,WqMG,RAYp,F2FyR07IdsN7I
0,5859,21,500,1496,1870,840,193.28,0,58638,0,0.02221747,27,56,273,866520,0,5860.38,30,44,312,680,86286.8,4070,108,40887,0,501760,303998,1635,0,18,53221,1614188,276,152064,0,0,crIt0Go8Lb,RO12,taul,1K8T,7gSz,6zFJt03,r83_sZi,ftbF,9_Y1,rGJy,VpdQ,lVqb,me75fM6ugJ,kIsH,uKAI,L84s,XfqtO3UdzaXh_,XTbPUYD,hNFo,cJvF,FzaX,ZDjvOIl,oslk,G9mQQMs,LM8l689qOp,Qu4f,RAYp,F2FyR07IdsN7I
0,805,7,240,124,155,0,210,0,0,0,6.731894,18,36,28,6220800,0,216624.9,0,0,32,72,260868.8,490,0,396,0,9504000,0,90,0,0,0,10713600,44,0,0,0,P1WvyxLp3Z,_7J0OGNN8s6gFzbM,taul,1K8T,R4_H,kLfxn1f,y4g9XoZ,gVmZ,9_Y1,vzJD,VpdQ,IYzP,GjJ35utlTa_GNSvxxpb9ju,kIsH,uKAI,L84s,JBfYVit4g8,uZLz8Sc,n9Qe,cJvF,FzaX,4UxJH67,Al6ZaUT,iwdhUBl,LM8l689qOp,xb3V,02N6s8f,9VmiOykV3fbsAg65e4w
0,882,21,6560,200,250,56,321.12,0,9099900,0,4.739372,36,106,1414,777912,0,177954.3,40,2,48,16,169317.6,635,120,5904,0,818305,317140,13345,0,9,82831,10231560,24,5964,0,0,lAFr4RQZiT,RO12,taul,1K8T,JLbT,vHHY4q6,r83_sZi,tddR,9_Y1,z5Ry,VpdQ,sYC_,me75fM6ugJ,kIsH,uKAI,L84s,NhsEn4L,beK4AFX,rR2u,UYBR,FzaX,R4hm94s,oslk,oSyMpgG,LM8l689qOp,FSa2,RAYp,F2FyR07IdsN7I
0,56,0,0,112,140,8,186.64,0,5941626,0,4.96646,9,14,0,53000,0,200878.8,35,0,24,8,-169431.2,140,72,0,0,1112450,101362,0,0,0,0,7499480,14,0,0,0,6m0t0G8rTN,RO12,taul,1K8T,YmZp,4rXn9NE,Vxu_jOIy4u,xBel,9_Y1,e7QV,sJzTlal,IYzP,me75fM6ugJ,kIsH,uKAI,L84s,NhsEn4L,uZL60aU,IqS_,cJvF,FzaX,dqL8hdx,oslk,MnYAKIt,LM8l689qOp,fKCe,RAYp,F2FyR07IdsN7I
0,294,7,984,148,185,64,284.32,0,6068760,0,0.54326,9,86,0,1901256,0,70706.41,10,6,40,32,200846,595,78,38115,0,1490450,1267216,1025,0,45,1663221,10307280,14,1425618,0,0,1GdOj17ejg,RO12,taul,1K8T,aD1X,Q9R7qwL,5q1hF23,3Ivc,9_Y1,iVbl,09_Q,haYg,me75fM6ugJ,kIsH,uKAI,L84s,XfqtO3UdzaXh_,11p4mKe,bRgG,UYBR,FzaX,Zc06pd1,oslk,SiXzrB7,LM8l689qOp,7aLG,RAYp,F2FyR07IdsN7I
0,2261,7,12664,232,290,40,353.84,0,2425854,0,0.05041658,9,108,21,1367768,0,60247.2,20,30,120,88,-29105.72,1430,42,38673,0,3186055,331288,470,0,36,156800,8062960,32,1124316,0,0,_v2TmBftjz,2Knk1KF,taul,1K8T,EWYi,gNIgCYR,_03xtaMIkZsn1,lJO3,9_Y1,4N0K,VpdQ,sYC_,me75fM6ugJ,kIsH,uKAI,L84s,NhsEn4L,beK4AFX,nKzj,UYBR,AU8_WTd,aD1vOIl,oslk,NnYzgmc,jySVZNlOJy,Qu4f,RAYp,55YFVY9
0,791,7,2764,156,195,32,687.52,0,6401820,0,1.226661,9,86,14,62848,6,216397.2,35,4,40,8,101285.6,550,102,41823,16,2273770,632844,6400,0,9,54992,10427440,16,1036800,0,0,8Knvyx875g,RO12,taul,1K8T,TyGl,fqel91c,VxueejWCG_,XqdY,9_Y1,MBhA,sJzTlal,sYC_,me75fM6ugJ,kIsH,uKAI,L84s,NhsEn4L,kq0aHkC,Xpz5,UYBR,FzaX,UISY_02,oslk,DGsqhZX,jySVZNlOJy,WqMG,RAYp,F2FyR07IdsN7I
0,154,7,1612,36,45,16,99.68,0,0,0,5.914762,9,76,42,19024,0,2107.902,0,0,0,16,1416.716,220,0,109800,0,20760,2396,4055,0,0,0,30912,10,0,0,0,uGLq9ayE15,RO12,taul,1K8T,z32l,qmXYbuk,glRBFJT8NN,kVZt,9_Y1,vm5R,VpdQ,IYzP,me75fM6ugJ,kIsH,uKAI,L84s,NhsEn4L,kZJs2nh,XqfQ,UYBR,AU8pNoi,hDRv66D,oslk,2JfQ3DB,LM8l689qOp,7P5s,RAYp,F2FyR07IdsN7I
0,882,7,224,40,50,24,286.96,0,1158906,0,1.472762,9,56,14,3095336,0,199472.4,10,0,8,8,286998.4,335,18,77454,0,131585,1221016,3085,0,27,0,9705960,2,0,0,0,2AAWq69R_D,RO12,taul,1K8T,TyGl,VcWp_2L,hOpRIhsUSP,RGeB,9_Y1,Px52,VpdQ,haYg,7M47J5GA0pTYIFxg5uy,kIsH,uKAI,L84s,fnfcPDe,_JdiVIu,2hj3,cJvF,FzaX,dBlJbH2,QKW8DRm,Z2_IPGf,LM8l689qOp,PM2D,vJ_w8kB,WfJ2BB2SFSqauljlfOB
0,560,7,596,44,55,16,304.08,0,7257600,0,4.143345,9,66,0,0,0,291465,0,2,0,0,-119145.6,155,12,6237,0,787625,341034,830,0,27,0,8569760,12,3628806,0,0,xOXrjIQq3d,RO12,taul,1K8T,0Xwj,_OTyWhJ,w9tz70R,kWfE,HLqf,RVjC,09_Q,sYC_,me75fM6ugJ,sBgB,uKAI,Mtgm,NhsEn4L,NGZ_CaA,4a9J,UYBR,Lmli,Oj6Te_2,oslk,_rKR5uO,M_8D,FSa2,RAYp,F2FyR07IdsN7I
0,161,0,8,4,5,0,200,0,0,0,5.641743,9,74,0,0,0,14901.42,0,0,0,0,2807.572,65,0,11745,0,7085,0,0,0,0,0,5668,2,0,0,0,DHeq9ayfAo,RO12,taul,1K8T,tzKK,Kn7o7aV,VKm8_AwS48,Yj5Y,9_Y1,kJJ7,09_Q,IYzP,me75fM6ugJ,kIsH,uKAI,L84s,NhsEn4L,kZJs2nh,He4R,UYBR,AU8pNoi,ylC6pd1,oslk,BULTE6Y,LM8l689qOp,7P5s,RAYp,F2FyR07IdsN7I
0,1547,7,376,252,315,192,166.56,0,0,0,2.45204,9,66,0,416528,0,5356.41,0,22,80,136,-137018.8,1030,0,16902,0,183020,86814,20,0,9,122885,644636,22,174492,0,0,Yn7t0Go8Lb,RO12,taul,1K8T,JLbT,SHmviED,q2tfFQq,haQb,9_Y1,rGJy,VpdQ,wMei,7M47J5GA0pTYIFxg5uy,kIsH,uKAI,L84s,leSl,kq0MdzK,a3t3,UYBR,FzaX,7zPJmUr,QKW8DRm,v6E0Yoz,LM8l689qOp,Qu4f,vJ_w8kB,WfJ2BB2SFSqauljlfOB
0,1015,7,600,72,90,8,301.6,0,4014738,0,1.375347,9,34,0,0,12,170060.7,15,4,16,0,-1002964,480,54,30069,32,1014350,172800,1130,0,9,604800,5561560,6,1036800,0,0,eOQgUHShse,RO12,taul,1K8T,AnrR,Z8zXqIA,WajyOxY,bj2o,9_Y1,mTeA,09_Q,zm5i,me75fM6ugJ,kIsH,uKAI,Mtgm,NhsEn4L,kZJtVhC,sQQA,UYBR,FzaX,6JWQhsi,oslk,Eot9U2X,LM8l689qOp,FSa2,RAYp,F2FyR07IdsN7I
0,2072,7,284,184,230,120,186.64,0,4242,0,2.508438,9,156,7,840416,0,25203.87,15,16,40,64,-163569.2,1050,6,37341,0,646285,381450,2220,0,36,369509,2718276,22,213618,0,0,uGLq9ayE15,2Knk1KF,taul,1K8T,z32l,qmrkGPa,AnFl2Mwxzd,szZb,9_Y1,000J,VpdQ,haYg,me75fM6ugJ,kIsH,uKAI,L84s,XfqtO3UdzaXh_,XTbPUYD,MnKN,cJvF,FzaX,Lu8m0jM,oslk,f4rs3yQ,LM8l689qOp,7P5s,RAYp,TCU50_Yjmm6GIBZ0lL_
0,1421,7,400,152,190,64,216.72,0,11964,0,6.273873,9,82,7,142304,0,10948.62,15,12,64,72,-8154.28,745,12,13284,0,73980,33316,1765,0,0,58541,289440,20,121374,0,0,YddrjIQ5Ph,RO12,taul,1K8T,lK27,4rXxfeC,76j2P_OLn0,93co,9_Y1,RVjC,VpdQ,IYzP,me75fM6ugJ,kIsH,uKAI,L84s,NhsEn4L,mAjbk_S,Ioib,UYBR,FzaX,llYv48t,oslk,V51EKx8,LM8l689qOp,FSa2,RAYp,F2FyR07IdsN7I
0,1932,14,2520,240,300,192,210,0,202530,0,5.296945,18,54,231,185784,0,14028.48,20,24,56,48,-238946.4,670,36,43218,0,341495,243808,830,0,9,46298,1438620,16,322404,0,0,2jiWq69cTy,RO12,taul,1K8T,ssAy,wEJSdMg,LJF4fPp,5hoM,9_Y1,Px52,VpdQ,IYzP,me75fM6ugJ,kIsH,uKAI,L84s,NhsEn4L,TDcECyH,zLvp,UYBR,FzaX,aMa88FJ,oslk,tM4OEra,LM8l689qOp,PM2D,RAYp,F2FyR07IdsN7I
0,168,0,0,188,235,32,478,15,2931162,0,4.471694,9,12,0,212472,18,56420.4,20,14,112,104,-643820,235,36,0,104,245975,120814,0,12,0,128744,3535680,26,488436,0,14,HYTvyx7ejg,RO12,taul,1K8T,0Xwj,8ij6Lg8,V6XUlxabJ4VaD,m8jb,HLqf,qaiO,VpdQ,IYzP,me75fM6ugJ,sBgB,uKAI,L84s,NhsEn4L,kZJtVhC,mN2c,cJvF,FzaX,7OmVzos,oslk,76DJixu,LM8l689qOp,szEZ,RAYp,F2FyR07IdsN7I
0,1925,7,1940,352,440,56,331.04,0,404604,0,0.7944884,9,114,0,416664,0,4325.94,25,10,64,96,-1257972,1330,126,4482,0,484060,64040,1000,0,9,27314,1187732,76,21156,0,0,9u0r4Rdncc,2Knk1KF,taul,1K8T,4fje,6oGKKVi,VFlHWjvF92VDZUoi,poJj,9_Y1,em8I,09_Q,hAFG,me75fM6ugJ,kIsH,g5HH,L84s,XfqtO3UdzaXh_,XTbPUYD,ipbg,cJvF,OFWH,MiS0IU9,oslk,8oT2fT4,LM8l689qOp,me1d,RAYp,55YFVY9
0,2856,7,448,176,220,24,186.64,0,6067020,0,4.770562,9,138,112,2378672,0,68136.3,30,0,40,40,168077.6,1730,108,44856,0,3693635,177108,2530,0,27,95641,10393400,24,0,0,0,LDPq9ayfAo,2Knk1KF,taul,1K8T,yYar,PHNvXy8,VqnbMThC8i,sWlc,9_Y1,QBpP,09_Q,itlM,NKv3VA1BpP,kIsH,uKAI,L84s,Ie_5MZs,CWNY2py,OSRz,cJvF,FzaX,UF16siJ,zCkv,APgdzOv,LM8l689qOp,7P5s,6fzt,Zy3gnGM
0,420,0,0,244,305,96,286.96,0,3713010,0,2.087374,18,18,0,2067248,0,118731.9,60,0,32,48,113819.6,950,90,0,0,4829325,902434,0,0,0,0,10725000,32,0,0,0,5_lq9aXt5a,RO12,taul,1K8T,4fje,wEJwkuM,gG77TqgKer,pgGD,9_Y1,Y9Bl,09_Q,IYzP,me75fM6ugJ,kIsH,uKAI,L84s,NhsEn4L,kZJtVhC,uuFP,UYBR,FzaX,1E1v4zN,oslk,LHq2Oqu,LM8l689qOp,uWr3,RAYp,F2FyR07IdsN7I
0,826,7,108,104,130,56,339.92,0,20238,0,4.657125,9,72,91,1171472,0,124037.7,0,6,32,24,-108518.4,485,6,2367,0,3013935,743286,1490,0,0,934724,4996040,24,748650,0,0,V8lt0G8rTN,RO12,taul,1K8T,2Ix5,LK5nVRA,uAJBBe1,_zaj,9_Y1,k13i,VpdQ,IYzP,me75fM6ugJ,kIsH,uKAI,Mtgm,NhsEn4L,TDcECyH,o5Fj,UYBR,FzaX,FM28hdx,oslk,dh6qI2t,LM8l689qOp,fKCe,RAYp,F2FyR07IdsN7I
0,1771,7,0,324,405,200,133.12,0,7230,0,2.720145,9,62,0,1705656,0,39608.7,10,24,104,128,-886572,1060,12,162477,0,1090280,662302,190,0,0,694064,3683364,48,810066,0,0,1PnZptzip9,RO12,taul,1K8T,j_M3,kUC4jEC,JQFeOYK,pDLX,9_Y1,t_4G,VpdQ,IYzP,me75fM6ugJ,kIsH,uKAI,L84s,NhsEn4L,TDceha3,OpIX,UYBR,FzaX,wQXRvCC,oslk,PqkyovK,LM8l689qOp,Qu4f,RAYp,F2FyR07IdsN7I
0,1484,7,2516,288,360,88,147.44,0,4811712,0,5.488357,9,52,14,361656,0,99124.8,20,10,232,288,184831.2,695,66,4851,0,1191655,1885556,890,0,0,102396,10390080,10,1734432,0,0,V8lBcmz45j,RO12,taul,1K8T,YPhp,oKsne2L,_03xtaMIkZsn1,kFdJ,9_Y1,EwzD,VpdQ,IYzP,me75fM6ugJ,kIsH,uKAI,L84s,NhsEn4L,TDcECyH,0HbG,cJvF,qxDb,iEXADXQ,oslk,xWWynIC,LM8l689qOp,Qcbd,RAYp,F2FyR07IdsN7I
0,1589,0,0,424,530,176,260.24,0,3516414,0,5.090579,18,18,0,2419832,0,24013.83,40,16,176,272,1516396,4100,78,0,0,4990430,709662,0,0,0,260799,10598360,42,211800,0,0,4e7gUH7IEC,RO12,taul,1K8T,vSNn,fIZ2EMp,C4RS307,xkat,9_Y1,m_h1,09_Q,IYzP,7M47J5GA0pTYIFxg5uy,kIsH,uKAI,L84s,NhsEn4L,kZJtVhC,Hr3R,UYBR,FzaX,YZ2TNgw,oslk,x3aOgRj,LM8l689qOp,WqMG,ZI9m,F2FyR07IdsN7I
0,2548,7,140,280,350,296,170,0,0,0,3.444136,27,36,35,865136,0,6532.56,0,12,120,152,-1541800,1145,0,14805,0,219150,342498,2090,0,0,357672,1562528,16,404466,0,0,dRaq9ayE15,AERks4l,taul,1K8T,yYar,5CFXD9A,0IWZqtp,QdCv,9_Y1,QBpP,VpdQ,IYzP,7M47J5GA0pTYIFxg5uy,kIsH,uKAI,L84s,4kVnq_T26xq1p,7Ww8cnz,YJIM,cJvF,FzaX,MmsL3hM,zCkv,XdARPDh,LM8l689qOp,7P5s,ZI9m,F2FcTt7IdMT_v
0,924,0,2656,128,160,24,310.48,0,9583860,0,0.4456313,9,62,161,200728,0,58406.1,40,0,32,8,128548,495,114,0,0,168300,518400,0,0,18,0,10425920,2,0,0,0,JMGrjIXt5a,RO12,taul,1K8T,pE9z,GRl7qwL,h3WsUQk,Y7X1,9_Y1,xQ2A,VpdQ,sYC_,me75fM6ugJ,kIsH,uKAI,L84s,NhsEn4L,kq0n8Bj,gvA6,UYBR,FzaX,xDj6pd1,oslk,VQZzrB7,LM8l689qOp,5Acm,RAYp,F2FyR07IdsN7I
0,238,0,0,132,165,32,324.48,0,1774266,0,4.323008,9,20,0,4838400,0,142951.5,5,2,32,56,136276,440,24,0,0,6694150,691200,0,0,9,0,10830600,32,217848,0,0,MlYvyx875g,RO12,taul,1K8T,pGTb,zg_ekya,pbNgbi2,7MgF,9_Y1,MBhA,VpdQ,zm5i,me75fM6ugJ,kIsH,uKAI,Mtgm,NhsEn4L,kZJyVg2,ft_X,UYBR,FzaX,XsgRJnY,oslk,qsDp1PS,LM8l689qOp,WqMG,RAYp,F2FyR07IdsN7I
0,1127,7,212,240,300,104,200,0,517158,0,1.390728,9,94,0,199504,0,12484.74,0,22,88,144,-922816,560,6,6606,0,160845,16654,100,0,9,80262,669388,34,94320,0,0,1YVgUHXZeb,RO12,taul,1K8T,487l,3pg460p,J3fgbi2,upEj,9_Y1,STGZ,VpdQ,IYzP,me75fM6ugJ,kIsH,uKAI,L84s,NhsEn4L,beK4AFX,Caho,UYBR,FzaX,Qf2vbB7,oslk,jZZjeOa,LM8l689qOp,453m,RAYp,F2FyR07IdsN7I
0,1582,7,0,292,365,152,166.56,0,0,0,6.90878,9,86,0,2631144,0,41589,0,8,88,112,-55595.6,1155,0,15120,0,2754845,247536,85,0,0,345240,4166640,72,228180,0,0,zcRZptzip9,RO12,taul,1K8T,487l,INoV6tQ,MNbFLTsnwH,cSte,9_Y1,t_4G,VpdQ,sYC_,me75fM6ugJ,kIsH,uKAI,L84s,NhsEn4L,kq0aHkC,t89X,UYBR,FzaX,kj7fGrO,oslk,pHGT3Cb,LM8l689qOp,Qu4f,RAYp,F2FyR07IdsN7I
0,707,7,6844,196,245,192,133.12,0,0,0,0.1521043,9,108,343,115792,0,20675.91,0,10,32,16,101772,700,0,103734,0,364475,438508,18605,0,9,80311,1279880,36,80082,0,0,oUPBcmzkzH,2Knk1KF,taul,1K8T,lK27,6JEg8q9,Vxu_jOIy4u,Xoh1,9_Y1,WGOH,09_Q,IYzP,Kxdu,kIsH,uKAI,L84s,Yp0FSqmQ6uX0MidJVtxn3DSSj,uZLvjn0,rdgs,UYBR,FzaX,U3CQrTb,zCkv,fVIBXTl,LM8l689qOp,Qcbd,6fzt,55YFVY9
0,798,14,4096,140,175,56,256.8,0,3801696,0,2.318735,27,134,294,2534464,0,225104.4,25,4,48,32,178438.4,520,48,19350,0,3181330,1137620,300,0,9,554414,10526480,18,950424,0,0,1YVgUHXZeb,2Knk1KF,taul,1K8T,_8YK,PHNvXy8,9YuYZx0Xsm,6cV2,9_Y1,STGZ,VpdQ,haYg,NKv3VA1BpP,kIsH,uKAI,L84s,Ie_5MZs,CWNY2py,vJ0N,UYBR,AU8pNoi,UF16siJ,zCkv,APgdzOv,LM8l689qOp,453m,6fzt,Zy3gnGM
0,2429,21,2280,456,570,104,166.56,0,1779318,0,3.498398,45,128,161,238432,3,10326.21,40,20,96,88,326557.6,1615,156,57150,16,601635,229166,3075,0,18,65898,3323180,92,600114,0,7,639qrQK2Mx,2Knk1KF,taul,1K8T,AnrR,wGQJeCE,hOpRIhsUSP,u8P8,9_Y1,15m3,VpdQ,6JmL,me75fM6ugJ,kIsH,uKAI,L84s,XfqtO3UdzaXh_,XTbPUYD,LhRx,UYBR,FzaX,dpuv1FD,oslk,o6f7A2G,LM8l689qOp,FSa2,RAYp,55YFVY9
0,1561,7,112,224,280,208,133.12,0,203274,0,5.686605,9,106,0,1035488,0,32819.7,10,10,56,88,-25943.56,840,30,1170,0,240165,636246,10,0,9,870793,2429932,14,429270,0,0,1KSTmBQxul,RO12,taul,1K8T,TyGl,tNnWK_I,Phy0jbn,8d_Q,9_Y1,TjV7,VpdQ,hAFG,me75fM6ugJ,kIsH,uKAI,L84s,XfqtO3UdzaXh_,11p4mKe,ckPi,UYBR,FzaX,9ql1rOn,oslk,mnvYAUb,LM8l689qOp,FSa2,RAYp,F2FyR07IdsN7I
0,1680,21,2252,712,890,256,266.88,0,7231320,0,3.224311,36,64,630,108160,0,156573.9,285,4,32,432,25946.56,1265,138,9603,0,191550,1086570,6675,0,0,0,9669960,20,1036800,0,0,AhzZptzip9,RO12,taul,1K8T,TyGl,rXHcNhj,9_mbRj4xye,ya_j,9_Y1,t_4G,09_Q,IYzP,me75fM6ugJ,sBgB,7A3j,L84s,NhsEn4L,mAja5EA,DcUj,UYBR,FzaX,u9OfrxM,oslk,5Doz_Kt,jySVZNlOJy,Qu4f,RAYp,F2FyR07IdsN7I
0,2492,7,304,532,665,232,166.56,0,7800,9,1.337748,9,48,0,1048472,0,13663.74,0,20,96,176,246446.4,1940,12,4545,8,1644870,137986,260,0,9,174825,2302636,140,271998,0,0,CxSr4RXktW,RO12,taul,1K8T,lK27,cmPXOhW,yLQsa0Xacm,ligO,9_Y1,Albh,VpdQ,IYzP,me75fM6ugJ,kIsH,uKAI,L84s,NhsEn4L,mAjbk_S,bOo5,UYBR,FzaX,tjWYlW4,oslk,T_gzrB7,LM8l689qOp,Xa3G,RAYp,F2FyR07IdsN7I
0,1743,7,68,152,190,40,253.52,0,6324780,0,6.431104,9,60,14,1250680,0,30940.2,30,6,32,16,118972.4,6855,84,180,0,2186025,581688,230,0,9,0,10377760,16,1162794,0,0,cFHt0GoOh3,RO12,taul,1K8T,lK27,gMUAExd,UFIdC8I,vgiU,9_Y1,t_4G,VpdQ,IYzP,DHn_WUyBhW_whjA88g9bvA64_,kIsH,uKAI,L84s,CrNX,7WwM33k,dyYP,UYBR,FzaX,dMzTRWb,d0EEeJi,6I8aBUC,LM8l689qOp,Qu4f,nIGXDli,F2FyR07IdsN7I
0,189,0,0,136,170,24,220.08,10,216168,0,5.026704,9,16,0,6220800,3,190380.3,0,0,32,72,97746,470,18,0,24,8061750,345618,0,0,9,0,10395160,38,0,0,0,TfiBcmzkzH,RO12,taul,1K8T,lK27,esxkA1P,7ruKm4v,2dzD,9_Y1,yrDU,VpdQ,43pnToF,me75fM6ugJ,kIsH,uKAI,L84s,NhsEn4L,kZJtVhC,oA6B,cJvF,FzaX,EPImS85,oslk,MI8s5nE,LM8l689qOp,Qcbd,RAYp,F2FyR07IdsN7I
0,721,7,824,76,95,24,166.56,0,17148,0,6.299936,9,54,49,10992,0,4317.72,0,0,8,24,-30316,515,18,30195,0,28775,4356,80,0,0,0,48660,20,0,0,0,AUUt0GoOh3,RO12,taul,1K8T,lK27,EkMLmBg,puVN1K3ZEF6Ph,jZlI,9_Y1,MGOA,09_Q,IYzP,me75fM6ugJ,kIsH,uKAI,L84s,NhsEn4L,mAjbk_S,qnE8,UYBR,FzaX,kj7DFjT,oslk,9vQ9fPb,LM8l689qOp,Qu4f,RAYp,F2FyR07IdsN7I
0,560,7,0,136,170,40,256.48,0,5231142,0,0.6575518,9,30,0,3168136,0,218085,25,0,40,40,80362,505,72,5580,0,2772115,714514,20,0,0,554414,10302440,14,0,0,0,EsYrjIX0Db,RO12,taul,1K8T,80HR,im_bujo,ZIX6Y9cVy5,woN4,9_Y1,xQ2A,09_Q,IYzP,me75fM6ugJ,kIsH,uKAI,L84s,NhsEn4L,NGZXfGp,0Mbz,cJvF,FzaX,hf11Ctd,oslk,6Uhw_BK,LM8l689qOp,5Acm,RAYp,F2FyR07IdsN7I
0,777,7,2880,120,150,24,286.96,0,3110400,0,1.721641,9,54,70,2073600,0,217469.4,25,2,32,24,40566.8,495,36,44154,0,4981450,464292,3155,0,9,1209600,9907640,24,518400,0,0,LDPvyx7IEC,RO12,taul,1K8T,ZHNR,ZBORawV,r83_sZi,MqKB,9_Y1,YGOC,VpdQ,IYzP,me75fM6ugJ,kIsH,uKAI,L84s,NhsEn4L,mAja5EA,yARX,cJvF,FzaX,JO0WZR6,oslk,ZwrmOr3,LM8l689qOp,szEZ,RAYp,F2FyR07IdsN7I
0,959,14,8256,168,210,40,335.92,0,6861840,0,1.464431,54,208,189,3801792,3,144501.9,30,0,40,48,142110,805,96,17604,24,2053415,406680,2885,0,54,0,10200920,18,0,0,14,1JGqrQKzJV,ByQdnLRlFnny2k4AJzG,ev6I,1K8T,AnrR,fhk21Ss,_03xtaMIkZsn1,LAuf,9_Y1,15m3,VpdQ,y6dw,7M47J5GA0pTYIFxg5uy,kIsH,7A3j,L84s,_5OXC8MSLt,LxWMK5e,QGLE,cJvF,FzaX,4UxGlow,oslk,catzS2D,jySVZNlOJy,FSa2,ZI9m,NoEd
0,756,7,32,128,160,88,262.96,0,322752,0,6.199102,9,112,0,1604280,0,239574.9,0,8,48,40,38223.44,505,6,1629,0,4674985,1888258,5,0,27,1217419,9916200,22,2073600,0,0,8Iqt0G8rTN,2Knk1KF,taul,1K8T,Uk76,Fefs43J,SiCA,icKQ,9_Y1,k13i,VpdQ,sYC_,me75fM6ugJ,kIsH,uKAI,L84s,NhsEn4L,teAyFc5,zvTK,UYBR,FzaX,aNnen4L,oslk,HDDAAUb,M_8D,fKCe,RAYp,55YFVY9
0,1414,7,28,144,180,72,253.52,0,3028230,0,5.285409,9,76,14,3615976,0,42255,15,0,40,48,246104.4,500,48,522,0,3628890,1425654,80,0,18,554421,10215800,20,0,0,0,dRagUHXM47,RO12,taul,1K8T,7ALb,6oGvcTJ,JQFeOYK,TNyI,9_Y1,fTh6,VpdQ,IYzP,me75fM6ugJ,kIsH,uKAI,Mtgm,NhsEn4L,mAjbk_S,gj1k,UYBR,FzaX,MiSOw16,oslk,alU2fT4,LM8l689qOp,453m,RAYp,F2FyR07IdsN7I
0,966,7,540,136,170,8,286.96,0,6953640,0,2.181585,9,66,413,2073600,0,194151.9,25,2,32,24,108138.4,600,84,416394,0,3098790,106860,12650,0,27,0,10093320,20,42,0,0,NESWq69R_D,RO12,CuXi4je,1K8T,487l,mfUAcBg,q2tfFQq,hRZh,9_Y1,RVjC,VpdQ,sYC_,me75fM6ugJ,kIsH,uKAI,Mtgm,NhsEn4L,kq0n8Bj,oSQY,UYBR,FzaX,nqSL1fY,oslk,yp2id2k,jySVZNlOJy,FSa2,RAYp,F2FyR07IdsN7I
0,931,0,0,240,300,192,200,0,51282,0,1.795557,9,68,0,2411504,0,70076.7,10,2,48,64,178745.2,865,12,972,0,2762620,447138,0,0,9,1110487,4559120,46,275976,0,0,64ngUH7IEC,RO12,taul,1K8T,0Xwj,QfdNj4_,77iJmpaB0e,6fqN,HLqf,m_h1,09_Q,sYC_,me75fM6ugJ,sBgB,uKAI,L84s,NhsEn4L,NGZ_CaA,5NaN,UYBR,FzaX,yOONioI,oslk,ZjaoG9v,LM8l689qOp,WqMG,RAYp,F2FyR07IdsN7I
0,1162,7,3360,264,330,56,186.64,0,330042,0,6.756248,9,174,42,2919920,0,55365.6,15,6,64,128,101542.4,945,54,2988,0,1497110,216148,2005,0,18,462287,3454300,56,148956,0,0,qXhrEy7VR2,rEUOq2QD1qfkRr6qpua,taul,1K8T,W5sH,fhk21Ss,EXpWEXgaYWQf4,B41I,9_Y1,X8zP,VpdQ,hAFG,7M47J5GA0pTYIFxg5uy,kIsH,uKAI,L84s,WsRVNrF85oPU_,XTb0lKS,khMo,cJvF,FzaX,4UxGlow,zCkv,catzS2D,LM8l689qOp,Aoh3,ZI9m,ib5G6X1eUxUn6
0,3290,14,6216,92,115,16,186.64,0,7042380,0,6.913267,27,168,644,1900936,0,8432.79,10,0,16,24,283659.6,1255,54,5265,0,2080810,250376,1255,0,36,0,8444440,14,0,0,0,m9SrEy7Rm6,2Knk1KF,taul,1K8T,0Xwj,fhk21Ss,CdPgMY1Z52,zqqA,HLqf,X8zP,VpdQ,hAFG,7M47J5GA0pTYIFxg5uy,sBgB,uKAI,L84s,Ie_5MZs,CWNY2py,hW6G,cJvF,FzaX,4UxGlow,zCkv,catzS2D,LM8l689qOp,Aoh3,ZI9m,TCU50_Yjmm6GIBZ0lL_
0,630,7,444,144,180,24,269.12,0,3801810,0,6.421064,9,32,315,1599240,0,193224.3,45,0,48,24,402108,570,48,65385,0,4695105,454446,6950,0,18,0,10522360,26,0,0,0,uGLq9ayE15,RO12,taul,1K8T,lK27,7OKsIET,r83_sZi,7bQH,9_Y1,QBpP,VpdQ,43pnToF,DHn_WUyBhW_whjA88g9bvA64_,kIsH,uKAI,L84s,CrNX,mAjbq_f,ftQr,cJvF,FzaX,1vNdYsJ,d0EEeJi,l94UowW,jySVZNlOJy,7P5s,nIGXDli,F2FyR07IdsN7I
0,623,7,268,16,20,8,288.16,0,10886400,0,0.2599872,9,56,21,0,0,248405.1,0,0,0,0,-507196,285,18,4023,0,0,557500,80,0,18,0,8372600,0,0,0,0,xOXr4RXktW,RO12,taul,1K8T,7M9D,dpLnqNs,I1sqWRxUAv,bfEN,9_Y1,TFSW,09_Q,haYg,me75fM6ugJ,kIsH,uKAI,L84s,XfqtO3UdzaXh_,XTbPUYD,yQew,cJvF,FzaX,9F7m0jM,oslk,jrbDSFl,M_8D,Xa3G,RAYp,F2FyR07IdsN7I
0,399,7,492,68,85,32,133.12,0,0,0,2.131382,9,172,35,200136,0,6701.4,0,2,32,48,-30110,320,0,12501,0,217900,10666,905,0,18,45318,318028,12,33462,0,0,zcROj17IEC,2Knk1KF,taul,1K8T,aD1X,fhk21Ss,V4EcIXVbjg,nzzf,9_Y1,zfpA,09_Q,haYg,7M47J5GA0pTYIFxg5uy,kIsH,uKAI,Mtgm,Ie_5MZs,CWNY2py,ub8D,cJvF,Lmli,4UxGlow,zCkv,catzS2D,LM8l689qOp,7aLG,ZI9m,TCU50_Yjmm6GIBZ0lL_
0,1589,7,1328,160,200,48,200,0,7010340,0,5.000214,9,134,175,1549296,0,97074.3,35,2,40,24,133195.2,545,84,167499,0,3375140,148248,13295,0,9,12852,10620320,18,11016,0,0,1JGr4RKzJV,g62hiBSaKg,taul,1K8T,PGNs,ICE4XMm,o64y9zI,Ha2D,9_Y1,DtNL,VpdQ,wMei,15TtzZrRt2,kIsH,uKAI,L84s,UbxQ8lZ,_JdAe2o,IMDJ,cJvF,FzaX,Phzi_Q3,Al6ZaUT,CxDRUH6,jySVZNlOJy,FSa2,02N6s8f,ib5G6X1eUxUn6
0,511,0,0,124,155,0,286.96,0,8738460,0,1.961119,9,26,0,728664,0,210444,35,0,48,32,42804.4,535,102,0,0,1296000,0,0,0,9,0,9511400,6,0,0,0,uGLq9ayE15,RO12,taul,1K8T,z32l,Te2s8CN,hOpRIhsUSP,kVZt,9_Y1,vm5R,09_Q,zm5i,me75fM6ugJ,kIsH,uKAI,L84s,NhsEn4L,kZJyVg2,XqfQ,UYBR,FzaX,rDm6pd1,oslk,Q53Rkup,LM8l689qOp,7P5s,RAYp,F2FyR07IdsN7I
0,1722,7,456,216,270,184,166.56,0,195348,0,4.372356,9,56,14,644832,0,12163.68,10,12,64,80,11573.72,935,30,37350,0,389220,366348,2695,0,0,32326,1762616,16,383640,0,0,Yn7t0Go8Lb,AERks4l,taul,1K8T,X94c,XGWxM5B,aEghjcMgIfpMJu7y,qe4I,9_Y1,MGOA,VpdQ,IYzP,GjJ35utlTa_GNSvxxpb9ju,sBgB,uKAI,L84s,JBfYVit4g8,NGZTVtA,ctdt,UYBR,FzaX,dukwSeH,Al6ZaUT,VTiOZS_,LM8l689qOp,Qu4f,02N6s8f,xwM2aC7IdeMC0
0,378,7,72,204,255,112,253.52,5,5227380,0,5.704764,27,104,119,176928,0,10205.4,20,2,24,8,-356797.6,1490,72,62910,16,866840,199346,5,0,27,2702,5882960,38,2316,0,7,1JGqrQKzJV,RO12,taul,1K8T,487l,B5nJHBC,nQU2P_OLn0,_GvQ,9_Y1,15m3,VpdQ,sYC_,me75fM6ugJ,kIsH,uKAI,L84s,NhsEn4L,beK4AFX,Au2C,UYBR,qxDb,_vd0Q3K,oslk,AQ0QowC,LM8l689qOp,FSa2,RAYp,F2FyR07IdsN7I
0,77,0,0,160,200,48,414.8,5,3939564,0,5.643025,9,14,0,1382400,0,188704.8,30,6,40,16,-5971.56,200,60,0,16,3520950,595824,0,0,0,554414,10064240,26,1271826,0,7,NESt0G8EIb,RO12,taul,1K8T,YmZp,4rXn9NE,J3fgbi2,9Ywd,9_Y1,e7QV,VpdQ,IYzP,me75fM6ugJ,kIsH,uKAI,L84s,NhsEn4L,kZJyVg2,VK0Z,UYBR,FzaX,dqL8hdx,oslk,MnYAKIt,LM8l689qOp,fKCe,RAYp,F2FyR07IdsN7I
0,2807,14,384,524,655,272,166.56,0,105522,0,6.747704,18,82,434,69024,0,4210.08,10,20,96,136,-16586.16,2005,90,1557,0,271125,66360,9100,0,0,9660,516384,106,89418,0,0,BQa9tYsdof,RO12,taul,1K8T,TyGl,fqel91c,NFlfMbKIm3,2tQN,9_Y1,YULl,09_Q,IYzP,me75fM6ugJ,kIsH,uKAI,L84s,NhsEn4L,mAjbk_S,CyOz,UYBR,FzaX,UISY_02,oslk,DGsqhZX,LM8l689qOp,FSa2,RAYp,F2FyR07IdsN7I
0,1463,7,1224,148,185,32,290.16,0,5173224,0,6.750481,27,104,91,1267304,0,42470.4,35,0,32,16,332544,830,72,5085,0,4043560,395870,270,0,18,0,10326840,24,0,0,0,Qu0r4RKzJV,2Knk1KF,taul,1K8T,TyGl,0v27GMk,9YuuPSz3BI,FjIq,9_Y1,DtNL,VpdQ,sYC_,me75fM6ugJ,kIsH,uKAI,L84s,NhsEn4L,kq0aHkC,Wo1v,UYBR,FzaX,YBh0nTz,oslk,J_tzF_Q,LM8l689qOp,FSa2,RAYp,55YFVY9
0,7,0,0,8,10,8,566.96,0,0,0,6.293099,9,14,0,2123760,0,447180,0,0,0,8,-1176784,10,0,0,0,0,65300,0,0,0,0,1192480,0,0,0,0,GcUBcmz45j,RO12,taul,1K8T,uErj,a6hhurh,HbTdXoT,mqKB,9_Y1,yrDU,VpdQ,IYzP,me75fM6ugJ,kIsH,uKAI,Mtgm,NhsEn4L,kq0dQfu,Ls02,UYBR,FzaX,WPfKVq0,oslk,XQvdByr,LM8l689qOp,Qcbd,RAYp,F2FyR07IdsN7I
0,805,0,0,132,165,0,255.04,0,11043600,0,1.890408,9,26,0,0,0,101602.5,35,0,16,0,-13039,720,132,0,0,11955,0,0,0,9,0,9783800,8,0,0,0,P1WvyxLp3Z,RO12,taul,1K8T,ssAy,jF6Moat,fv0Tc3CEo9,4SAx,9_Y1,vzJD,VpdQ,zm5i,me75fM6ugJ,kIsH,uKAI,Mtgm,NhsEn4L,mAja5EA,ZTs4,UYBR,FzaX,LwG8XLE,oslk,_XSRDbC,LM8l689qOp,xb3V,RAYp,F2FyR07IdsN7I
0,17871,7,60,11472,14340,3800,432.96,0,2131410,0,1.731254,9,48,0,2777952,0,9212.76,1020,354,2576,2616,-86770.4,26530,4554,189,0,3349675,682562,855,0,0,275261,7761080,1852,572670,0,0,bZkvyxLkBI,RO12,taul,1K8T,Xa_z,6KF0k8W,n1zVHpT8NN,RnvC,9_Y1,FbIm,sJzTlal,IYzP,me75fM6ugJ,kIsH,uKAI,L84s,NhsEn4L,mAjbk_S,nHVl,UYBR,FzaX,ot6oLzk,oslk,IIvC99a,jySVZNlOJy,xb3V,RAYp,F2FyR07IdsN7I
0,175,0,0,128,160,16,220.08,0,3326580,0,1.188848,9,16,0,2705408,9,208245.9,15,4,32,32,140523.6,485,42,0,24,5832150,316818,0,0,9,554435,10453880,28,950454,0,0,oUPBcmzkzH,RO12,taul,1K8T,uNkU,OJdcVcA,76jHeHdlcB,WtVW,9_Y1,WGOH,VpdQ,zm5i,me75fM6ugJ,kIsH,uKAI,L84s,NhsEn4L,kZJtVhC,_H3H,cJvF,FzaX,rPpfql_,oslk,d1cRkup,LM8l689qOp,Qcbd,RAYp,F2FyR07IdsN7I
0,4263,7,432,172,215,40,240.56,0,3129018,0,0.979278,27,184,14,2460344,0,27744.69,50,12,56,40,-373706.8,1310,54,31239,0,2045450,234588,2900,0,27,6790,6141120,16,317946,0,0,bZkOj1dMWg,2Knk1KF,taul,1K8T,sM2H,fhk21Ss,I1ktjb8,2abi,9_Y1,DFSe,VpdQ,haYg,7M47J5GA0pTYIFxg5uy,kIsH,g5HH,L84s,MeOIHRG3F9,teA5P1I,JrMM,cJvF,FzaX,4UxGlow,zCkv,catzS2D,LM8l689qOp,me1d,ZI9m,iyHGyLCEkQ
0,7224,21,588,908,1135,392,166.56,0,222582,0,5.076479,36,36,294,1064984,0,4742.01,35,36,336,440,116184.4,3585,162,2880,0,580155,163886,7655,0,0,248129,1788456,142,345654,0,0,4bwt0GoOh3,RO12,taul,1K8T,ffXs,604wEl4,laBKqOyEKp,YZrs,9_Y1,rGJy,VpdQ,IYzP,me75fM6ugJ,kIsH,uKAI,L84s,NhsEn4L,mAjbk_S,u_dq,cJvF,FzaX,9WBvEWW,oslk,UsL2pc5,LM8l689qOp,Qu4f,RAYp,F2FyR07IdsN7I
0,966,14,3196,204,255,104,316.96,0,4973610,0,5.715446,81,70,175,73832,0,191765.1,25,8,40,24,1935.572,655,72,13302,0,1093855,1346440,5240,0,18,478807,9566800,28,1964082,0,0,V8lt0G8rTN,RO12,taul,1K8T,PbOJ,EQsMhNR,DKUDUftgA7,2kDj,9_Y1,e7QV,VpdQ,CoYW,me75fM6ugJ,kIsH,uKAI,L84s,XfqtO3UdzaXh_,11p4mKe,54Ak,UYBR,FzaX,KVX8iqZ,oslk,3A8Rt2K,LM8l689qOp,fKCe,RAYp,F2FyR07IdsN7I
0,392,0,0,136,170,16,186.64,0,2300976,0,6.928434,9,24,0,4147200,0,234579.9,10,0,32,48,139928,490,30,0,0,7092050,266910,0,0,9,604800,10506280,38,0,0,0,EsYrjIX0Db,RO12,taul,1K8T,_Clr,2LUe_ev,LIHCwKP,ZBNx,9_Y1,xQ2A,09_Q,zm5i,me75fM6ugJ,kIsH,uKAI,L84s,NhsEn4L,mAja5EA,gvA6,UYBR,FzaX,KVXR98m,oslk,EHC0WQG,LM8l689qOp,5Acm,RAYp,F2FyR07IdsN7I
0,910,7,544,208,260,160,260.24,0,4993506,0,6.160863,9,70,210,2049280,0,201151.5,25,4,32,32,248820.8,600,72,14175,0,3094685,870032,390,0,9,0,10098360,18,141144,0,0,m9SvyxLkBI,RO12,taul,1K8T,ssAy,H9TCaks,yLQpBGQ6pn,MtI_,9_Y1,vzJD,VpdQ,hAFG,me75fM6ugJ,kIsH,uKAI,L84s,XfqtO3UdzaXh_,XTbPUYD,BCN7,UYBR,FzaX,rSN88FJ,oslk,hW4EVJ2,jySVZNlOJy,xb3V,RAYp,F2FyR07IdsN7I
0,2163,7,180,132,165,112,289.28,0,898512,0,2.370861,9,48,28,2128192,0,13316.04,5,4,32,48,-759856,765,42,107910,0,58620,693490,1410,0,9,945798,3399372,6,444096,0,0,DHegUHXZeb,RO12,taul,1K8T,kNzO,qA_Lp7C,nQU2P_OLn0,Tqkw,9_Y1,STGZ,VpdQ,sYC_,DHn_WUyBhW_whjA88g9bvA64_,kIsH,uKAI,L84s,CrNX,mAjy7aS,xxet,UYBR,FzaX,jnK4NiO,d0EEeJi,XjbrUdI,LM8l689qOp,453m,nIGXDli,F2FyR07IdsN7I
0,1134,7,16,252,315,96,220.08,5,3374310,0,5.472121,18,54,7,4042376,0,58055.7,10,0,32,48,-112884.4,730,78,14931,8,5211950,255812,590,0,9,0,9643120,60,0,0,0,2jigUH7ejg,RO12,taul,1K8T,TyGl,AvwMkpB,Iibp4Nm3uQ,M1Zd,9_Y1,bJXB,09_Q,Tkho,DHn_WUyBhW_whjA88g9bvA64_,kIsH,uKAI,L84s,CrNX,mAjy7aS,2Jk0yEB,cJvF,FzaX,agO6dfg,d0EEeJi,1Oj9Iwb,LM8l689qOp,w_Ub,nIGXDli,F2FyR07IdsN7I
0,1932,14,2736,608,760,240,316.08,0,7673940,0,4.368511,27,112,959,989024,0,77174.09,40,10,128,160,175700,2230,132,42183,0,2513830,252498,31605,0,36,419804,10680720,134,671622,0,0,zKnr4RXktW,eSGpMwS8zSGgq_trOpckZ5,taul,1K8T,dWQK,IxMo8ot,hOpRIhsUSP,1RZ6,9_Y1,TFSW,09_Q,haYg,GjJ35utlTa_GNSvxxpb9ju,kIsH,uKAI,L84s,UbxQ8lZ,ORMRote,CNLJ,cJvF,FzaX,_vimXGT,Al6ZaUT,KjHSoTa,LM8l689qOp,Xa3G,02N6s8f,R4y5gQQWY8OodqDV
0,3038,14,356,28,35,8,232.32,0,47670,0,4.659902,27,82,0,12991920,0,38120.7,0,0,8,24,23368,315,18,4563,0,0,1209600,285,0,54,2900702,8946920,0,0,0,0,P1WvyxLp3Z,RO12,taul,1K8T,Xa_z,nLJVdmm,WICZqsx,UC7i,9_Y1,lXxA,VpdQ,hAFG,me75fM6ugJ,kIsH,uKAI,L84s,XfqtO3UdzaXh_,11p4mKe,UdjJ,UYBR,FzaX,sy7fR8o,oslk,QPHTy9x,LM8l689qOp,xb3V,RAYp,F2FyR07IdsN7I
0,770,7,980,128,160,8,220.08,0,1432452,0,0.7184362,9,92,315,4780848,0,233311.5,0,2,32,56,130599.6,495,24,7812,0,8168200,158412,610,0,18,554442,10513600,38,475230,0,0,voArjIXt5a,RO12,taul,1K8T,dTod,Xkt4wFk,N4xbMThNdK,2Ueo,9_Y1,WIr3,VpdQ,Tkho,me75fM6ugJ,kIsH,uKAI,Mtgm,NhsEn4L,beK4AFX,YD6S,UYBR,FzaX,ZCE8XLE,oslk,dxB79_c,jySVZNlOJy,5Acm,RAYp,F2FyR07IdsN7I
0,224,7,2712,56,70,0,66.88,0,0,0,4.841273,9,152,28,44744,0,4602.51,0,0,24,40,-1319228,120,0,10143,0,59230,0,965,0,9,0,69756,18,0,0,0,etYt0G8EIb,5QKIjwyXr4MCZTEp7uAkS8PtBLcn,taul,1K8T,wOc1,fqeOwLG,FoJylxy,XEaz,9_Y1,k13i,VpdQ,lVqb,7M47J5GA0pTYIFxg5uy,kIsH,uKAI,L84s,Yp0FSqmQ6uX0MidJVtxn3DSSj,beKRNOf,EXDF,UYBR,FzaX,fxJmel6,zCkv,WfsWw2A,LM8l689qOp,fKCe,ZI9m,iyHGyLCEkQ
0,1498,14,5420,120,150,16,273.76,0,561312,0,4.653279,18,56,707,1049152,0,33531.6,45,6,80,24,102670.4,650,12,25353,0,5593700,1404708,4420,0,9,695163,10080960,22,1025370,0,0,qXh9tYsdof,RO12,taul,1K8T,PGNs,FSVXtaU,WHy0Y4b,piXj,9_Y1,YULl,09_Q,IYzP,me75fM6ugJ,kIsH,uKAI,Mtgm,NhsEn4L,TDceha3,hveH,UYBR,FzaX,R4hRoKG,oslk,AEKwFs9,LM8l689qOp,FSa2,RAYp,F2FyR07IdsN7I
0,147,7,144,160,200,0,166.56,0,3666492,0,1.603503,9,70,84,1634768,0,26475.54,0,0,64,80,-64782,690,30,24930,0,1195125,0,85,0,18,30821,4217800,50,0,0,0,xOXrjIQq3d,RO12,LfvqpCtLOY,1K8T,JLbT,VWnxM5B,ilrY4YM,o5H_,9_Y1,RVjC,sJzTlal,hAFG,me75fM6ugJ,kIsH,uKAI,L84s,XfqtO3UdzaXh_,XTbPUYD,TQqY,UYBR,FzaX,srGv1FD,oslk,B1BED8N,LM8l689qOp,FSa2,RAYp,F2FyR07IdsN7I
0,245,7,64,48,60,8,200,0,3110400,0,2.807306,9,90,0,0,0,175582.8,10,0,8,0,381192.4,200,36,15012,0,1296000,26790,340,0,0,0,3855180,6,0,0,0,doHWq69cTy,RO12,taul,1K8T,ssAy,DP55V1L,vW6mSEW,fh85,9_Y1,0A_v,09_Q,IYzP,me75fM6ugJ,kIsH,uKAI,L84s,NhsEn4L,kq0aHkC,8i22,UYBR,OFWH,wZZ87dl,oslk,9iFzrB7,jySVZNlOJy,PM2D,RAYp,F2FyR07IdsN7I
0,5831,14,4116,1624,2030,480,200,0,577692,0,0.7314676,45,184,126,2879744,0,15370.98,135,38,392,232,-217780.8,5830,540,14535,0,2172370,667156,130,0,36,654815,5522120,362,497382,0,0,Mtpt0G8EIb,g62hiBSaKg,taul,1K8T,0Xwj,fhk21Ss,JsluJ5C,QFV7,HLqf,e7QV,VpdQ,y6dw,7M47J5GA0pTYIFxg5uy,sBgB,uKAI,L84s,MeOIHRG3F9,pMWTFEC,gFZi,UYBR,FzaX,4UxGlow,zCkv,catzS2D,jySVZNlOJy,fKCe,ZI9m,ib5G6X1eUxUn6
0,1204,7,2636,192,240,160,166.56,0,0,0,2.805811,9,60,14,590184,0,42337.8,0,4,32,40,-1586484,850,0,54135,0,1159680,337568,15,0,0,188930,1966648,42,103014,0,0,avkq9ayfAo,RO12,taul,1K8T,PJLW,UsSOoyT,glRBFJT8NN,saaH,9_Y1,vm5R,VpdQ,IYzP,me75fM6ugJ,kIsH,uKAI,L84s,NhsEn4L,TDceha3,zMIm,cJvF,FzaX,_Pu6s0w,oslk,Ha_79_c,LM8l689qOp,7P5s,RAYp,F2FyR07IdsN7I
0,7,0,0,40,50,8,291.52,0,10886400,0,1.340098,9,16,0,0,0,563193,0,2,8,0,-159424.8,80,18,0,0,75695,392684,0,0,0,0,8429440,10,488880,0,0,HYTrjIK12c,RO12,taul,1K8T,0Xwj,ojHCYcI,_jTP8ioIlJ,MXX4,HLqf,7WNq,VpdQ,IYzP,me75fM6ugJ,sBgB,uKAI,L84s,NhsEn4L,NGZxnJM,rKtE,cJvF,FzaX,KtBOw16,oslk,NKvz4Af,LM8l689qOp,WqMG,RAYp,F2FyR07IdsN7I
0,7224,7,1744,152,190,16,286.96,0,7776000,0,2.945524,18,224,21,1145384,0,23559.87,40,4,40,16,246305.6,595,90,9495,0,3049465,2426,455,0,18,0,10718160,18,87108,0,0,zcRZptzip9,2Knk1KF,CiJDdr4TQ0rGERIS,1K8T,TyGl,fhk21Ss,r83_sZi,ckri,9_Y1,t_4G,VpdQ,y6dw,7M47J5GA0pTYIFxg5uy,kIsH,7A3j,L84s,TVE1uh4F_wOi_,LxWSJXE,fyvm,UYBR,FzaX,4UxGlow,zCkv,catzS2D,LM8l689qOp,Qu4f,ZI9m,NoEd
0,189,7,248,24,30,0,166.56,0,0,0,1.42085,9,48,0,28512,0,6348.479,0,0,8,8,-1337684,85,0,44136,0,149710,0,30,0,0,0,134024,10,0,0,0,Y3tqrQKzJV,RO12,taul,1K8T,JLbT,PTPxkyQ,ZkibjLN5VdYQ7,oV7C,9_Y1,15m3,VpdQ,IYzP,me75fM6ugJ,kIsH,uKAI,Mtgm,NhsEn4L,TDcECyH,R3nq,UYBR,FzaX,HH3v4zN,oslk,2HJE4Qn,LM8l689qOp,FSa2,RAYp,F2FyR07IdsN7I
0,1078,7,2408,132,165,40,220.08,0,8272500,0,4.883785,9,52,28,352048,0,144030.9,40,0,32,8,132870.4,620,96,4464,0,1123160,630732,1340,0,9,0,10615800,6,0,0,0,HrWq9aXt5a,RO12,taul,1K8T,ZSv9,9GJGgoz,JQFeOYK,PJFh,9_Y1,Y9Bl,VpdQ,IYzP,Kxdu,kIsH,uKAI,Mtgm,FMSzZ91zL2,TDcEYQ6,JIpy,cJvF,FzaX,Tvpip6Z,zCkv,hHJsvbM,LM8l689qOp,uWr3,6fzt,SbOd7O8ky1wGNxp0Arj0Xs
0,1155,7,2176,256,320,80,452.4,0,3063684,0,3.460158,9,118,91,981720,0,105210.6,40,6,48,64,75578.4,840,66,41517,0,3629920,681000,2395,0,0,338464,9029720,48,1271112,0,0,5_lq9at_88,2Knk1KF,taul,1K8T,4fje,WkH7nZN,Ij2t,kiGu,9_Y1,KfYH,VpdQ,IYzP,me75fM6ugJ,kIsH,g5HH,L84s,NhsEn4L,teAyFc5,6iuJ,cJvF,FzaX,scZ0Q3K,oslk,zmvzrB7,LM8l689qOp,me1d,RAYp,55YFVY9
0,945,7,9264,116,145,136,166.56,0,18036,0,3.414441,18,166,84,27528,0,10432.05,0,14,48,8,22419.84,465,12,49734,0,49730,157998,240,0,36,164185,585864,4,306444,0,0,HYTrjIK12c,AERks4l,taul,1K8T,USOt,fhk21Ss,_UtlxbJ,8MF2,9_Y1,7WNq,VpdQ,6JmL,7M47J5GA0pTYIFxg5uy,kIsH,uKAI,L84s,XfqtO3UdzaXh_,XTbPUYD,BFG0,cJvF,FzaX,4UxGlow,oslk,catzS2D,LM8l689qOp,WqMG,ZI9m,ib5G6X1eUxUn6
0,406,7,448,184,230,56,166.56,0,528,0,1.458236,9,132,0,44408,0,2200.89,0,0,0,56,18030.56,405,6,4842,0,241385,10618,15,0,9,0,236900,62,0,0,0,CEaWq69cTy,2Knk1KF,taul,1K8T,TyGl,fhk21Ss,y2LIM03TrE,nyZz,9_Y1,RVjC,09_Q,kxE9,7M47J5GA0pTYIFxg5uy,kIsH,uKAI,L84s,XfqtO3UdzaXh_,XTbPUYD,bru6,UYBR,OFWH,4UxGlow,oslk,catzS2D,LM8l689qOp,FSa2,ZI9m,55YFVY9
0,840,7,68,68,85,16,200,0,518406,0,2.743004,9,30,7,1688184,0,69166.2,15,8,48,32,411960,300,6,10269,0,341530,101896,250,0,0,583982,3255880,6,972930,0,0,vNEvyxLp3Z,RO12,taul,1K8T,R4_H,I6B7C3_,C_uQoStwYE,5sKN,9_Y1,_r21,09_Q,IYzP,me75fM6ugJ,kIsH,uKAI,L84s,NhsEn4L,mAjbk_S,3lM9,cJvF,FzaX,AI5YWu3,oslk,H2lRusu,LM8l689qOp,xb3V,RAYp,F2FyR07IdsN7I
0,231,7,116,40,50,0,254.64,0,5054478,0,6.143559,9,62,0,9676800,0,258428.1,5,2,32,16,14404.72,380,24,1206,0,1319235,0,15,0,18,0,9824760,4,507486,0,0,bZkvyxLkBI,RO12,taul,1K8T,JLbT,iJzviRg,etM739XNbCmUu,wj2G,9_Y1,vzJD,VpdQ,haYg,7M47J5GA0pTYIFxg5uy,kIsH,uKAI,L84s,WsRVNrF85oPU_,TDc_8bz,8ExL,cJvF,FzaX,ch2oGfM,zCkv,P6pu4Vl,LM8l689qOp,xb3V,ZI9m,R4y5gQQWY8OodqDV
0,1736,14,3264,284,355,112,286.96,0,2522940,0,1.917112,27,154,98,1448704,0,95253,15,8,56,56,79620,995,120,15957,0,2096900,2212500,1705,0,27,1202390,9976440,46,1558236,0,0,hSogUHXZeb,2Knk1KF,taul,1K8T,7ALb,yQdq7NI,hCdK,s68S,9_Y1,LqKm,VpdQ,kxE9,me75fM6ugJ,kIsH,uKAI,L84s,XfqtO3UdzaXh_,_JdcICD,T7lo,UYBR,FzaX,jbW6s0w,oslk,DDG2qo0,LM8l689qOp,453m,RAYp,TCU50_Yjmm6GIBZ0lL_
0,2184,7,0,256,320,80,166.56,0,0,0,6.701773,9,40,0,433536,0,2934.972,5,16,96,120,154964.4,930,0,576,0,330175,59542,445,0,0,124425,639860,60,42522,0,0,Qu0TmBQZiT,AERks4l,taul,1K8T,TyGl,_w97BoT,sLarhXg,yyC8,9_Y1,TjV7,VpdQ,IYzP,GjJ35utlTa_GNSvxxpb9ju,kIsH,uKAI,L84s,JBfYVit4g8,uZLz8Sc,GqvK,UYBR,FzaX,YQXNbGd,Al6ZaUT,LX2CTje,LM8l689qOp,FSa2,02N6s8f,xwM2aC7IdeMC0
0,1022,7,2236,112,140,24,186.64,0,0,0,2.476608,9,200,84,758344,0,10962.69,0,0,8,40,-1794.716,540,0,25461,0,1348815,15648,4335,0,54,80913,1489520,40,0,0,0,crIt0Go8Lb,AERks4l,CiJDdr4TQ0rGERIS,1K8T,EPHy,fhk21Ss,Hz673939hSRjL,VzUN,9_Y1,C7DI,VpdQ,wMei,7M47J5GA0pTYIFxg5uy,kIsH,uKAI,L84s,ZtujLmj9uJdIkLfg,kZJ2ZbD,I4SR,cJvF,FzaX,4UxGlow,QKW8DRm,catzS2D,jySVZNlOJy,Qu4f,ZI9m,5oZS
0,1414,14,2492,140,175,32,254.4,0,6758220,0,0.03268532,27,104,294,1900848,0,126867.6,10,6,32,24,239302,565,84,3384,0,2885575,544432,725,0,45,1108828,10437240,18,1425636,0,0,Tfit0G8EIb,2Knk1KF,taul,1K8T,0LaQ,iYI85Wp,IG_G867,6HXF,9_Y1,k13i,VpdQ,sYC_,NKv3VA1BpP,kIsH,uKAI,Mtgm,1YxyYTLbzthWO,OFq6Pnu,Kcak,UYBR,FzaX,R8kKx11,zCkv,X9a41Yn,LM8l689qOp,fKCe,6fzt,Zy3gnGM
0,931,14,480,248,310,304,133.12,0,495876,0,1.518479,27,98,147,467664,0,23743.74,0,8,64,80,41771.2,975,6,17865,0,309835,356358,4885,0,18,349510,1655660,18,195990,0,0,DHevyx7IEC,RO12,taul,1K8T,Bxva,60sg0bq,TLE739XNb0Rf0,n_lB,9_Y1,YGOC,VpdQ,hAFG,me75fM6ugJ,kIsH,uKAI,L84s,XfqtO3UdzaXh_,11p4mKe,aKRS,cJvF,FzaX,ooBv48t,oslk,wtiz4Af,LM8l689qOp,szEZ,RAYp,F2FyR07IdsN7I
0,343,0,0,124,155,0,253.52,0,10716660,0,6.287972,9,48,0,0,0,185026.2,45,0,32,0,727656,360,126,3429,0,136540,0,0,0,0,0,10364080,2,0,0,0,C2Dvyx875g,RO12,taul,1K8T,PbOJ,2Aed0DS,r83_sZi,Z4w0,9_Y1,MBhA,VpdQ,IYzP,me75fM6ugJ,kIsH,uKAI,L84s,NhsEn4L,kZJtVhC,_AeM,UYBR,AU8pNoi,OjxOhQy,oslk,c4PT3Cb,M_8D,WqMG,RAYp,F2FyR07IdsN7I
0,1652,7,96,388,485,144,166.56,0,19770,0,6.882931,9,44,112,179696,0,3569.49,5,8,88,160,-223297.6,745,18,198,0,260285,23838,165,0,18,165543,387704,102,42774,0,0,1qmgUHEuty,AERks4l,taul,1K8T,487l,Mrp938I,daiGnRstPa,ycAW,9_Y1,em8I,09_Q,IYzP,GjJ35utlTa_GNSvxxpb9ju,kIsH,g5HH,L84s,JBfYVit4g8,uZLz8Sc,Ijs4,cJvF,FzaX,cS2FyVq,Al6ZaUT,vXNqdm3,LM8l689qOp,me1d,02N6s8f,xwM2aC7IdeMC0
0,812,14,4536,136,170,0,200,0,773760,0,3.685537,18,86,168,5015528,0,184084.8,0,2,32,64,1652280,480,18,150147,0,9149500,0,4625,0,27,1209600,10396160,44,79410,0,0,C2Dvyx875g,RO12,taul,1K8T,R4_H,aKBg0iR,NW71mrodGH,oYuU,9_Y1,MBhA,VpdQ,sYC_,me75fM6ugJ,kIsH,uKAI,Mtgm,NhsEn4L,kq0aHkC,5smi,UYBR,FzaX,8GKOjel,oslk,APUE4Qn,LM8l689qOp,WqMG,RAYp,F2FyR07IdsN7I
0,1659,0,0,124,155,152,133.12,0,1933764,0,0.6041445,9,58,0,0,0,155550.9,0,16,32,0,178316,455,24,540,0,0,3283200,0,0,0,0,10620360,0,4147200,0,0,xddq9ayfAo,AERks4l,taul,1K8T,487l,PHNvXy8,koda1Jh,51nD,9_Y1,000J,VpdQ,IYzP,NKv3VA1BpP,kIsH,uKAI,L84s,NjlyLMM,uZLNSmy,H7C1,cJvF,FzaX,UF16siJ,zCkv,APgdzOv,M_8D,7P5s,6fzt,xwM2aC7IdeMC0
0,1190,7,532,344,430,184,286.96,0,0,0,0.6481521,9,34,0,1701280,0,32635.5,5,20,96,128,71324.4,1415,0,6102,0,1992270,451114,215,0,9,265244,3882264,72,562638,0,0,KXMgUH7IEC,RO12,taul,1K8T,lK27,cGQ0k8W,lGXpFd_2Rf,jyqZ,9_Y1,bJXB,09_Q,zm5i,me75fM6ugJ,kIsH,uKAI,L84s,NhsEn4L,kZJyVg2,yiE0Ssq,cJvF,FzaX,7HOOZ4E,oslk,964qjwa,LM8l689qOp,w_Ub,RAYp,F2FyR07IdsN7I
0,308,0,0,172,215,96,347.84,0,4984290,0,6.229652,9,22,0,1844256,0,206463.6,10,6,40,32,133722.4,530,84,0,8,1664105,1658064,0,0,9,1209600,10547040,16,1555200,0,7,xOXTmBtFkL,RO12,taul,1K8T,lK27,L7tEXGF,yrf0K7pk34_SX,7.00E+46,9_Y1,C6Eu,VpdQ,zm5i,me75fM6ugJ,kIsH,uKAI,L84s,NhsEn4L,kZJtVhC,8vlP,cJvF,FzaX,XeiNqhB,oslk,o9Y6TM2,LM8l689qOp,rgKb,RAYp,F2FyR07IdsN7I
0,56,0,0,100,125,8,453.84,0,4118952,0,2.248238,9,12,0,691200,0,178896.9,15,8,16,8,-397296.8,125,48,0,8,1930745,122856,0,0,0,0,5963240,16,66834,0,7,vAsTmBfHUn,RO12,taul,1K8T,yMvB,6JE1QFM,glRbITbnHQ,Eg4G,9_Y1,Gx0B,VpdQ,IYzP,me75fM6ugJ,kIsH,uKAI,L84s,NhsEn4L,kZJyVg2,deRl,UYBR,FzaX,ie2v1FD,oslk,k19R6zD,LM8l689qOp,Qu4f,RAYp,F2FyR07IdsN7I
0,483,0,16,108,135,0,166.56,0,10368000,0,1.658834,9,96,0,0,0,226431.9,30,2,24,0,984264,400,120,30015,0,0,0,0,0,0,0,9331200,0,518400,0,0,crIt0Go8Lb,RO12,taul,1K8T,0Xwj,oSpM9_c,mzDZadGIEhIBI,XJDJ,HLqf,rGJy,09_Q,IYzP,me75fM6ugJ,sBgB,uKAI,L84s,NhsEn4L,kq062QV,Xb33,UYBR,FzaX,_KnuhvP,oslk,k0gYyp5,jySVZNlOJy,Qu4f,RAYp,F2FyR07IdsN7I
0,1155,7,2292,192,240,56,166.56,0,6678,0,2.977783,18,84,231,2214864,0,66071.7,5,8,56,72,164727.2,635,6,51048,0,4931655,262898,1300,0,18,797909,5898840,52,447006,0,0,Yn7t0Go8Lb,RO12,taul,1K8T,lK27,wbhMbja,II0S8f9,5_Js,9_Y1,C7DI,VpdQ,sYC_,DHn_WUyBhW_whjA88g9bvA64_,kIsH,uKAI,L84s,CrNX,pMWQVqj,_aOT,cJvF,FzaX,Ik2_GwW,d0EEeJi,DNvoOsC,LM8l689qOp,Qu4f,nIGXDli,F2FyR07IdsN7I
0,840,0,560,164,205,128,166.56,0,46452,0,6.437086,18,96,7,1319424,0,59755.8,0,14,40,48,-1037508,700,18,36189,0,982015,220828,0,0,0,733593,2119624,18,302514,0,0,jg69tYsGvO,RO12,taul,1K8T,kNzO,dBHKZdo,r83_sZi,UdO_,9_Y1,YULl,VpdQ,sYC_,me75fM6ugJ,kIsH,uKAI,L84s,NhsEn4L,kq0aHkC,yOOA,UYBR,wwPEXoilkr,f560FxM,oslk,lTw2_Lp,LM8l689qOp,FSa2,RAYp,F2FyR07IdsN7I
0,2401,7,608,528,660,264,169.92,0,603282,0,4.205939,9,132,119,1150584,0,27039.12,50,18,128,112,21258.44,2070,210,2745,0,1249695,671428,365,0,18,211498,4913560,62,951666,0,0,mCGq9ayE15,2Knk1KF,taul,1K8T,tzKK,YMfAHbp,I1sqWRxUAv,7wlo,9_Y1,kJJ7,09_Q,6JmL,me75fM6ugJ,kIsH,uKAI,L84s,XfqtO3UdzaXh_,XTbPUYD,Nvzp,cJvF,AU8_WTd,ZxrKsQe,oslk,xhoRP71,jySVZNlOJy,7P5s,RAYp,55YFVY9
0,2513,21,7192,424,530,104,166.56,0,335730,0,2.412732,45,180,259,3059440,0,36130.8,0,12,232,296,-266487.6,1500,36,828,0,3538970,404972,1530,0,18,497301,5715680,88,481548,0,0,qXh9tYsdof,RO12,taul,1K8T,TyGl,fhk21Ss,wLOHP_YhcL,uGJd,9_Y1,YULl,09_Q,6JmL,7M47J5GA0pTYIFxg5uy,kIsH,uKAI,L84s,4kVnq_T26xq1p,beKMHCJ,Ri0b,UYBR,FzaX,4UxGlow,zCkv,catzS2D,LM8l689qOp,FSa2,ZI9m,iyHGyLCEkQ
0,2359,7,13836,300,375,208,166.56,0,1044,0,1.172613,9,206,140,432784,0,10146.12,5,36,88,88,61533.2,1040,6,12384,0,252885,121764,8485,0,18,236376,774040,36,166092,0,0,DHegUHXZeb,TW8dXluYzKpktZjuY8kSPBaZa,CiJDdr4TQ0rGERIS,1K8T,7ALb,fhk21Ss,yEFIHeU,oR0A,9_Y1,LqKm,VpdQ,y6dw,7M47J5GA0pTYIFxg5uy,kIsH,uKAI,L84s,_5OXC8MSLt,LxWMK5e,NOY_,cJvF,FzaX,4UxGlow,oslk,catzS2D,LM8l689qOp,453m,ZI9m,NoEd
0,959,14,312,160,200,104,133.12,0,18960,0,3.998077,36,148,147,1969856,0,70983,5,8,48,72,259326.4,600,6,29268,0,2562835,639970,3640,0,27,1147461,4823200,24,741714,0,0,1nlTmBtueT,2Knk1KF,taul,1K8T,AHgj,R4CMv2s,Hz6CKEGgV0Vbb,L1qX,9_Y1,C6Eu,09_Q,haYg,me75fM6ugJ,kIsH,uKAI,L84s,XfqtO3UdzaXh_,XTb4AFX,9oU3,cJvF,FzaX,OOC8jNM,oslk,piPR6zD,LM8l689qOp,rgKb,RAYp,55YFVY9
0,2863,7,304,132,165,56,280.24,0,5379756,0,6.793634,9,32,0,2849960,0,47152.8,10,2,32,40,403720,975,66,8865,0,2603880,1180818,10,0,9,506520,10493040,14,518400,0,0,puvq9aX0Db,RO12,taul,1K8T,487l,0v2c7yI,_03xtaMIkk68B,Uzph,9_Y1,Y9Bl,VpdQ,zm5i,DHn_WUyBhW_whjA88g9bvA64_,kIsH,uKAI,L84s,CrNX,y5FewfI,On5x,cJvF,FzaX,0AJf6lc,d0EEeJi,xKM9Inf,jySVZNlOJy,uWr3,nIGXDli,F2FyR07IdsN7I
0,693,0,0,344,430,56,166.56,10,160794,0,5.454604,18,26,0,295048,0,3861.63,15,0,0,32,-11674.28,1710,144,0,16,1540855,43188,0,0,0,0,1579868,96,0,0,0,m9SvyxLkBI,RO12,taul,1K8T,GYbZ,zQq9W2K,VKmQoSsVfi,0KxW,9_Y1,FbIm,09_Q,IYzP,DHn_WUyBhW_whjA88g9bvA64_,kIsH,uKAI,L84s,CrNX,NGZ_12K,BpIN,cJvF,FzaX,7JxGhTc,d0EEeJi,je1N8iG,LM8l689qOp,xb3V,nIGXDli,F2FyR07IdsN7I
0,798,7,336,128,160,0,186.64,0,6739200,0,4.59154,9,52,21,2678728,0,230611.8,35,0,48,32,119412.4,495,78,37305,0,3456000,0,840,0,9,0,10481880,16,0,0,0,1qmr4RQxul,RO12,taul,1K8T,AHgj,jJ_lbGp,767sa0XN9l,RTc9,9_Y1,z5Ry,sJzTlal,43pnToF,me75fM6ugJ,kIsH,uKAI,L84s,NhsEn4L,mAjbk_S,BXUS,UYBR,qxDb,PqGY_02,oslk,FnxQQMs,M_8D,FSa2,RAYp,F2FyR07IdsN7I
0,1008,7,328,152,190,48,268.4,0,841776,0,3.603931,9,84,0,3443184,9,92172.91,0,2,40,88,397890.8,630,18,432,40,4062630,467348,2580,0,9,819315,6538200,34,105924,0,14,FAJWq69cTy,RO12,taul,1K8T,ssAy,jJ_nXHo,okUWEXgaYpMJ7,bhcB,9_Y1,Px52,VpdQ,lVqb,me75fM6ugJ,kIsH,uKAI,L84s,XfqtO3UdzaXh_,XTbPUYD,6Pxx,cJvF,FzaX,uyr88FJ,oslk,FlVqhZX,LM8l689qOp,PM2D,RAYp,F2FyR07IdsN7I
0,7,0,0,24,30,0,20.08,0,0,0,4.433455,9,14,0,841536,0,1384356,0,0,8,8,476364,45,0,0,0,14188750,0,0,0,0,0,11771760,10,0,0,0,2jirEyXktW,RO12,taul,1K8T,OTVu,eIRrMFe,2a2SlO8,yFEe,9_Y1,SkZj,VpdQ,IYzP,me75fM6ugJ,kIsH,uKAI,L84s,NhsEn4L,TDcwKda,aINY,UYBR,FzaX,cABDFjT,oslk,r7hqjNq,LM8l689qOp,Aoh3,RAYp,F2FyR07IdsN7I
0,1295,7,148,204,255,128,166.56,0,18846,0,6.332835,9,132,84,273744,0,5293.83,0,4,48,80,-44157.2,535,6,80703,0,411215,72666,890,0,9,127526,630940,44,10800,0,0,CxSr4RXktW,2Knk1KF,taul,1K8T,AkfA,PHNvXy8,_03xtaMIkk68B,mcue,9_Y1,Cgc3,VpdQ,kxE9,NKv3VA1BpP,kIsH,uKAI,L84s,Ie_5MZs,OFqdri0,rgvJ,cJvF,OFWH,UF16siJ,zCkv,APgdzOv,LM8l689qOp,Xa3G,6fzt,Zy3gnGM
0,910,7,112,108,135,56,166.56,0,1821276,0,0.4112369,9,62,7,14640,0,75243.59,5,10,24,16,530840,470,24,477,0,898375,527642,45,0,9,0,5069080,16,2592000,0,0,zKnr4RXktW,RO12,taul,1K8T,JLbT,iJzviRg,Bp5kyRnnMz,0LZX,9_Y1,Zazx,VpdQ,hAFG,7M47J5GA0pTYIFxg5uy,kIsH,uKAI,L84s,4kVnq_T26xq1p,kZJDV97,s7EF,cJvF,FzaX,ch2oGfM,zCkv,P6pu4Vl,LM8l689qOp,Xa3G,ZI9m,R4y5gQQWY8OodqDV
0,2289,7,328,236,295,136,0.08,5,4702818,0,6.129887,9,70,14,1343368,9,55310.1,20,10,40,32,68974,1850,102,16191,48,2977270,471016,345,0,0,3367,8860120,24,1106550,0,14,BQa9tYsdof,AERks4l,taul,z3mO,0Xwj,PHNvXy8,RuVy67M,3c8Y,HLqf,YULl,VpdQ,IYzP,NKv3VA1BpP,sBgB,uKAI,L84s,Ie_5MZs,uZL3lm2,Wdl1,UYBR,FzaX,UF16siJ,zCkv,APgdzOv,LM8l689qOp,FSa2,6fzt,xwM2aC7IdeMC0
0,1505,14,2576,184,230,48,286.96,0,5358582,0,0.7032685,18,170,63,2228768,0,94993.5,25,2,48,48,-211557.6,610,84,22815,0,3764155,396218,105,0,27,109907,9874920,28,94206,0,0,Ie5gUH7IEC,2Knk1KF,taul,1K8T,lK27,WkHCdxD,pU2WAjD,CeDO,9_Y1,m_h1,VpdQ,6JmL,me75fM6ugJ,kIsH,7A3j,L84s,XfqtO3UdzaXh_,XTbPUYD,iWSK,UYBR,FzaX,scZOjel,oslk,MM1zrB7,LM8l689qOp,WqMG,RAYp,TCU50_Yjmm6GIBZ0lL_
0,4536,7,2744,160,200,0,220.08,0,5025138,0,1.09592,9,58,70,3456000,0,81816.59,15,2,32,40,321894.4,525,66,19647,0,5569050,0,7470,0,0,0,10715240,40,260808,0,0,DHeq9ayfAo,RO12,taul,1K8T,yYar,creaF5r,J3fgbi2,vEuz,9_Y1,QBpP,VpdQ,IYzP,me75fM6ugJ,kIsH,uKAI,L84s,NhsEn4L,mAjbk_S,xWz6,UYBR,FzaX,PhzfR8o,oslk,JEtAgOW,jySVZNlOJy,7P5s,RAYp,F2FyR07IdsN7I
0,1582,7,920,240,300,72,514.48,0,3205590,0,3.690878,9,38,35,3801784,0,114882,10,0,32,48,333799.6,665,150,1701,0,4071755,1242796,4730,0,9,554428,10414600,36,0,0,0,ZSNrjIX0Db,RO12,taul,1K8T,lK27,6CXYbuk,nQUveAzAF7,PT8k,9_Y1,xQ2A,VpdQ,zm5i,Kxdu,kIsH,uKAI,Mtgm,9pUnzWLbztKTo,kq0DF8a,tDdy,cJvF,FzaX,ROeipLp,zCkv,K2SqEo9,LM8l689qOp,5Acm,6fzt,am14IcfM7tWLrUmRT52KtA
0,1708,7,1796,340,425,168,206.72,0,0,0,0.3080539,9,148,63,455816,0,8409.12,0,12,96,192,38289.84,885,0,63009,0,562470,104680,4600,0,18,182245,967704,68,120690,0,0,zcROj1KVEH,LrdZy8QqgUfkVShG,taul,1K8T,ZNsX,fhk21Ss,NFlfMbKIm3,Wis7,9_Y1,jdbz,09_Q,haYg,7M47J5GA0pTYIFxg5uy,kIsH,uKAI,L84s,4kVnq_T26xq1p,_JdJ2EK,jFzC,cJvF,FzaX,4UxGlow,zCkv,catzS2D,LM8l689qOp,kwS7,ZI9m,ib5G6X1eUxUn6
0,3185,14,2764,772,965,168,167.2,0,367842,0,3.442,36,110,49,1101160,0,15562.5,20,12,72,232,-612044,2865,84,18594,0,2789580,522636,1490,0,18,50568,4268160,238,268884,0,0,MtpBcmzkzH,2Knk1KF,taul,1K8T,0Xwj,WkH7nZN,J_sb4dmQwP,JEqV,HLqf,yrDU,VpdQ,IYzP,me75fM6ugJ,sBgB,uKAI,L84s,XfqtO3UdzaXh_,11p4mKe,xmB8,UYBR,FzaX,scZ0Q3K,oslk,zmvzrB7,LM8l689qOp,Qcbd,RAYp,55YFVY9
0,672,14,3744,152,190,16,288.16,0,9613020,0,6.870968,18,172,91,74672,0,139788.6,30,0,24,8,45328,495,126,8181,0,1221000,225518,6540,0,27,0,9863560,16,0,0,0,HYTvyx7ejg,2Knk1KF,taul,1K8T,hM6W,fhk21Ss,pCsFbvQJcF,gneO,9_Y1,RcM7,09_Q,haYg,7M47J5GA0pTYIFxg5uy,kIsH,uKAI,L84s,Ie_5MZs,CWNY2py,LMUM,UYBR,FzaX,4UxGlow,zCkv,catzS2D,LM8l689qOp,szEZ,ZI9m,TCU50_Yjmm6GIBZ0lL_
0,1148,7,12,140,175,8,413.92,0,212742,0,5.649861,9,36,14,6219504,0,148554.9,5,0,40,72,-13961,535,12,1512,0,9241150,902,10,0,9,604800,10646760,44,0,0,0,lAFr4RQZiT,RO12,taul,1K8T,WkTj,PTPXtaU,S85klZI_wB,eJPt,9_Y1,z5Ry,VpdQ,zm5i,me75fM6ugJ,kIsH,uKAI,L84s,NhsEn4L,kZJyVg2,lSf_,UYBR,FzaX,NlJY_02,oslk,_p6zgmc,LM8l689qOp,FSa2,RAYp,F2FyR07IdsN7I
0,1064,14,9832,156,195,40,166.56,0,3942,0,2.438368,18,120,616,1400760,0,40911.3,0,2,40,72,-336105.2,630,12,1602,0,2534120,84006,1215,0,18,233359,3243916,44,518400,0,0,a4vrEy7Rm6,2Knk1KF,taul,1K8T,0zDT,ezgR5DT,LJF4fPp,5EE4,9_Y1,X8zP,VpdQ,6JmL,me75fM6ugJ,kIsH,uKAI,L84s,XfqtO3UdzaXh_,XTbPUYD,gxm6,cJvF,FzaX,O308iqZ,oslk,eyvTy9x,jySVZNlOJy,Aoh3,RAYp,55YFVY9
0,539,0,0,168,210,40,186.64,5,4372158,0,4.052766,9,28,0,3456000,0,203892.6,20,2,40,40,337922.4,565,78,0,8,4683940,162258,0,0,18,0,10147160,28,322980,0,0,4e7gUH7IEC,RO12,taul,1K8T,JLbT,cGQ0k8W,h3WsUQk,iO_y,9_Y1,bJXB,VpdQ,IYzP,me75fM6ugJ,kIsH,uKAI,L84s,NhsEn4L,mAja5EA,yiE0Ssq,cJvF,FzaX,7HOOZ4E,oslk,964qjwa,LM8l689qOp,w_Ub,RAYp,F2FyR07IdsN7I
0,2688,7,72,312,390,304,166.56,0,0,0,3.458236,9,126,0,288904,0,13727.46,10,24,88,136,-1380196,1225,0,243,0,217990,179358,715,0,9,28665,793120,18,149988,0,0,py5rEyXktW,2Knk1KF,taul,1K8T,AkfA,fqedTJr,P9HTde2,ndT0,9_Y1,H1uM,VpdQ,wMei,me75fM6ugJ,kIsH,uKAI,L84s,h0lfDKh52u4GP,IoI4mKe,2lkY,UYBR,FzaX,fxJ68SY,oslk,SyxQQMs,LM8l689qOp,Aoh3,RAYp,55YFVY9
0,1722,14,1596,152,190,72,186.64,0,4386624,0,2.973083,27,34,49,241608,0,19654.95,25,8,40,32,543316,545,60,2853,0,823910,500098,3835,0,18,50827,6227000,12,266808,0,0,dRavyx7ejg,e6CkoqApVR,taul,1K8T,487l,tUuO1hZ,fo8oHA5,3Dma,9_Y1,RcM7,VpdQ,43pnToF,Kxdu,kIsH,uKAI,L84s,FMSzZ91zL2,TDc1wjU,Al3s,cJvF,FzaX,2JIKlta,zCkv,HI2n4Yj,LM8l689qOp,szEZ,6fzt,F2FcTt7IdMT_v
0,2562,7,8716,156,195,48,253.52,0,1026816,0,4.917325,18,108,224,847904,0,28193.73,25,2,24,16,-180688.8,1875,66,93618,8,4165185,1084244,690,0,18,324401,7540840,28,278058,0,7,4bwt0GoOh3,2Knk1KF,taul,1K8T,lK27,pKhYdIL,glRBFJT8NN,_aaH,9_Y1,C7DI,VpdQ,haYg,me75fM6ugJ,kIsH,uKAI,Mtgm,XfqtO3UdzaXh_,11p4mKe,U5uO,cJvF,FzaX,KA3mFX7,oslk,fjNMtzo,LM8l689qOp,Qu4f,RAYp,55YFVY9
0,861,0,8,148,185,48,220.08,0,4665372,0,3.209784,9,46,0,339984,0,204770.4,25,6,48,16,474020,575,66,3339,0,3976080,571088,0,0,9,193984,9678400,20,684960,0,0,DQlgUH7IEC,RO12,taul,1K8T,TyGl,cnW0CV_,vTS4L1b76eV3e,3ess,9_Y1,m_h1,sJzTlal,sYC_,me75fM6ugJ,kIsH,uKAI,L84s,NhsEn4L,kq0n8Bj,fTrK,UYBR,FzaX,nEyNT4W,oslk,QuuQ5_S,jySVZNlOJy,WqMG,RAYp,F2FyR07IdsN7I
0,21,0,0,36,45,16,230.56,0,0,0,0.7177954,9,16,0,0,0,833307,0,0,0,0,-139412,75,0,0,0,11527950,15350,0,0,0,0,9253040,14,0,0,0,v0Nt0Go8Lb,RO12,taul,1K8T,YVv3,pro8v8X,itSGh3t,QWxQ,9_Y1,rGJy,VpdQ,IYzP,me75fM6ugJ,kIsH,uKAI,Mtgm,NhsEn4L,7WwuNea,ESF6,UYBR,FzaX,meWVy8V,oslk,DQ3u3MC,LM8l689qOp,Qu4f,RAYp,F2FyR07IdsN7I
0,1554,14,468,160,200,48,186.64,0,4002636,0,4.268105,18,152,14,2457712,0,81303.59,0,14,80,32,-75197.2,950,72,2268,0,5222150,74150,1130,0,36,224035,8336480,22,169740,0,0,zcROj17IEC,2Knk1KF,taul,1K8T,aD1X,fhk21Ss,sLarhXg,vpM0,9_Y1,zfpA,VpdQ,wMei,7M47J5GA0pTYIFxg5uy,kIsH,uKAI,L84s,E1aAZ0x7vd,CWNBi3w,S405,cJvF,FzaX,4UxGlow,QKW8DRm,catzS2D,LM8l689qOp,7aLG,ZI9m,ib5G6X1eUxUn6
0,924,7,64,120,150,32,264.24,0,3801744,0,0.3097629,9,36,7,1900872,0,209949.9,15,4,24,24,-40745.6,495,48,6327,0,3960150,633630,425,0,9,554421,9275480,20,607098,0,0,4e7gUH7IEC,RO12,taul,1K8T,487l,knVlH9W,3zP9Spt,8bx9,9_Y1,1Bp0,09_Q,zm5i,me75fM6ugJ,kIsH,uKAI,L84s,NhsEn4L,NGZXfGp,GUpa,UYBR,FzaX,ekOYlW4,oslk,zu6qFbB,LM8l689qOp,WqMG,RAYp,F2FyR07IdsN7I
0,1666,28,6088,312,390,160,166.56,0,0,0,6.478103,45,134,175,1075776,0,24521.04,0,12,104,136,276735.2,1000,0,11772,0,1060955,449504,6935,0,27,221886,2530840,70,367770,0,0,Qu0r4RKzJV,2Knk1KF,taul,1K8T,0Xwj,vfNGyn_,_jTP8ioIlJ,bfEN,F3hy,TFSW,VpdQ,sYC_,me75fM6ugJ,kIsH,uKAI,L84s,NhsEn4L,beK4AFX,_jdZ,cJvF,FzaX,Xei0nTz,oslk,4sF7qqc,jySVZNlOJy,Xa3G,RAYp,55YFVY9
0,2807,7,3700,500,625,304,166.56,0,160884,0,2.326426,18,196,861,1066216,0,10291.65,50,36,208,184,21755.56,1655,138,8559,0,259425,361358,1555,0,18,559153,1901216,26,443610,0,0,JMGq9aXt5a,AERks4l,taul,1K8T,0Xwj,fhk21Ss,1lFJzqR,nTtg,HLqf,Y9Bl,VpdQ,y6dw,7M47J5GA0pTYIFxg5uy,sBgB,uKAI,L84s,_5OXC8MSLt,LxWMvcL,ZANc,UYBR,FzaX,4UxGlow,oslk,catzS2D,LM8l689qOp,uWr3,ZI9m,ib5G6X1eUxUn6
0,420,7,1300,120,150,32,133.12,0,3703140,0,0.8186285,9,78,14,541832,0,113785.8,0,2,16,32,68746,415,48,14715,0,753335,410218,1185,0,0,0,4470000,26,460848,0,0,NESt0G8EIb,e6CkoqApVR,taul,1K8T,JLbT,PHNvXy8,Pkku4gO,YUKT,9_Y1,k13i,VpdQ,IYzP,NKv3VA1BpP,kIsH,uKAI,L84s,I6KzrtUCei,y5F6fmX,mo5B,UYBR,FzaX,UF16siJ,zCkv,APgdzOv,LM8l689qOp,fKCe,6fzt,xwM2aC7IdeMC0
0,2233,7,548,140,175,16,153.2,0,2817888,9,0.8457595,9,34,42,4091960,3,58491.9,0,4,32,48,146835.6,470,42,5976,16,7499050,67558,370,0,18,556465,10750120,36,1036800,0,0,LDPq9ayfAo,RO12,taul,1K8T,487l,Ml6pXKQ,KSPgGPC,Ub0p,9_Y1,kJJ7,09_Q,IYzP,me75fM6ugJ,kIsH,uKAI,L84s,NhsEn4L,kZJtVhC,cp38,UYBR,FzaX,Y2C68SY,oslk,RJNqhZX,jySVZNlOJy,7P5s,RAYp,F2FyR07IdsN7I
0,2548,7,6536,372,465,136,320.4,0,2810850,0,6.299722,9,172,833,2600488,0,69400.2,30,24,136,104,92453.2,1315,78,68994,0,6496300,202118,6120,0,45,239603,10308640,64,332100,0,0,DHevyx7IEC,2Knk1KF,taul,1K8T,FgS1,1QDnXdh,wHfQYg4FYPyudCQ6,2k9D,9_Y1,RcM7,VpdQ,G_zk,me75fM6ugJ,kIsH,7A3j,L84s,XfqtO3UdzaXh_,XTbqizz,A1VJ,UYBR,FzaX,dukfSEp,oslk,PNQEVaf,LM8l689qOp,szEZ,RAYp,TCU50_Yjmm6GIBZ0lL_
0,1092,7,1620,140,175,40,299.2,0,1364880,0,2.328776,9,44,14,2137856,0,106212.9,5,6,32,40,251012.4,645,18,3717,0,4715440,287658,10800,0,18,1655129,7279360,36,1425654,0,0,3HjOj17ejg,RO12,taul,1K8T,aD1X,kJ1P82A,II0S8f9,z29p,9_Y1,zfpA,VpdQ,IYzP,me75fM6ugJ,kIsH,uKAI,Mtgm,NhsEn4L,mAjbk_S,rq45,UYBR,FzaX,Jptfql_,oslk,2wCqFbB,LM8l689qOp,7aLG,RAYp,F2FyR07IdsN7I
0,1778,7,16,100,125,88,200,0,0,0,1.794702,9,36,0,39560,12,10586.76,0,6,56,48,-19974.44,745,0,3708,40,115030,50186,5,0,0,19523,246308,10,51198,0,7,GcUt0G8rTN,RO12,taul,1K8T,TyGl,gwY4NQF,EXpWEXgaYpMJ7,x4HY,9_Y1,k13i,VpdQ,IYzP,me75fM6ugJ,kIsH,uKAI,L84s,NhsEn4L,mAjbk_S,oCbn,UYBR,FzaX,t5EoLzk,oslk,ag5iNPX,LM8l689qOp,fKCe,RAYp,0pzBWGkV3fbsGZN52DH
0,1267,7,7148,132,165,8,310.88,0,6214380,0,3.32664,9,86,658,1874720,0,126697.8,25,0,32,32,273589.6,525,78,93600,0,4174115,89818,50,0,18,0,10228400,20,0,0,0,NQ5vyxLkBI,RO12,taul,1K8T,Xa_z,ka_ns41,FoJylxy,VHh0,9_Y1,FbIm,VpdQ,43pnToF,me75fM6ugJ,kIsH,uKAI,L84s,NhsEn4L,mAjbk_S,CnTg,UYBR,FzaX,1YVfGrO,oslk,fXVEsaq,LM8l689qOp,xb3V,RAYp,F2FyR07IdsN7I
0,2079,14,568,156,195,48,261.28,0,4605564,0,1.864773,27,84,14,3456000,0,85347.91,15,0,32,40,467656,660,72,23787,0,4049455,597676,2560,0,9,0,10143240,26,0,0,0,xOXTmBtFkL,RO12,taul,1K8T,TyGl,N5AWccX,jt3xMpI_cxIIW,svgz,9_Y1,C6Eu,09_Q,Tkho,Kxdu,kIsH,uKAI,L84s,FMSzZ91zL2,kq04MS5,Tlvy,cJvF,FzaX,VsUKIAf,zCkv,ogDAczI,LM8l689qOp,rgKb,6fzt,SbOd7O8ky1wGNxp0Arj0Xs
0,343,0,0,572,715,536,322,0,14892,0,6.885067,18,14,0,425144,0,3349.02,5,10,152,344,-550120,795,18,0,0,236075,114612,0,0,0,27370,675208,48,30474,0,0,NQ5vyxLkBI,RO12,taul,1K8T,GYbZ,32pCIek,hOpMh7dRpW,nzeT,9_Y1,_r21,09_Q,IYzP,me75fM6ugJ,kIsH,uKAI,L84s,NhsEn4L,mAja5EA,PN3n,UYBR,FzaX,FB4YlW4,oslk,0p8OTZB,LM8l689qOp,xb3V,RAYp,F2FyR07IdsN7I
0,1638,21,624,388,485,152,264.32,0,3248328,0,1.239479,27,96,14,542280,0,76248,50,14,72,24,120532.4,1195,216,19368,0,3030255,1489866,40,0,18,1728216,10479400,44,3342030,0,0,1fZWq6e2Rv,RO12,taul,1K8T,PGNs,KwenkcQ,5q1hF23,X8e8,9_Y1,_xpN,09_Q,sYC_,me75fM6ugJ,kIsH,uKAI,L84s,NhsEn4L,beK4AFX,8_fO,UYBR,FzaX,XqwYlW4,oslk,sMvE4Qn,jySVZNlOJy,FSa2,RAYp,F2FyR07IdsN7I
0,511,0,0,140,175,24,220.08,0,7544400,0,6.521897,9,26,0,2073616,0,204896.7,30,2,32,24,184248,545,90,0,0,2834145,94326,0,0,9,604800,10788680,14,289050,0,0,8Iqt0G8rTN,RO12,taul,1K8T,JLbT,gwY4NQF,SCF_a2icdl,XjLq,9_Y1,k13i,VpdQ,zm5i,me75fM6ugJ,kIsH,uKAI,Mtgm,NhsEn4L,kZJtVhC,tpHa,cJvF,FzaX,t5EoLzk,oslk,ag5iNPX,LM8l689qOp,fKCe,RAYp,F2FyR07IdsN7I
0,217,0,0,20,25,8,220.08,0,0,0,3.654347,9,22,0,0,0,311127,5,0,8,0,212715.6,230,0,0,0,9072000,269186,0,0,9,0,10215160,6,0,0,0,HAoOj1KXzC,RO12,taul,1K8T,sj_R,pro8v8X,FoJylxy,NQQE,9_Y1,vYXv,VpdQ,zm5i,me75fM6ugJ,kIsH,uKAI,L84s,NhsEn4L,mAja5EA,D4bV,cJvF,FzaX,meWVy8V,oslk,DQ3u3MC,LM8l689qOp,kwS7,RAYp,F2FyR07IdsN7I
0,658,14,2920,152,190,64,323.76,0,4709286,0,6.086733,18,80,98,1900824,0,185154,15,6,32,24,204680,555,60,36054,0,3459105,991818,305,0,36,1108814,10774800,22,1425618,0,0,AUUt0GoOh3,RO12,taul,1K8T,0Xwj,iJzviRg,x3W8svhU4a,Hfs5,HLqf,rGJy,09_Q,itlM,7M47J5GA0pTYIFxg5uy,sBgB,uKAI,Mtgm,4kVnq_T26xq1p,jawsXDU,4jkk,UYBR,FzaX,ch2oGfM,zCkv,P6pu4Vl,LM8l689qOp,Qu4f,ZI9m,R4y5gQQWY8OodqDV
0,2023,7,3280,456,570,232,293.68,0,2834460,0,5.607776,9,122,196,1255360,0,49607.7,30,24,96,96,75901.2,1725,150,144144,0,4747335,534068,7960,0,9,128667,8710520,60,353220,0,0,vAsgUHXM47,2Knk1KF,taul,1K8T,IIni,PHNvXy8,o5WT5gy7iu,Ulx7,9_Y1,STGZ,VpdQ,kxE9,NKv3VA1BpP,sBgB,uKAI,L84s,Ie_5MZs,OFqdri0,CiRC,UYBR,qxDb,UF16siJ,zCkv,APgdzOv,jySVZNlOJy,453m,6fzt,Zy3gnGM
0,546,7,1576,92,115,40,256,0,758394,0,4.419782,9,190,28,13936,3,5353.11,0,0,0,16,-970412,300,12,131553,8,146575,129660,1150,0,18,0,889144,28,0,0,0,gE8Wq6edh4,bYmQ4nc,b_3Q,1K8T,TyGl,fhk21Ss,FoJylxy,xmg2,9_Y1,_xpN,VpdQ,y6dw,7M47J5GA0pTYIFxg5uy,kIsH,uKAI,L84s,_5OXC8MSLt,XTbQpf0,q0jL,cJvF,FzaX,4UxGlow,oslk,catzS2D,LM8l689qOp,FSa2,ZI9m,ib5G6X1eUxUn6
0,910,7,1188,304,380,112,0,0,44364,9,1.304422,9,56,21,608632,6,8381.64,20,18,112,80,81980,620,36,6147,48,514945,294142,1795,0,18,303730,1583624,66,232692,0,21,bZkvyxLkBI,RO12,taul,1K8T,lK27,crMnQZj,FiIAwMf,1KIW,9_Y1,FbIm,09_Q,IYzP,me75fM6ugJ,kIsH,uKAI,L84s,NhsEn4L,mAjbk_S,kjRM,UYBR,FzaX,4PcK5YS,oslk,bTP9hga,LM8l689qOp,xb3V,RAYp,F2FyR07IdsN7I
0,840,7,2376,156,195,32,179.92,0,179526,0,6.463149,9,98,189,2323944,0,103800,0,6,32,48,33101.16,590,30,3969,0,5894550,355780,410,0,9,1206037,7339240,42,945612,0,0,FoxgUHSK8h,JXVE,taul,1K8T,TyGl,MEju_g0,eO3Oseu,cSpm,9_Y1,mTeA,VpdQ,sYC_,wXfldy7,kIsH,uKAI,L84s,nHF0,ORMUStv,jxyS,UYBR,FzaX,dNskgSh,JIiEFBU,4wZAowF,jySVZNlOJy,FSa2,nIGjgSB,F2FcTt7IdMT_v
0,2205,7,4,180,225,72,286.96,0,1531020,0,3.225166,9,64,0,94632,6,10363.38,20,6,56,64,-652048,1795,24,5877,16,1282150,9508,5,0,9,11900,2718432,34,10440,0,0,Qu0qrQKzJV,RO12,LfvqpCtLOY,1K8T,4fje,B9C_VFS,C0UHhjM,Rnrq,9_Y1,15m3,sJzTlal,IYzP,me75fM6ugJ,kIsH,uKAI,L84s,NhsEn4L,TDceha3,Gbhz,UYBR,FzaX,ylC3DH0,oslk,kiBhOcm,jySVZNlOJy,FSa2,RAYp,F2FyR07IdsN7I
0,1351,7,292,60,75,0,166.56,0,0,0,2.957274,9,54,0,5776,0,2676.786,0,0,0,16,-48328.4,385,0,2610,0,39910,0,30,0,9,0,34816,26,0,0,0,dukmfo8zhV,RO12,taul,1K8T,lK27,NtH9k_n,hOpMh7dRpW,IZTy,9_Y1,Bw19,09_Q,IYzP,DHn_WUyBhW_whjA88g9bvA64_,kIsH,uKAI,L84s,CrNX,mAjbq_f,Q2JS,cJvF,FzaX,PhzcYI9,d0EEeJi,nRg2vxN,LM8l689qOp,wX53,nIGXDli,F2FyR07IdsN7I
0,868,0,0,332,415,120,220.08,0,8351460,0,4.465713,9,30,0,924840,0,127077,40,0,72,48,99718,1200,108,2394,0,875570,563616,0,0,0,123354,10490360,72,0,0,0,xOXr4RXktW,AERks4l,taul,1K8T,uErj,3FCrXBz,qYVqlFe1WI,x8kp,9_Y1,Albh,VpdQ,IYzP,7M47J5GA0pTYIFxg5uy,kIsH,uKAI,L84s,leSl,NGZ9cXL,BPyG,cJvF,FzaX,oatipLp,QKW8DRm,RsCQLlz,jySVZNlOJy,Xa3G,vJ_w8kB,xwM2aC7IdeMC0
0,210,7,1924,8,10,0,33.44,0,0,0,6.863063,9,150,42,30088,0,4367.46,0,0,16,16,-1818808,70,0,17334,0,0,0,2055,0,9,26327,15044,0,0,0,0,0vimfo8zhV,2Knk1KF,taul,1K8T,LloI,fhk21Ss,VFlefbgZb2VDpkoH,j8Iu,9_Y1,wGwL,09_Q,IYzP,7M47J5GA0pTYIFxg5uy,kIsH,uKAI,Mtgm,Ie_5MZs,CWNY2py,7B3g,cJvF,FzaX,4UxGlow,zCkv,catzS2D,LM8l689qOp,wX53,ZI9m,Zy3gnGM
0,3577,7,3820,492,615,304,200,0,2442,0,1.308695,9,82,0,776080,0,10100.7,0,42,160,208,163861.2,1940,6,68742,0,796630,365842,1090,0,9,208768,2038032,74,419064,0,0,Qu0TmBQZiT,RO12,taul,1K8T,PGNs,uTVx0bI,EG2hH7KmXr,jCG1,9_Y1,TjV7,sJzTlal,IYzP,GjJ35utlTa_GNSvxxpb9ju,kIsH,uKAI,L84s,JBfYVit4g8,kq0wjIN,FCXE,UYBR,FzaX,1FqNpO5,Al6ZaUT,3ilGn0i,LM8l689qOp,FSa2,02N6s8f,xwM2aC7IdeMC0
0,1995,7,2132,456,570,128,134.24,0,46656,0,2.671224,9,120,14,781368,0,37961.1,35,36,216,152,454560,1660,30,11277,0,2115590,662906,1355,0,9,317457,3924992,98,705588,0,0,9hRmfo875g,rEUOq2QD1qfkRr6qpua,taul,1K8T,TyGl,4RmnhjK,EXpWEXgaYpMJ7,uZBg,9_Y1,6Kw9,VpdQ,wMei,DHn_WUyBhW_whjA88g9bvA64_,kIsH,uKAI,L84s,CrNX,7N7iRy5,z8YO,cJvF,FzaX,TPH2hwl,d0EEeJi,D7cNDpz,LM8l689qOp,3Cy4,nIGXDli,ib5G6X1eUxUn6
0,882,7,1180,124,155,8,287.28,0,3110400,0,6.196539,9,56,112,4147200,0,215452.2,15,0,32,48,238019.6,500,36,9360,0,6404550,46948,790,0,18,0,10401520,30,0,0,0,C2Dvyx875g,RO12,CuXi4je,1K8T,pGTb,w7CdCxx,hOpMh7dRpW,D6lg,9_Y1,MBhA,09_Q,sYC_,me75fM6ugJ,kIsH,uKAI,L84s,NhsEn4L,7WwLBg6,5smi,UYBR,FzaX,VBuAAox,oslk,smo7DIf,LM8l689qOp,WqMG,RAYp,F2FyR07IdsN7I
0,203,7,152,128,160,24,200,0,1920,0,6.313608,27,196,0,5972976,0,230327.4,5,0,40,72,97448,500,6,0,0,7683400,518400,30,0,9,604800,10269480,36,0,0,0,oUPBcmzkzH,LrdZy8QqgUfkVShG,taul,1K8T,487l,fhk21Ss,aDgwLKl,Cpm5,9_Y1,yrDU,09_Q,y6dw,7M47J5GA0pTYIFxg5uy,kIsH,uKAI,L84s,_5OXC8MSLt,LxWMvcL,JJCB,UYBR,FzaX,4UxGlow,oslk,catzS2D,LM8l689qOp,Qcbd,ZI9m,ib5G6X1eUxUn6
0,1225,7,3468,240,300,104,166.56,0,214068,0,0.05212561,9,112,532,1366136,0,31648.8,0,4,32,88,-33270.16,830,102,31581,0,1501025,356334,8645,0,9,279643,2828424,34,133734,0,0,Qu0TmBQZiT,2Knk1KF,taul,1K8T,TyGl,VQWOjS3,DKUDUftgA7,DSAx,9_Y1,TjV7,VpdQ,sYC_,me75fM6ugJ,kIsH,uKAI,L84s,NhsEn4L,beK4AFX,E3av,UYBR,FzaX,54petck,oslk,eEfa_vf,LM8l689qOp,FSa2,RAYp,55YFVY9
0,518,7,1572,28,35,0,253.52,0,9066960,0,6.443068,18,136,483,0,3,205279.5,5,0,8,0,262148.4,170,24,87606,8,441540,0,295,0,27,0,8065400,4,0,0,0,jg69tYsGvO,2Knk1KF,taul,1K8T,PGNs,0v27GMk,VFlZiq9Jb2VDUrAI,xPEx,9_Y1,YULl,09_Q,haYg,me75fM6ugJ,kIsH,uKAI,Mtgm,XfqtO3UdzaXh_,XTbPUYD,_wBR,UYBR,FzaX,YBh0nTz,oslk,J_tzF_Q,LM8l689qOp,FSa2,RAYp,55YFVY9
0,1267,0,0,416,520,152,513.76,0,2552724,0,5.880154,9,28,0,933936,0,68018.41,95,14,144,96,-295509.2,1530,216,0,0,993075,2540960,0,0,9,1708875,10206720,22,2255376,0,0,HYTrjIK12c,RO12,taul,1K8T,JLbT,cnW0CV_,q2tfFQq,qbvZ,9_Y1,7WNq,VpdQ,zm5i,me75fM6ugJ,kIsH,uKAI,Mtgm,NhsEn4L,kZJtVhC,ejsS,UYBR,FzaX,nEyNT4W,oslk,QuuQ5_S,jySVZNlOJy,WqMG,RAYp,F2FyR07IdsN7I
0,1442,7,452,252,315,328,166.56,0,0,0,1.009613,9,38,154,38088,0,4703.22,0,24,112,32,50655.6,870,0,58518,0,86445,114922,3010,0,0,61159,417848,12,149706,0,0,jg69tYsGvO,RO12,taul,1K8T,JLbT,IUormCU,hCdK,KuUP,9_Y1,YULl,VpdQ,IYzP,me75fM6ugJ,kIsH,uKAI,L84s,NhsEn4L,mAjbk_S,aMbm,UYBR,FzaX,8EdDGHt,oslk,eHppVh5,LM8l689qOp,FSa2,RAYp,F2FyR07IdsN7I
0,756,7,48,36,45,0,286.96,5,3386004,0,5.958556,27,178,28,0,0,49932.3,5,2,0,0,123334.8,290,30,70920,8,1661725,0,130,0,54,0,7975680,4,2954622,0,0,voArjIXt5a,RO12,taul,1K8T,vsvk,fhk21Ss,msIqHk8toE,1Veh,9_Y1,Nbbb,VpdQ,y6dw,7M47J5GA0pTYIFxg5uy,kIsH,uKAI,L84s,_5OXC8MSLt,XTbj5PX,Z_st,cJvF,FzaX,4UxGlow,oslk,catzS2D,LM8l689qOp,5Acm,ZI9m,iyHGyLCEkQ
0,385,7,248,88,110,96,200,0,4038,0,4.988464,9,54,0,34408,3,11786.04,0,6,32,8,28797.44,475,6,26586,16,73165,94554,790,0,0,52514,340392,10,109284,0,7,1KSqrQK2Mx,RO12,taul,1K8T,lK27,ofiZR7x,_UtlxbJ,_u0s,9_Y1,15m3,VpdQ,IYzP,me75fM6ugJ,kIsH,uKAI,L84s,NhsEn4L,mAjbk_S,LkPi,cJvF,FzaX,JO03372,oslk,XlgxB9z,LM8l689qOp,FSa2,RAYp,F2FyR07IdsN7I
0,3073,0,0,2168,2710,688,478.24,0,4157460,0,0.3922239,9,24,0,3308336,0,22587.39,550,58,368,120,-201452.4,3785,684,0,0,3398690,539766,0,0,18,76811,8909520,376,332844,0,0,0vimfo8zhV,RO12,taul,1K8T,ssAy,25Ax0bI,jt3xMpI_cxIIW,Id5v,9_Y1,wGwL,09_Q,zm5i,me75fM6ugJ,kIsH,uKAI,L84s,NhsEn4L,mAjB6UP,62ta,UYBR,qxDb,8c868SY,oslk,PQROEra,LM8l689qOp,wX53,RAYp,F2FyR07IdsN7I
0,385,0,0,132,165,64,266.88,0,1601418,0,1.812433,9,22,0,4144840,0,179140.2,5,4,32,56,666764,530,24,0,0,4752000,1382400,0,0,0,604800,10743240,22,1036800,0,0,V8lt0G8rTN,RO12,taul,1K8T,wOc1,gwY4NQF,EXpWEXgaYpMJ7,tx06,9_Y1,e7QV,VpdQ,IYzP,me75fM6ugJ,kIsH,uKAI,L84s,NhsEn4L,uZL60aU,ZzVn,cJvF,FzaX,t5EoLzk,oslk,ag5iNPX,LM8l689qOp,fKCe,RAYp,F2FyR07IdsN7I
0,574,7,1272,132,165,8,266.88,0,5101536,0,6.487503,9,76,21,308504,0,149273.4,30,10,40,8,-286258,445,66,87102,0,3146135,158402,230,0,18,824348,9574880,18,1927614,0,0,8I1q9ayE15,RO12,taul,1K8T,lK27,9GJGgoz,Gai9lEF2Fr,bupv,9_Y1,F_Lu,09_Q,haYg,Kxdu,kIsH,uKAI,L84s,FMSzZ91zL2,NGZokw4,fxcV,cJvF,FzaX,Tvpip6Z,zCkv,hHJsvbM,jySVZNlOJy,TNEC,6fzt,SbOd7O8ky1wGNxp0Arj0Xs
0,1386,7,816,204,255,64,320.4,0,1096224,0,2.453108,9,198,49,3140464,0,104022.3,15,4,32,48,78960.4,1055,72,385056,0,6636500,839528,625,0,18,1209285,10067360,40,693270,0,0,zcROj17IEC,ByQdnLRlFnny2k4AJzG,CiJDdr4TQ0rGERIS,1K8T,aD1X,fhk21Ss,UFIQdJ3,A0mG,9_Y1,kJJ7,VpdQ,haYg,7M47J5GA0pTYIFxg5uy,kIsH,uKAI,L84s,_5OXC8MSLt,11pMFCG,He4R,UYBR,FzaX,4UxGlow,oslk,catzS2D,M_8D,7P5s,ZI9m,NoEd
0,966,7,1420,208,260,64,166.56,0,5580288,0,6.433455,18,50,1183,2541688,0,188315.1,10,6,32,112,139469.6,660,84,45162,0,2399100,950990,2230,0,0,1209600,10066440,22,1190220,0,0,qXhvyxLp3Z,RO12,taul,1K8T,ssAy,_A3nXHo,ErM0Vcg68N,WClt,9_Y1,vzJD,VpdQ,IYzP,me75fM6ugJ,kIsH,uKAI,L84s,NhsEn4L,mAjbk_S,Dtbm,cJvF,FzaX,THM88FJ,oslk,erEqhZX,LM8l689qOp,xb3V,RAYp,F2FyR07IdsN7I
0,210,0,0,16,20,0,200,0,0,0,6.12006,9,20,0,19353600,0,309096,0,0,0,32,144188.4,250,0,0,0,0,0,0,0,0,0,9676800,0,0,0,0,_v2TmBftjz,AERks4l,taul,1K8T,LFM_,ckd9T4_,Yi49a6G,3c02,9_Y1,4N0K,VpdQ,IYzP,GjJ35utlTa_GNSvxxpb9ju,kIsH,uKAI,L84s,JBfYVit4g8,TDc_9Yi,ua_8,cJvF,FzaX,vtCF4Aj,Al6ZaUT,VpyVI8l,LM8l689qOp,Qu4f,02N6s8f,xwM2aC7IdeMC0
0,2772,0,0,144,180,64,286.96,0,5702688,0,0.9318522,9,56,0,2598128,0,73158.91,5,4,32,40,138886,530,72,8478,0,2556885,1267270,0,0,27,1108856,10631360,16,950466,0,0,LDPgUHXZeb,RO12,taul,1K8T,lK27,ls3c3x6,YmZmFZu,Ulx7,9_Y1,STGZ,VpdQ,IYzP,me75fM6ugJ,kIsH,uKAI,L84s,NhsEn4L,7WwX8Ya,CiRC,UYBR,FzaX,8d5AQQR,oslk,sXbrVBK,jySVZNlOJy,453m,RAYp,F2FyR07IdsN7I
0,1365,7,3576,152,190,56,253.52,15,5835624,0,2.1348,9,114,483,1586400,0,79417.5,10,2,24,24,-118415.6,615,78,145350,24,1826775,531000,16300,0,9,0,8243840,24,518400,0,0,tr0gUH7ejg,2Knk1KF,taul,1K8T,487l,ml5AEa8,EXpWEXgaYWQf4,5HEu,9_Y1,m_h1,VpdQ,hAFG,me75fM6ugJ,kIsH,uKAI,L84s,XfqtO3UdzaXh_,11p4mKe,ktRU,UYBR,tdJW_Pm,XMrOtFs,oslk,3W_AIRG,bCPvVye,WqMG,RAYp,55YFVY9
0,924,7,4912,124,155,152,253.52,0,196128,0,1.492203,9,124,210,1256200,0,49682.1,0,12,32,16,47926.4,1725,6,6993,0,1296000,3283200,255,0,36,0,10435640,6,3110400,0,0,51rt0G8rTN,2Knk1KF,ArtjQZQO1r9fC,1K8T,lK27,qEdASpP,hOpRIhsUSP,gSkj,9_Y1,k13i,VpdQ,haYg,me75fM6ugJ,kIsH,uKAI,L84s,XfqtO3UdzaXh_,XTbPUYD,RrDT,UYBR,FzaX,0AJo2f2,oslk,2Kb5FSF,LM8l689qOp,fKCe,RAYp,55YFVY9
0,70,0,0,16,20,0,186.64,0,0,0,1.766503,9,26,0,32912,0,3398.58,0,0,8,32,-29570.72,45,0,0,0,0,0,0,0,9,0,16456,0,0,0,0,HAoOj1KXzC,RO12,taul,1K8T,0Xwj,K7q6hIp,aEghjcMgIfpMJu7y,zqQi,HLqf,_KXv,VpdQ,zm5i,DHn_WUyBhW_whjA88g9bvA64_,sBgB,uKAI,L84s,CrNX,NGZ_12K,9rjI,cJvF,FzaX,2DU0qVH,d0EEeJi,nLpCvKT,LM8l689qOp,kwS7,nIGXDli,F2FyR07IdsN7I
0,770,0,20,224,280,128,288.72,0,4035678,0,2.027558,9,32,0,3217416,0,50709.3,20,0,32,40,-65319.6,770,90,162,0,4096065,584488,0,0,9,554421,9871960,32,0,0,0,51rBcmz45j,RO12,taul,1K8T,OTVu,4jFRSUd,Kx8Bdum,HMMF,9_Y1,4nnx,09_Q,zm5i,me75fM6ugJ,kIsH,uKAI,L84s,NhsEn4L,kZJyVg2,FPet,cJvF,FzaX,IS78jNM,oslk,MgSTL5Q,LM8l689qOp,Qcbd,RAYp,F2FyR07IdsN7I
0,2723,21,692,464,580,320,133.12,0,0,0,1.955138,45,128,7,603080,0,7017.6,0,28,216,328,-31874,1655,0,47313,0,133190,126264,1090,0,18,136213,745848,42,127842,0,0,gOyvyx7ejg,AERks4l,taul,1K8T,lK27,jlzcpQc,glRBFJT8NN,Qo3B,9_Y1,f4dr,VpdQ,wMei,me75fM6ugJ,kIsH,uKAI,L84s,CrNX,7N7iRy5,Dp6O,cJvF,FzaX,OgVfql_,d0EEeJi,BXGzrB7,LM8l689qOp,szEZ,RAYp,ib5G6X1eUxUn6
0,2135,28,516,492,615,296,179.92,0,29136,0,5.387524,36,34,84,929208,0,17394.09,10,32,160,288,-39999.72,1465,6,3357,0,767905,148704,4805,0,0,312151,1610152,62,263040,0,0,xOXr4RXktW,RO12,taul,1K8T,JLbT,cSPyOPj,MypvvoIQqc,oAnL,9_Y1,jakt,VpdQ,IYzP,me75fM6ugJ,kIsH,uKAI,L84s,NhsEn4L,mAjbk_S,VNIv,UYBR,FzaX,urwOVQC,oslk,Am5OEra,LM8l689qOp,7FJQ,RAYp,F2FyR07IdsN7I
0,1029,7,1104,288,360,56,320.96,5,10250940,0,3.563128,9,32,259,358112,0,121725.6,45,0,56,64,160881.6,1530,132,10179,8,832740,54310,6680,0,18,35154,10648240,52,0,0,0,75lq9ayfAo,RO12,taul,1K8T,c9jp,GUg04mC,y2LIM03TrE,d8PQ,9_Y1,AKLO,09_Q,IYzP,me75fM6ugJ,kIsH,uKAI,L84s,NhsEn4L,kZJBm4P,byLP,UYBR,FzaX,6g5Ojel,oslk,UbjqFbB,LM8l689qOp,TNEC,RAYp,F2FyR07IdsN7I
0,966,7,60,132,165,32,186.64,0,4408722,0,3.558428,9,38,7,3204592,0,185360.4,20,0,32,40,184598.4,550,54,2448,0,3944145,586800,1520,0,9,0,10252760,22,0,0,0,cFHt0GoOh3,RO12,taul,1K8T,JLbT,tAqBboK,k10MzgT,xiUi,9_Y1,Z5OU,VpdQ,zm5i,me75fM6ugJ,kIsH,uKAI,L84s,NhsEn4L,mAjbk_S,XhDd,UYBR,FzaX,B0LABPr,oslk,UP3EVaf,LM8l689qOp,Qu4f,RAYp,F2FyR07IdsN7I
0,441,0,0,116,145,32,166.56,0,523746,0,2.768212,9,38,0,69184,0,9923.4,0,6,16,16,257986,435,12,2781,0,1677540,19756,0,0,0,22141,1814792,36,74238,0,0,dRaq9ayE15,RO12,taul,1K8T,z32l,JZmRiq8,767sa0XN9l,60mJ,9_Y1,kJJ7,09_Q,IYzP,me75fM6ugJ,kIsH,uKAI,L84s,NhsEn4L,mAjbk_S,Fg9y,UYBR,FzaX,tS19OJS,oslk,unpQ3DB,jySVZNlOJy,7P5s,RAYp,F2FyR07IdsN7I
0,70,0,0,16,20,0,220.08,0,0,0,5.175817,9,16,0,0,0,798807,0,8,32,0,216159.2,65,0,0,0,0,0,0,0,0,0,9676800,0,14515200,0,0,eOQt0GoOh3,RO12,taul,1K8T,7gSz,6zFJt03,9HOPNsJ,GgCV,9_Y1,rGJy,09_Q,IYzP,me75fM6ugJ,kIsH,uKAI,L84s,NhsEn4L,mAja5EA,zlsS,UYBR,OFWH,ZDjvOIl,oslk,G9mQQMs,LM8l689qOp,Qu4f,RAYp,0pzBWGkV3fbsGZN52DH
0,952,7,664,148,185,96,265.68,0,3654096,0,3.287545,9,38,14,136840,0,149186.7,30,8,40,8,120074,535,54,2610,0,1976230,1924918,235,0,9,724535,10637560,10,2073600,0,0,LDPgUHXZeb,RO12,taul,1K8T,7ALb,9GJGgoz,qE01GbEv0l,sDah,9_Y1,STGZ,sJzTlal,43pnToF,Kxdu,kIsH,uKAI,L84s,FMSzZ91zL2,kq0IHVu,QN7H,cJvF,FzaX,Tvpip6Z,zCkv,hHJsvbM,LM8l689qOp,453m,6fzt,SbOd7O8ky1wGNxp0Arj0Xs
0,1631,14,3472,736,920,392,66.88,0,30648,0,0.6146123,18,106,413,33160,0,1276.623,15,70,384,208,-1203968,1670,72,54693,0,69470,37112,4090,0,27,48426,221648,118,72240,0,0,_v2TmBftjz,RO12,taul,1K8T,OY2L,Nn3wY8e,P9HTde2,BCG1,9_Y1,4N0K,VpdQ,IYzP,me75fM6ugJ,kIsH,uKAI,L84s,XfqtO3UdzaXh_,11p4mKe,ySAE,UYBR,OFWH,75wv48t,oslk,xKQ2fT4,jySVZNlOJy,Qu4f,RAYp,F2FyR07IdsN7I
0,7,0,0,32,40,0,198.88,0,2515728,0,0.1215552,18,14,0,0,0,580245,0,2,8,0,-19952.16,70,24,0,0,7412200,0,0,0,0,0,8783840,6,1765386,0,0,FoxgUHSK8h,RO12,taul,1K8T,487l,VQWOjS3,r83_sZi,0W7l,9_Y1,mTeA,VpdQ,IYzP,me75fM6ugJ,kIsH,uKAI,L84s,NhsEn4L,kq0IYu6,0oYf,UYBR,FzaX,54petck,oslk,eEfa_vf,LM8l689qOp,FSa2,RAYp,F2FyR07IdsN7I
0,665,7,2812,184,230,160,133.12,0,3738,0,6.043367,18,148,70,1085552,0,37813.8,10,4,56,48,112690.4,760,18,11727,0,913410,356432,1230,0,9,288792,2114932,26,178758,0,0,CxSr4RXktW,2Knk1KF,taul,1K8T,EPHy,GUg04mC,o5WT5gy7iu,mTop,9_Y1,Albh,VpdQ,sYC_,me75fM6ugJ,kIsH,uKAI,L84s,NhsEn4L,beK4AFX,aOPp,cJvF,AU8_WTd,6g5Ojel,oslk,UbjqFbB,jySVZNlOJy,Xa3G,RAYp,55YFVY9
0,3878,21,2632,744,930,480,166.56,0,345966,0,5.772484,27,174,189,634872,0,5326.2,45,38,216,288,123790.8,2855,126,1845,0,267090,397470,340,0,36,337995,1888428,82,401004,0,0,l7Fq9ayE15,AERks4l,taul,1K8T,PJLW,fhk21Ss,FoJylxy,fUt8,9_Y1,vm5R,VpdQ,oZyB,7M47J5GA0pTYIFxg5uy,kIsH,uKAI,L84s,6Ajbx58,OFqDxVQ,DRjN,UYBR,FzaX,4UxGlow,QKW8DRm,catzS2D,LM8l689qOp,7P5s,ZI9m,ib5G6X1eUxUn6
0,833,14,248,128,160,128,166.56,0,919188,0,4.365734,18,106,42,1257792,0,225082.8,0,12,32,16,791880,530,18,2430,0,1862245,2764800,1630,0,18,0,10334720,10,3110406,0,0,P1WvyxLp3Z,RO12,taul,1K8T,Xa_z,iJzviRg,e1XhvTunuD,UC7i,9_Y1,lXxA,VpdQ,haYg,7M47J5GA0pTYIFxg5uy,kIsH,uKAI,L84s,4kVnq_T26xq1p,y5FzFOa,5Drq,cJvF,FzaX,ch2oGfM,zCkv,P6pu4Vl,M_8D,xb3V,ZI9m,R4y5gQQWY8OodqDV
0,504,7,100,96,120,0,186.64,0,518400,0,4.276223,9,94,21,1141184,0,52083.3,5,0,16,40,220509.6,415,6,44073,0,3094445,0,1520,0,27,235088,3737348,34,0,0,0,uUdt0G8EIb,RO12,taul,1K8T,TyGl,voX4XxH,J3fgbi2,6dn9,9_Y1,k13i,VpdQ,itlM,me75fM6ugJ,kIsH,uKAI,L84s,XfqtO3UdzaXh_,11p4mKe,5Rmw,cJvF,AU8pNoi,_Mc87dl,oslk,Bfv7kpB,LM8l689qOp,fKCe,RAYp,F2FyR07IdsN7I
0,1197,7,468,136,170,120,166.56,0,0,0,5.657979,18,80,56,790992,0,15360.99,0,4,24,40,-25419.16,600,0,3492,0,171295,158540,190,0,0,381227,859592,24,14970,0,0,AhzOj17IEC,RO12,taul,1K8T,0Xwj,sO6uYde,I1sqWRxUAv,3Ivc,HLqf,iVbl,09_Q,sYC_,me75fM6ugJ,sBgB,uKAI,L84s,NhsEn4L,7WweNKW,bRgG,UYBR,FzaX,0MQv66D,oslk,J7WYaaM,LM8l689qOp,7aLG,RAYp,F2FyR07IdsN7I
0,1561,7,2104,124,155,96,302.08,0,3761118,9,4.861141,9,216,224,0,0,92072.09,15,8,24,0,32452.72,525,54,20754,8,924455,2073600,5665,0,45,0,9813360,6,2073600,0,0,V8lBcmz45j,NRCqczK,taul,1K8T,487l,fhk21Ss,3clyC8L,JEqV,9_Y1,yrDU,VpdQ,y6dw,7M47J5GA0pTYIFxg5uy,kIsH,uKAI,L84s,_5OXC8MSLt,LxWMK5e,xmB8,UYBR,FzaX,4UxGlow,oslk,catzS2D,jySVZNlOJy,Qcbd,ZI9m,NoEd
0,819,21,2432,132,165,64,207.52,5,2861796,0,2.109806,36,36,1071,2073600,6,215119.5,20,4,32,24,-178735.6,500,36,5796,24,3640865,865024,6645,0,0,0,9556400,20,1036800,0,0,uGLq9ayE15,RO12,taul,1K8T,PJLW,RgwJth2,NFeIdppttuZ9yxh1,ud8q,9_Y1,vm5R,VpdQ,IYzP,DHn_WUyBhW_whjA88g9bvA64_,kIsH,uKAI,L84s,CrNX,jawspbU,cp1a,cJvF,FzaX,7HOCI0H,d0EEeJi,MRPv9vo,LM8l689qOp,7P5s,nIGXDli,F2FyR07IdsN7I
0,1099,7,1444,156,195,40,283.6,0,5295816,0,5.24781,18,54,469,994224,0,60282.3,25,8,48,32,67609.6,535,66,6939,0,2527625,864000,775,0,18,202069,10008720,20,1104630,0,0,KXMrEyXXnK,RO12,taul,1K8T,YFAj,OwYOqeB,9HOPNsJ,n5AU,9_Y1,VwCR,09_Q,haYg,me75fM6ugJ,kIsH,uKAI,L84s,XfqtO3UdzaXh_,XTbPUYD,nSHV,cJvF,FzaX,_KnfGrO,oslk,zvSO_7b,LM8l689qOp,Aoh3,RAYp,F2FyR07IdsN7I
0,1834,14,980,176,220,96,166.56,0,105780,0,4.788507,18,132,0,733608,0,21914.25,10,16,72,64,-167859.6,690,24,1944,0,560660,168292,2395,0,18,317912,1710504,20,221274,0,0,75lTmBtFkL,bYmQ4nc,taul,1K8T,AnrR,fhk21Ss,ELRUn57,cTqg,9_Y1,C6Eu,VpdQ,haYg,7M47J5GA0pTYIFxg5uy,kIsH,uKAI,L84s,9fipLB8rlL,kZJjzeN,3qOf,UYBR,FzaX,4UxGlow,zCkv,catzS2D,LM8l689qOp,rgKb,ZI9m,ib5G6X1eUxUn6
0,21,0,0,24,30,16,316.32,0,131106,0,2.543901,27,12,0,303656,0,33438.9,0,0,0,24,-990944,30,6,0,0,0,14140,0,0,0,0,267512,0,0,0,0,1JGqrQKzJV,RO12,taul,1K8T,lK27,m9HANMR,98kUPa9,O7_h,9_Y1,15m3,09_Q,IYzP,me75fM6ugJ,kIsH,uKAI,L84s,NhsEn4L,NGZxnJM,rpyK,UYBR,FzaX,QkcNgdR,oslk,v8MjPJU,LM8l689qOp,FSa2,RAYp,F2FyR07IdsN7I
0,4263,7,1884,136,170,8,220.08,0,6739200,0,1.578509,27,36,21,2153128,0,48371.4,25,0,32,48,157016.4,520,78,8190,0,3888005,64548,765,0,9,0,10536880,18,0,0,0,u6tWq6edh4,RO12,taul,1K8T,TyGl,3cunsla,_UtlxbJ,Omgy,9_Y1,_xpN,VpdQ,zm5i,me75fM6ugJ,kIsH,uKAI,L84s,NhsEn4L,kZJtVhC,EUu7,UYBR,FzaX,kH5mFX7,oslk,BNrD3Yd,jySVZNlOJy,FSa2,RAYp,F2FyR07IdsN7I
0,1281,7,2180,40,50,16,232.32,0,3108912,0,5.185858,9,146,238,6926328,0,59392.5,5,0,8,16,205723.2,620,6,8136,0,1517885,862982,23765,0,45,2974566,9294080,8,0,0,0,yaKt0Go8Lb,2Knk1KF,taul,1K8T,ffXs,8DBOkab,XaMCQbd,D9uL,9_Y1,MGOA,VpdQ,haYg,me75fM6ugJ,kIsH,uKAI,L84s,XfqtO3UdzaXh_,XTbPUYD,4Fqz,UYBR,OFWH,0bjfql_,oslk,c1HOTZB,LM8l689qOp,Qu4f,RAYp,55YFVY9
0,2674,14,1876,440,550,224,200,0,322110,0,0.7412946,18,190,133,513224,0,11374.74,30,14,128,136,-1411108,1780,78,33372,0,736990,322254,1680,0,18,185829,2007084,78,295722,0,0,V8lt0G8rTN,g62hiBSaKg,taul,1K8T,2Ix5,fhk21Ss,DKUDUftgA7,ddoK,9_Y1,e7QV,VpdQ,haYg,7M47J5GA0pTYIFxg5uy,kIsH,uKAI,L84s,_5OXC8MSLt,LxWMvcL,V0w8,UYBR,FzaX,4UxGlow,oslk,catzS2D,LM8l689qOp,fKCe,ZI9m,ib5G6X1eUxUn6
0,1274,14,3776,236,295,80,133.12,0,0,0,0.9713736,18,234,21,297616,0,4699.32,15,22,56,88,34598.84,1110,0,42741,0,76255,17778,1345,0,36,48349,766924,48,253560,0,0,voArjIXt5a,_7J0OGNN8s6gFzbM,CiJDdr4TQ0rGERIS,1K8T,IvdZ,fhk21Ss,NFlfMbKIm3,t23A,9_Y1,WIr3,09_Q,y6dw,7M47J5GA0pTYIFxg5uy,kIsH,uKAI,L84s,hFuvTXnQzBljb,y5FS9RD,oz0G,cJvF,FzaX,4UxGlow,zCkv,catzS2D,LM8l689qOp,5Acm,ZI9m,ZeaF
0,973,7,1128,152,190,32,166.56,0,407640,0,6.742576,9,96,0,69536,9,15616.86,0,0,24,48,-1674884,705,12,31428,32,344130,22350,805,0,18,0,626532,52,0,0,7,oBXTmBtFkL,RO12,taul,1K8T,hAOr,UaK7yFQ,jXIs0KG,cd6W,9_Y1,47ra,VpdQ,hAFG,DHn_WUyBhW_whjA88g9bvA64_,sBgB,uKAI,Mtgm,CrNX,AuSDRR8,bMak,cJvF,FzaX,hLKahTn,d0EEeJi,T7mkm3N,LM8l689qOp,rgKb,nIGXDli,F2FyR07IdsN7I
0,728,14,8092,128,160,64,220.08,0,5473470,0,2.938047,18,130,903,1634144,0,189168.3,10,4,24,24,531556,490,66,26181,0,2160005,1382400,820,0,36,0,10341240,12,1036800,0,0,dRaTmBfHUn,AERks4l,taul,1K8T,ujBx,fhk21Ss,ELRUn57,Dyax,9_Y1,Z5OU,VpdQ,hzlB,7M47J5GA0pTYIFxg5uy,kIsH,uKAI,L84s,WsRVNrF85oPU_,_JdjUtW,NUGF,cJvF,FzaX,4UxGlow,zCkv,catzS2D,jySVZNlOJy,Qu4f,ZI9m,ib5G6X1eUxUn6
0,609,7,572,140,175,176,200,0,0,0,6.197607,9,70,49,0,0,22586.61,0,8,32,0,39218.16,745,0,5175,0,461570,682288,265,0,9,74515,1842432,18,162900,0,0,uUdt0G8EIb,RO12,taul,1K8T,2Ix5,B884X3H,yLQX8HOoy1,7ioK,9_Y1,e7QV,09_Q,IYzP,me75fM6ugJ,kIsH,uKAI,L84s,NhsEn4L,mAjbk_S,EHsf,UYBR,FzaX,Fon8hdx,oslk,bTV7qqc,LM8l689qOp,fKCe,RAYp,F2FyR07IdsN7I
0,49,0,0,120,150,32,448.32,5,5300616,0,1.371075,9,12,0,404456,9,112387.8,5,10,48,8,-84693.6,150,30,0,32,161110,109468,0,0,0,13496,4495520,28,11568,0,0,bZkvyxLkBI,RO12,taul,1K8T,FPxv,b4AviRg,Yi49a6G,e9dM,9_Y1,vzJD,VpdQ,IYzP,me75fM6ugJ,kIsH,uKAI,L84s,NhsEn4L,NGZxnJM,k0HX,cJvF,FzaX,KNX8yXf,oslk,PYurS2Y,LM8l689qOp,xb3V,RAYp,F2FyR07IdsN7I
0,224,0,0,152,190,56,186.64,0,841938,0,4.0141,9,16,0,1052368,0,116851.5,25,2,32,40,-75747.6,635,12,0,0,4297300,1382458,0,0,0,1085315,9746000,36,930270,0,0,6VLvyx7IEC,RO12,taul,1K8T,FgS1,T2e7I6V,3cO76t0,tsSE,9_Y1,qaiO,VpdQ,IYzP,7M47J5GA0pTYIFxg5uy,kIsH,uKAI,L84s,NhsEn4L,mAja5EA,XVYE,cJvF,FzaX,ACmTklq,oslk,rDbG_aX,LM8l689qOp,szEZ,ZI9m,F2FyR07IdsN7I
0,329,7,1724,48,60,0,166.56,0,0,0,3.406964,9,52,378,436024,0,8372.58,0,2,16,40,32873.44,240,0,64827,0,174240,0,6100,0,18,11018,363700,12,9444,0,0,oUPBcmzkzH,RO12,taul,1K8T,0Xwj,oWeheVi,MfzoaYmeBx,Fsql,HLqf,KubS,sJzTlal,43pnToF,me75fM6ugJ,sBgB,uKAI,L84s,NhsEn4L,TDcECyH,HgB3,cJvF,FzaX,3Prm94s,oslk,VyMCL5c,LM8l689qOp,Qcbd,RAYp,F2FyR07IdsN7I
0,2086,7,76,468,585,256,200,0,1501992,0,5.295877,9,62,21,142160,3,18467.22,65,18,136,88,-107968.4,1680,192,11772,16,195335,113750,1630,0,0,66199,1899936,40,196386,0,7,dTGmfo8zhV,RO12,taul,1K8T,TyGl,Wju1gJV,FoJylxy,TKQr,9_Y1,wGwL,VpdQ,IYzP,me75fM6ugJ,kIsH,uKAI,L84s,NhsEn4L,TDceha3,Kcgp,UYBR,FzaX,2JIC5vH,oslk,_1yunYn,LM8l689qOp,wX53,RAYp,F2FyR07IdsN7I
0,1365,7,376,88,110,32,86.96,0,6127740,0,0.9758599,9,34,49,1271608,12,88022.7,15,0,24,8,133465.6,955,18,9234,40,228615,1021442,675,0,9,0,8765960,22,0,0,7,tr0gUH7ejg,RO12,taul,1K8T,0Xwj,mcp3Naj,o64y9zI,8V5L,HLqf,m_h1,VpdQ,IYzP,me75fM6ugJ,sBgB,uKAI,L84s,NhsEn4L,kZJyVg2,9ueV,UYBR,FzaX,gg7en4L,oslk,0G2ltRa,LM8l689qOp,WqMG,RAYp,F2FyR07IdsN7I
0,791,7,1896,148,185,48,302.24,10,5945838,0,0.9260842,9,106,399,4388600,3,229470.3,0,4,32,56,42123.6,525,78,299106,24,2643545,723380,20440,0,27,1067927,10353400,18,950424,0,0,TfiWq69R_D,eSGpMwS8zSGgq_trOpckZ5,taul,1K8T,WkTj,XX3wdK9,O3y2TZC,nyZz,9_Y1,RVjC,09_Q,wMei,EBKcR3s6B22tD6gC36gm6S,kIsH,uKAI,L84s,UbxQ8lZ,teAAe2o,bru6,UYBR,FzaX,FMZGaCf,Al6ZaUT,Fnfn4Yj,LM8l689qOp,FSa2,nIGXDli,R4y5gQQWY8OodqDV
0,8260,7,208,260,325,120,220.08,0,381828,0,5.347575,18,92,21,6220880,0,22695.39,0,0,32,72,670752,3355,42,21843,0,8861950,63594,2715,0,9,0,10581720,68,0,0,0,UCDvyx8zhV,RO12,taul,1K8T,JLbT,PyebXKa,EXpWEXgaYWQf4,8EB8,9_Y1,MBhA,VpdQ,sYC_,me75fM6ugJ,kIsH,uKAI,L84s,NhsEn4L,beK4AFX,D5fB,cJvF,FzaX,ZS8OtFs,oslk,e2t7A2G,M_8D,WqMG,RAYp,F2FyR07IdsN7I
0,10927,35,4444,336,420,72,295.12,0,2114322,0,4.043581,45,134,1050,3028800,0,12314.49,25,26,144,64,71424,1020,180,27738,0,4750065,1148304,7880,0,9,0,10288360,38,879252,0,0,DHevyx7IEC,2Knk1KF,I9xt3GMcxUnBZ,1K8T,lK27,fhk21Ss,P9HTde2,gneO,9_Y1,RcM7,VpdQ,wMei,7M47J5GA0pTYIFxg5uy,kIsH,uKAI,Mtgm,E1aAZ0x7vd,OFqVH0t,LMUM,UYBR,FzaX,4UxGlow,QKW8DRm,catzS2D,LM8l689qOp,szEZ,ZI9m,ib5G6X1eUxUn6
0,714,14,428,120,150,24,173.2,0,0,0,4.953215,27,180,105,5529600,0,255059.1,0,0,32,64,424788,460,0,30555,0,8208000,518400,3175,0,18,0,10368000,38,0,0,0,FAJWq69cTy,2Knk1KF,LfvqpCtLOY,1K8T,ssAy,fhk21Ss,vW6mSEW,YcLb,9_Y1,Px52,09_Q,hAFG,7M47J5GA0pTYIFxg5uy,kIsH,uKAI,Mtgm,Ie_5MZs,CWNY2py,JEC4,UYBR,FzaX,4UxGlow,zCkv,catzS2D,M_8D,PM2D,ZI9m,TCU50_Yjmm6GIBZ0lL_
0,616,28,3060,36,45,16,300.32,0,2093658,0,3.772485,45,86,343,1575016,0,258690,5,0,8,8,-632172,250,12,24867,0,1625150,1211224,5835,0,27,0,7693440,6,0,0,0,_v2rjIKQ76,RO12,taul,1K8T,0kpG,qlhCyQp,YQcPlrpk3ptPA,gBL1,9_Y1,7WNq,VpdQ,sYC_,me75fM6ugJ,kIsH,uKAI,L84s,NhsEn4L,beK4AFX,31LB,UYBR,FzaX,mTPRCiV,oslk,fi1YV0N,LM8l689qOp,WqMG,RAYp,F2FyR07IdsN7I
0,784,7,388,20,25,24,253.52,0,0,0,0.2493057,9,38,0,22632,0,210755.4,0,0,0,8,140974,305,0,11889,0,2745225,3628800,10,0,18,0,9465080,2,0,0,0,52Iq9ayE15,RO12,taul,1K8T,_8YK,JNrtyiI,9UgkRNhwCh,v_7F,9_Y1,kJJ7,VpdQ,zm5i,me75fM6ugJ,kIsH,uKAI,L84s,NhsEn4L,mAjbk_S,w8mx,cJvF,FzaX,N0iTUAd,oslk,uz9YHwu,LM8l689qOp,7P5s,RAYp,F2FyR07IdsN7I
0,721,7,528,88,110,0,186.64,0,7257600,0,1.179876,9,42,7,10592,0,211057.8,30,2,16,8,-196349.6,275,84,7362,0,0,0,1815,0,9,0,6966440,0,172170,0,0,ZSNq9aX0Db,RO12,taul,1K8T,kNzO,iUUFmdU,CdPgMY1Z52,kTWw,9_Y1,Y9Bl,VpdQ,zm5i,me75fM6ugJ,kIsH,uKAI,L84s,NhsEn4L,mAja5EA,UqQA,cJvF,FzaX,yMClh_I,oslk,cwUu5Qc,jySVZNlOJy,uWr3,RAYp,F2FyR07IdsN7I
0,896,0,0,232,290,120,220.08,0,147360,0,0.06024354,9,20,0,265312,0,18926.61,5,6,48,56,-58051.2,935,54,0,0,1729670,233520,0,0,9,133546,2276712,46,225198,0,0,EsYq9aX0Db,RO12,taul,1K8T,L80O,jZGp_0J,NW71mrodGH,9n6A,9_Y1,Y9Bl,VpdQ,zm5i,me75fM6ugJ,kIsH,uKAI,L84s,NhsEn4L,kZJtVhC,_fR4,cJvF,FzaX,A7VR98m,oslk,lAlqYia,jySVZNlOJy,uWr3,RAYp,F2FyR07IdsN7I
0,238,0,0,164,205,88,253.52,0,4678644,0,2.177526,9,16,0,2011832,0,172681.8,25,2,40,32,335279.6,575,60,0,0,2569325,1207640,0,0,0,554435,10496720,20,475224,0,0,vAsgUHXM47,RO12,taul,1K8T,7ALb,fIZ2EMp,EXpWEXgaYpMJ7,BGFs,9_Y1,LqKm,VpdQ,IYzP,7M47J5GA0pTYIFxg5uy,kIsH,uKAI,L84s,NhsEn4L,mAja5EA,lL9d,cJvF,FzaX,YZ2TNgw,oslk,x3aOgRj,LM8l689qOp,453m,ZI9m,F2FyR07IdsN7I
0,2387,7,24,256,320,112,166.56,0,4836948,0,5.953001,9,42,7,2890224,0,50133,25,14,48,56,129262,990,66,90,0,3151160,777986,20,0,0,0,10420480,40,115500,0,0,u6tWq6edh4,RO12,taul,1K8T,PGNs,rxYsSKu,_H1t9Tlb7R,3aLm,9_Y1,_xpN,09_Q,IYzP,me75fM6ugJ,kIsH,uKAI,L84s,NhsEn4L,uZL60aU,y0PW,UYBR,FzaX,5LLAVkR,oslk,4IrvFmd,jySVZNlOJy,FSa2,RAYp,F2FyR07IdsN7I
0,441,7,2128,336,420,256,269.76,0,7041120,0,5.19013,9,130,364,2704176,0,70037.7,25,2,40,40,223902.8,700,156,34173,0,3561085,71308,375,0,18,0,10757800,30,46128,0,0,8I1q9ayE15,onTuEhrJJQy_H3IHkZku5AFczhYGqxJ890,taul,1K8T,GYbZ,QOpJEvB,Gai9lEF2Fr,8U0C,9_Y1,pQsY,09_Q,haYg,DHn_WUyBhW_whjA88g9bvA64_,kIsH,uKAI,L84s,CrNX,AuSBTw7,Z2LA,cJvF,FzaX,iVsJ3Ev,d0EEeJi,4gTRwFP,LM8l689qOp,TNEC,nIGXDli,iyHGyLCEkQ
0,1176,7,388,264,330,8,133.12,0,0,0,3.603931,9,106,182,219160,0,4368,0,2,64,112,76570,835,0,4554,0,458410,526,4180,0,0,29232,479604,100,3366,0,0,75lTmBtFkL,2Knk1KF,taul,1K8T,2Ix5,MPSM0nx,q2tfFQq,lSLu,9_Y1,47ra,VpdQ,sYC_,me75fM6ugJ,kIsH,uKAI,L84s,NhsEn4L,kq0aHkC,mJW6,cJvF,FzaX,UDVAAox,oslk,uOV2fT4,LM8l689qOp,rgKb,RAYp,55YFVY9
0,2912,0,176,360,450,144,220.08,0,3838086,0,2.090152,18,106,0,2764800,0,51801.9,25,0,32,32,286256,1785,132,81225,0,5856550,125116,0,0,9,0,10604600,82,0,0,0,AUUt0GoOh3,RO12,taul,1K8T,j_M3,9GJGgoz,J_sb4dmQwP,Ed7R,9_Y1,rGJy,VpdQ,6JmL,Kxdu,kIsH,uKAI,L84s,FMSzZ91zL2,11pG9ir,WxLD,UYBR,FzaX,Tvpip6Z,zCkv,hHJsvbM,LM8l689qOp,Qu4f,6fzt,SbOd7O8ky1wGNxp0Arj0Xs
0,1568,7,64,656,820,560,200,0,95058,0,4.766076,9,74,0,762040,0,8976.78,5,46,168,136,259388.8,1855,42,15777,0,1113410,467958,775,0,0,222285,2521756,92,333642,0,0,RzPTmBQZiT,RO12,taul,1K8T,MeKL,6CXYbuk,Ynn5eDXQbK,hHM2,9_Y1,TjV7,VpdQ,IYzP,Kxdu,kIsH,uKAI,L84s,9pUnzWLbztKTo,y5FiGpF,8Khd,UYBR,FzaX,ROeipLp,zCkv,K2SqEo9,LM8l689qOp,FSa2,6fzt,am14IcfM7tWLrUmRT52KtA
0,49,0,0,112,140,72,970.24,5,1580868,0,1.166417,9,14,0,2073600,0,197000.4,10,4,24,24,-182806,140,30,0,8,2214940,1054808,0,0,0,0,7354680,14,1036800,0,0,NQ5vyxLkBI,RO12,taul,1K8T,JLbT,ka_ns41,uIrdrS2dsx9yDPeL,VHh0,9_Y1,FbIm,VpdQ,IYzP,me75fM6ugJ,kIsH,uKAI,Mtgm,NhsEn4L,mAj3FSW,CnTg,UYBR,FzaX,1YVfGrO,oslk,fXVEsaq,LM8l689qOp,xb3V,RAYp,F2FyR07IdsN7I
0,147,0,0,92,115,56,563.76,0,1267170,0,0.3046358,9,14,0,341616,0,70627.2,10,2,16,32,-606484,380,18,0,0,1858830,775444,0,0,0,316652,4572880,12,131862,0,0,5_lq9aXt5a,RO12,taul,1K8T,AHrt,esxkA1P,HheZpZS,x3o3,9_Y1,Y9Bl,VpdQ,IYzP,me75fM6ugJ,kIsH,uKAI,Mtgm,NhsEn4L,kq0dQfu,604y,UYBR,FzaX,EPImS85,oslk,MI8s5nE,LM8l689qOp,uWr3,RAYp,F2FyR07IdsN7I
0,777,7,492,36,45,0,280.24,0,5677194,0,0.9651784,9,40,28,9676800,0,212683.8,5,0,16,16,20870.44,435,18,58653,0,335235,0,805,0,18,0,9813360,6,0,0,0,Mtpt0G8EIb,RO12,taul,1K8T,2Ix5,qEdASpP,vTS4L1b76eV3e,T3_o,9_Y1,k13i,09_Q,zm5i,me75fM6ugJ,kIsH,uKAI,Mtgm,NhsEn4L,mAjbk_S,eGwy,UYBR,OFWH,0AJo2f2,oslk,2Kb5FSF,LM8l689qOp,fKCe,RAYp,F2FyR07IdsN7I
0,749,7,0,108,135,0,256.96,0,0,0,5.621021,9,90,7,3127976,0,113417.1,0,2,32,56,112755.2,400,0,432,0,5188750,0,210,0,27,1540420,5811800,38,145200,0,0,dRavyx7ejg,RO12,taul,1K8T,487l,iJzviRg,msIFlLyI91,kKp4,9_Y1,YGOC,VpdQ,giwq,7M47J5GA0pTYIFxg5uy,kIsH,uKAI,L84s,4kVnq_T26xq1p,y5FCXwd,SMDf,UYBR,FzaX,ch2oGfM,zCkv,P6pu4Vl,LM8l689qOp,szEZ,ZI9m,R4y5gQQWY8OodqDV
0,175,0,0,132,165,32,296.48,0,5200188,0,5.705191,18,16,0,3168096,0,198339.9,10,2,32,40,659340,445,66,0,0,3960100,633616,0,0,0,554414,10436560,20,475212,0,0,P1WvyxLp3Z,RO12,taul,1K8T,R4_H,neZ4dsX,I1s81Dlb7R,UC7i,9_Y1,lXxA,09_Q,IYzP,DHn_WUyBhW_whjA88g9bvA64_,kIsH,uKAI,Mtgm,CrNX,NGZ_12K,Lvz5,UYBR,FzaX,bDMpyr_,d0EEeJi,EwtEU9f,LM8l689qOp,xb3V,02N6s8f,F2FyR07IdsN7I
0,2254,7,312,484,605,216,166.56,0,0,0,3.298013,9,86,175,738776,0,5090.94,0,16,0,176,-96559.2,2125,0,46404,0,2374070,32210,6235,0,9,0,2355024,128,32940,0,0,639r4RK2Mx,RO12,taul,1K8T,487l,vfNGyn_,yLQsa0Xacm,NXA4,9_Y1,DtNL,VpdQ,haYg,me75fM6ugJ,kIsH,uKAI,L84s,XfqtO3UdzaXh_,11p4mKe,krHX,UYBR,FzaX,Xei0nTz,oslk,4sF7qqc,LM8l689qOp,FSa2,RAYp,F2FyR07IdsN7I
0,1190,7,44,152,190,88,220.48,0,3475842,0,0.5725272,9,60,0,2818104,3,108366.6,0,2,24,48,270308.4,780,42,1962,8,4592960,107216,265,0,9,604800,7718920,26,155772,0,0,O8Zr4Rdc_a,RO12,taul,1K8T,4fje,GYqMgvV,9WRVmN4,L0rp,9_Y1,em8I,VpdQ,IYzP,me75fM6ugJ,kIsH,g5HH,L84s,NhsEn4L,mAjk2hr,3wm0,cJvF,FzaX,Z6VDnJ7,oslk,Bzj0Joi,LM8l689qOp,me1d,RAYp,F2FyR07IdsN7I
0,1687,14,272,212,265,184,144.4,0,386214,0,2.579791,36,60,0,858256,0,12947.76,5,6,32,88,-45482,1005,12,612,0,306365,238262,35,0,0,49833,1625968,26,89922,0,0,Qu0qrQKzJV,RO12,taul,1K8T,0Xwj,4e311pK,FoJylxy,XhRN,F3hy,15m3,VpdQ,IYzP,me75fM6ugJ,kIsH,uKAI,L84s,NhsEn4L,TDceha3,bIEC,UYBR,qxDb,kC8vOIl,oslk,OjiRt72,LM8l689qOp,FSa2,RAYp,F2FyR07IdsN7I
0,1568,7,12,932,1165,280,166.56,0,5094216,0,3.405469,36,68,0,2672016,0,16146.99,90,42,232,384,18308.44,2755,240,6390,0,2624980,440866,40,0,9,550998,9905600,142,1549350,0,0,m9SrEy7Rm6,RO12,LfvqpCtLOY,1K8T,nQZ6,WtcJHBC,UFIZdCX,4PHW,9_Y1,X8zP,09_Q,hAFG,me75fM6ugJ,kIsH,uKAI,L84s,XfqtO3UdzaXh_,XTbPUYD,nGmj,cJvF,AU8_WTd,380vbB7,oslk,WUmK0JH,jySVZNlOJy,Aoh3,RAYp,F2FyR07IdsN7I
0,112,0,0,52,65,0,231.68,0,2600664,0,1.324717,9,16,0,4707016,0,333417,0,4,8,8,516436,320,48,0,0,3815795,0,0,0,0,0,10066720,4,4390218,0,0,FoxgUHSK8h,RO12,taul,1K8T,EJC9,p2oeZ9L,GHf4lBZm_z,__1B,9_Y1,mTeA,sJzTlal,IYzP,me75fM6ugJ,kIsH,uKAI,Mtgm,NhsEn4L,7WwuNea,RkEE,UYBR,FzaX,SCnAQQR,oslk,WC7IXkw,LM8l689qOp,FSa2,RAYp,F2FyR07IdsN7I
0,315,0,0,352,440,80,266.4,5,7087080,0,0.9839778,18,16,0,1463512,0,138824.1,45,10,128,96,152230.8,800,240,0,8,1801695,655248,0,0,0,62545,10602840,24,119910,0,0,FoxgUHSK8h,RO12,taul,1K8T,TyGl,p2oeZ9L,_jTP8ioIlJ,__1B,9_Y1,mTeA,VpdQ,IYzP,me75fM6ugJ,kIsH,uKAI,Mtgm,NhsEn4L,7WwOAni,RkEE,UYBR,FzaX,SCnAQQR,oslk,WC7IXkw,LM8l689qOp,FSa2,RAYp,F2FyR07IdsN7I
0,1540,7,2192,512,640,184,166.56,0,195138,0,6.976501,9,48,294,1063648,0,11050.56,20,24,160,144,70632,1435,144,18819,0,1230480,262814,10870,0,9,299761,2398368,94,317412,0,0,4e7gUH7IEC,RO12,taul,1K8T,ekye,6CXYbuk,9HOPNsJ,rxFs,9_Y1,bJXB,09_Q,6JmL,Kxdu,kIsH,uKAI,L84s,9pUnzWLbztKTo,y5FWIFG,S0HvsLA,cJvF,FzaX,ROeipLp,zCkv,K2SqEo9,LM8l689qOp,w_Ub,6fzt,am14IcfM7tWLrUmRT52KtA
0,6699,14,5900,132,165,8,220.08,0,8168460,0,5.525529,54,64,700,1382400,0,21806.79,35,0,32,16,118475.2,580,96,29214,0,2621865,11016,1175,0,0,0,10675560,14,0,0,0,CEat0G8rTN,RO12,taul,1K8T,487l,gwY4NQF,yEFIHeU,kIXd,9_Y1,k13i,VpdQ,sYC_,me75fM6ugJ,kIsH,uKAI,L84s,NhsEn4L,kq0n8Bj,NDhJ,cJvF,FzaX,t5EoLzk,oslk,ag5iNPX,jySVZNlOJy,fKCe,RAYp,F2FyR07IdsN7I
0,980,7,208,352,440,128,200.8,0,1723296,0,2.284768,9,76,0,607032,0,8451,20,10,72,112,-1040076,1725,84,5283,0,753560,322046,1750,0,9,458640,3186188,70,186666,0,0,HAoOj1KXzC,RO12,taul,1K8T,487l,iJzviRg,nQU8SlGe64,EQXl,9_Y1,jdbz,09_Q,wMei,7M47J5GA0pTYIFxg5uy,kIsH,uKAI,L84s,4kVnq_T26xq1p,kZJ_fr2,iVCR,cJvF,FzaX,ch2oGfM,zCkv,P6pu4Vl,LM8l689qOp,kwS7,ZI9m,R4y5gQQWY8OodqDV
0,385,0,0,132,165,32,294.8,0,1784934,0,5.826319,27,22,0,5127992,0,194904.6,5,0,32,64,237757.2,570,24,0,0,6912000,586700,0,0,9,0,10802560,32,0,0,0,KXMrEyXXnK,RO12,taul,1K8T,lK27,fqedTJr,c8IdnoU,ndT0,9_Y1,H1uM,VpdQ,zm5i,me75fM6ugJ,kIsH,uKAI,Mtgm,NhsEn4L,uZLOAni,2lkY,UYBR,FzaX,fxJ68SY,oslk,SyxQQMs,jySVZNlOJy,Aoh3,RAYp,F2FyR07IdsN7I
0,868,7,4936,132,165,40,304.96,0,4665600,0,4.641102,18,58,238,1932528,0,201486.9,25,2,40,32,105615.2,550,54,18387,0,3463200,777646,1155,0,27,0,10418520,18,518400,0,0,LDPq9ayfAo,RO12,taul,1K8T,z32l,RgDMVop,msIFlLyI91,A0mG,9_Y1,kJJ7,VpdQ,IYzP,me75fM6ugJ,kIsH,uKAI,L84s,NhsEn4L,7WwX8Ya,He4R,UYBR,FzaX,RnYmfvd,oslk,4IeMak1,LM8l689qOp,7P5s,RAYp,F2FyR07IdsN7I
0,973,14,1780,128,160,16,220.08,0,2851470,0,2.464858,27,82,707,3974584,0,207996,5,4,32,48,106730.4,510,36,50247,0,6080900,316832,805,0,18,554449,10163120,30,689454,0,0,4bwt0GoOh3,RO12,taul,1K8T,USOt,iQL88LT,e1XhvTunuD,_aaH,9_Y1,C7DI,VpdQ,lVqb,6C53VA1kCv,kIsH,uKAI,Mtgm,fSKKIQdIPDXgw,7Wwbq_f,2wYl,cJvF,FzaX,JthK4WV,zCkv,aMs4cae,LM8l689qOp,Qu4f,6fzt,xwM2aC7IdeMC0
0,812,7,32,144,180,48,253.52,0,4389192,0,5.950011,9,46,49,1267272,0,205742.4,15,10,40,16,-415132,685,60,53757,0,3256680,950454,1610,0,0,554442,10600560,20,2376144,0,0,hSovyx7IEC,RO12,taul,1K8T,dWQK,I0Qfo4Y,msIzzNai_Z,Bwjm,9_Y1,xSqs,VpdQ,IYzP,me75fM6ugJ,kIsH,uKAI,L84s,NhsEn4L,mAjbk_S,s55p,UYBR,FzaX,_PxANRN,oslk,r7xcxqP,LM8l689qOp,szEZ,RAYp,F2FyR07IdsN7I
0,224,0,0,148,185,48,340.48,0,4979496,0,2.000214,9,18,0,2288416,0,150228.6,10,4,40,40,375986,725,66,0,0,4054610,811552,0,0,9,1108814,10597880,22,950412,0,0,CxSr4RXktW,RO12,taul,1K8T,487l,B4gu5tB,CdPgMY1Z52,muaY,9_Y1,TFSW,VpdQ,zm5i,me75fM6ugJ,sBgB,uKAI,L84s,NhsEn4L,jawB6UP,9USX,cJvF,FzaX,l8AOtFs,oslk,ZjpR6zD,LM8l689qOp,Xa3G,RAYp,F2FyR07IdsN7I
0,1603,7,1728,140,175,16,461.84,0,56148,0,2.825892,9,132,0,5523432,0,122454.3,10,0,32,64,91080,705,6,79884,0,8880950,179454,755,0,18,2416596,10356360,44,0,0,0,E2Yq9atbb6,2Knk1KF,taul,1K8T,lK27,WkH7nZN,k10MzgT,5hez,9_Y1,KfYH,VpdQ,IYzP,me75fM6ugJ,kIsH,g5HH,L84s,NhsEn4L,teAyFc5,y8W_,cJvF,FzaX,scZ0Q3K,oslk,zmvzrB7,LM8l689qOp,me1d,RAYp,55YFVY9
0,567,0,32,136,170,32,270.72,0,4076838,0,2.107883,9,150,0,1664480,0,102282.6,25,4,40,32,587936,525,54,414,0,3789980,633616,0,0,36,346192,10013040,20,950424,0,0,75lTmBtFkL,2Knk1KF,LfvqpCtLOY,1K8T,2Ix5,au1CPws,WN2wUb0T0UKRa,et5n,9_Y1,c2JP,09_Q,haYg,me75fM6ugJ,kIsH,uKAI,L84s,XfqtO3UdzaXh_,XTbPUYD,pv4R,UYBR,FzaX,_PxY_02,oslk,r7xOEra,LM8l689qOp,rgKb,RAYp,55YFVY9
0,1820,14,844,328,410,248,200,0,68694,0,4.729331,36,100,35,228192,0,10198.02,10,18,80,56,89198.4,1495,6,1890,0,497730,228236,270,0,0,160678,1188592,64,248526,0,0,FoxgUHSK8h,RO12,taul,1K8T,kNzO,rXH4Eny,Yi49a6G,lwlA,9_Y1,mTeA,VpdQ,IYzP,me75fM6ugJ,kIsH,uKAI,L84s,NhsEn4L,beK4AFX,LjhG,UYBR,FzaX,MgW0FxM,oslk,yktAIRG,LM8l689qOp,FSa2,RAYp,F2FyR07IdsN7I
0,770,7,96,48,60,16,220.08,0,0,0,3.615467,9,32,14,2629400,0,147782.1,15,0,24,32,-368566.4,435,0,7101,0,1296000,32232,1860,0,0,0,3413060,6,0,0,0,dTGmfo8zhV,RO12,taul,1K8T,QQSE,gRinF0C,EXpWEXgaYWQf4,HlcF,9_Y1,7pVf,VpdQ,IYzP,me75fM6ugJ,kIsH,uKAI,L84s,NhsEn4L,kZJtVhC,UxUL,cJvF,FzaX,SCnYWu3,oslk,WC7Esaq,LM8l689qOp,wX53,RAYp,F2FyR07IdsN7I
0,0,0,0,20,25,16,418.8,5,247110,0,6.473189,9,12,0,0,0,25236,0,0,0,0,-1179912,25,18,0,8,0,1750,0,0,0,0,168240,0,0,0,0,Qu0TmBQZiT,RO12,taul,1K8T,487l,mbdxW2B,IoHY5yI9pU,yY6V,9_Y1,TjV7,09_Q,IYzP,me75fM6ugJ,kIsH,uKAI,L84s,NhsEn4L,kq0UfMN,Le7P,UYBR,FzaX,xKne4eD,oslk,TSkD3Yd,LM8l689qOp,FSa2,RAYp,F2FyR07IdsN7I
0,1309,0,72,152,190,80,166.56,0,5642154,0,6.002563,9,146,0,1362528,0,81678.3,30,2,48,24,1619496,575,72,184644,0,1924720,458328,0,0,27,545461,8622960,12,68940,0,0,qXhPe2ftjz,AERks4l,taul,1K8T,JLbT,fhk21Ss,lGXpFd_2Rf,5xto,9_Y1,mTeA,sJzTlal,6JmL,7M47J5GA0pTYIFxg5uy,kIsH,uKAI,L84s,a3CcPDe,11p_E1H,2Rt3,UYBR,FzaX,4UxGlow,QKW8DRm,catzS2D,LM8l689qOp,FSa2,ZI9m,ib5G6X1eUxUn6
0,546,0,0,308,385,128,166.56,5,577158,0,4.856441,9,20,0,1135488,0,18044.25,10,16,72,72,256954.4,1215,66,0,8,1221730,273722,0,0,9,435169,2805152,62,474738,0,0,P1WvyxLp3Z,RO12,taul,1K8T,Xa_z,jF6Moat,V6XUlxabJ4VaD,2geZ,9_Y1,vzJD,VpdQ,zm5i,me75fM6ugJ,kIsH,uKAI,L84s,NhsEn4L,mAja5EA,XJRr,UYBR,FzaX,LwG8XLE,oslk,_XSRDbC,LM8l689qOp,xb3V,RAYp,F2FyR07IdsN7I
0,1246,21,4168,132,165,8,226.8,0,9849600,0,5.599445,54,156,119,0,0,156494.7,40,4,32,0,125190.8,575,114,23040,0,256450,172800,6830,0,36,0,10306360,6,1036800,0,0,uUdt0G8EIb,2Knk1KF,taul,1K8T,JLbT,I0KkEqr,EXpWEXgaYpMJ7,UuL_,9_Y1,e7QV,VpdQ,G_zk,me75fM6ugJ,kIsH,uKAI,L84s,XfqtO3UdzaXh_,XTbPUYD,XYX6,UYBR,FzaX,ZLr8XLE,oslk,ozLQguc,M_8D,fKCe,RAYp,TCU50_Yjmm6GIBZ0lL_
0,511,0,0,140,175,56,253.52,0,6986520,0,0.3982055,18,28,0,930072,0,198850.2,10,6,40,24,199637.6,580,84,0,0,2015010,865870,0,0,18,0,10149320,12,1487454,0,0,1KSTmBQxul,RO12,taul,1K8T,PGNs,A4fCIek,UFIdC8I,LJAR,9_Y1,TjV7,VpdQ,IYzP,me75fM6ugJ,kIsH,uKAI,L84s,NhsEn4L,mAja5EA,L_60,UYBR,FzaX,9qlYlW4,oslk,QIhOTZB,jySVZNlOJy,FSa2,RAYp,F2FyR07IdsN7I
0,910,7,768,164,205,64,190,0,7723200,0,2.572314,9,56,14,69120,0,171576.9,20,4,24,16,-95762.8,600,96,70173,0,681505,906770,4155,0,0,0,9412120,18,1036800,0,0,uGLq9ayE15,RO12,taul,1K8T,z32l,6SycSKu,9rM7iTA,INhr,9_Y1,QBpP,VpdQ,IYzP,me75fM6ugJ,kIsH,uKAI,L84s,NhsEn4L,mAjbk_S,jTQu,cJvF,qxDb,vz9fSEp,oslk,CW6RDbC,M_8D,7P5s,RAYp,F2FyR07IdsN7I
0,1099,14,368,164,205,24,189.04,5,4814730,0,0.07754754,27,122,42,2951168,0,142932.6,25,2,40,80,197538.8,630,60,79020,8,4706030,180740,1975,0,27,0,10673880,24,518400,0,0,639qrQK2Mx,2Knk1KF,taul,1K8T,JLbT,BKLANjt,nQUxgtZEqo,_cLb,9_Y1,15m3,VpdQ,hAFG,me75fM6ugJ,kIsH,uKAI,Mtgm,XfqtO3UdzaXh_,XTbPUYD,vMC4,cJvF,FzaX,07mmFX7,oslk,8Vy5Ui8,jySVZNlOJy,FSa2,RAYp,55YFVY9
0,28,0,0,16,20,0,256.32,0,0,0,3.331339,9,14,0,4548920,0,1430127,10,2,32,8,-123155.2,25,0,0,0,0,0,0,0,0,3980305,9532080,0,3628800,0,0,npOBcmzkzH,RO12,taul,1K8T,uErj,bIgkGKz,UQpu,VBUU,9_Y1,yrDU,VpdQ,IYzP,DHn_WUyBhW_whjA88g9bvA64_,kIsH,uKAI,L84s,CrNX,NGZ_12K,AFiH,UYBR,FzaX,IGM5_As,d0EEeJi,9J2quhU,LM8l689qOp,Qcbd,02N6s8f,F2FyR07IdsN7I
0,1022,7,60,20,25,8,366.16,0,0,0,2.981842,9,64,0,0,0,27080.22,5,0,0,0,-348571.2,220,0,819,0,6806900,112726,380,0,9,0,8090160,6,0,0,0,DHeq9ayfAo,RO12,taul,1K8T,z32l,XQIiPJi,oZfiYGy20Y,DXpT,9_Y1,vm5R,VpdQ,IYzP,DHn_WUyBhW_whjA88g9bvA64_,kIsH,uKAI,L84s,CrNX,mAjbq_f,3jZv,cJvF,Lmli,EAnZo_X,d0EEeJi,YnOqJRo,LM8l689qOp,7P5s,nIGXDli,F2FyR07IdsN7I
0,833,7,3816,108,135,64,253.52,0,5285778,0,4.310404,27,180,385,40,0,126998.7,15,8,40,8,402324,435,66,9315,0,0,1382400,225,0,36,0,8315880,0,1912626,0,0,1qmr4RQxul,LrdZy8QqgUfkVShG,taul,1K8T,TyGl,fhk21Ss,EXpWEXgaYpMJ7,eJPt,9_Y1,z5Ry,VpdQ,hzlB,7M47J5GA0pTYIFxg5uy,kIsH,uKAI,L84s,XfqtO3UdzaXh_,beKPUYD,lSf_,UYBR,FzaX,4UxGlow,oslk,catzS2D,LM8l689qOp,FSa2,ZI9m,ib5G6X1eUxUn6
0,1379,7,1612,48,60,48,166.56,0,1599894,0,4.702414,9,58,0,0,0,54302.1,0,2,0,0,0,425,24,1125,0,432000,349704,1255,0,0,0,2388188,2,414876,0,0,64nWq69R_D,RO12,taul,1K8T,ssAy,Xl5JSg7,I1sqWRxUAv,so1U,9_Y1,0A_v,VpdQ,IYzP,DHn_WUyBhW_whjA88g9bvA64_,kIsH,uKAI,L84s,CrNX,NGZ_12K,Gduf,UYBR,FzaX,V8h3RLj,d0EEeJi,oKEwwUI,LM8l689qOp,PM2D,nIGXDli,F2FyR07IdsN7I
0,714,7,428,152,190,8,89.12,0,9327060,9,0.2082888,9,30,175,909384,0,202563.6,40,6,32,24,354497.2,580,114,31977,8,766745,172800,260,0,0,0,10396680,8,44604,0,0,1fZWq6e2Rv,RO12,taul,1K8T,EJC9,XvJ7pE3,hOpRIhsUSP,DLNH,9_Y1,_xpN,09_Q,IYzP,me75fM6ugJ,kIsH,uKAI,L84s,NhsEn4L,kZJyVg2,DlOo,cJvF,qxDb,FgkYlW4,oslk,iHXRkup,LM8l689qOp,FSa2,RAYp,F2FyR07IdsN7I
0,602,0,0,44,55,0,166.56,0,0,0,4.252937,9,50,14,80752,0,8067.12,0,0,8,40,-53068.8,170,0,0,0,59720,0,0,0,0,16695,88152,12,0,0,0,1KSr4RK2Mx,RO12,taul,1K8T,kNzO,nmmMbg2,MSmOHlx,yfpF,9_Y1,DtNL,09_Q,IYzP,me75fM6ugJ,kIsH,uKAI,L84s,NhsEn4L,TDcECyH,BY9S,UYBR,FzaX,KX8Ku_a,oslk,WwTr3XO,LM8l689qOp,FSa2,RAYp,F2FyR07IdsN7I
0,280,0,0,144,180,112,166.56,0,25218,0,6.137578,9,22,0,46456,0,2140.386,0,2,72,88,-2112,480,48,0,0,4675,33786,0,0,0,13482,112684,4,1998,0,0,HAoOj1KXzC,RO12,taul,1K8T,0Y9G,YBIMXsf,glRbITbnHQ,Xnn4,9_Y1,_KXv,VpdQ,IYzP,DHn_WUyBhW_whjA88g9bvA64_,kIsH,uKAI,L84s,CrNX,NGZ_12K,osxW,cJvF,FzaX,WdP3AwP,d0EEeJi,05j11oW,LM8l689qOp,kwS7,nIGXDli,F2FyR07IdsN7I
0,644,7,16,144,180,80,186.64,0,1975476,0,6.527451,9,72,0,1900904,0,84111.91,10,8,40,24,154203.2,450,42,7722,0,3890645,1684824,50,0,0,1764028,10593560,20,2030424,0,0,P1WvyxLp3Z,RO12,taul,1K8T,TyGl,cQXebWM,9YuFlLzSEv,OGaR,9_Y1,_r21,VpdQ,IYzP,me75fM6ugJ,kIsH,uKAI,L84s,NhsEn4L,mAjbk_S,sKQR,cJvF,FzaX,9oUVeMS,oslk,qJv0V7y,LM8l689qOp,xb3V,RAYp,F2FyR07IdsN7I
0,1267,0,952,136,170,24,186.64,0,173550,0,3.99295,27,136,0,5853712,0,56339.1,0,0,32,72,67601.2,495,6,34461,0,8129900,346864,0,0,36,0,10240200,42,0,0,0,CEaBcmz45j,2Knk1KF,taul,1K8T,uNkU,esxkA1P,Gai9lEF2Fr,OTqs,9_Y1,WGOH,09_Q,hzlB,me75fM6ugJ,kIsH,uKAI,L84s,XfqtO3UdzaXh_,11p4mKe,yvTK,cJvF,FzaX,EPImS85,oslk,MI8s5nE,LM8l689qOp,Qcbd,RAYp,55YFVY9
0,1029,7,0,128,160,0,186.64,0,942138,0,3.148259,9,34,0,5224232,0,117778.2,5,0,32,64,7213360,335,30,2115,0,7776000,0,55,0,9,0,9806600,36,0,0,0,a4vPe2fHUn,RO12,taul,1K8T,487l,m_GZR7x,8AlNbBvkIyw5P,sSbm,9_Y1,mTeA,VpdQ,IYzP,me75fM6ugJ,kIsH,uKAI,L84s,NhsEn4L,mAjbk_S,SCbn,UYBR,FzaX,bDM3372,oslk,PeYxB9z,jySVZNlOJy,FSa2,RAYp,F2FyR07IdsN7I
0,1673,28,548,424,530,256,166.56,0,591030,0,5.849605,36,74,84,939864,0,32395.2,85,46,96,144,109763.2,1530,12,4896,0,755035,321796,2490,0,9,307846,2534384,28,211986,0,0,JMGq9aXt5a,RO12,taul,1K8T,JLbT,l3EarpL,ELRUn57,YVDi,9_Y1,Y9Bl,VpdQ,IYzP,me75fM6ugJ,kIsH,uKAI,L84s,NhsEn4L,mAjbk_S,st5B,cJvF,FzaX,pskl8vt,oslk,7S77lZj,LM8l689qOp,uWr3,RAYp,F2FyR07IdsN7I
0,1463,21,6216,112,140,32,265.76,0,6684540,0,4.217689,27,80,49,1724544,12,104709.6,15,4,24,16,206756.4,420,72,22275,32,433300,518492,33060,0,0,0,10503880,10,4147200,0,0,KXMrEyXXnK,RO12,taul,1K8T,lK27,XaPdR0M,yLQX8HOoy1,iB5e,9_Y1,SkZj,09_Q,IYzP,me75fM6ugJ,kIsH,uKAI,Mtgm,NhsEn4L,mAjbk_S,qwfy,UYBR,FzaX,Hrl6pd1,oslk,dOHQowC,LM8l689qOp,Aoh3,RAYp,F2FyR07IdsN7I
0,1659,7,172,212,265,104,299.52,0,951018,0,1.369366,9,76,0,1460808,0,52389,25,10,48,56,98626,845,30,83988,0,2823225,573656,800,0,27,977760,5704880,36,680802,0,0,etYt0G8EIb,RO12,taul,1K8T,2Ix5,gwY4NQF,Iibp4Nm3uQ,XXff,9_Y1,k13i,09_Q,itlM,me75fM6ugJ,kIsH,uKAI,Mtgm,XfqtO3UdzaXh_,11p4mKe,lqiJ,cJvF,FzaX,t5EoLzk,oslk,ag5iNPX,LM8l689qOp,fKCe,RAYp,F2FyR07IdsN7I
0,1554,14,288,448,560,48,368.64,5,5333178,0,0.8190557,27,62,7,2534872,0,91434.91,65,44,176,48,72699.6,1095,144,15444,8,4624555,23322,605,0,9,285411,10441200,82,239262,0,0,zKnr4RXktW,RO12,taul,1K8T,dWQK,VTZyiuT,hOpMh7dRpW,kJZ7,9_Y1,TFSW,sJzTlal,sYC_,DHn_WUyBhW_whjA88g9bvA64_,kIsH,uKAI,L84s,CrNX,mAjy7aS,bXZb,cJvF,FzaX,TVjkzUz,d0EEeJi,iEMwY1J,LM8l689qOp,Xa3G,nIGXDli,F2FyR07IdsN7I
0,56,0,0,92,115,24,408.96,0,6687480,0,5.350139,9,14,0,1145024,0,292116,5,8,40,24,-99796.8,115,54,0,0,1205020,318448,0,0,0,3516891,8958240,6,3014484,0,0,a4vrEy7Rm6,RO12,taul,1K8T,lK27,VjLN8e1,h3WsUQk,sU4J,9_Y1,H9GL,VpdQ,IYzP,me75fM6ugJ,kIsH,uKAI,L84s,NhsEn4L,NGZxnJM,rxz9,cJvF,FzaX,ZN3fSEp,oslk,DrA79_c,LM8l689qOp,Aoh3,RAYp,F2FyR07IdsN7I
0,539,0,428,44,55,0,166.56,5,0,0,2.622944,9,54,28,7232,3,6723.33,0,0,8,8,-6029.84,225,0,0,16,110215,0,0,0,0,6328,91788,20,0,0,0,mzKvyx8zhV,RO12,taul,1K8T,Guv5,aKBg0iR,I1s81Dlb7R,XeWN,9_Y1,MBhA,09_Q,IYzP,me75fM6ugJ,kIsH,uKAI,L84s,NhsEn4L,TDceha3,u2vW,cJvF,FzaX,8GKOjel,oslk,APUE4Qn,LM8l689qOp,WqMG,RAYp,F2FyR07IdsN7I
0,791,14,2836,132,165,0,186.64,0,9127200,0,6.380261,18,50,469,1382400,0,225768,35,0,32,16,177976,495,108,2466,0,1744980,0,1460,0,0,0,10591200,12,0,0,0,m9SvyxLkBI,RO12,taul,1K8T,487l,6CXYbuk,MypvvoIQqc,afd0,9_Y1,FbIm,09_Q,IYzP,Kxdu,kIsH,uKAI,L84s,FMSzZ91zL2,kq067VR,ri5x,UYBR,FzaX,ROeipLp,zCkv,K2SqEo9,jySVZNlOJy,xb3V,6fzt,SbOd7O8ky1wGNxp0Arj0Xs
0,1043,7,468,128,160,160,166.56,0,0,0,1.464003,9,68,77,1692696,0,72306.91,0,4,32,48,6493,485,0,4896,0,710575,486164,20,0,0,992432,2599476,8,318510,0,0,64nWq69R_D,RO12,taul,1K8T,j1T2,tTnn57c,e1XhvTunuD,qkRP,9_Y1,Px52,VpdQ,IYzP,me75fM6ugJ,kIsH,uKAI,L84s,NhsEn4L,mAjbk_S,p8Wl,cJvF,FzaX,Clz8iqZ,oslk,OVVAgOW,LM8l689qOp,PM2D,RAYp,F2FyR07IdsN7I
0,728,14,1432,20,25,8,166.56,5,1311108,0,5.239479,18,76,7,0,12,224305.2,0,2,0,0,-782672,325,12,20412,40,117975,166612,5460,0,0,0,2720404,2,2128092,0,0,Y3tqrQKzJV,RO12,taul,1K8T,TyGl,cmPFP1r,YHenSa7pPs,aylH,9_Y1,15m3,VpdQ,IYzP,DHn_WUyBhW_whjA88g9bvA64_,kIsH,uKAI,L84s,CrNX,7WwM33k,wJra,cJvF,FzaX,6XEJbH2,d0EEeJi,Ez3b4Lm,LM8l689qOp,FSa2,nIGXDli,F2FyR07IdsN7I
0,2016,7,200,368,460,128,169.92,0,71970,0,5.149968,18,80,42,41872,0,2623.551,65,8,96,56,11683.44,1055,156,67284,0,71880,19100,3340,0,9,511,203212,52,6204,0,0,euOBcmz45j,eSGpMwS8zSGgq_trOpckZ5,taul,1K8T,487l,nRvq7NI,osab16B_unBm4tdygsI,k08k,9_Y1,EwzD,VpdQ,hAFG,GjJ35utlTa_GNSvxxpb9ju,kIsH,uKAI,L84s,UbxQ8lZ,ORMRote,cwKq,cJvF,OFWH,RnYNkvV,Al6ZaUT,nJuRogq,LM8l689qOp,Qcbd,02N6s8f,R4y5gQQWY8OodqDV
0,1932,7,268,268,335,320,133.12,0,35538,0,2.052339,9,88,7,683272,0,11965.56,0,26,136,96,28270.72,835,6,93186,0,89785,422118,1015,0,9,145236,1481044,2,299478,0,0,FoxgUHSK8h,RO12,taul,1K8T,TyGl,6CXYbuk,LH0BJkjM1L,dkcI,9_Y1,_xpN,sJzTlal,6JmL,Kxdu,kIsH,uKAI,L84s,9pUnzWLbztKTo,y5FWh4t,DesP,UYBR,FzaX,ROeipLp,zCkv,K2SqEo9,LM8l689qOp,FSa2,6fzt,am14IcfM7tWLrUmRT52KtA
0,1624,7,640,328,410,40,268.56,0,875238,0,2.611194,18,100,126,1653968,3,79195.2,35,6,88,104,386522.8,935,120,11754,8,4584395,655602,2500,0,9,479829,6864920,68,489462,0,0,dTGmfo8zhV,RO12,taul,1K8T,487l,mxsbiah,q2tfFQq,jKCZ,9_Y1,7pVf,VpdQ,haYg,me75fM6ugJ,kIsH,uKAI,L84s,XfqtO3UdzaXh_,kq0IkyT,LqRJ,UYBR,qxDb,PtLoLzk,oslk,LJOa8ZG,LM8l689qOp,wX53,RAYp,F2FyR07IdsN7I
0,931,7,404,220,275,104,166.56,0,8130,0,4.674642,9,104,252,140264,12,3602.76,0,6,24,120,1754.428,840,6,165150,40,158565,67490,4455,0,0,69937,356672,46,28932,0,7,a4vvyxLkBI,LrdVolaSGUfkVeWC,taul,1K8T,z32l,RPKu5tB,yiXKNUCbD1,TtKo,9_Y1,vzJD,VpdQ,IYzP,me75fM6ugJ,kIsH,uKAI,L84s,h0lfDKh52u4GP,ORM0Mzs,hKRL,UYBR,FzaX,WdP1WU5,oslk,05j67Xw,LM8l689qOp,xb3V,RAYp,R4y5gQQWY8OodqDV
0,2534,14,136,368,460,176,166.56,0,453360,0,4.681051,18,36,49,384736,0,12855.99,15,22,144,152,-143732.4,1310,54,576,0,529850,222284,130,0,0,123711,1689896,56,342894,0,0,eOQt0GoOh3,AERks4l,taul,1K8T,g6No,6KFYiOH,3cO76t0,2PWS,9_Y1,rGJy,VpdQ,IYzP,GjJ35utlTa_GNSvxxpb9ju,kIsH,uKAI,L84s,JBfYVit4g8,TDc_9Yi,_bJN,UYBR,FzaX,ot6bQ71,Al6ZaUT,TYFC99a,LM8l689qOp,Qu4f,02N6s8f,xwM2aC7IdeMC0
0,602,14,2764,64,80,0,286.96,0,320988,0,5.951293,36,88,287,53744,0,11408.28,0,6,64,40,-905100,100,6,35424,0,682865,0,3025,0,18,77385,804504,14,26022,0,0,dTGmfo8zhV,RO12,taul,1K8T,ssAy,AKG5V1L,NFlfMbKIm3,WXWN,9_Y1,iZJp,09_Q,lVqb,me75fM6ugJ,kIsH,uKAI,L84s,XfqtO3UdzaXh_,jawbk_S,i0SH,UYBR,FzaX,R4h87dl,oslk,kPEzrB7,LM8l689qOp,3Cy4,RAYp,F2FyR07IdsN7I
0,175,7,8,56,70,40,166.56,15,427698,0,3.513566,9,42,14,5016,0,91807.8,5,0,16,16,-1438820,95,6,216,24,506480,175082,35,0,0,0,1043928,10,0,0,0,1YVgUHXZeb,RO12,taul,1K8T,h3JW,jEC3vg3,Tg7o1or,uk3v,9_Y1,STGZ,VpdQ,IYzP,me75fM6ugJ,kIsH,uKAI,Mtgm,NhsEn4L,mAjcfkM,gFc6,cJvF,FzaX,x_lA5lA,oslk,3B1mC_N,LM8l689qOp,453m,RAYp,F2FyR07IdsN7I
0,84,0,0,108,135,24,254.72,0,4738572,0,0.3984191,9,14,0,2666424,0,186634.2,10,2,24,40,-154776,225,54,0,8,1553685,546426,0,0,0,554407,7883880,14,475206,0,7,1YVgUHXZeb,RO12,taul,1K8T,7ALb,T2e7I6V,EXpWEXgaYpMJ7,AgVB,9_Y1,LqKm,VpdQ,IYzP,7M47J5GA0pTYIFxg5uy,kIsH,uKAI,Mtgm,NhsEn4L,mAja5EA,6wVV,cJvF,FzaX,ACmTklq,oslk,rDbG_aX,LM8l689qOp,453m,ZI9m,F2FyR07IdsN7I
0,5005,21,4920,156,195,16,264.96,0,7527600,0,2.250374,45,62,287,3053376,0,38045.1,35,0,48,64,133029.2,950,90,3762,0,2357265,345600,805,0,9,0,10711080,14,0,0,0,dRaq9ayE15,RO12,taul,1K8T,TyGl,6SycSKu,J3fgbi2,thsq,9_Y1,QBpP,VpdQ,43pnToF,me75fM6ugJ,kIsH,uKAI,L84s,NhsEn4L,TDceha3,5xPr,cJvF,FzaX,vz9fSEp,oslk,CW6RDbC,jySVZNlOJy,7P5s,RAYp,F2FyR07IdsN7I
0,1708,7,236,288,360,120,205.36,0,413544,0,3.836787,9,90,21,828344,6,32064,40,10,72,64,-37836.44,1145,108,423774,24,345670,133454,765,0,0,334110,1992276,36,157302,0,7,Iskvyx875g,RO12,taul,1K8T,USOt,w7CdCxx,r83_sZi,D6lg,9_Y1,MBhA,VpdQ,IYzP,me75fM6ugJ,kIsH,uKAI,L84s,NhsEn4L,beK4AFX,5smi,UYBR,OFWH,VBuAAox,oslk,smo7DIf,LM8l689qOp,WqMG,RAYp,F2FyR07IdsN7I
0,273,0,0,180,225,160,186.64,0,741540,0,6.867122,9,20,0,0,0,184404,15,12,40,0,990840,590,36,0,0,766730,2976520,0,0,9,604800,10041080,20,3110400,0,0,YddTmBtueT,RO12,taul,1K8T,hAOr,47WdmQ4,6UEVDe9,2sVz,9_Y1,47ra,VpdQ,wMei,me75fM6ugJ,kIsH,uKAI,L84s,NhsEn4L,uZL60aU,uRXw,cJvF,FzaX,w97ARL_,oslk,hqk7qqc,LM8l689qOp,rgKb,RAYp,F2FyR07IdsN7I
0,1302,0,12,328,410,264,186.64,0,341052,0,2.720786,18,58,0,2037888,0,77074.2,5,10,88,176,-38576.84,1140,24,96363,0,867075,749370,0,0,18,795942,3891044,34,672300,0,0,npOBcmzkzH,RO12,taul,1K8T,487l,r34vTzP,glRBFJT8NN,kc6M,9_Y1,yrDU,VpdQ,IYzP,me75fM6ugJ,kIsH,uKAI,L84s,NhsEn4L,mAjbk_S,yih6,UYBR,OFWH,fabDFjT,oslk,JtcUsvC,jySVZNlOJy,Qcbd,RAYp,F2FyR07IdsN7I
0,1498,7,1068,360,450,64,220.08,0,6076320,0,0.7058321,18,104,0,696192,0,100257.6,40,22,64,296,57539.6,935,78,18207,0,578795,1096372,585,0,9,0,9621600,26,634980,0,0,tr0gUH7ejg,RO12,taul,1K8T,JLbT,7UBxJVj,GVWDufEPyV,ioG2,9_Y1,m_h1,VpdQ,sYC_,me75fM6ugJ,kIsH,uKAI,L84s,NhsEn4L,beK4AFX,DV2t,UYBR,FzaX,07mmflk,oslk,NNyRUH6,jySVZNlOJy,WqMG,RAYp,F2FyR07IdsN7I
0,875,14,248,164,205,8,253.52,0,5795064,0,5.198248,18,60,14,1382400,0,196865.4,25,6,40,16,149080,575,78,6291,0,4673675,26748,35,0,0,617876,10658560,34,1004838,0,0,qXh9tYsdof,RO12,taul,1K8T,JLbT,FSVXtaU,qj07TFiEyMc4feOp,l7SR,9_Y1,YULl,09_Q,sYC_,me75fM6ugJ,kIsH,uKAI,L84s,NhsEn4L,kq0n8Bj,i5sT,UYBR,FzaX,R4hRoKG,oslk,AEKwFs9,jySVZNlOJy,FSa2,RAYp,F2FyR07IdsN7I
0,6055,14,1912,2504,3130,952,378.48,5,6353340,0,4.632344,45,148,21,1569424,0,23570.22,85,124,640,1176,1318416,7750,210,53685,8,2529615,627422,65,0,18,486213,10586520,492,642000,0,0,J9Vr4RQZiT,2Knk1KF,LfvqpCtLOY,1K8T,WkTj,5Q3tpNj,lL9c3pxXdL,i4KB,9_Y1,z5Ry,VpdQ,sYC_,me75fM6ugJ,kIsH,uKAI,L84s,NhsEn4L,teAyFc5,r7yD,UYBR,FzaX,lRbL1fY,oslk,SGSfeJ_,M_8D,FSa2,RAYp,55YFVY9
0,2457,14,1796,280,350,104,300.32,0,5821974,0,3.137364,18,146,56,1256160,0,71887.5,35,24,88,96,29347.16,1470,72,71451,0,3119135,41066,3360,0,27,133182,9206640,28,127866,0,0,crIgUHSK8h,2Knk1KF,taul,1K8T,0Xwj,vHHY4q6,o1J8rHI,gMVu,HLqf,RVjC,VpdQ,Tkho,me75fM6ugJ,sBgB,uKAI,Mtgm,NhsEn4L,beK4AFX,YihF,UYBR,AU8_WTd,R4hm94s,oslk,oSyMpgG,jySVZNlOJy,FSa2,RAYp,55YFVY9
0,588,0,0,332,415,120,286.96,0,7925580,0,0.2653279,9,18,0,1018952,0,88182.59,50,8,80,64,90834,1210,120,0,0,2143610,247210,0,0,9,703843,10351600,52,499062,0,0,CEat0G8rTN,RO12,taul,1K8T,0Xwj,4rXn9NE,hOpRIhsUSP,QIBm,HLqf,e7QV,VpdQ,zm5i,me75fM6ugJ,sBgB,uKAI,L84s,NhsEn4L,NGZxnJM,FI62,cJvF,FzaX,dqL8hdx,oslk,MnYAKIt,LM8l689qOp,fKCe,RAYp,F2FyR07IdsN7I
0,1036,7,316,184,230,160,94.56,0,21360,0,6.54561,18,106,49,11576,0,1070.421,0,12,80,48,8991.44,650,30,378,0,31575,11024,265,0,18,8687,77620,18,15426,0,0,mzKvyx8zhV,2Knk1KF,taul,1K8T,lK27,rXHcNhj,bGUqwlz,AzD3,9_Y1,QMes,VpdQ,giwq,me75fM6ugJ,kIsH,uKAI,L84s,h0lfDKh52u4GP,IoI4mKe,84uZ,cJvF,FzaX,u9OfrxM,oslk,5Doz_Kt,LM8l689qOp,WqMG,RAYp,55YFVY9
0,812,21,8704,120,150,0,243.44,0,82854,0,6.778039,27,122,553,5529600,0,221602.8,0,0,32,64,393545.2,470,6,17352,0,9047650,0,10280,0,54,1209600,10058160,42,0,0,0,lAFr4RQZiT,2Knk1KF,taul,1K8T,4fje,_ybO0dd,BQy_jOIZPA,hJPt,9_Y1,z5Ry,VpdQ,itlM,me75fM6ugJ,kIsH,uKAI,L84s,XfqtO3UdzaXh_,XTbPUYD,hIp0,UYBR,FzaX,L91KIiz,oslk,CE7uk3u,jySVZNlOJy,FSa2,RAYp,55YFVY9
0,112,7,192,68,85,48,133.12,0,14850,0,4.503952,18,218,7,2512,0,1095.528,0,0,0,8,3891.576,600,12,6399,0,13300,9708,50,0,27,0,41212,16,0,0,0,MtpBcmzkzH,NRCqczK,CiJDdr4TQ0rGERIS,1K8T,lK27,fhk21Ss,VxueejWCG_,_Cd2,9_Y1,rzbc,09_Q,y6dw,7M47J5GA0pTYIFxg5uy,kIsH,uKAI,L84s,_5OXC8MSLt,kZJMFCG,wtvU,cJvF,FzaX,4UxGlow,oslk,catzS2D,LM8l689qOp,Qcbd,ZI9m,NoEd
0,1400,14,6648,128,160,8,253.52,0,7257600,0,6.600727,18,60,63,1382400,0,58284,35,0,32,16,127508,890,84,13338,0,3299435,9852,4440,0,9,0,10608040,16,0,0,0,64ngUH7IEC,RO12,taul,1K8T,487l,uqsq_S5,Hz6CKEGgV0Vbb,ELeU,9_Y1,7WNq,09_Q,sYC_,me75fM6ugJ,kIsH,uKAI,L84s,NhsEn4L,kq0n8Bj,PJaR,UYBR,FzaX,pIAmJge,oslk,f76ryQi,LM8l689qOp,WqMG,RAYp,F2FyR07IdsN7I
0,2408,7,4,456,570,216,134.56,0,5174100,0,0.9292886,9,34,0,631552,3,71905.5,45,12,80,128,101737.6,1350,108,198,8,3754870,354732,20,0,18,82481,10486000,76,991812,0,0,crIt0Go8Lb,RO12,taul,1K8T,7gSz,PTPnCPt,lGXpFd_2Rf,XcYz,9_Y1,rGJy,09_Q,IYzP,me75fM6ugJ,kIsH,uKAI,L84s,NhsEn4L,mAj8cnz,Hl_U,UYBR,FzaX,t0r88FJ,oslk,CqxAwsZ,LM8l689qOp,Qu4f,RAYp,F2FyR07IdsN7I
0,4081,7,4,188,235,24,286.96,0,3849246,0,1.012604,9,32,0,4078160,0,30929.1,25,6,48,48,191185.6,855,84,558,0,4618060,378168,115,0,9,1209600,10563000,32,176802,0,0,1fZWq6e2Rv,RO12,taul,1K8T,AHgj,KwenkcQ,zA2IZno2NK,lrFp,9_Y1,_xpN,VpdQ,zm5i,me75fM6ugJ,kIsH,uKAI,L84s,NhsEn4L,kZJyVg2,d7gb,UYBR,FzaX,XqwYlW4,oslk,sMvE4Qn,LM8l689qOp,FSa2,RAYp,F2FyR07IdsN7I
0,98,0,0,192,240,40,262.64,0,4835556,0,0.03823969,9,18,0,435248,0,136293.9,25,8,48,40,-140221.6,265,72,0,0,3238310,618738,0,0,9,860923,9580320,34,1090170,0,0,zcRZptzip9,RO12,taul,1K8T,OY2L,VGCYguU,V6XUlxabJ4VaD,oIfG,9_Y1,t_4G,VpdQ,zm5i,me75fM6ugJ,kIsH,uKAI,L84s,NhsEn4L,NGZxnJM,Yoak,cJvF,FzaX,2FeRJnY,oslk,QwZDUcR,LM8l689qOp,Qu4f,RAYp,F2FyR07IdsN7I
0,2289,7,332,136,170,32,331.52,0,2598456,0,1.715018,9,50,252,3225664,0,14852.82,15,4,32,40,171736.8,990,42,19953,0,4712025,633616,7590,0,9,0,9966040,26,950424,0,0,v0Nt0Go8Lb,RO12,taul,1K8T,lK27,tAqBboK,Pkku4gO,JBev,9_Y1,Z5OU,VpdQ,IYzP,me75fM6ugJ,kIsH,uKAI,L84s,NhsEn4L,mAjbk_S,p8tg,cJvF,FzaX,B0LABPr,oslk,UP3EVaf,LM8l689qOp,Qu4f,RAYp,F2FyR07IdsN7I
0,1085,7,3436,244,305,152,143.12,0,0,0,2.705618,9,102,49,180304,0,13141.62,5,14,16,56,-15858.72,935,0,10422,0,546850,98638,305,0,18,51345,863820,54,176502,0,0,zC_Wq6e2Rv,eSGpMwS8zSGgq_trOpckZ5,taul,1K8T,lK27,xUTs45W,Tg7jjBB,hltI,9_Y1,_xpN,VpdQ,6JmL,GjJ35utlTa_GNSvxxpb9ju,kIsH,uKAI,L84s,UbxQ8lZ,ORMRote,EOfm,UYBR,FzaX,LwGNkvV,Al6ZaUT,8erevng,LM8l689qOp,FSa2,02N6s8f,R4y5gQQWY8OodqDV
0,609,0,0,148,185,48,286.96,0,8238120,0,3.531938,9,28,0,0,0,177943.2,30,4,32,0,385818,570,96,0,0,149930,1002466,0,0,9,0,10381760,14,1036800,0,0,KXMrEyXXnK,RO12,taul,1K8T,LLPZ,MErO9Nm,e1XhvTunuD,fKlM,9_Y1,SkZj,VpdQ,zm5i,me75fM6ugJ,kIsH,uKAI,Mtgm,NhsEn4L,kZJtVhC,xYbR,UYBR,FzaX,1nA68SY,oslk,mhe7j0h,LM8l689qOp,Aoh3,RAYp,F2FyR07IdsN7I
0,252,0,0,128,160,24,388,0,6001200,0,2.030763,9,18,0,1382400,0,171181.2,35,0,32,16,141740.8,540,72,0,0,3152220,518400,0,0,9,0,10669800,16,0,0,0,9rAq9at_88,RO12,taul,1K8T,lK27,OENRWXF,Pkp8AVd9jw2zY,tjo7,9_Y1,KfYH,09_Q,IYzP,me75fM6ugJ,kIsH,g5HH,L84s,NhsEn4L,cUQq_fl,HsUK,cJvF,FzaX,rHB9eoy,oslk,1j2Q5_S,LM8l689qOp,me1d,RAYp,F2FyR07IdsN7I
0,1246,0,0,352,440,248,166.56,0,0,0,4.654775,18,20,0,761032,0,9664.68,10,30,152,216,86325.2,2285,0,0,0,295040,238606,0,0,0,184443,1539412,26,308430,0,0,a4vvyxLkBI,RO12,taul,1K8T,pdks,6KF0k8W,UFIdC8I,xj7V,9_Y1,_r21,VpdQ,IYzP,me75fM6ugJ,kIsH,uKAI,L84s,NhsEn4L,mAja5EA,9V2t,cJvF,FzaX,ot6oLzk,oslk,IIvC99a,LM8l689qOp,xb3V,RAYp,F2FyR07IdsN7I
0,1064,7,2772,136,170,24,300.32,0,5228406,0,0.2862636,9,94,602,1659168,0,174858.3,15,6,32,24,193186.8,500,66,4536,0,4357005,475286,410,0,27,342944,10652800,22,1426182,0,0,NESWq69R_D,RO12,taul,1K8T,lK27,EKR938I,NBVUlxazOhDyL,0xFv,9_Y1,RVjC,sJzTlal,sYC_,me75fM6ugJ,kIsH,uKAI,L84s,NhsEn4L,beK4AFX,Kz6e,UYBR,FzaX,OrnLfvc,oslk,1J2cvxe,LM8l689qOp,FSa2,RAYp,F2FyR07IdsN7I
0,483,7,36,124,155,0,299.92,0,11164680,0,3.615253,9,38,21,0,0,85288.5,30,0,24,0,44172,475,132,51894,0,132370,0,945,0,18,0,9622640,6,0,0,0,5_lq9aXt5a,RO12,taul,1K8T,487l,tUuJwlU,0ZlStaN,zgFp,9_Y1,Y9Bl,VpdQ,sYC_,me75fM6ugJ,kIsH,uKAI,Mtgm,NhsEn4L,mAjR0Ac,1_T1,UYBR,FzaX,0vKvEWW,oslk,SqzQZmh,LM8l689qOp,uWr3,RAYp,F2FyR07IdsN7I
0,987,14,3880,144,180,104,607.92,0,3527574,0,1.383892,18,170,42,1480656,0,179277.9,5,8,32,48,99110.4,590,48,13140,0,1728000,2165660,655,0,72,604800,10533760,8,2073600,0,0,dRagUHXM47,NMCEYavk0YOlqn2jHeEDjP0xsdXeAZGnZDN0NOfV,taul,1K8T,TyGl,fqeOwLG,DeK_CPAMMq,upEj,9_Y1,STGZ,VpdQ,kxE9,7M47J5GA0pTYIFxg5uy,kIsH,uKAI,L84s,XfqtO3UdzaXh_,_JdH8mF,Caho,UYBR,FzaX,fxJmel6,oslk,WfsWw2A,LM8l689qOp,453m,ZI9m,iyHGyLCEkQ
0,70,0,0,68,85,16,198.88,0,7409280,0,6.860927,9,16,0,3309032,0,319539,10,0,24,24,-34797.56,185,42,0,0,1833485,316820,0,0,0,0,10508480,6,0,0,0,2jiWq69cTy,RO12,taul,1K8T,ssAy,tSzCYcI,etM739XNb0Rf0,opWD,9_Y1,Px52,VpdQ,IYzP,me75fM6ugJ,kIsH,uKAI,L84s,NhsEn4L,mAja5EA,RXGa,UYBR,FzaX,ooBoGGc,oslk,hqtMtzo,LM8l689qOp,PM2D,RAYp,F2FyR07IdsN7I
0,1645,7,1592,132,165,16,473.68,0,3688992,0,5.156804,9,60,14,3456000,0,79567.2,15,0,32,40,63982.4,560,48,46242,0,5944700,263338,6135,0,18,1209600,10307160,30,0,0,0,uGLq9ayE15,RO12,taul,1K8T,LXO4,creaF5r,k10MzgT,6Adr,9_Y1,QBpP,VpdQ,sYC_,me75fM6ugJ,kIsH,uKAI,L84s,NhsEn4L,kq0n8Bj,2di8,cJvF,FzaX,PhzfR8o,oslk,JEtAgOW,LM8l689qOp,7P5s,RAYp,F2FyR07IdsN7I
0,672,7,960,132,165,8,186.64,0,384498,0,5.380261,9,32,56,6220800,0,197493,0,0,32,72,649228,515,6,2304,0,9080450,52314,195,0,0,0,10735720,44,0,0,0,3HjOj17ejg,RO12,taul,1K8T,mAW3,2gNd3iM,y2LIM01bE1,tSfn,9_Y1,zfpA,sJzTlal,IYzP,me75fM6ugJ,kIsH,uKAI,Mtgm,NhsEn4L,mAjbk_S,VXP0,UYBR,FzaX,wUQOw16,oslk,oCqTy9x,LM8l689qOp,7aLG,RAYp,F2FyR07IdsN7I
0,56,7,48,308,385,184,200,0,0,0,3.002777,9,112,0,0,0,6397.38,0,0,0,0,58182,990,0,405,0,670730,35908,550,0,9,0,608400,108,0,0,0,HrWrjIXt5a,RO12,taul,1K8T,TyGl,iJzviRg,J1MZ1kd,8rWl,9_Y1,m7JR,sJzTlal,hAFG,7M47J5GA0pTYIFxg5uy,kIsH,uKAI,L84s,cOJGGr4F_wga1,kZJZ8zP,GfNp,cJvF,FzaX,ch2oGfM,zCkv,P6pu4Vl,jySVZNlOJy,5Acm,ZI9m,R4y5gQQWY8OodqDV
0,1897,14,4940,212,265,168,220.08,0,34314,0,3.938047,18,78,0,350440,0,14071.92,0,28,88,80,-262406.4,845,6,51759,0,96665,186878,855,0,18,166096,855176,14,308988,0,0,4e7Wq69R_D,RO12,taul,1K8T,j1T2,pfMkKKt,hQc1Epv,iqMO,9_Y1,Px52,sJzTlal,IYzP,me75fM6ugJ,kIsH,uKAI,L84s,NhsEn4L,mAjbk_S,p3Gw,UYBR,FzaX,4LA8jNM,oslk,5i2Qhib,LM8l689qOp,PM2D,RAYp,F2FyR07IdsN7I
0,770,0,8,128,160,0,220.08,0,2740074,0,0.6150395,9,48,0,4147200,0,232566,10,0,32,48,138110.4,485,36,36225,0,7417300,0,0,0,0,1814400,10525360,36,0,0,0,bt0mfo875g,RO12,taul,1K8T,QQSE,jfPGUL5,ThrHXVS,X641,9_Y1,_48V,sJzTlal,IYzP,me75fM6ugJ,kIsH,uKAI,L84s,NhsEn4L,mAja5EA,sgM3,UYBR,FzaX,dbpDBnE,oslk,H_MRmrT,jySVZNlOJy,3Cy4,RAYp,F2FyR07IdsN7I
0,987,7,196,132,165,0,66.88,0,10257540,0,1.621021,9,34,7,0,3,164963.7,45,0,32,0,74634,655,120,3258,8,830990,0,1620,0,0,0,10613560,8,0,0,0,DHegUHXZeb,AERks4l,taul,1K8T,lK27,5SIRWXF,zA2IZno2NK,jxYA,9_Y1,STGZ,VpdQ,IYzP,GjJ35utlTa_GNSvxxpb9ju,kIsH,uKAI,L84s,JBfYVit4g8,uZLz8Sc,T8zH,cJvF,FzaX,ylCHDAR,Al6ZaUT,pXqsTKW,LM8l689qOp,453m,02N6s8f,xwM2aC7IdeMC0
0,1267,21,10260,208,260,128,200,0,1661358,0,6.951078,27,196,154,1434272,0,29974.92,20,10,64,48,245195.6,605,90,6453,0,221040,446834,16285,0,36,117264,3899944,12,234240,0,0,P1WvyxLp3Z,g62hiBSaKg,taul,1K8T,0Xwj,fhk21Ss,IG_G867,p0CN,F3hy,FbIm,VpdQ,y6dw,7M47J5GA0pTYIFxg5uy,kIsH,uKAI,L84s,_5OXC8MSLt,LxWMvcL,QKQN,UYBR,FzaX,4UxGlow,oslk,catzS2D,LM8l689qOp,xb3V,ZI9m,ib5G6X1eUxUn6
0,1113,14,2536,208,260,32,288.16,0,9106440,0,3.77398,18,78,0,4080,0,141515.7,50,0,48,24,184046,690,114,72504,0,995400,264346,2425,0,9,0,10781440,32,0,0,0,1JGr4RKzJV,RO12,taul,1K8T,TyGl,9aJQuiN,V6XUlxabJ4VaD,wPAU,9_Y1,DtNL,VpdQ,IYzP,me75fM6ugJ,kIsH,uKAI,L84s,NhsEn4L,mAjbk_S,EZYk,UYBR,wwPEXoilkr,YTCC8W8,oslk,4JmrfQx,LM8l689qOp,FSa2,RAYp,F2FyR07IdsN7I
0,1897,7,904,396,495,320,136.48,0,23712,0,3.888699,9,52,77,348256,0,6091.08,20,22,136,104,173058,1540,60,4878,0,55035,347320,410,0,0,381381,1362824,42,642642,0,0,TfiBcmzkzH,RO12,taul,1K8T,uErj,C9mYk2K,q2tfFQq,oyj8,9_Y1,yrDU,VpdQ,IYzP,me75fM6ugJ,kIsH,uKAI,L84s,NhsEn4L,TDcECyH,Wc4m,cJvF,FzaX,8huKVq0,oslk,7V8NFRU,LM8l689qOp,Qcbd,RAYp,F2FyR07IdsN7I
0,2730,21,3560,128,160,80,166.56,0,2079738,0,5.246315,45,108,63,1382400,0,82803.3,10,10,40,16,25059.72,610,30,2511,0,2805415,1728000,135,0,9,1209600,9856160,16,2592000,0,0,Qu0qrQKzJV,2Knk1KF,taul,1K8T,PGNs,B9C_VFS,wD13J6M,__UP,9_Y1,15m3,VpdQ,sYC_,me75fM6ugJ,kIsH,uKAI,L84s,NhsEn4L,beK4AFX,nA3v,UYBR,FzaX,ylC3DH0,oslk,kiBhOcm,jySVZNlOJy,FSa2,RAYp,55YFVY9
0,280,0,0,128,160,0,266.4,0,103662,0,6.480453,9,20,0,5456672,0,211657.2,5,0,32,64,53921.2,500,12,0,0,9072000,0,0,0,9,0,10055920,42,0,0,0,1KSr4RK2Mx,RO12,taul,1K8T,487l,0v27GMk,bBMln7rdWCIGYJvi,FjIq,9_Y1,DtNL,VpdQ,zm5i,me75fM6ugJ,kIsH,uKAI,Mtgm,NhsEn4L,7WwOAni,Wo1v,UYBR,wwPEXoilkr,YBh0nTz,oslk,J_tzF_Q,LM8l689qOp,FSa2,RAYp,F2FyR07IdsN7I
0,518,0,0,136,170,24,323.12,0,377346,0,5.764153,9,26,0,5165008,0,205467.9,5,2,32,64,113349.6,510,6,0,0,7807700,503654,0,0,9,0,10495160,40,93030,0,0,vAsgUHXM47,RO12,taul,1K8T,h3JW,qmXeQY2,MXlhT5l,vh2B,9_Y1,STGZ,09_Q,zm5i,me75fM6ugJ,kIsH,uKAI,L84s,NhsEn4L,kZJyVg2,88C3,cJvF,FzaX,TIBRPEi,oslk,jpB0V7y,LM8l689qOp,453m,RAYp,F2FyR07IdsN7I
0,1785,7,220,64,80,8,224.32,0,2058,0,4.269173,9,50,0,6352,0,5548.74,0,4,8,8,-12629.24,545,6,2439,0,21890,316,3125,0,0,0,28936,22,9366,0,0,DHegUHXZeb,AERks4l,taul,1K8T,0kpG,3FCrXBz,hCdK,EOBC,9_Y1,8BBI,VpdQ,IYzP,7M47J5GA0pTYIFxg5uy,kIsH,uKAI,L84s,fnfcPDe,NGZf5u4,RRN_,UYBR,FzaX,oatipLp,QKW8DRm,RsCQLlz,LM8l689qOp,453m,vJ_w8kB,xwM2aC7IdeMC0
0,1057,7,536,168,210,104,133.12,0,19302,0,0.2260201,9,78,21,2558120,0,65618.41,5,4,48,80,87889.2,780,18,283941,0,2674720,471948,2660,0,18,952203,4659120,26,417180,0,0,Ie5gUH7IEC,RO12,taul,1K8T,dm89,_93bEE0,r83_sZi,wytp,9_Y1,1Bp0,VpdQ,6JmL,me75fM6ugJ,kIsH,uKAI,L84s,XfqtO3UdzaXh_,kq0IkyT,ASh9,cJvF,FzaX,wZZCLWs,oslk,9iFWDFK,LM8l689qOp,WqMG,RAYp,F2FyR07IdsN7I
0,1092,7,468,148,185,16,259.92,0,5340336,0,6.702628,9,174,21,633616,0,81461.09,35,6,32,8,112344,900,84,9954,0,3793865,316812,840,0,18,554428,10405560,20,1124250,0,0,639qrQK2Mx,qqimvRzsp8ZZdKRPgzLg68joSn_k,taul,1K8T,4fje,fhk21Ss,EXpWEXgaYpMJ7,aylH,9_Y1,15m3,VpdQ,hAFG,7M47J5GA0pTYIFxg5uy,kIsH,uKAI,L84s,XfqtO3UdzaXh_,XTbPUYD,x5xg,cJvF,FzaX,4UxGlow,oslk,catzS2D,LM8l689qOp,FSa2,ZI9m,iyHGyLCEkQ
0,1274,14,4388,136,170,24,253.52,0,6177780,0,2.01474,18,90,266,2707640,0,126073.8,25,0,40,40,408152,515,78,13194,0,3106375,475214,5010,0,27,705936,10491920,16,0,0,0,FoxgUHSK8h,AERks4l,taul,1K8T,PbOJ,PHNvXy8,hCdK,MMa_,9_Y1,z5Ry,VpdQ,IYzP,NKv3VA1BpP,kIsH,uKAI,Mtgm,Ie_5MZs,cUQZTTg,Cuc3,UYBR,FzaX,UF16siJ,zCkv,APgdzOv,LM8l689qOp,FSa2,6fzt,xwM2aC7IdeMC0
0,826,7,268,140,175,24,286.96,0,4423794,0,3.405042,18,154,0,2073632,0,172574.4,20,6,40,24,119199.2,565,60,1404,0,3823360,518400,160,0,36,0,10082400,24,1045020,0,0,CEat0G8rTN,2Knk1KF,taul,1K8T,Uk76,4rXn9NE,5q1hF23,agam,9_Y1,e7QV,09_Q,haYg,me75fM6ugJ,kIsH,uKAI,Mtgm,XfqtO3UdzaXh_,XTbPUYD,HEX_,UYBR,FzaX,dqL8hdx,oslk,MnYAKIt,LM8l689qOp,fKCe,RAYp,TCU50_Yjmm6GIBZ0lL_
0,2016,7,240,224,280,208,200,0,0,0,2.864132,9,130,42,331536,0,14573.88,0,14,48,112,-41102.8,1100,0,3330,0,135650,166432,50,0,0,71204,921184,18,471048,0,0,S8dr4RQxul,2Knk1KF,taul,1K8T,PGNs,FSVXtaU,msIzzNai_Z,yG_y,9_Y1,z5Ry,VpdQ,IYzP,me75fM6ugJ,kIsH,uKAI,L84s,NhsEn4L,beK4AFX,QcPI,UYBR,FzaX,R4hRoKG,oslk,AEKwFs9,LM8l689qOp,FSa2,RAYp,55YFVY9
0,784,7,1516,120,150,8,320.4,0,1036800,0,5.96881,9,60,49,6220800,0,169136.7,0,0,32,72,33382.44,540,12,19935,0,7735050,61164,1410,0,27,0,10112000,36,0,0,0,HYTrjIK12c,RO12,taul,1K8T,pGTb,cnW0CV_,9HOPNsJ,qbvZ,9_Y1,7WNq,09_Q,sYC_,me75fM6ugJ,kIsH,uKAI,L84s,NhsEn4L,kq0n8Bj,ejsS,UYBR,FzaX,nEyNT4W,oslk,QuuQ5_S,LM8l689qOp,WqMG,RAYp,F2FyR07IdsN7I
0,2478,7,352,172,215,104,166.56,0,0,0,0.8299509,9,42,63,714320,0,20181.84,5,20,104,112,-274123.2,905,0,22149,0,100760,298176,715,0,0,235641,1936684,10,835446,0,0,dRavyx7ejg,RO12,taul,1K8T,Bxva,ka3eV8O,hOpMh7dRpW,oyUC,9_Y1,YGOC,09_Q,IYzP,DHn_WUyBhW_whjA88g9bvA64_,kIsH,uKAI,L84s,CrNX,mAjbq_f,lQQg,UYBR,FzaX,UvL_w6z,d0EEeJi,nuwugiB,LM8l689qOp,szEZ,nIGXDli,F2FyR07IdsN7I
0,3073,7,2424,144,180,48,286.96,0,8237220,0,5.620808,18,156,133,133504,0,42744.3,25,10,32,8,114359.2,3565,96,61668,0,142525,882432,315,0,27,0,10531040,6,2048880,0,0,CxSr4RXktW,onTuEhrJJQy_H3IHkZku5AFczhYGqxJ890,taul,1K8T,OTVu,fqeOwLG,e1XhvTunuD,2OWh,9_Y1,Albh,VpdQ,hAFG,7M47J5GA0pTYIFxg5uy,kIsH,uKAI,L84s,9pUnzWLbztKTo,beK7yMh,wurD,cJvF,FzaX,fxJmel6,zCkv,WfsWw2A,jySVZNlOJy,Xa3G,ZI9m,iyHGyLCEkQ
0,1302,7,108,156,195,64,365.04,5,5452308,0,3.31019,9,30,0,2928544,0,117416.7,25,2,48,40,580788,560,72,117207,8,1945035,1043344,2970,0,9,0,10542840,16,518400,0,0,MlYvyx875g,AERks4l,taul,1K8T,0kpG,D5mCreM,76j2P_OLn0,7yo6,9_Y1,MBhA,VpdQ,43pnToF,GjJ35utlTa_GNSvxxpb9ju,kIsH,uKAI,L84s,JBfYVit4g8,TDctq2l,u_cA,UYBR,FzaX,Dnd1_tC,Al6ZaUT,1qW3yNE,LM8l689qOp,WqMG,02N6s8f,xwM2aC7IdeMC0
0,826,14,2840,144,180,48,288.72,0,2420970,0,1.501175,18,60,161,1900944,0,213642.6,40,4,56,24,140098,540,36,936,0,4277855,950470,245,0,9,1108884,10516480,22,621372,0,0,_v2gUHXZeb,RO12,taul,1K8T,LloI,jEC3vg3,Oe4E7cR6Kt,upEj,9_Y1,STGZ,VpdQ,43pnToF,me75fM6ugJ,kIsH,uKAI,L84s,NhsEn4L,mAjcfkM,Caho,UYBR,FzaX,x_lA5lA,oslk,3B1mC_N,M_8D,453m,RAYp,F2FyR07IdsN7I
0,434,0,0,144,180,24,296.96,0,5217234,0,0.1403546,18,22,0,3725872,0,108804.6,20,0,40,48,194279.6,745,66,0,0,4297755,218218,0,0,9,0,10169680,24,0,0,0,8Iqt0G8rTN,eSGpMwS8zSGgq_trOpckZ5,taul,1K8T,487l,0vOuYde,Z8ZAV8jDl3,LukO,9_Y1,k13i,VpdQ,zm5i,GjJ35utlTa_GNSvxxpb9ju,kIsH,uKAI,L84s,UbxQ8lZ,y5F67VR,FHLW,cJvF,FzaX,GCMtpkh,Al6ZaUT,zfWNa8V,LM8l689qOp,fKCe,02N6s8f,R4y5gQQWY8OodqDV
0,938,14,1108,136,170,96,253.52,0,4508034,0,6.517838,18,36,294,0,0,185382.9,25,8,32,0,101900.8,520,54,3744,0,181650,2073600,535,0,9,0,10397320,8,2057184,0,0,DQlrEyXXnK,RO12,taul,1K8T,lK27,3FCbvIY,KCd4kgY6phKfE,fKlM,9_Y1,SkZj,VpdQ,zm5i,me75fM6ugJ,kIsH,uKAI,L84s,NhsEn4L,NGZxnJM,0JcG,UYBR,FzaX,1hfsbNi,oslk,fV_uxtu,LM8l689qOp,Aoh3,RAYp,F2FyR07IdsN7I
0,1036,7,524,68,85,56,186.64,0,518400,0,5.178167,36,156,0,317448,0,25894.38,5,4,16,8,36562.16,295,6,4878,0,461725,55794,490,0,36,0,1075088,10,114354,0,0,CEaBcmz45j,2Knk1KF,taul,1K8T,lK27,OJdcVcA,76j2P_OLn0,2bVl,9_Y1,WGOH,VpdQ,hzlB,me75fM6ugJ,kIsH,uKAI,L84s,XfqtO3UdzaXh_,XTbPUYD,rdgs,UYBR,FzaX,rPpfql_,oslk,d1cRkup,LM8l689qOp,Qcbd,RAYp,TCU50_Yjmm6GIBZ0lL_
0,854,7,164,140,175,32,220.08,0,8531040,0,4.016022,9,34,56,1382400,0,159459.9,35,0,32,16,106514,520,102,2286,0,1748795,176006,215,0,9,0,10491240,10,0,0,0,MlYvyx875g,RO12,taul,1K8T,pGTb,aKBg0iR,5q1hF23,7MgF,9_Y1,MBhA,09_Q,zm5i,me75fM6ugJ,kIsH,uKAI,Mtgm,NhsEn4L,kZJtVhC,ft_X,UYBR,FzaX,8GKOjel,oslk,APUE4Qn,LM8l689qOp,WqMG,RAYp,F2FyR07IdsN7I
0,889,0,8,124,155,120,186.64,0,1470084,0,6.664174,9,108,0,1671848,0,139010.4,5,10,32,24,58569.6,495,24,252,0,1296000,2590060,0,0,27,604800,9137960,6,1656336,0,0,64ngUH7IEC,2Knk1KF,taul,1K8T,72yt,UsS0iwa,CRwkRNVRGo,5OV_,9_Y1,m_h1,VpdQ,Tkho,me75fM6ugJ,kIsH,uKAI,L84s,NhsEn4L,beK4AFX,GbiX,UYBR,qxDb,UF1OtFs,oslk,O45qCcD,LM8l689qOp,WqMG,RAYp,55YFVY9
0,217,0,0,32,40,8,186.64,0,7525800,0,5.726127,9,18,0,0,0,225228.3,0,2,8,0,-622380,300,18,0,0,547380,702356,0,0,9,2729748,8419680,6,2339784,0,0,2AAWq69R_D,RO12,taul,1K8T,R4_H,Pvu4X3H,KyxX4chnKM,0wEL,9_Y1,Px52,sJzTlal,zm5i,me75fM6ugJ,kIsH,uKAI,Mtgm,NhsEn4L,TDcwKda,di_0,UYBR,FzaX,95r8hdx,oslk,Pk67qqc,LM8l689qOp,PM2D,RAYp,F2FyR07IdsN7I
0,3885,7,3524,216,270,48,253.52,0,1976700,0,4.48558,9,78,14,1380448,0,41685.9,35,12,64,32,132792.8,2225,66,17010,0,6899350,248170,2710,0,9,126301,10166720,40,836958,0,0,1GdOj1KXzC,RO12,taul,1K8T,sj_R,X94yoBp,6uerj6GG35,pxv3,9_Y1,_KXv,VpdQ,IYzP,me75fM6ugJ,kIsH,uKAI,L84s,NhsEn4L,mAja5EA,RymP,cJvF,FzaX,YXhOtFs,oslk,JAwObSS,jySVZNlOJy,kwS7,RAYp,F2FyR07IdsN7I
0,742,14,404,168,210,0,166.56,0,726666,0,5.647725,45,106,35,5010504,0,216999.9,10,4,48,72,137727.6,615,42,40590,0,8649250,0,1400,0,0,604800,10421840,44,137202,0,0,1GdOj17ejg,2Knk1KF,taul,1K8T,TyGl,OJdRB4d,n1zVHpT8NN,bJAd,9_Y1,eQTr,09_Q,sYC_,me75fM6ugJ,kIsH,uKAI,L84s,NhsEn4L,kq0aHkC,_dYL,cJvF,FzaX,Lu888FJ,oslk,uVOTzYj,M_8D,7aLG,RAYp,55YFVY9
0,1225,7,1132,300,375,72,213.36,0,368676,0,2.843837,9,124,77,108448,0,6856.74,0,0,40,112,150488,1095,6,8388,0,625235,18384,3485,0,18,21567,836964,102,0,0,0,_v2gUHXZeb,g62hiBSaKg,taul,1K8T,PGNs,fhk21Ss,P9HTde2,u8se,9_Y1,LqKm,VpdQ,haYg,7M47J5GA0pTYIFxg5uy,kIsH,uKAI,L84s,4ylQpLr46xum2hHQ,7Wwo8pg,7a_K,cJvF,FzaX,4UxGlow,z4pH,catzS2D,LM8l689qOp,453m,ZI9m,ib5G6X1eUxUn6
0,630,0,0,108,135,40,166.56,0,26364,0,3.394574,9,28,0,934920,0,19069.2,5,8,32,32,-31631.56,390,12,0,0,1389180,44308,0,0,9,8638,1731708,22,55986,0,0,yaKt0Go8Lb,AERks4l,taul,1K8T,0Xwj,HY0RMfX,m8Yf,5axd,HLqf,t_4G,VpdQ,IYzP,GjJ35utlTa_GNSvxxpb9ju,sBgB,uKAI,L84s,JBfYVit4g8,TDctq2l,AAAO,cJvF,FzaX,PCSF95t,Al6ZaUT,9dcSanL,jySVZNlOJy,Qu4f,02N6s8f,xwM2aC7IdeMC0
0,840,7,148,128,160,8,278.08,0,7588380,0,5.020722,9,44,14,2764800,0,225394.8,20,0,32,32,212904,495,90,51012,0,3304710,84676,1565,0,9,0,10636880,16,0,0,0,zKnr4RXktW,RO12,taul,1K8T,lK27,4M5uMXJ,CbcWkL1DRg48F,S0AX,9_Y1,5euo,09_Q,zm5i,me75fM6ugJ,kIsH,uKAI,L84s,NhsEn4L,mAjbk_S,qZh0,UYBR,qxDb,IvCOZ4E,oslk,FjXRDbC,LM8l689qOp,7FJQ,RAYp,F2FyR07IdsN7I
0,854,7,24,116,145,40,186.64,0,6044700,0,1.372997,9,56,0,0,0,140623.2,25,8,32,0,83243.6,470,72,342,0,694070,864000,95,0,18,0,9346080,6,2073600,0,0,oUPBcmzkzH,RO12,taul,1K8T,uNkU,yz3abdC,aBQaz51,VyZ6,9_Y1,WGOH,sJzTlal,TIA9,me75fM6ugJ,kIsH,uKAI,L84s,XfqtO3UdzaXh_,11p4mKe,P8X_,cJvF,FzaX,zQ_frxM,oslk,B0WAIRG,LM8l689qOp,Qcbd,RAYp,F2FyR07IdsN7I
0,833,7,2712,140,175,64,220.08,0,1730916,0,6.963683,9,182,14,2210816,0,44713.8,5,10,24,56,-143464,465,48,5202,0,1267290,505134,2085,0,27,258104,4883680,12,423456,0,0,etYt0G8EIb,RO12,taul,1K8T,2Ix5,fhk21Ss,y2LuFUfSEo,Xwa4,9_Y1,k13i,VpdQ,haYg,7M47J5GA0pTYIFxg5uy,kIsH,uKAI,L84s,QsQAxv5,KqjecMy,eaa9,UYBR,FzaX,4UxGlow,QKW8DRm,catzS2D,jySVZNlOJy,fKCe,ZI9m,iyHGyLCEkQ
0,686,7,360,252,315,144,166.56,15,0,0,1.052767,45,86,21,17944,3,5743.59,5,8,40,40,-1213588,590,0,33561,32,451315,32450,130,0,9,17822,461548,70,15012,0,0,uUdt0G8EIb,RO12,taul,1K8T,TyGl,gwY4NQF,76j2P_OLn0,UuL_,9_Y1,e7QV,VpdQ,69fI,me75fM6ugJ,kIsH,uKAI,L84s,XfqtO3UdzaXh_,11p4mKe,d3pI,UYBR,FzaX,t5EoLzk,oslk,ag5iNPX,LM8l689qOp,fKCe,RAYp,F2FyR07IdsN7I
0,665,7,1232,132,165,32,166.56,0,653850,0,6.324076,9,58,91,41888,0,38765.7,5,0,40,40,-1384264,490,18,19476,0,588825,115984,25,0,0,7882,1420868,40,0,0,0,1JGr4RKzJV,RO12,taul,1K8T,PGNs,apKnqNs,_UtlxbJ,Ha2D,9_Y1,DtNL,VpdQ,IYzP,me75fM6ugJ,kIsH,uKAI,L84s,NhsEn4L,mAjbk_S,3fQ5,cJvF,FzaX,7OmQAVC,oslk,76DYAUb,LM8l689qOp,FSa2,RAYp,F2FyR07IdsN7I
0,3066,28,1596,992,1240,160,286.96,5,5790762,0,4.699423,54,160,0,2553280,0,77417.7,235,162,560,208,219735.2,1980,198,3078,8,4004650,30212,125,0,27,691341,10165520,82,363018,0,0,75lq9ayfAo,LrdZy8QqgUfkVShG,taul,1K8T,GYbZ,fhk21Ss,1lFJzqR,rlx_,9_Y1,F_Lu,VpdQ,6JmL,7M47J5GA0pTYIFxg5uy,kIsH,7A3j,L84s,FMSzZ91zL2,OFqrZ3Z,TddH,UYBR,FzaX,4UxGlow,zCkv,catzS2D,LM8l689qOp,TNEC,ZI9m,ib5G6X1eUxUn6
0,427,14,2740,116,145,104,166.56,0,562704,0,4.011536,27,126,119,143008,0,133773,10,6,32,8,-647212,405,18,207018,0,679595,818700,6830,0,9,0,3364972,14,574602,0,0,AhzZptzip9,2Knk1KF,taul,1K8T,JLbT,mHggnZk,bAyfFVUl1u,oIfG,9_Y1,t_4G,sJzTlal,sYC_,DHn_WUyBhW_whjA88g9bvA64_,kIsH,uKAI,L84s,CrNX,pMWQVqj,jF2B,UYBR,FzaX,TPH4jrS,d0EEeJi,uiuoJ27,jySVZNlOJy,Qu4f,nIGXDli,55YFVY9
0,539,0,0,144,180,56,240.56,0,4147200,0,2.709036,18,20,0,605840,0,156866.4,30,10,48,32,107261.6,595,48,0,0,2499825,1144440,0,0,9,1209600,10299320,12,1581564,0,0,9rAq9at_88,RO12,taul,1K8T,sbZD,SkIJ4lp,COeL3MnlV_,sRth,9_Y1,KfYH,09_Q,wMei,me75fM6ugJ,kIsH,g5HH,L84s,NhsEn4L,TDc4Td_,yt5k,cJvF,FzaX,wIf0IU9,oslk,atnQv5o,LM8l689qOp,me1d,RAYp,F2FyR07IdsN7I
0,819,7,3676,140,175,8,271.44,0,9812460,0,2.778252,18,36,7,472512,0,219055.2,45,4,40,8,156804.4,475,114,7164,0,918755,48780,995,0,18,0,10675720,6,436512,0,0,DHeTmBftjz,RO12,taul,1K8T,OY2L,R4C9W2K,zIOePSP,IEDl,9_Y1,4N0K,sJzTlal,zm5i,me75fM6ugJ,kIsH,uKAI,Mtgm,NhsEn4L,mAjBRoX,ynbO,UYBR,FzaX,zqsvdH_,oslk,jhrTQlu,LM8l689qOp,Qu4f,RAYp,F2FyR07IdsN7I
0,798,14,2848,52,65,40,316.32,0,4467708,0,4.765007,45,54,518,208416,0,205156.8,5,2,16,8,-166659.6,380,18,4653,0,2436055,1215316,8330,0,18,182364,8987160,4,2018886,0,0,Yddq9ayE15,RO12,taul,1K8T,TyGl,gMwdbhC,itSGh3t,sdw6,9_Y1,NFMt,09_Q,IYzP,me75fM6ugJ,kIsH,uKAI,L84s,NhsEn4L,mAjcfkM,n3yQ,cJvF,FzaX,13jOjel,oslk,uCiTE6Y,LM8l689qOp,TNEC,RAYp,F2FyR07IdsN7I
0,987,7,100,248,310,248,133.12,0,0,0,0.5977355,9,110,7,322864,3,7216.29,0,8,56,120,18751.56,865,0,5355,8,111995,128390,750,0,27,64316,592308,24,126750,0,0,8Fdr4RXXnK,eSGpMwS8zSGgq_trOpckZ5,taul,1K8T,ZNsX,nLOAv9G,XpZBOej,fp8x,9_Y1,ZKJc,VpdQ,kxE9,GjJ35utlTa_GNSvxxpb9ju,kIsH,uKAI,L84s,UbxQ8lZ,ORMRote,OIHI,cJvF,FzaX,Oj6aoKL,Al6ZaUT,1qWpZje,LM8l689qOp,7FJQ,02N6s8f,R4y5gQQWY8OodqDV
0,966,14,1624,108,135,24,253.52,0,1914288,0,4.802392,18,60,105,289696,0,42978.9,10,0,16,32,-477432,330,30,37944,0,747940,26706,3360,0,9,6986,2543860,26,0,0,0,0vimfo8zhV,RO12,taul,1K8T,LloI,25Ax0bI,NFeIdpptt2Styxh1,Id5v,9_Y1,wGwL,VpdQ,IYzP,me75fM6ugJ,kIsH,uKAI,L84s,NhsEn4L,mAjbk_S,62ta,UYBR,FzaX,8c868SY,oslk,PQROEra,LM8l689qOp,wX53,RAYp,F2FyR07IdsN7I
0,994,7,876,268,335,184,186.64,0,4162266,0,1.019013,18,42,7,412496,0,187204.5,40,8,64,64,-226799.6,710,66,5337,0,267810,1753578,25,0,9,404341,9087200,26,1577190,0,0,P1WvyxLp3Z,RO12,taul,1K8T,UpNf,jF6Moat,3X0xOLn,4SAx,9_Y1,vzJD,09_Q,zm5i,me75fM6ugJ,kIsH,uKAI,L84s,NhsEn4L,mAja5EA,ZTs4,UYBR,FzaX,LwG8XLE,oslk,_XSRDbC,LM8l689qOp,xb3V,RAYp,F2FyR07IdsN7I
0,497,0,0,208,260,0,253.52,0,7621920,0,4.198035,9,28,0,1382400,0,199244.7,35,0,32,16,2487548,380,90,0,0,2889670,0,0,0,9,604800,10503400,56,0,0,0,lAFr4RQZiT,RO12,taul,1K8T,TyGl,wGQl2XU,8o3HXVS,HTi9,9_Y1,z5Ry,09_Q,zm5i,me75fM6ugJ,kIsH,uKAI,L84s,NhsEn4L,kZJtVhC,fVFR,UYBR,FzaX,GOYYjZW,oslk,fEMQguc,LM8l689qOp,FSa2,RAYp,F2FyR07IdsN7I
0,1155,7,168,276,345,80,359.28,0,200994,0,1.687674,18,90,0,88776,0,7526.13,20,30,48,72,-1814536,890,138,7929,0,23710,31150,20,0,0,30919,402324,16,153072,0,0,H7er4Rdc_a,RO12,taul,1K8T,L_LK,tkbYYlr,3CqGBE0NRp95N,jReB,9_Y1,em8I,09_Q,IYzP,me75fM6ugJ,kIsH,g5HH,L84s,XfqtO3UdzaXh_,11p4mKe,kIVy,cJvF,FzaX,5KqzVUs,oslk,nCi34g5,LM8l689qOp,me1d,RAYp,F2FyR07IdsN7I
0,3661,14,132,980,1225,24,286.96,0,4816080,0,0.2405469,18,178,77,1641872,0,49983.3,200,30,616,1112,162005.6,2830,84,3888,0,4864200,475206,155,0,45,596505,10573360,68,1053384,0,0,oUPBcmzkzH,2Knk1KF,taul,1K8T,kwI9,fhk21Ss,nDVACim,kFdJ,9_Y1,EwzD,VpdQ,hAFG,7M47J5GA0pTYIFxg5uy,kIsH,uKAI,L84s,Ie_5MZs,CWNY2py,pStk,cJvF,FzaX,4UxGlow,zCkv,catzS2D,LM8l689qOp,Qcbd,ZI9m,TCU50_Yjmm6GIBZ0lL_
0,294,0,0,124,155,152,220.08,0,0,0,5.430677,18,18,0,633648,0,169134.9,5,14,40,8,-33145.28,625,0,0,0,1188080,3283200,0,0,0,2419200,10396960,6,3628800,0,0,xearjIX0Db,RO12,taul,1K8T,0Xwj,vK5pXKQ,_jTP8ioIlJ,KMT8,HLqf,xQ2A,VpdQ,IYzP,me75fM6ugJ,sBgB,uKAI,L84s,NhsEn4L,kZJtVhC,v08N,UYBR,FzaX,3xM68SY,oslk,ZbRqhZX,LM8l689qOp,5Acm,RAYp,F2FyR07IdsN7I
0,735,7,504,116,145,32,193.28,0,1010622,0,3.903226,18,44,588,1733264,3,197832.3,5,8,40,32,-73104.4,515,12,12798,16,2886605,550260,35,0,0,587979,6261320,28,1190712,0,7,0vimfo8zhV,RO12,taul,1K8T,487l,gRinF0C,9YuuPSz3BI,jKCZ,9_Y1,7pVf,VpdQ,IYzP,me75fM6ugJ,kIsH,uKAI,L84s,NhsEn4L,mAjbk_S,LqRJ,UYBR,FzaX,SCnYWu3,oslk,WC7Esaq,jySVZNlOJy,wX53,RAYp,F2FyR07IdsN7I
0,903,14,712,40,50,8,266.88,0,1977660,0,0.700705,27,146,56,0,0,222416.7,5,4,24,0,35411.56,260,30,104157,0,3024000,85172,1515,0,18,0,10549480,2,7257600,0,0,u6tWq6edh4,2Knk1KF,taul,1K8T,0Xwj,KwenkcQ,hOpRIhsUSP,94aO,HLqf,_xpN,VpdQ,6JmL,me75fM6ugJ,sBgB,uKAI,L84s,XfqtO3UdzaXh_,XTbPUYD,P10Q,UYBR,FzaX,XqwYlW4,oslk,sMvE4Qn,jySVZNlOJy,FSa2,RAYp,55YFVY9
0,56,0,0,24,30,16,23.36,0,0,9,0.65627,9,18,0,0,6,211965,0,2,8,0,234156.4,200,0,0,24,7273800,1053784,0,0,0,0,9269520,6,2014338,0,0,GcUBcmz45j,RO12,taul,1K8T,TyGl,esxkA1P,k10MzgT,azFH,9_Y1,WGOH,VpdQ,IYzP,me75fM6ugJ,kIsH,uKAI,Mtgm,NhsEn4L,7WwuNea,yHtN,UYBR,FzaX,EPImS85,oslk,MI8s5nE,LM8l689qOp,Qcbd,RAYp,F2FyR07IdsN7I
0,1141,7,220,140,175,40,253.52,0,4626996,0,5.716941,9,34,35,1321216,0,96076.8,30,6,48,24,689720,730,60,4752,0,3157430,741558,1660,0,9,1108849,10393240,16,1425660,0,0,py5rEyXktW,RO12,taul,1K8T,0Xwj,T7cp9gW,oWVUlxabJo7j9,hzZb,HLqf,SkZj,09_Q,zm5i,me75fM6ugJ,sBgB,uKAI,L84s,NhsEn4L,mAjbk_S,wwsZ,UYBR,FzaX,9Hi6hzI,oslk,93cqqb8,LM8l689qOp,Aoh3,RAYp,F2FyR07IdsN7I
0,1729,7,1496,524,655,304,200,0,4248,0,3.873745,18,106,0,780120,0,8187.24,5,26,192,272,-193253.2,1825,6,18000,0,649780,215622,145,0,36,236509,1444280,88,147414,0,0,zKnr4RXktW,2Knk1KF,taul,1K8T,FgS1,fayYfhR,p528EHj,SDEA,9_Y1,Albh,VpdQ,hzlB,DHn_WUyBhW_whjA88g9bvA64_,kIsH,uKAI,L84s,JBfYVit4g8,beKoWjo,VPxR,cJvF,wwPEXoilkr,KbkKEj0,Al6ZaUT,QqVuch3,LM8l689qOp,Xa3G,02N6s8f,Zy3gnGM
0,133,0,0,208,260,72,278.16,0,1050786,0,2.908994,9,20,0,3681080,0,156328.8,15,6,40,64,143360.8,325,42,0,0,7110100,614560,0,0,9,0,10377240,44,869292,0,0,uUdt0G8EIb,RO12,taul,1K8T,Uk76,7c9SNLr,LJF4fPp,Ksk9,9_Y1,k13i,VpdQ,zm5i,me75fM6ugJ,kIsH,uKAI,L84s,NhsEn4L,kq0ExAK,tdSs,UYBR,FzaX,mTP8jNM,oslk,bMSObSS,LM8l689qOp,fKCe,RAYp,F2FyR07IdsN7I
0,4795,7,624,1052,1315,832,166.56,0,6906,0,3.472762,9,70,126,377136,0,2290.113,0,80,448,584,-12921,2680,30,26910,0,299510,147422,4085,0,18,131817,819096,82,137208,0,0,AUUt0GoOh3,RO12,taul,1K8T,g6No,Wq69B7S,_UtlxbJ,SSYN,9_Y1,Z5OU,VpdQ,sYC_,me75fM6ugJ,kIsH,uKAI,L84s,NhsEn4L,NGZ_CaA,iedD,UYBR,FzaX,h72uX8Z,oslk,bxCQb98,LM8l689qOp,Qu4f,RAYp,F2FyR07IdsN7I
0,1239,0,0,356,445,312,166.56,0,828,0,0.1568041,9,24,0,206936,0,4099.11,0,8,80,208,24781,1005,6,0,0,152155,127478,0,0,0,66934,517052,38,54528,0,0,HrWq9aXt5a,RO12,taul,1K8T,JLbT,wLsNWgo,V_KvNzO,zAnj,9_Y1,Y9Bl,VpdQ,IYzP,DHn_WUyBhW_whjA88g9bvA64_,kIsH,uKAI,L84s,CrNX,NGZ_12K,baJ4,cJvF,AU8pNoi,Ehly_P2,d0EEeJi,9FtSdpm,LM8l689qOp,uWr3,nIGXDli,F2FyR07IdsN7I
0,840,14,684,56,70,24,186.64,0,3594702,0,4.340953,27,76,0,0,0,40683.6,5,0,0,0,108325.6,375,36,11349,0,2732630,687568,1140,0,18,0,6953840,8,0,0,0,Yn7t0Go8Lb,eSGpMwS8zSGgq_trOpckZ5,taul,1K8T,lK27,ZIpns41,qormyAgIDQ,yuCb,9_Y1,C7DI,VpdQ,hAFG,GjJ35utlTa_GNSvxxpb9ju,kIsH,uKAI,L84s,UbxQ8lZ,ORMRote,waYA,cJvF,FzaX,yOO_Vq1,Al6ZaUT,7VZO9Vr,LM8l689qOp,Qu4f,02N6s8f,R4y5gQQWY8OodqDV
0,14693,7,200,2468,3085,1000,299.92,0,4359876,0,0.8256783,18,148,7,2610192,6,11055.21,120,92,496,624,117155.2,8205,588,113589,32,3927630,637162,355,0,45,527380,10467320,492,965130,0,14,npOBcmzkzH,2Knk1KF,taul,1K8T,0Xwj,xziqMKD,_UtlxbJ,mHE5,HLqf,KubS,VpdQ,hzlB,me75fM6ugJ,sBgB,uKAI,L84s,XfqtO3UdzaXh_,XTbPUYD,dHFT,UYBR,FzaX,KX868SY,oslk,Mkb2C8o,jySVZNlOJy,Qcbd,RAYp,55YFVY9
0,161,0,0,180,225,88,166.56,0,0,0,2.37257,9,16,0,523000,0,17227.14,0,6,40,80,6477.84,465,0,0,0,540145,83206,0,0,0,235263,904016,42,65982,0,0,voArjIXt5a,AERks4l,taul,1K8T,lK27,9GJGgoz,I1sqWRxUAv,1I5v,9_Y1,nr0d,09_Q,IYzP,Kxdu,kIsH,uKAI,L84s,FMSzZ91zL2,kq0IHVu,26Wn,cJvF,FzaX,Tvpip6Z,zCkv,hHJsvbM,LM8l689qOp,5Acm,6fzt,F2FcTt7IdMT_v
0,4123,7,268,140,175,32,320.4,0,1863306,0,3.089511,9,104,0,2744760,0,41341.5,20,2,48,40,295896,235,30,936,0,5888800,597086,55,0,18,505568,10007360,32,433344,0,0,_v2TmBftjz,eSGpMwS8zSGgq_trOpckZ5,taul,1K8T,EWYi,LWH6H6T,r83_sZi,3c02,9_Y1,4N0K,VpdQ,kxE9,DHn_WUyBhW_whjA88g9bvA64_,kIsH,uKAI,L84s,4ylQpLr46xum2hHQ,7WwK5g3,ua_8,cJvF,AU8pNoi,MmsZadR,z4pH,fjNSTzz,LM8l689qOp,Qu4f,nIGXDli,R4y5gQQWY8OodqDV
0,742,14,6492,116,145,144,233.44,0,0,0,0.68511,18,86,203,12072,0,42932.4,15,6,64,24,325076,325,0,81369,0,258185,319330,1195,0,0,403123,2191056,4,454518,0,0,Mtpt0G8EIb,RO12,taul,1K8T,EPHy,gwY4NQF,BbTxtaMIkZsn1,8jeQ,9_Y1,e7QV,VpdQ,IYzP,me75fM6ugJ,kIsH,uKAI,L84s,NhsEn4L,kq0aHkC,e_gK,cJvF,FzaX,t5EoLzk,oslk,ag5iNPX,LM8l689qOp,fKCe,RAYp,F2FyR07IdsN7I
0,1316,7,2196,256,320,200,179.92,0,230928,0,4.595386,18,128,133,13224,0,8548.771,15,32,112,16,-995264,885,84,439533,0,30675,143466,1425,0,27,1113,688708,8,282546,0,0,wRXmfo875g,2Knk1KF,taul,1K8T,lK27,Gjup2Rr,ELRUn57,ldCp,9_Y1,_48V,VpdQ,itlM,me75fM6ugJ,kIsH,uKAI,Mtgm,XfqtO3UdzaXh_,11p4mKe,laXS,cJvF,FzaX,G4u6pd1,oslk,yUzqFbB,LM8l689qOp,3Cy4,RAYp,55YFVY9
0,1078,7,204,160,200,16,195.92,0,3450180,0,2.504166,9,54,7,104888,0,70594.8,15,2,40,48,1071984,495,54,7029,0,4112535,102084,1175,0,0,0,6776200,38,51570,0,0,N_vrjIXt5a,RO12,taul,1K8T,vsvk,itE48fK,_jTP8ioIlJ,0iyF,9_Y1,EKFb,VpdQ,IYzP,me75fM6ugJ,kIsH,uKAI,L84s,NhsEn4L,mAjbk_S,jtMm,UYBR,FzaX,aAJYH7D,oslk,nDh2fT4,LM8l689qOp,5Acm,RAYp,F2FyR07IdsN7I
0,777,7,108,268,335,240,166.56,0,0,0,4.77697,18,92,56,1945976,0,11622.69,0,10,80,168,-182684.4,1390,0,3726,0,1142905,471774,1805,0,9,585151,2965820,22,202440,0,0,V8lt0G8rTN,RO12,taul,1K8T,2Ix5,EQsMhNR,_jTP8ioIlJ,dLKL,9_Y1,e7QV,VpdQ,wMei,me75fM6ugJ,kIsH,uKAI,L84s,h0lfDKh52u4GP,IoI4mKe,CRBM,UYBR,FzaX,KVX8iqZ,oslk,3A8Rt2K,LM8l689qOp,fKCe,RAYp,F2FyR07IdsN7I
0,798,7,192,104,130,8,258,0,9146760,0,4.914975,9,86,0,0,0,208084.5,35,0,24,0,1448008,475,108,6336,0,0,5624,770,0,9,0,8528280,0,0,0,0,xOXr4RXktW,RO12,taul,1K8T,0Y9G,cdA88LT,Pkku4gO,S0AX,9_Y1,5euo,VpdQ,hAFG,me75fM6ugJ,kIsH,uKAI,L84s,XfqtO3UdzaXh_,XTbPUYD,qZh0,UYBR,Lmli,s031rOn,oslk,FuE6FsY,jySVZNlOJy,7FJQ,RAYp,F2FyR07IdsN7I
0,574,0,0,460,575,32,274,0,1037118,0,1.141636,9,18,0,648512,0,9882.42,15,0,32,40,0,3140,198,0,0,568645,349998,0,0,9,0,2518412,140,0,0,0,9rAq9at_88,RO12,taul,1K8T,sbZD,3RqwOhN,VxYFAnXW0rNGvRRm,27qS,9_Y1,KfYH,09_Q,wMei,me75fM6ugJ,kIsH,g5HH,L84s,NhsEn4L,TDc4Td_,6s73,cJvF,FzaX,WTKRPlm,oslk,5YYRYX6,LM8l689qOp,me1d,RAYp,F2FyR07IdsN7I
0,1918,21,3144,156,195,136,173.12,0,0,0,0.07135227,27,154,112,130624,0,11983.38,0,12,64,48,-8628.84,775,0,15849,0,119250,96020,1045,0,18,17829,444396,20,137466,0,0,DHevyx7IEC,2Knk1KF,taul,z3mO,Bxva,T2ennDZ,JQFeOYK,Rdo1,9_Y1,qaiO,VpdQ,haYg,me75fM6ugJ,kIsH,uKAI,L84s,XfqtO3UdzaXh_,XTbPUYD,smE9,cJvF,AU8pNoi,8EdfrxM,oslk,VNj2_Lp,LM8l689qOp,szEZ,RAYp,TCU50_Yjmm6GIBZ0lL_
0,553,7,1024,72,90,16,166.56,0,2353086,0,0.6402478,9,50,21,427200,0,102520.8,0,6,8,16,-91946,385,18,24786,0,1825035,108726,140,0,9,179928,4310840,16,1276536,0,0,V8lt0G8rTN,RO12,taul,1K8T,487l,mMEMUDL,LH076SiAyW,X9BD,9_Y1,e7QV,sJzTlal,IYzP,me75fM6ugJ,kIsH,uKAI,L84s,NhsEn4L,mAjbk_S,8uxy,cJvF,FzaX,TIB8hdx,oslk,u4_Rusu,LM8l689qOp,fKCe,RAYp,F2FyR07IdsN7I
0,2541,21,888,948,1185,480,289.6,20,3487986,0,6.321299,27,216,77,3614544,0,64722.3,85,60,208,208,-32501.84,2595,168,31221,32,4807110,415058,1235,0,45,131439,9828560,152,658536,0,0,eOQt0GoOh3,vuPfq6YcbX,CiJDdr4TQ0rGERIS,1K8T,lK27,fhk21Ss,AADVuIlJSTcSZ0Wm,5zai,9_Y1,t_4G,09_Q,y6dw,7M47J5GA0pTYIFxg5uy,kIsH,uKAI,Mtgm,_5OXC8MSLt,LxWMK5e,_LxB,UYBR,FzaX,4UxGlow,oslk,catzS2D,LM8l689qOp,Qu4f,ZI9m,NoEd
0,161,0,0,48,60,16,220.08,0,1824324,0,4.87994,9,18,0,3828464,0,210624.6,0,0,8,24,-135810.4,455,12,0,0,2945685,1252870,0,0,9,0,7992720,10,0,0,0,tr0rEyXktW,RO12,taul,1K8T,AkfA,XaPdR0M,FoJylxy,rAZq,9_Y1,SkZj,VpdQ,zm5i,me75fM6ugJ,kIsH,uKAI,L84s,NhsEn4L,mAja5EA,LU4T,cJvF,FzaX,Hrl6pd1,oslk,dOHQowC,LM8l689qOp,Aoh3,RAYp,F2FyR07IdsN7I
0,2128,7,296,972,1215,344,286.96,0,6348180,0,3.356334,9,84,0,710632,0,41399.7,45,34,112,168,58292,2935,126,7074,0,2622435,385408,165,0,18,130074,10131720,264,734400,0,0,hSovyx7IEC,RO12,taul,1K8T,WkTj,T7cNGWG,okUWEXgaYWQf4,vTpZ,9_Y1,qaiO,VpdQ,sYC_,me75fM6ugJ,kIsH,uKAI,L84s,NhsEn4L,beK4AFX,cWcg,cJvF,FzaX,ByIfGrO,oslk,Esw7qqc,LM8l689qOp,szEZ,RAYp,F2FyR07IdsN7I
0,861,7,4,140,175,8,288.64,0,10009260,0,6.96411,9,56,0,1382400,3,202074,35,0,32,16,139559.6,605,120,58320,8,788115,39422,185,0,0,0,10492600,10,0,0,0,tr0rEyXktW,RO12,taul,1K8T,lK27,OfJPyOH,n1zVHpT8NN,HSNi,9_Y1,SkZj,09_Q,IYzP,me75fM6ugJ,kIsH,uKAI,Mtgm,NhsEn4L,kq0n8Bj,YOvd,cJvF,FzaX,gmDv8BP,oslk,HCTwS9i,LM8l689qOp,Aoh3,RAYp,F2FyR07IdsN7I
0,959,14,1328,156,195,32,220.08,0,4390758,0,6.037813,36,56,147,4838400,0,132642,10,0,32,56,296014.8,705,60,5112,0,5465350,141290,670,0,9,0,10692440,32,0,0,0,GcUt0G8rTN,RO12,taul,1K8T,wOc1,jMFkXPi,zA2IZno2NK,QFke,9_Y1,k13i,VpdQ,sYC_,me75fM6ugJ,kIsH,uKAI,L84s,NhsEn4L,kq0n8Bj,oz44,UYBR,FzaX,yBu8hdx,oslk,853QZmh,LM8l689qOp,fKCe,RAYp,F2FyR07IdsN7I
0,413,0,0,140,175,32,486,0,4802988,0,5.803247,9,28,0,3168176,0,227034.3,10,2,32,40,116528,465,72,0,0,4356290,633640,0,0,9,554435,10488880,22,475230,0,0,KXMrEyXXnK,RO12,taul,1K8T,TyGl,BEY6Cnn,AnFl2Mwxzd,HSNi,9_Y1,SkZj,VpdQ,zm5i,DHn_WUyBhW_whjA88g9bvA64_,kIsH,uKAI,L84s,CrNX,jawspbU,YOvd,cJvF,qxDb,0vK33EN,d0EEeJi,SqzlVmW,LM8l689qOp,Aoh3,nIGXDli,F2FyR07IdsN7I
0,1393,7,616,232,290,144,220.08,0,1747674,0,6.482589,9,52,0,3363816,0,112150.8,20,4,64,56,85676.8,855,48,57456,0,5928250,601650,30,0,0,230503,10038800,38,13866,0,0,GcUBcmz45j,RO12,taul,1K8T,TyGl,oWeheVi,NW71mrodGH,Cpm5,9_Y1,yrDU,VpdQ,IYzP,me75fM6ugJ,kIsH,uKAI,Mtgm,NhsEn4L,kZJtVhC,JJCB,UYBR,FzaX,3Prm94s,oslk,VyMCL5c,LM8l689qOp,Qcbd,RAYp,F2FyR07IdsN7I
0,616,7,7212,96,120,120,133.12,0,0,0,3.87524,45,216,357,58904,0,36692.7,10,6,72,32,222438.4,260,0,14940,0,0,41748,865,0,27,33313,259996,0,16272,0,0,mCGq9ayE15,2Knk1KF,LfvqpCtLOY,1K8T,_8YK,fhk21Ss,epj7fYc,wSr0,9_Y1,kJJ7,09_Q,y6dw,7M47J5GA0pTYIFxg5uy,kIsH,uKAI,L84s,MeOIHRG3F9,8YGJbg8,InnT,cJvF,FzaX,4UxGlow,zCkv,catzS2D,jySVZNlOJy,7P5s,ZI9m,VjDE
0,476,7,360,184,230,24,394.16,0,18960,0,1.914548,9,42,98,60648,0,10332.81,0,2,16,32,45876,540,12,119268,0,680200,11710,7830,0,0,0,610920,72,564,0,0,dRaTmBfHUn,RO12,taul,1K8T,lK27,ho_heVi,aEghjcMgI1QYJu7y,Dyax,9_Y1,Z5OU,VpdQ,IYzP,me75fM6ugJ,kIsH,uKAI,L84s,NhsEn4L,mAjbk_S,fYHb,cJvF,FzaX,ImpAWQ7,oslk,lcWqFbB,LM8l689qOp,Qu4f,RAYp,F2FyR07IdsN7I
0,2940,7,544,144,180,16,186.64,0,547812,0,6.968383,18,42,217,4838400,0,57475.5,5,0,32,56,154854.4,1980,18,40311,0,8722050,219058,705,0,0,0,10545760,46,0,0,0,JMGrjIXt5a,RO12,taul,1K8T,TyGl,bvZcCja,u2p2Afw,_wWJ,9_Y1,m7JR,sJzTlal,IYzP,me75fM6ugJ,kIsH,uKAI,L84s,NhsEn4L,mAjbk_S,DGGB,cJvF,FzaX,mTDfR8o,oslk,dEJz4Af,LM8l689qOp,5Acm,RAYp,F2FyR07IdsN7I
0,238,0,0,148,185,112,69.52,0,3001266,0,6.710746,9,24,0,0,0,50639.1,10,4,24,0,143992,480,78,0,0,1805440,1700076,0,0,27,277613,10039360,12,3840564,0,0,DHevyx7IEC,RO12,taul,1K8T,dWQK,86dToXU,c8IdnoU,AL2b,9_Y1,xSqs,VpdQ,IYzP,me75fM6ugJ,kIsH,uKAI,Mtgm,NhsEn4L,mAja5EA,Prgo,cJvF,FzaX,QMaRwBA,oslk,0D0gQ7h,LM8l689qOp,szEZ,RAYp,F2FyR07IdsN7I
0,0,0,0,8,10,16,284.24,0,0,0,3.923521,9,12,0,0,0,227155.5,0,0,0,0,-959280,10,0,0,0,0,302874,0,0,0,0,605748,0,0,0,0,jg6vyxLkBI,RO12,taul,1K8T,lK27,dRqabdC,NW71mrodGH,341G,9_Y1,FbIm,VpdQ,IYzP,me75fM6ugJ,kIsH,uKAI,Mtgm,NhsEn4L,7WwOAni,t5Xy,UYBR,FzaX,eJsfrxM,oslk,renAIRG,LM8l689qOp,xb3V,RAYp,F2FyR07IdsN7I
0,406,7,468,100,125,96,173.28,0,0,0,6.366375,9,88,7,128128,12,7201.59,0,2,8,72,-131048,350,0,19539,48,38730,43350,1290,0,9,0,185552,6,5706,0,14,xddq9ayfAo,AERks4l,taul,1K8T,z32l,PHNvXy8,V6XUlxabJ4VaD,a4fh,9_Y1,kJJ7,VpdQ,IYzP,NKv3VA1BpP,kIsH,uKAI,L84s,Ie_5MZs,teAY_NX,VBQU,cJvF,FzaX,UF16siJ,zCkv,APgdzOv,LM8l689qOp,7P5s,6fzt,xwM2aC7IdeMC0
0,1078,0,0,332,415,240,210,0,24384,0,2.706473,9,22,0,2324152,0,32490.6,25,42,72,120,123234,1240,18,0,0,859635,659092,0,0,0,1208298,3863296,18,918162,0,0,1KSr4RK2Mx,RO12,taul,1K8T,487l,dBHKZdo,xtMo1jgqPz,cKhn,9_Y1,DtNL,sJzTlal,IYzP,me75fM6ugJ,kIsH,uKAI,L84s,NhsEn4L,mAja5EA,LkVU,UYBR,FzaX,f560FxM,oslk,lTw2_Lp,LM8l689qOp,FSa2,RAYp,F2FyR07IdsN7I
0,2051,21,160,560,700,304,133.12,0,0,0,6.514847,27,58,119,495872,0,7486.17,0,24,144,208,-51339.6,1840,0,26424,0,511780,153782,4855,0,0,101808,1032176,128,100878,0,0,vAsgUHXM47,RO12,taul,1K8T,7ALb,Y0P7qwL,glRBFJT8NN,L29Q,9_Y1,LqKm,VpdQ,IYzP,DHn_WUyBhW_whjA88g9bvA64_,kIsH,uKAI,L84s,CrNX,7WwM33k,m_iU,cJvF,FzaX,MQGE3jb,d0EEeJi,u0ouLAH,LM8l689qOp,453m,nIGXDli,F2FyR07IdsN7I
0,777,7,208,60,75,8,256.88,0,6258300,0,6.368084,18,46,0,2618152,0,218149.2,5,2,16,24,41301.2,425,30,72774,0,6617050,1156,205,0,9,0,10800440,8,2058,0,0,DHeq9ayfAo,RO12,taul,1K8T,Bxva,5JbheVi,nQUX8Hg64f,thsq,9_Y1,QBpP,sJzTlal,sYC_,me75fM6ugJ,kIsH,uKAI,Mtgm,NhsEn4L,kq0n8Bj,5xPr,cJvF,FzaX,G4uK5YS,oslk,CBgdxoa,M_8D,7P5s,RAYp,F2FyR07IdsN7I
0,518,0,0,116,145,32,286.96,0,4232964,0,6.284768,9,28,0,1382400,0,197930.7,20,0,16,16,450768,485,66,0,16,722860,691200,0,6,9,0,6856280,16,0,0,7,2jirEyXktW,RO12,taul,1K8T,0Xwj,ZTQvcTJ,IoHEIyTRj9,it1c,HLqf,SkZj,09_Q,zm5i,me75fM6ugJ,sBgB,uKAI,Mtgm,NhsEn4L,NGZxnJM,xtfH,cJvF,AU8pNoi,9WBDQF4,oslk,OXJytFJ,LM8l689qOp,Aoh3,RAYp,F2FyR07IdsN7I
0,448,0,0,108,135,136,186.64,10,1555200,0,5.706046,18,28,0,0,0,219525.6,5,12,24,0,-125803.2,475,18,0,16,0,2729460,0,0,18,0,8577000,0,3110400,0,0,DHevyx7IEC,RO12,taul,1K8T,SzjZ,SkIcgy7,7dpHwvTYb5,czHw,9_Y1,xSqs,09_Q,IYzP,me75fM6ugJ,kIsH,uKAI,L84s,NhsEn4L,mAja5EA,_MlB,cJvF,FzaX,54pYWu3,oslk,uBq7qqc,LM8l689qOp,szEZ,RAYp,F2FyR07IdsN7I
0,91,0,0,348,435,288,273.2,0,289308,0,2.601154,9,12,0,862224,0,12490.86,5,8,64,64,-258098.8,435,24,0,16,530600,173294,0,0,0,296394,1448940,68,66300,0,14,2jiWq69cTy,RO12,taul,1K8T,JLbT,UOmdzR5,t187Re3NhK,3gyZ,9_Y1,Px52,VpdQ,IYzP,me75fM6ugJ,kIsH,uKAI,L84s,NhsEn4L,mAja5EA,ifYK,cJvF,FzaX,zqsoLzk,oslk,WRysKoy,LM8l689qOp,PM2D,RAYp,F2FyR07IdsN7I
0,1932,7,2384,324,405,240,166.56,0,9168,0,6.487503,18,122,49,0,0,25079.91,0,12,48,0,47890,1605,18,5940,0,66125,33876,150,0,9,6727,131660,84,7344,0,0,YddTmBtueT,2Knk1KF,taul,1K8T,hAOr,4e3k2Zj,Oe4E7cR6Kt,N6oh,9_Y1,47ra,VpdQ,sYC_,me75fM6ugJ,kIsH,uKAI,L84s,NhsEn4L,teAyFc5,jDSj,cJvF,wwPEXoilkr,IGMAWQ7,oslk,XCFTE6Y,LM8l689qOp,rgKb,RAYp,55YFVY9
0,896,7,3580,236,295,120,141.28,0,1650,0,6.49968,9,110,637,57688,0,3600.66,5,6,32,80,-86081.6,785,6,358272,0,186495,45928,11210,0,9,43197,302960,58,44118,0,0,dRarjIK12c,w9ygS99Qp_,taul,1K8T,Guv5,NwKXGX7,Yi49a6G,ZHYH,9_Y1,7WNq,VpdQ,haYg,DHn_WUyBhW_whjA88g9bvA64_,kIsH,uKAI,L84s,CrNX,AuSBTw7,Q_Iv,UYBR,FzaX,ZV0yNSl,d0EEeJi,V9BNqOn,jySVZNlOJy,WqMG,nIGXDli,R4y5gQQWY8OodqDV
0,973,7,3368,308,385,264,200,0,732,0,1.106174,9,134,413,951048,0,19440.63,5,32,120,64,157497.2,725,12,39555,0,816305,261914,1695,0,18,321741,2056744,34,557454,0,0,5_lq9aXt5a,2Knk1KF,taul,1K8T,0Xwj,wEJwkuM,S85klZI_wB,pgGD,HLqf,Y9Bl,09_Q,wMei,me75fM6ugJ,sBgB,uKAI,L84s,h0lfDKh52u4GP,IoI4mKe,uuFP,UYBR,FzaX,1E1v4zN,oslk,LHq2Oqu,LM8l689qOp,uWr3,RAYp,55YFVY9
0,1085,7,1656,176,220,48,300,10,6451860,0,1.772698,9,64,0,1151600,0,159511.2,35,0,56,40,403312,770,90,6489,16,2778515,369954,2660,0,27,2443,10117400,22,0,0,0,EsYq9aX0Db,RO12,taul,1K8T,JLbT,XktJaGu,y2LuFUfSEo,HNfC,9_Y1,6TCl,VpdQ,IYzP,me75fM6ugJ,kIsH,uKAI,L84s,NhsEn4L,NGZXfGp,iwfY,cJvF,FzaX,cicv1FD,oslk,jxsQhib,LM8l689qOp,uWr3,RAYp,F2FyR07IdsN7I
0,819,7,928,136,170,8,253.52,5,8807400,0,1.992309,9,64,14,1477168,0,230214.9,35,0,40,24,208603.2,510,102,342,8,1057330,128640,555,0,0,687722,10132520,12,0,0,0,75lq9ayfAo,RO12,taul,1K8T,c9jp,l1Yysxi,yLQ6Y9f2ln,rlx_,9_Y1,F_Lu,09_Q,IYzP,me75fM6ugJ,kIsH,uKAI,L84s,NhsEn4L,mAjbk_S,TddH,UYBR,FzaX,0MQoGGc,oslk,xNaD3Yd,LM8l689qOp,TNEC,RAYp,F2FyR07IdsN7I
0,1687,7,4,356,445,96,186.64,0,4757706,0,6.989318,9,32,0,3325488,0,94953.59,20,18,120,112,116514,1210,150,117,0,4038030,479344,50,0,9,298368,10142600,50,485778,0,0,2AAWq69R_D,RO12,taul,1K8T,0Xwj,jJ_nXHo,ROZnF3p,0Twt,F3hy,Px52,VpdQ,IYzP,me75fM6ugJ,kIsH,uKAI,L84s,NhsEn4L,mAjbk_S,AQdv,cJvF,FzaX,uyr88FJ,oslk,FlVqhZX,jySVZNlOJy,PM2D,RAYp,F2FyR07IdsN7I
0,1533,14,988,268,335,72,281.52,5,7067460,0,6.704764,27,88,14,1202864,0,52355.1,35,2,48,80,85728.4,985,108,12816,8,2291885,436978,2305,0,27,0,10147640,44,183846,0,0,bZk9tYsGvO,RO12,taul,1K8T,0Xwj,kLfr1U6,o5WT5gy7iu,r8PL,HLqf,YULl,VpdQ,hAFG,me75fM6ugJ,sBgB,uKAI,L84s,XfqtO3UdzaXh_,11p4mKe,oyio,UYBR,OFWH,4UxvdH_,oslk,0_8A9vx,jySVZNlOJy,FSa2,RAYp,F2FyR07IdsN7I
0,2352,7,304,368,460,104,220.08,0,5419164,0,0.02969451,18,36,0,2309056,0,65748,25,8,136,192,222545.2,1580,162,7425,0,2752285,1130676,445,0,9,286342,10434520,38,165792,0,0,MtpBcmzkzH,RO12,taul,1K8T,KqYs,GUg88LT,e1XhvTunuD,gVeP,9_Y1,WGOH,VpdQ,zm5i,me75fM6ugJ,kIsH,uKAI,L84s,NhsEn4L,mAjbk_S,IhUB,UYBR,FzaX,AuG6jyF,oslk,64B7j0h,LM8l689qOp,Qcbd,RAYp,F2FyR07IdsN7I
0,1120,14,7392,140,175,8,294.64,0,3531120,0,1.414655,27,130,2156,5529600,0,119608.5,5,0,32,64,147228,590,48,77940,0,6542900,31604,510,0,36,0,10730600,34,0,0,0,gE8Wq6edh4,AERks4l,taul,1K8T,PGNs,fhk21Ss,9UgO4AFTtt,rvAs,9_Y1,_xpN,VpdQ,hAFG,7M47J5GA0pTYIFxg5uy,kIsH,uKAI,L84s,4kVnq_T26xq1p,y5F2n31,zDTT,UYBR,FzaX,4UxGlow,zCkv,catzS2D,LM8l689qOp,FSa2,ZI9m,ib5G6X1eUxUn6
0,0,0,0,48,60,88,217.36,0,0,0,1.320872,9,12,0,0,0,8142.99,0,0,0,0,-1915928,60,0,0,0,4955,63162,0,0,0,0,130288,2,0,0,0,52Iq9ayE15,RO12,taul,1K8T,tzKK,8ij6Lg8,C_uQoStwYE,FDCJ,9_Y1,QBpP,09_Q,IYzP,me75fM6ugJ,kIsH,uKAI,Mtgm,XfqtO3UdzaXh_,XTbPUYD,K7Jw,cJvF,FzaX,7OmVzos,oslk,76DJixu,LM8l689qOp,7P5s,RAYp,F2FyR07IdsN7I
0,1778,21,6600,364,455,208,133.12,0,0,0,2.546892,45,132,805,232496,0,8809.71,5,34,168,200,-19635.56,1330,0,10611,0,284900,154278,5025,0,18,129927,794284,44,208032,0,0,avkq9ayfAo,RO12,taul,1K8T,lK27,fhk21Ss,ZZ7H_hi,F0uC,9_Y1,000J,VpdQ,kxE9,7M47J5GA0pTYIFxg5uy,kIsH,uKAI,L84s,FMSzZ91zL2,pMW6Pnu,c4WE,cJvF,FzaX,4UxGlow,zCkv,catzS2D,LM8l689qOp,7P5s,ZI9m,DU8B
0,1113,14,1180,228,285,128,166.56,5,34662,9,3.757317,45,74,196,115488,0,5595,0,2,24,24,-109142.4,440,6,14949,16,474345,124412,5445,0,0,127253,727500,72,27522,0,0,zcROj17IEC,RO12,taul,1K8T,7M9D,au1nqNs,tvCvLMA,V9UE,9_Y1,zfpA,sJzTlal,sYC_,me75fM6ugJ,kIsH,uKAI,L84s,NhsEn4L,y5FCfxT,gteR,cJvF,AU8_WTd,_PxA1m8,oslk,vUcOEra,jySVZNlOJy,7aLG,RAYp,F2FyR07IdsN7I
0,833,7,116,128,160,0,166.56,0,11404800,0,2.476821,9,84,0,0,0,219070.8,45,0,32,0,17108.84,560,132,69984,0,8880,0,240,0,0,0,10720720,2,0,0,0,a4v9tYsGvO,RO12,taul,1K8T,487l,0v27GMk,76j2P_OLn0,xPEx,9_Y1,YULl,VpdQ,IYzP,me75fM6ugJ,kIsH,uKAI,L84s,NhsEn4L,mAjbk_S,_wBR,UYBR,FzaX,YBh0nTz,oslk,J_tzF_Q,jySVZNlOJy,FSa2,RAYp,F2FyR07IdsN7I
0,3234,7,316,176,220,24,22.32,0,2434560,0,1.457381,9,34,14,4732512,12,59389.5,25,0,32,56,621968,1040,36,4392,48,7939350,214736,160,0,18,82803,11794920,46,0,4,0,kMJt0GoOh3,RO12,taul,1K8T,USOt,3n6d8Q3,wXYgzHf,EVXS,9_Y1,C7DI,VpdQ,zm5i,me75fM6ugJ,kIsH,uKAI,L84s,NhsEn4L,NGZXfGp,TitD,cJvF,FzaX,7CPmZiv,oslk,_Don5Oj,LM8l689qOp,Qu4f,RAYp,F2FyR07IdsN7I
0,1330,7,64,88,110,56,272.72,0,7260300,0,2.884854,9,118,7,5828904,0,24103.74,0,0,8,32,379022.4,580,18,378,0,2509640,311498,1205,0,36,1328404,10385360,16,0,0,0,NESt0G8EIb,2Knk1KF,taul,1K8T,Uk76,RZHR5DT,nQUveAzAF7,jVc9,9_Y1,k13i,VpdQ,hAFG,me75fM6ugJ,kIsH,uKAI,L84s,XfqtO3UdzaXh_,XTbPUYD,myDa,UYBR,FzaX,rLf8iqZ,oslk,bIUTy9x,LM8l689qOp,fKCe,RAYp,55YFVY9
0,973,7,356,568,710,192,89.8384,0,0,0,0.1756035,9,70,42,46664,0,1581.609,0,8,64,96,-113162.4,1580,0,207,0,243045,22766,70,0,0,13993,269516,204,9324,0,0,xOXr4RXktW,AERks4l,taul,1K8T,1TqK,PHNvXy8,MbiPlrpk3WNO0,hOR8,9_Y1,Zazx,VpdQ,IYzP,NKv3VA1BpP,kIsH,uKAI,Mtgm,Ie_5MZs,XTbjhEX,wcHo,cJvF,FzaX,UF16siJ,zCkv,APgdzOv,LM8l689qOp,Xa3G,6fzt,xwM2aC7IdeMC0
0,546,14,2216,176,220,0,166.56,0,8176620,0,6.294808,18,56,105,720320,0,246377.4,35,0,24,136,-29817.84,435,96,5778,0,1728000,0,305,0,0,0,9556160,8,0,0,0,_v2TmBftjz,RO12,taul,1K8T,TyGl,9GJGgoz,V6XUlxabJ4VaD,IEDl,9_Y1,4N0K,VpdQ,IYzP,Kxdu,kIsH,uKAI,L84s,FMSzZ91zL2,TDcEYQ6,7CKw,cJvF,FzaX,Tvpip6Z,zCkv,hHJsvbM,jySVZNlOJy,Qu4f,6fzt,SbOd7O8ky1wGNxp0Arj0Xs
0,189,0,0,20,25,0,166.56,0,0,0,6.063448,9,20,0,9676800,0,298969.2,10,0,16,16,-44957.2,330,0,0,0,702185,0,0,0,0,8467200,10238560,2,0,0,0,hSovyx7IEC,RO12,taul,1K8T,hM6W,8ij6Lg8,3clyC8L,_dDp,9_Y1,RcM7,VpdQ,IYzP,me75fM6ugJ,kIsH,uKAI,L84s,NhsEn4L,mAja5EA,sZEB,cJvF,FzaX,7OmVzos,oslk,76DJixu,LM8l689qOp,szEZ,RAYp,F2FyR07IdsN7I
0,1743,7,1652,136,170,56,166.56,0,761184,0,5.128819,9,148,0,527808,0,44432.1,15,10,40,88,138423.2,565,12,65331,0,298060,191706,20,0,18,11760,2369696,12,342684,0,0,crIt0Go8Lb,AERks4l,taul,1K8T,JLbT,fhk21Ss,FoJylxy,fW3T,9_Y1,C7DI,VpdQ,hAFG,7M47J5GA0pTYIFxg5uy,kIsH,uKAI,L84s,QsQAxv5,beKaAAV,E80k,UYBR,FzaX,4UxGlow,QKW8DRm,catzS2D,LM8l689qOp,Qu4f,ZI9m,ib5G6X1eUxUn6
0,504,7,792,164,205,112,166.56,0,0,0,2.975433,9,40,147,60832,0,6041.31,0,10,24,40,-1860900,595,0,20916,0,140550,67444,220,0,0,0,300024,34,33420,0,0,N_vrjIXt5a,RO12,taul,1K8T,hoa9,itE48fK,75HH_hi,KkfT,9_Y1,EKFb,VpdQ,IYzP,me75fM6ugJ,kIsH,uKAI,Mtgm,NhsEn4L,mAjbk_S,b1aD,UYBR,FzaX,aAJYH7D,oslk,nDh2fT4,LM8l689qOp,5Acm,RAYp,F2FyR07IdsN7I
0,1169,7,276,192,240,64,166.56,0,0,0,1.685537,9,36,14,201480,0,3416.82,0,8,40,192,-32268.28,595,0,119628,0,62430,9338,1830,0,0,26866,179796,24,15654,0,0,3HjOj17ejg,RO12,taul,1K8T,mAW3,mfjcTEF,ThrHXVS,Hrz8,9_Y1,zfpA,sJzTlal,IYzP,me75fM6ugJ,kIsH,uKAI,L84s,NhsEn4L,mAjcfkM,HuOo,UYBR,FzaX,kogfGrO,oslk,uClRusu,LM8l689qOp,7aLG,RAYp,F2FyR07IdsN7I
0,1470,0,0,164,205,8,220.08,0,5504790,0,0.5580004,9,28,0,4255784,0,86210.09,15,6,56,72,116434.8,860,72,0,0,4164545,136900,0,0,9,28364,10315000,26,158436,0,0,crIgUHSK8h,RO12,taul,1K8T,lK27,Xlthli9,fXexTA9,vvGC,9_Y1,RVjC,VpdQ,zm5i,me75fM6ugJ,kIsH,uKAI,L84s,NhsEn4L,kZJtVhC,TgHo,UYBR,FzaX,U8IKsQe,oslk,R2LdzOv,LM8l689qOp,FSa2,RAYp,F2FyR07IdsN7I
0,3612,7,104,260,325,152,0,0,1325562,0,3.18479,9,32,7,185928,15,13855.11,25,16,104,88,100858.4,980,24,738,40,755790,418618,125,0,0,203413,3156264,36,519414,0,0,1GdOj1KXzC,RO12,taul,1K8T,0Y9G,mfjR5DT,3cO76t0,LyxK,9_Y1,jdbz,VpdQ,IYzP,me75fM6ugJ,kIsH,uKAI,L84s,NhsEn4L,kZJtVhC,cXbB,cJvF,FzaX,vh98iqZ,oslk,5R7Ty9x,LM8l689qOp,kwS7,RAYp,F2FyR07IdsN7I
0,1260,7,4596,144,180,16,266.88,0,958146,0,4.235633,9,128,1225,6047696,0,129260.7,0,0,32,72,253763.6,760,18,19242,0,8417350,57198,825,0,9,0,10510880,44,0,0,0,2AAWq69R_D,2Knk1KF,ArtjQZmIvr94p,1K8T,pdks,vzvxpjZ,k10MzgT,IMrf,9_Y1,0A_v,VpdQ,IYzP,me75fM6ugJ,kIsH,uKAI,L84s,NhsEn4L,beK4AFX,lf_R,UYBR,FzaX,_DWjlYU,oslk,wU9Yw04,jySVZNlOJy,PM2D,RAYp,55YFVY9
0,231,0,0,144,180,24,266.4,0,7603680,0,1.813074,9,18,0,2788360,0,210784.5,15,2,32,40,145323.6,555,96,0,0,2851830,475226,0,0,0,554442,10962480,16,475230,0,0,ZSNrjIX0Db,RO12,taul,1K8T,TyGl,vfNb6I9,76MiCML,GTft,9_Y1,YBFS,09_Q,IYzP,me75fM6ugJ,kIsH,uKAI,Mtgm,NhsEn4L,kZJtVhC,OD7g,cJvF,FzaX,XeiOhQy,oslk,E7Y7qqc,LM8l689qOp,5Acm,RAYp,F2FyR07IdsN7I
0,868,7,224,68,85,32,166.56,0,0,0,2.176458,18,106,70,174616,0,7421.07,0,4,40,56,-36417.56,280,0,9234,0,103970,9644,1790,0,9,77217,208668,8,28344,0,0,DQlgUH7IEC,w9ygS99Qp_,taul,1K8T,vSNn,82yDMYO,Hz6CKEGgVigq3,j6yv,9_Y1,1Bp0,09_Q,wMei,EBKcR3s6B22tD6gC36gm6S,kIsH,uKAI,L84s,CrNX,7N7iRy5,Tefi,cJvF,FzaX,BxfXjV3,d0EEeJi,Dh6HYY8,LM8l689qOp,WqMG,nIGXDli,R4y5gQQWY8OodqDV
0,301,7,256,24,30,0,66.88,0,0,0,6.597522,9,130,14,16760,0,1579.251,0,0,32,48,-7473.44,235,0,531,0,0,0,30,0,9,0,8380,0,0,0,0,ypNt0Go8Lb,2Knk1KF,taul,1K8T,TyGl,lKNMukw,8lcKgmK,hvqR,9_Y1,rGJy,VpdQ,y6dw,me75fM6ugJ,kIsH,uKAI,L84s,XfqtO3UdzaXh_,XTbPUYD,VgUA,cJvF,FzaX,3vmv1FD,oslk,X7rObSS,LM8l689qOp,Qu4f,RAYp,55YFVY9
0,812,7,300,124,155,0,220.08,0,0,0,2.829524,9,40,7,5529600,0,211612.5,0,0,32,64,108167.2,480,0,10962,0,9878500,0,1385,0,9,0,10667600,46,0,0,0,py5gUH7ejg,RO12,taul,1K8T,72yt,ho_bxgw,V6XUlxabJ4VaD,gyLz,9_Y1,DmlN,VpdQ,zm5i,me75fM6ugJ,kIsH,uKAI,L84s,NhsEn4L,mAja5EA,9vxrzk6,cJvF,FzaX,AvcOVQC,oslk,r757j0h,jySVZNlOJy,w_Ub,RAYp,F2FyR07IdsN7I
0,959,7,4,32,40,16,305.04,0,3594906,0,0.2362743,9,44,0,0,0,211693.5,5,0,0,0,-887.572,485,6,2007,0,9980650,300284,130,0,18,0,11588920,8,0,0,0,V8lBcmz45j,RO12,taul,1K8T,lK27,XX34iqB,LIH3TPf,JEqV,9_Y1,yrDU,09_Q,kxE9,me75fM6ugJ,kIsH,uKAI,L84s,XfqtO3UdzaXh_,XTbPUYD,xmB8,UYBR,FzaX,nf9OhQy,oslk,P6mQZmh,LM8l689qOp,Qcbd,RAYp,F2FyR07IdsN7I
0,1267,7,108,504,630,136,100.8,5,5759904,9,2.059816,9,52,35,1772592,6,103393.5,35,10,64,104,184596.4,1985,186,7812,32,2932195,415204,850,0,9,515270,10199160,106,689622,0,0,Qu0r4RKzJV,RO12,taul,1K8T,JLbT,vfNGyn_,FoJylxy,L0UM,9_Y1,DtNL,VpdQ,43pnToF,me75fM6ugJ,kIsH,uKAI,Mtgm,NhsEn4L,kZJtVhC,Olhi,UYBR,FzaX,Xei0nTz,oslk,4sF7qqc,LM8l689qOp,FSa2,RAYp,F2FyR07IdsN7I
0,735,21,504,52,65,0,15.92,0,7522200,0,1.297372,27,46,56,4379480,6,230620.8,0,0,16,24,53824.4,395,18,30096,16,3024000,0,5555,0,0,2622445,9623720,14,0,0,0,oBXq9ayfAo,RO12,taul,1K8T,2Ix5,bP5uMXJ,ELRUn57,oxcZ,9_Y1,NFMt,VpdQ,IYzP,me75fM6ugJ,kIsH,uKAI,L84s,NhsEn4L,mAja5EA,Q7Qk,cJvF,FzaX,WdPoLzk,oslk,05jAV0N,LM8l689qOp,TNEC,RAYp,F2FyR07IdsN7I
0,609,0,0,140,175,64,166.56,0,5675760,0,6.174109,9,28,0,546344,0,126861.6,15,6,24,16,6909.72,545,66,0,0,1748605,728782,0,0,0,110481,8323240,16,817242,0,0,HYTrjIK12c,RO12,taul,1K8T,pGTb,vzPc2Tv,V4EEkD4AAZ,pUzu,9_Y1,7WNq,sJzTlal,IYzP,me75fM6ugJ,kIsH,uKAI,L84s,NhsEn4L,mAjbk_S,XyD0,cJvF,FzaX,tzpRCiV,oslk,Cue6Ztl,LM8l689qOp,WqMG,RAYp,F2FyR07IdsN7I
0,1603,7,504,352,440,280,173.28,0,0,0,0.8513138,9,198,63,61760,0,11520.3,0,20,56,56,-4801.72,1120,0,3852,0,278835,459366,265,0,36,190022,1579948,72,610902,0,0,gE8Wq6edh4,2Knk1KF,taul,1K8T,JLbT,fhk21Ss,7vJz3tk,xmg2,9_Y1,_xpN,VpdQ,y6dw,7M47J5GA0pTYIFxg5uy,kIsH,uKAI,L84s,MeOIHRG3F9,teAj50u,yu5b,cJvF,FzaX,4UxGlow,zCkv,catzS2D,LM8l689qOp,FSa2,ZI9m,iyHGyLCEkQ
0,826,21,4052,140,175,48,275.68,0,4457868,0,2.612262,45,158,385,1426040,0,133136.1,10,8,40,24,83454,695,54,16596,0,3210945,1025070,2880,0,27,604800,10377440,22,2073600,0,0,V8lt0G8rTN,RO12,taul,1K8T,nAmm,GraN0hm,_jTP8ioIlJ,x4HY,9_Y1,k13i,VpdQ,kxE9,DHn_WUyBhW_whjA88g9bvA64_,kIsH,uKAI,L84s,cntt3uu,X1Bqg6c,oCbn,UYBR,FzaX,tCb_h5s,d0EEeJi,7k4CsYF,M_8D,fKCe,nIGXDli,iyHGyLCEkQ
0,798,7,20,48,60,16,20.08,0,8154000,0,1.096774,9,34,0,0,9,186165,5,2,0,0,2063.572,410,24,15300,32,1852000,275008,10,0,9,0,9537000,8,1653558,0,7,HrWq9aXt5a,RO12,taul,1K8T,TLkP,AKGxtq0,hOpRIhsUSP,FXHU,9_Y1,6TCl,VpdQ,IYzP,me75fM6ugJ,kIsH,uKAI,L84s,NhsEn4L,mAjbk_S,5n2z,cJvF,FzaX,a_g6pd1,oslk,9HlAGfT,LM8l689qOp,uWr3,RAYp,F2FyR07IdsN7I
0,987,7,0,84,105,8,253.52,0,7047240,0,3.328135,9,82,0,1405864,0,76764.3,0,2,0,8,210020,670,42,3393,0,5876900,52958,25,0,18,0,10959600,22,1126614,0,0,qXhvyxLp3Z,RO12,taul,1K8T,487l,yQmne2L,EXpWEXgaYWQf4,kfVu,9_Y1,lXxA,VpdQ,IYzP,me75fM6ugJ,kIsH,uKAI,Mtgm,NhsEn4L,mAjbk_S,DknC,UYBR,FzaX,aL0fc8E,oslk,vVL2C8o,LM8l689qOp,xb3V,RAYp,F2FyR07IdsN7I
0,2821,14,920,444,555,96,178.8,0,1484208,0,6.949369,18,158,49,2454424,0,9548.551,75,16,112,128,-687552,1900,174,18531,0,1978925,341574,210,0,27,218890,5246520,62,481110,0,0,u6tWq6edh4,MJdP52puUMWhmExsNdlkGDbNTFln2Eg,taul,1K8T,JLbT,fqeOwLG,JQFeOYK,qfkk,9_Y1,_xpN,VpdQ,hAFG,7M47J5GA0pTYIFxg5uy,kIsH,uKAI,L84s,XfqtO3UdzaXh_,XTbPUYD,yiMX,UYBR,FzaX,fxJmel6,oslk,WfsWw2A,LM8l689qOp,FSa2,ZI9m,iyHGyLCEkQ
0,728,7,160,104,130,0,253.52,0,6739200,0,2.455031,9,124,84,1382400,0,230592.6,20,0,24,16,277295.2,460,78,360,0,2997995,0,285,0,9,0,8964800,14,0,0,0,LDPvyx7IEC,AERks4l,taul,1K8T,487l,NldASpP,FoJylxy,ToxV,9_Y1,xSqs,VpdQ,haYg,DHn_WUyBhW_whjA88g9bvA64_,kIsH,uKAI,Mtgm,QsQAxv5,OFqwZ2u,1cQR,cJvF,FzaX,JFM1BiF,QKW8DRm,NKv4yOc,LM8l689qOp,szEZ,02N6s8f,ib5G6X1eUxUn6
0,77,0,0,32,40,0,253.52,0,2679306,0,2.569109,18,16,0,4838408,0,327033,10,2,24,8,62223.6,200,18,0,0,1190375,0,0,0,0,0,8845240,2,1984920,0,0,m9SrEy7Rm6,RO12,taul,1K8T,YFAj,KKUY1iZ,lGXpFd_2Rf,wGFV,9_Y1,H9GL,09_Q,IYzP,me75fM6ugJ,kIsH,uKAI,L84s,NhsEn4L,NGZxnJM,unX4,cJvF,FzaX,1FqRPlm,oslk,PPGDthD,LM8l689qOp,Aoh3,RAYp,F2FyR07IdsN7I
0,672,7,252,40,50,0,166.56,0,2658972,0,0.4766076,9,140,56,9676800,0,47860.2,5,0,16,16,-40334.4,420,24,2115,0,216305,0,490,0,18,0,9203280,6,0,0,0,DHeq9ayfAo,2Knk1KF,taul,1K8T,z32l,x8bo8ot,7ruFuE4,fUt8,9_Y1,vm5R,VpdQ,hAFG,me75fM6ugJ,kIsH,uKAI,L84s,XfqtO3UdzaXh_,XTbPUYD,DRjN,UYBR,qxDb,tS16hzI,oslk,vHkTy9x,LM8l689qOp,7P5s,RAYp,55YFVY9
0,1456,7,3220,168,210,56,220.08,0,3642774,0,3.711813,9,150,42,1235776,0,84552,25,10,32,40,195381.6,670,60,71595,0,3169455,1209600,1985,0,27,0,10591600,20,2185068,0,0,V8lt0G8rTN,2Knk1KF,taul,1K8T,YmZp,E3lg0iR,hOpRIhsUSP,1jGa,9_Y1,e7QV,VpdQ,giwq,me75fM6ugJ,kIsH,uKAI,L84s,h0lfDKh52u4GP,IoI4mKe,SI9b,UYBR,FzaX,OXxoYtn,oslk,AiMlfsX,LM8l689qOp,fKCe,RAYp,55YFVY9
0,595,7,4432,112,140,96,166.56,0,52164,0,3.931425,9,86,112,7152,0,50452.2,0,0,16,16,-71255.6,575,18,8847,0,210085,73222,820,0,0,0,352864,22,0,0,0,FoxgUHSK8h,RO12,taul,1K8T,AHrt,RvfYCXl,n1E8JXDdAd,LtKo,9_Y1,mTeA,VpdQ,sYC_,me75fM6ugJ,kIsH,uKAI,L84s,NhsEn4L,kq0aHkC,gXIc,UYBR,FzaX,joS3DH0,oslk,PF4CBom,LM8l689qOp,FSa2,RAYp,F2FyR07IdsN7I
0,252,0,0,96,120,64,186.64,0,458958,0,4.721,9,20,0,344176,0,48215.7,5,8,32,32,-211504.4,355,24,0,0,68040,95602,0,0,9,112147,886588,6,192630,0,0,cFHt0GoOh3,RO12,taul,1K8T,wGW5,YBI1QFM,Z8ZAV8jDl3,arW9,9_Y1,C7DI,VpdQ,zm5i,DHn_WUyBhW_whjA88g9bvA64_,kIsH,uKAI,L84s,CrNX,NGZ_12K,QtBi,cJvF,FzaX,WdPbGJS,d0EEeJi,YBlhnwC,LM8l689qOp,Qu4f,nIGXDli,F2FyR07IdsN7I
0,924,35,6472,200,250,120,220.08,0,518400,0,1.368938,45,64,210,1383264,0,221400.3,40,34,88,24,85636.8,575,6,65790,0,2430560,2545640,16910,0,9,0,10361480,12,2707938,0,0,NQ5vyxLkBI,RO12,taul,1K8T,Xa_z,obVno_n,76j2P_OLn0,OdQG,9_Y1,vzJD,VpdQ,43pnToF,EBKcR3s6B22tD6gC36gm6S,kIsH,uKAI,L84s,CrNX,NGZ_12K,xo4q,cJvF,FzaX,68RK4_7,d0EEeJi,rPxoSXF,LM8l689qOp,xb3V,nIGXDli,F2FyR07IdsN7I
0,98,0,0,72,90,16,186.64,0,715890,0,6.968383,18,16,0,1267288,0,208329.3,10,0,8,16,-116493.2,350,18,0,0,8592900,159072,0,0,0,0,8537600,18,0,0,0,302Oj17IEC,RO12,taul,1K8T,NHzE,eQgxutV,FoJylxy,LJAR,9_Y1,TjV7,VpdQ,IYzP,me75fM6ugJ,kIsH,uKAI,L84s,NhsEn4L,mAja5EA,L_60,UYBR,FzaX,nJQDBnE,oslk,p1jgRjy,LM8l689qOp,FSa2,RAYp,F2FyR07IdsN7I
0,1127,7,2032,220,275,104,330.4,5,3281832,0,3.835719,18,62,14,4066984,0,164817,10,4,32,72,353716,790,66,4554,8,6597100,139074,5315,0,9,0,10516800,36,158964,0,0,v0Nt0Go8Lb,RO12,taul,1K8T,X94c,8F4NGWG,ELRUn57,JWKt,9_Y1,vYXv,VpdQ,sYC_,me75fM6ugJ,kIsH,uKAI,L84s,NhsEn4L,kq0n8Bj,o2jw,cJvF,FzaX,J8TK3rj,oslk,6ZAHToS,LM8l689qOp,kwS7,RAYp,F2FyR07IdsN7I
0,553,7,188,36,45,8,166.56,0,3823368,0,3.905789,9,30,315,4762880,0,83150.41,0,0,0,8,203356,85,30,36882,0,2958010,42654,1400,0,9,0,7382080,4,0,0,0,MtpBcmzkzH,RO12,taul,1K8T,lK27,w9kwuGt,I1s81Dlb7R,vwCR,9_Y1,WGOH,09_Q,IYzP,me75fM6ugJ,kIsH,uKAI,L84s,NhsEn4L,mAjbk_S,oMOZ,cJvF,FzaX,K9Bfc8E,oslk,017QQMs,jySVZNlOJy,Qcbd,RAYp,F2FyR07IdsN7I
0,875,14,260,140,175,64,220.08,0,4133346,0,5.094211,18,112,119,3160576,0,220458.3,15,2,32,40,-6062.72,505,66,23967,0,2640685,951118,780,0,9,554435,9675480,14,475230,0,0,dRavyx7ejg,2Knk1KF,taul,1K8T,487l,jlzcpQc,WN2wUb0T0UKRa,tyay,9_Y1,f4dr,09_Q,sYC_,me75fM6ugJ,kIsH,uKAI,L84s,NhsEn4L,beK4AFX,FaHP,UYBR,tdJW_Pm,OgVfql_,oslk,BXGzrB7,bCPvVye,szEZ,RAYp,55YFVY9
0,1127,7,1912,212,265,160,233.44,0,15384,0,5.9859,18,184,322,304944,0,7469.31,10,10,56,64,-626648,730,18,9999,0,122570,139670,6365,0,45,181181,629120,30,124908,0,0,_v2TmBftjz,2Knk1KF,taul,1K8T,7gSz,fhk21Ss,msIqHk8toE,Dyax,9_Y1,Z5OU,VpdQ,y6dw,7M47J5GA0pTYIFxg5uy,kIsH,uKAI,L84s,TSWAwYe,y5F21Qe,hh3w,cJvF,FzaX,4UxGlow,QKW8DRm,catzS2D,LM8l689qOp,Qu4f,ZI9m,iyHGyLCEkQ
0,3507,7,20,168,210,104,166.56,0,0,0,0.264687,9,42,28,538072,0,4535.52,0,4,88,192,19487,940,0,16308,0,38185,61928,760,0,0,81788,443112,6,29508,0,0,dRavyx7ejg,RO12,taul,1K8T,487l,LK5JDqx,etM739XNb0Rf0,O8dQ,9_Y1,YGOC,VpdQ,IYzP,me75fM6ugJ,kIsH,uKAI,L84s,NhsEn4L,mAjbk_S,Y1ft,cJvF,AU8pNoi,J8Tv48t,oslk,XfK7DIf,LM8l689qOp,szEZ,RAYp,F2FyR07IdsN7I
0,686,7,64,148,185,80,286.96,0,3795612,0,0.4669942,9,32,0,1913896,0,200740.2,25,6,48,40,74955.2,535,48,504,0,1950885,1555504,40,0,0,215327,10398360,12,1555200,0,0,DHegUHXZeb,RO12,taul,1K8T,7ALb,AKbblEW,d6zx_0v,4UK5,9_Y1,fTh6,VpdQ,IYzP,me75fM6ugJ,kIsH,uKAI,L84s,NhsEn4L,kZJyVg2,GYk8,cJvF,FzaX,bYA18fN,oslk,aFcwIB5,LM8l689qOp,453m,RAYp,F2FyR07IdsN7I
0,987,21,15820,164,205,160,220.08,0,261318,0,0.1377911,45,142,28,1010128,0,152417.4,0,14,32,24,161238,640,36,12735,0,1932530,2922060,1390,0,9,1209600,10283520,10,3321156,0,0,MtpBcmzkzH,2Knk1KF,taul,1K8T,TyGl,GUg88LT,DKUDUftgA7,y2WH,9_Y1,WGOH,VpdQ,sYC_,me75fM6ugJ,kIsH,uKAI,L84s,NhsEn4L,beK4AFX,p9C2,UYBR,FzaX,AuG6jyF,oslk,64B7j0h,jySVZNlOJy,Qcbd,RAYp,55YFVY9
0,924,7,5444,168,210,0,533.76,0,9336240,0,2.001709,18,82,707,319760,0,175229.1,45,6,48,16,115986.8,635,120,16533,0,1625420,0,1550,0,0,241395,10651120,16,358356,0,0,oBXTmBtFkL,RO12,taul,1K8T,AnrR,DhOMbg2,nQU2P_OLn0,MZaQ,9_Y1,c2JP,VpdQ,IYzP,me75fM6ugJ,kIsH,uKAI,Mtgm,NhsEn4L,mAjbk_S,RFKw,cJvF,AU8pNoi,EhlQAVC,oslk,dxUynIC,LM8l689qOp,rgKb,RAYp,F2FyR07IdsN7I
0,896,0,0,144,180,112,286.96,0,736488,0,2.487075,9,44,0,1469808,0,193903.8,0,12,32,32,156860.4,630,18,0,0,3253155,2250140,0,0,9,1209600,10402280,18,3110400,0,0,_v2gUHXZeb,RO12,taul,1K8T,0Xwj,AKbblEW,ARvzJXx,ju2g,HLqf,LqKm,VpdQ,zm5i,me75fM6ugJ,sBgB,7A3j,L84s,NhsEn4L,kZJtVhC,0k9m,cJvF,FzaX,bYA18fN,oslk,aFcwIB5,LM8l689qOp,453m,RAYp,F2FyR07IdsN7I
0,420,7,8,188,235,32,286.96,0,4790526,0,2.214911,9,38,0,1377048,0,121200.3,25,6,40,24,1587592,510,84,74385,0,3276790,548350,160,0,18,554456,10134880,36,1425696,0,0,m9SrEy7Rm6,RO12,taul,1K8T,YFAj,VjLN8e1,LH076SiAyW,LMrU,9_Y1,H9GL,sJzTlal,zm5i,me75fM6ugJ,kIsH,uKAI,L84s,NhsEn4L,mAjbk_S,0Lq6,cJvF,qxDb,ZN3fSEp,oslk,DrA79_c,LM8l689qOp,Aoh3,RAYp,F2FyR07IdsN7I
0,791,21,3856,152,190,8,200,0,6755160,0,3.976074,27,98,567,1607832,0,174807.3,30,6,40,32,120137.6,535,90,13167,0,3888000,32994,355,0,9,114387,10615040,18,378258,0,0,zC_Wq6e2Rv,RO12,taul,1K8T,AHgj,LnrlJRo,BBhiudN5VwCx3,FoZY,9_Y1,_xpN,VpdQ,sYC_,me75fM6ugJ,kIsH,uKAI,L84s,NhsEn4L,beK4AFX,G9tf,UYBR,AU8pNoi,TVjYWu3,oslk,MU1qI2t,M_8D,FSa2,RAYp,F2FyR07IdsN7I
0,686,0,0,188,235,40,220.08,0,3610092,0,5.807947,18,24,0,4113168,0,161133,15,6,48,80,650340,655,54,0,0,5133350,212142,0,0,9,843430,9870960,34,187098,0,0,HrWq9aXt5a,RO12,taul,1K8T,JLbT,6CXYbuk,lGXpFd_2Rf,9YJT,9_Y1,6TCl,09_Q,zm5i,Kxdu,kIsH,uKAI,L84s,9pUnzWLbztKTo,mAjygUE,8J9S,cJvF,FzaX,ROeipLp,zCkv,K2SqEo9,LM8l689qOp,uWr3,6fzt,am14IcfM7tWLrUmRT52KtA
0,3857,21,3148,176,220,56,632.72,25,3920454,0,0.6782739,27,176,28,492888,12,2205.489,15,6,32,40,1264620,1840,24,3780,88,3907115,6754,2585,6,0,4277,6000080,44,570,0,7,DQlrEyXXnK,rEUOq2QD1qfkRr6qpua,taul,1K8T,lK27,fhk21Ss,_03xtaMIkk68B,4gDN,9_Y1,H1uM,VpdQ,IYzP,7M47J5GA0pTYIFxg5uy,kIsH,uKAI,L84s,XfqtO3UdzaXh_,_JdH8mF,x9W7,cJvF,FzaX,4UxGlow,oslk,catzS2D,LM8l689qOp,Aoh3,ZI9m,ib5G6X1eUxUn6
0,406,0,0,204,255,72,220.08,0,4469292,0,1.92288,9,22,0,5433064,0,127755.6,10,4,56,80,298716.4,945,66,0,0,5236350,259702,0,0,9,179305,10702880,34,76932,0,0,6VLvyx7IEC,RO12,taul,1K8T,7wJ6,ZBORawV,3cO76t0,G2l2,9_Y1,YGOC,VpdQ,zm5i,me75fM6ugJ,kIsH,uKAI,L84s,NhsEn4L,kZJtVhC,04BW,cJvF,FzaX,JO0WZR6,oslk,ZwrmOr3,LM8l689qOp,szEZ,RAYp,F2FyR07IdsN7I
0,294,0,0,136,170,48,266.4,0,1660146,0,4.983336,18,20,0,3285272,0,212494.8,5,4,32,40,-829356,530,36,0,0,5949800,920504,0,0,9,604800,10387040,28,1036800,0,0,xearjIX0Db,RO12,taul,1K8T,JLbT,BaLg0iR,S85OeCBjSz,fUZc,9_Y1,YBFS,09_Q,zm5i,me75fM6ugJ,kIsH,uKAI,Mtgm,NhsEn4L,7WwOAni,o8P2,UYBR,FzaX,6XEDGtr,oslk,bSgodIn,LM8l689qOp,5Acm,RAYp,F2FyR07IdsN7I
0,791,7,140,80,100,64,133.12,0,189576,0,5.864345,9,44,77,83744,0,8322.51,0,8,48,40,-16821.84,360,6,101691,0,17285,33302,1990,0,0,26110,278444,4,44634,0,0,LDPgUHXZeb,RO12,taul,1K8T,TyGl,ka3eV8O,ThrnFOQ,szHs,9_Y1,STGZ,09_Q,IYzP,DHn_WUyBhW_whjA88g9bvA64_,kIsH,uKAI,L84s,CrNX,7WwCSJk,LVlW,cJvF,FzaX,UvL_w6z,d0EEeJi,nuwugiB,LM8l689qOp,453m,nIGXDli,F2FyR07IdsN7I
0,525,7,108,168,210,88,200,0,0,0,0.06515702,9,36,7,142816,0,8386.35,0,16,80,56,5035.84,525,0,864,0,186425,59972,140,0,18,44198,408996,32,102756,0,0,crIt0Go8Lb,RO12,taul,1K8T,LloI,tAqBboK,LH0BJkjM1L,GTQj,9_Y1,Z5OU,sJzTlal,IYzP,me75fM6ugJ,kIsH,uKAI,L84s,NhsEn4L,mAjbk_S,Awor,cJvF,FzaX,B0LABPr,oslk,UP3EVaf,LM8l689qOp,Qu4f,RAYp,F2FyR07IdsN7I
0,49,0,0,104,130,40,723.84,10,803352,0,0.5368511,9,12,0,1412464,0,112369.2,10,4,24,24,-571288,130,18,0,16,2111270,182688,0,0,0,0,3895468,22,37980,0,0,GcUBcmz45j,RO12,taul,1K8T,KqYs,esxkA1P,FoJylxy,_pOA,9_Y1,WGOH,VpdQ,IYzP,me75fM6ugJ,kIsH,uKAI,Mtgm,NhsEn4L,mAj3FSW,PsTo,UYBR,FzaX,EPImS85,oslk,MI8s5nE,LM8l689qOp,Qcbd,RAYp,F2FyR07IdsN7I
0,1400,7,168,188,235,48,367.2,0,8426640,0,6.196753,9,40,0,2758240,0,136562.4,25,2,32,64,130242.8,790,108,7947,0,1730435,353598,165,0,18,0,10711520,18,475236,0,0,JMGq9aXt5a,RO12,taul,1K8T,lK27,Nflu1hQ,IMbnnzlLVO,cExR,9_Y1,6TCl,sJzTlal,zm5i,me75fM6ugJ,kIsH,uKAI,L84s,NhsEn4L,kZJtVhC,dXfV,cJvF,FzaX,kog871e,oslk,m9rPLfR,LM8l689qOp,uWr3,RAYp,F2FyR07IdsN7I
0,651,7,88,128,160,40,253.52,0,6365340,0,2.475112,36,174,77,1382400,0,218853,25,4,32,16,120339.6,515,78,92889,0,1920340,864000,10,0,18,0,10618240,10,1036800,0,0,Qu0r4RKzJV,NMCEYavk0YOlqn2jHeEDjP0xsdXeAZGnZDN0NOfV,LfvqpCtLOY,1K8T,JLbT,fhk21Ss,Hz6CKEGgVigq3,kKTj,9_Y1,DtNL,09_Q,haYg,7M47J5GA0pTYIFxg5uy,kIsH,uKAI,L84s,XfqtO3UdzaXh_,XTbPUYD,9TkJ,UYBR,FzaX,4UxGlow,oslk,catzS2D,LM8l689qOp,FSa2,ZI9m,iyHGyLCEkQ
0,840,7,0,156,195,56,220.08,0,0,0,2.321085,9,112,0,291656,0,25062.9,15,4,24,32,236186,595,0,495,0,1323930,170198,5,0,36,137536,2584056,46,117888,0,0,CEat0G8rTN,2Knk1KF,taul,1K8T,lK27,60sCyD5,nQUBcBcErl,PMDO,9_Y1,k13i,VpdQ,hAFG,me75fM6ugJ,kIsH,uKAI,L84s,XfqtO3UdzaXh_,XTbPUYD,m86l,cJvF,FzaX,Gpv8hdx,oslk,HcpEsaq,LM8l689qOp,fKCe,RAYp,55YFVY9
0,4627,21,9660,636,795,264,210,0,426450,0,6.4326,27,194,2009,678840,0,9708.66,25,32,272,432,-267956,2360,216,31968,0,243985,331784,6130,0,18,261198,1872108,30,572790,0,0,v0Nt0Go8Lb,LrdZy8QqgUfkVShG,taul,z3mO,487l,fhk21Ss,Cy0RhGn,BoyN,9_Y1,rGJy,VpdQ,y6dw,7M47J5GA0pTYIFxg5uy,kIsH,uKAI,L84s,QsQAxv5,KqjecMy,yR9f,UYBR,FzaX,4UxGlow,QKW8DRm,catzS2D,LM8l689qOp,Qu4f,ZI9m,ib5G6X1eUxUn6
0,98,0,0,16,20,0,220.08,0,2033382,0,3.348216,9,18,0,0,0,300546,0,0,0,0,77156.8,275,6,0,0,9072000,0,0,0,0,0,8613200,6,0,0,0,1GdOj1KXzC,RO12,taul,1K8T,ZNsX,gRiCYcI,ARvzJXx,PSGW,9_Y1,_KXv,VpdQ,IYzP,me75fM6ugJ,kIsH,uKAI,L84s,NhsEn4L,mAja5EA,x3Hv,cJvF,FzaX,B9vOw16,oslk,8Guz4Af,LM8l689qOp,kwS7,RAYp,F2FyR07IdsN7I
0,1631,7,3732,232,290,72,169.92,10,199578,0,6.573382,9,196,21,1900752,3,19748.97,5,6,32,56,-175025.2,1055,66,5913,24,1629725,146490,5095,0,45,0,2708460,54,38502,0,0,qFpmfo8zhV,g62hiBSaKg,taul,1K8T,ssAy,fhk21Ss,q2tfFQq,5tEs,9_Y1,wGwL,VpdQ,y6dw,7M47J5GA0pTYIFxg5uy,kIsH,uKAI,L84s,_5OXC8MSLt,XTbQpf0,MWXY,cJvF,FzaX,4UxGlow,oslk,catzS2D,LM8l689qOp,wX53,ZI9m,ib5G6X1eUxUn6
0,637,14,328,20,25,0,319.6,0,1459752,0,2.104892,18,40,56,4838400,0,242765.7,5,2,8,8,-255068,300,6,21213,8,1355,0,795,6,9,0,7723880,2,2866830,0,0,dukmfo8zhV,RO12,taul,1K8T,LloI,9XfcVcA,76MiCML,y56T,9_Y1,wGwL,sJzTlal,zm5i,DHn_WUyBhW_whjA88g9bvA64_,kIsH,uKAI,L84s,CrNX,y5FU_7t,8Sc_,cJvF,FzaX,1CqYko5,d0EEeJi,eYJPfWY,LM8l689qOp,wX53,nIGXDli,F2FyR07IdsN7I
0,987,0,21520,148,185,56,288.08,0,8852520,0,1.521042,27,154,378,0,0,100455,45,0,32,0,99308,520,108,22554,0,309975,545174,0,0,54,0,10350440,6,0,0,0,1nlTmBtueT,AERks4l,taul,1K8T,F9g8,fhk21Ss,P9HTde2,MBL1,9_Y1,47ra,VpdQ,itlM,7M47J5GA0pTYIFxg5uy,kIsH,uKAI,L84s,XfqtO3UdzaXh_,XTbPUYD,pDp8,cJvF,FzaX,4UxGlow,oslk,catzS2D,M_8D,rgKb,ZI9m,ib5G6X1eUxUn6
0,1211,7,788,208,260,136,200,0,1049520,0,6.92758,9,100,140,773016,0,61956.3,10,10,56,56,148030,720,24,103698,0,2017130,349334,6025,0,18,258587,4030640,34,706116,0,0,75lq9ayfAo,eSGpMwS8zSGgq_trOpckZ5,taul,1K8T,c9jp,ckd0iwa,zxarPvc,hEdB,9_Y1,NFMt,sJzTlal,6JmL,GjJ35utlTa_GNSvxxpb9ju,kIsH,uKAI,L84s,UbxQ8lZ,ORMRote,L9IH,UYBR,FzaX,hmN1WU5,Al6ZaUT,uyDq6g3,LM8l689qOp,TNEC,02N6s8f,R4y5gQQWY8OodqDV
0,2723,7,2480,196,245,104,166.56,0,56004,0,5.05234,18,36,1218,1085568,0,23601.33,5,6,40,64,495.428,1005,6,33894,0,3348810,477210,28305,0,0,728686,5081280,46,783132,0,0,oBXrjIQq3d,RO12,taul,1K8T,ssAy,kjvBmIU,vTS4L1b76eV3e,o5H_,9_Y1,RVjC,sJzTlal,IYzP,me75fM6ugJ,kIsH,uKAI,L84s,NhsEn4L,mAjbk_S,TQqY,UYBR,FzaX,1vNmS85,oslk,MkQldxq,LM8l689qOp,FSa2,RAYp,F2FyR07IdsN7I
0,4165,7,624,20,25,16,288.72,0,0,0,0.140141,9,36,861,0,0,35690.7,10,0,16,0,33750.28,215,0,19017,0,989535,2419200,2575,0,18,0,8899360,2,0,0,0,LDPq9ayfAo,RO12,taul,1K8T,JLbT,P3bxW2B,m8PE_N_,FsEz,9_Y1,vm5R,09_Q,zm5i,me75fM6ugJ,kIsH,uKAI,Mtgm,NhsEn4L,kZJyVg2,NVlf,cJvF,FzaX,hN86hzI,oslk,h2ZOtEt,LM8l689qOp,7P5s,RAYp,F2FyR07IdsN7I
0,819,7,748,136,170,64,316.8,0,4933842,0,5.942534,18,58,217,1382400,0,210689.7,25,4,32,16,123052.4,510,66,25317,0,1736700,1369896,3275,0,9,0,10528800,12,1036800,0,0,V8lt0G8rTN,RO12,taul,1K8T,JLbT,voX4XxH,Gai9lEF2Fr,dHOn,9_Y1,k13i,09_Q,wMei,me75fM6ugJ,sBgB,7A3j,L84s,h0lfDKh52u4GP,IoI4mKe,fmpb,UYBR,FzaX,_Mc87dl,oslk,Bfv7kpB,jySVZNlOJy,fKCe,RAYp,F2FyR07IdsN7I
0,10920,28,14744,3512,4390,360,357.12,0,3373338,0,1.104251,36,134,1246,1283000,3,8477.729,430,68,1208,648,-39977.44,9595,1824,290493,8,1165825,666250,9475,0,27,91707,6627520,656,1227384,0,0,oBXTmBtFkL,2Knk1KF,taul,1K8T,JLbT,PHNvXy8,Cy0RhGn,UA8Q,9_Y1,C6Eu,VpdQ,6JmL,NKv3VA1BpP,kIsH,uKAI,L84s,Ie_5MZs,CWNY2py,Bygw,UYBR,FzaX,UF16siJ,zCkv,APgdzOv,jySVZNlOJy,rgKb,6fzt,Zy3gnGM
0,518,7,68,16,20,8,253.52,0,0,0,1.054689,9,30,0,0,0,249519,0,6,24,0,163842,270,0,7929,0,0,874482,690,0,9,0,9006560,0,10886400,0,0,dRagUHXM47,RO12,taul,1K8T,80HR,_fvf9c5,S85klZI_wB,ctaI,9_Y1,fTh6,09_Q,IYzP,me75fM6ugJ,kIsH,uKAI,L84s,NhsEn4L,mAjbk_S,I0cI,cJvF,FzaX,VvTAQQR,oslk,_o2canV,LM8l689qOp,453m,RAYp,F2FyR07IdsN7I
0,1512,7,1904,192,240,80,326.16,5,3947436,0,2.136082,9,136,42,481224,0,14203.65,15,8,40,88,157222.8,860,54,8307,16,1450065,437086,1535,0,9,99694,6840040,22,1511088,0,7,npOBcmzkzH,RO12,taul,1K8T,kwI9,QiwK0yW,Yi49a6G,ZXWs,9_Y1,yrDU,VpdQ,hAFG,Kxdu,kIsH,uKAI,L84s,FMSzZ91zL2,pMW6Pnu,78WQ,cJvF,OFWH,Fpzip6Z,zCkv,YAqrS2Y,LM8l689qOp,Qcbd,6fzt,4rd_
0,1463,0,0,256,320,96,220.08,0,411714,0,5.259346,9,40,0,5173544,0,102050.1,10,0,48,64,62965.6,1050,18,0,0,6547750,967972,0,0,9,1813966,10212360,78,0,0,0,2jiWq69cTy,RO12,taul,1K8T,pdks,GdzFZs5,Cy0RhGn,vwgA,9_Y1,Px52,VpdQ,zm5i,me75fM6ugJ,kIsH,uKAI,L84s,NhsEn4L,kZJtVhC,p1Yt,cJvF,FzaX,Xsg8XLE,oslk,eIi2qo0,LM8l689qOp,PM2D,RAYp,F2FyR07IdsN7I
0,791,7,2844,136,170,8,322.48,0,10372620,9,3.066439,9,66,231,0,3,166530.9,45,0,32,0,7227.56,780,126,24372,24,607165,29478,1205,0,45,0,10570200,6,0,2,0,dRarjIK12c,RO12,taul,1K8T,lK27,BMnJ89M,aFnW8Sr,5JAq,9_Y1,7WNq,VpdQ,itlM,me75fM6ugJ,kIsH,uKAI,L84s,XfqtO3UdzaXh_,11p4mKe,QCAy,cJvF,FzaX,8d5YWu3,oslk,sXbT3Cb,jySVZNlOJy,WqMG,RAYp,F2FyR07IdsN7I
0,476,0,0,128,160,8,220.08,0,259230,0,5.265328,9,26,0,5529600,0,223351.8,0,0,32,64,121254,500,6,0,0,9396050,34652,0,0,9,0,10523800,44,0,0,0,dRaTmBfHUn,RO12,taul,1K8T,LFM_,YLTY4q6,ElQylxy,E4f_,9_Y1,4N0K,09_Q,zm5i,me75fM6ugJ,kIsH,uKAI,L84s,NhsEn4L,kZJtVhC,dN9r,UYBR,FzaX,wZZm94s,oslk,l9eMpgG,LM8l689qOp,Qu4f,RAYp,F2FyR07IdsN7I
0,1960,21,1588,252,315,128,253.52,0,3875856,0,2.226234,36,112,21,4435176,0,62709.9,20,4,32,80,94028,1280,66,66555,0,5360950,188788,930,0,36,604800,10343840,40,98472,0,0,qFpmfo8zhV,2Knk1KF,taul,1K8T,LloI,25Ax0bI,NfN9Bz6HFx,70T2,9_Y1,wGwL,VpdQ,sYC_,me75fM6ugJ,kIsH,uKAI,L84s,NhsEn4L,cUQBu6y,OvL0,cJvF,FzaX,8c868SY,oslk,PQROEra,LM8l689qOp,wX53,RAYp,55YFVY9
0,679,0,208,108,135,40,253.52,0,2743116,0,0.3236488,9,30,0,2806784,12,201042.9,5,0,16,40,-472496,475,48,38232,48,2737930,423642,0,6,0,604800,6527360,16,0,0,7,HYTrjIK12c,RO12,taul,1K8T,pGTb,BMnJ89M,Iibp4Nm3uQ,E2M4,9_Y1,7WNq,sJzTlal,IYzP,me75fM6ugJ,kIsH,uKAI,L84s,NhsEn4L,kZJyVg2,GoPX,cJvF,FzaX,8d5YWu3,oslk,sXbT3Cb,jySVZNlOJy,WqMG,RAYp,F2FyR07IdsN7I
0,1029,0,0,160,200,16,439.44,0,2107470,0,4.674642,9,26,0,5722296,0,82992.3,0,0,32,72,109769.2,615,66,0,0,7526300,36524,0,0,18,604800,10360200,36,0,0,0,DHerjIKQ76,RO12,taul,1K8T,pGTb,6CXYbuk,9YuFlLzSEv,fAcL,9_Y1,7WNq,VpdQ,IYzP,Kxdu,kIsH,uKAI,L84s,9pUnzWLbztKTo,kq0DF8a,w9Dt,cJvF,FzaX,ROeipLp,zCkv,K2SqEo9,LM8l689qOp,WqMG,6fzt,am14IcfM7tWLrUmRT52KtA
0,833,0,0,320,400,120,320.4,0,1722876,0,3.499466,9,18,0,1573656,0,39226.8,20,12,72,72,-134722,1360,66,0,0,2058110,376136,0,0,9,698796,5460000,70,774726,0,0,dRagUHXM47,RO12,taul,1K8T,ssAy,rxYsSKu,o64y9zI,VJKm,9_Y1,LqKm,VpdQ,zm5i,me75fM6ugJ,kIsH,uKAI,L84s,NhsEn4L,jawB6UP,rImg,cJvF,FzaX,5LLAVkR,oslk,4IrvFmd,LM8l689qOp,453m,RAYp,F2FyR07IdsN7I
0,903,7,2196,136,170,152,220.08,0,1968414,0,4.073275,9,34,448,0,0,200873.7,10,12,32,0,154014.4,550,30,34272,0,227795,3283200,110,0,9,0,10825720,4,3110406,0,0,tr0Wq69cTy,RO12,taul,1K8T,0Xwj,jJ_nXHo,lQjEDPc,iqMO,HLqf,Px52,VpdQ,zm5i,me75fM6ugJ,sBgB,uKAI,L84s,NhsEn4L,kZJtVhC,dbHU,UYBR,FzaX,uyr88FJ,oslk,FlVqhZX,LM8l689qOp,PM2D,RAYp,F2FyR07IdsN7I
0,28,0,0,64,80,56,290.16,5,3889560,0,2.795984,9,16,0,285528,0,414195,0,2,0,8,-26074.84,140,12,0,8,4587105,1190,0,0,0,0,7679080,10,1906806,0,0,gOyvyx7ejg,RO12,taul,1K8T,hM6W,pro8v8X,TbQyCeZ21flwy,6aGA,9_Y1,RcM7,VpdQ,IYzP,me75fM6ugJ,kIsH,uKAI,Mtgm,NhsEn4L,mAja5EA,sC_I,cJvF,FzaX,meWVy8V,oslk,DQ3u3MC,LM8l689qOp,szEZ,RAYp,F2FyR07IdsN7I
0,3472,7,4040,568,710,48,383.92,0,4025982,0,5.178595,9,60,252,1760176,0,44048.1,45,14,64,208,105021.6,3330,84,95805,0,3279695,659916,23660,0,9,0,10334160,160,1587276,0,0,JMGq9aXt5a,RO12,taul,1K8T,PbOJ,0Vr7wZ4,6uerj6GG35,2OQB,9_Y1,Y9Bl,VpdQ,wMei,Kxdu,kIsH,uKAI,L84s,FMSzZ91zL2,11pMkO_,IyLs,UYBR,AU8pNoi,XbZitea,zCkv,DHPNgqU,M_8D,uWr3,6fzt,SbOd7O8ky1wGNxp0Arj0Xs
0,203,0,0,152,190,64,260.24,0,4110606,0,0.4355907,18,18,0,1267232,0,191318.4,20,4,40,16,161083.6,575,66,0,0,3124765,1267232,0,0,18,554414,9992520,22,950424,0,0,l7Fq9ayE15,RO12,taul,1K8T,z32l,2gNd3iM,9YuuPSz3BI,jv4s,9_Y1,000J,VpdQ,IYzP,me75fM6ugJ,kIsH,uKAI,L84s,NhsEn4L,mAja5EA,yd69,cJvF,FzaX,wUQOw16,oslk,oCqTy9x,LM8l689qOp,7P5s,RAYp,F2FyR07IdsN7I
0,56,0,0,116,145,8,240.56,0,8226780,0,1.81286,9,14,0,0,0,194735.1,20,0,8,0,-18730.44,230,108,0,0,1354300,22656,0,0,0,0,7995600,12,0,0,0,bZkOj1dMWg,RO12,taul,1K8T,h3JW,3PBlmZ6,MUrwLKl,e1v1,9_Y1,DFSe,09_Q,IYzP,me75fM6ugJ,kIsH,g5HH,L84s,NhsEn4L,TDc4Td_,z5z6,cJvF,FzaX,PYpRPEi,oslk,057UsvC,LM8l689qOp,me1d,RAYp,F2FyR07IdsN7I
0,1617,7,112,172,215,0,133.12,0,0,0,6.229011,9,130,77,1831728,0,13921.17,0,2,32,80,-1523032,675,0,21123,0,1409970,0,1870,0,27,258048,2101588,64,86622,0,0,bZk9tYsGvO,2Knk1KF,taul,1K8T,kNzO,eDdnaaX,8xqsKsAwUv,2tQN,9_Y1,YULl,09_Q,kxE9,me75fM6ugJ,kIsH,uKAI,Mtgm,XfqtO3UdzaXh_,XTb4AFX,08mk,UYBR,FzaX,Dw7YjZW,oslk,oCzEVaf,LM8l689qOp,FSa2,RAYp,55YFVY9
0,14,0,0,20,25,0,253.52,10,2423556,9,1.491989,36,16,0,0,0,1352685,5,0,8,0,108717.2,50,6,0,32,9072000,0,0,0,0,0,10042520,6,0,0,7,zcROj17IEC,RO12,taul,1K8T,Uk76,xUTqnbN,_jTP8ioIlJ,JJov,9_Y1,iVbl,VpdQ,IYzP,me75fM6ugJ,kIsH,uKAI,L84s,NhsEn4L,mAja5EA,wqwF,UYBR,FzaX,LwGVino,oslk,xYH_Q4n,LM8l689qOp,7aLG,RAYp,F2FyR07IdsN7I
0,882,14,3844,156,195,40,994.8,10,6192660,0,2.046571,36,182,315,4147200,3,213856.5,10,0,32,48,121987.2,555,84,33048,24,4176965,132272,7970,0,63,604800,10472600,24,0,0,0,wRXmfo875g,LrdZy8QqgUfkVShG,taul,1K8T,0Xwj,fhk21Ss,II0S8f9,jKCZ,HLqf,7pVf,VpdQ,y6dw,7M47J5GA0pTYIFxg5uy,sBgB,uKAI,L84s,a3CcPDe,CWNLnTo,LqRJ,UYBR,OFWH,4UxGlow,QKW8DRm,catzS2D,LM8l689qOp,wX53,ZI9m,ib5G6X1eUxUn6
0,700,14,10360,124,155,56,186.64,0,6837120,0,4.240974,18,130,1323,0,9,241041.9,20,6,32,0,206680,470,84,76509,24,793600,1209600,1490,0,36,0,10031360,6,1555200,0,0,N_vrjIXt5a,2Knk1KF,taul,1K8T,vsvk,6JEJgAs,_03xtaMIkZsn1,i6iM,9_Y1,Nbbb,VpdQ,kxE9,me75fM6ugJ,kIsH,uKAI,L84s,XfqtO3UdzaXh_,XTbPUYD,tYMR,cJvF,FzaX,U3CYjZW,oslk,WmdTQlu,jySVZNlOJy,5Acm,RAYp,55YFVY9
0,735,7,16,132,165,0,220.08,0,7113540,0,1.81991,9,112,0,2764800,0,190727.7,20,0,32,32,66737.6,625,90,10854,0,3526235,0,20,0,9,0,10328160,20,0,0,0,FoxgUHSK8h,2Knk1KF,taul,1K8T,kNzO,iYI85Wp,J8q7qVw,vWxY,9_Y1,mTeA,VpdQ,sYC_,NKv3VA1BpP,kIsH,uKAI,L84s,1YxyYTLbzthWO,mAjFK8S,ILNF,UYBR,AU8pNoi,R8kKx11,zCkv,X9a41Yn,M_8D,FSa2,6fzt,Zy3gnGM
0,805,7,104,136,170,56,286.96,0,1555200,0,4.003632,9,66,70,2796648,0,212971.8,10,8,48,40,280457.2,505,18,8919,0,5362200,1202256,1635,0,9,0,10756880,26,1690176,0,0,_v2TmBftjz,RO12,taul,1K8T,lK27,5uocKWM,V6XUlxabJ4VaD,3iGi,9_Y1,4N0K,VpdQ,IYzP,me75fM6ugJ,kIsH,uKAI,Mtgm,NhsEn4L,mAjbk_S,IzEA,cJvF,FzaX,l5bAe72,oslk,r3oreV4,LM8l689qOp,Qu4f,RAYp,F2FyR07IdsN7I
0,868,7,388,52,65,16,166.56,0,48420,0,6.419141,9,100,98,43032,0,5448.96,0,0,0,24,-15751,395,12,38727,0,190940,15954,3200,0,18,0,238456,12,0,0,0,NESWq69R_D,RO12,taul,1K8T,4fje,iJzviRg,qj0X1JD6U2VDfcVe,JqwB,9_Y1,mTeA,09_Q,wMei,7M47J5GA0pTYIFxg5uy,kIsH,uKAI,L84s,4kVnq_T26xq1p,kq0pfxt,VqrQ,UYBR,FzaX,ch2oGfM,zCkv,P6pu4Vl,LM8l689qOp,FSa2,ZI9m,R4y5gQQWY8OodqDV
0,791,7,844,128,160,0,220.08,0,11404800,0,5.933561,9,44,245,0,0,223549.8,45,0,32,0,136354,485,132,98226,0,10690,0,12205,0,9,0,10722160,2,0,0,0,dRaq9ayE15,RO12,taul,1K8T,z32l,Te2s8CN,1lFJzqR,szaj,9_Y1,vm5R,VpdQ,43pnToF,me75fM6ugJ,kIsH,uKAI,L84s,NhsEn4L,mAjbk_S,FWMv,UYBR,FzaX,rDm6pd1,oslk,Q53Rkup,LM8l689qOp,7P5s,RAYp,F2FyR07IdsN7I
0,714,7,248,112,140,72,262.88,10,6004980,0,6.541764,9,128,7,787440,0,208030.5,25,0,24,16,451780,510,36,49482,16,2230745,1345982,160,0,27,0,10457720,12,0,0,0,1qmr4RQxul,2Knk1KF,taul,1K8T,TyGl,PHNvXy8,bRabnkYqNc,RTc9,9_Y1,z5Ry,09_Q,hAFG,NKv3VA1BpP,kIsH,uKAI,L84s,Ie_5MZs,OFqdri0,BXUS,UYBR,FzaX,UF16siJ,zCkv,APgdzOv,LM8l689qOp,FSa2,6fzt,Zy3gnGM
0,1127,7,4,200,250,96,220.08,0,5166576,0,3.338176,18,32,7,1386488,0,132322.2,30,4,56,96,139532,765,60,639,0,2369260,721990,185,0,0,1209600,9738240,16,1036800,0,0,AUUt0GoOh3,RO12,taul,1K8T,g6No,wGQ47iP,GHfL3MpXAX,UQlZ,9_Y1,t_4G,VpdQ,IYzP,me75fM6ugJ,kIsH,uKAI,L84s,NhsEn4L,kZJtVhC,lke4,cJvF,FzaX,GOYABPr,oslk,huSQguc,jySVZNlOJy,Qu4f,RAYp,F2FyR07IdsN7I
0,1456,7,128,244,305,8,253.52,0,1174098,0,5.734031,9,62,63,5069080,0,112043.7,40,0,64,64,120937.6,1220,138,65070,0,8288250,106718,2145,0,0,0,10385080,42,0,0,0,Ylct0GoOh3,RO12,taul,1K8T,g6No,PTPnCPt,E5fmy0lJS1QYptMS,UCZm,9_Y1,rGJy,VpdQ,IYzP,me75fM6ugJ,kIsH,uKAI,L84s,NhsEn4L,mAjbk_S,fVeG,UYBR,FzaX,t0r88FJ,oslk,CqxAwsZ,jySVZNlOJy,Qu4f,RAYp,F2FyR07IdsN7I
0,679,21,204,16,20,0,220.08,0,7257600,0,1.51442,27,54,91,4838408,0,246552.3,5,0,8,8,92046.4,275,12,882,0,0,0,825,0,9,0,9104360,0,0,0,0,xOXr4RXktW,RO12,taul,1K8T,487l,gmq88LT,9UgkRNhwCh,fz0x,9_Y1,Albh,VpdQ,sYC_,me75fM6ugJ,kIsH,uKAI,L84s,NhsEn4L,kq0n8Bj,8THr,cJvF,FzaX,gbo1rOn,oslk,Pml6FsY,M_8D,Xa3G,RAYp,F2FyR07IdsN7I
0,728,7,80,148,185,32,166.56,0,2920830,0,2.770775,9,58,7,4147200,0,228129.3,20,0,32,48,288538.4,480,42,4293,0,5837850,460162,15,0,0,0,10316680,32,0,0,0,Foxt0Go8Lb,RO12,taul,1K8T,487l,9GJGgoz,k10MzgT,sIQ4,9_Y1,rGJy,VpdQ,IYzP,Kxdu,kIsH,uKAI,L84s,FMSzZ91zL2,TDcEYQ6,Ph1x,UYBR,FzaX,Tvpip6Z,zCkv,hHJsvbM,M_8D,Qu4f,6fzt,SbOd7O8ky1wGNxp0Arj0Xs
0,1323,35,8472,160,200,24,343.68,0,550110,0,1.08652,45,128,833,6220800,0,141448.2,0,0,32,72,168952,695,36,14724,0,8832650,67850,2295,0,18,0,10678960,44,0,0,0,FoxgUHSK8h,2Knk1KF,taul,1K8T,i0GO,H5Q_VBs,ZkibjLN5VwJ2V,HJ88,9_Y1,mTeA,VpdQ,sYC_,me75fM6ugJ,kIsH,7A3j,L84s,NhsEn4L,beK4AFX,8Mfr,UYBR,FzaX,KjR3372,oslk,frAh5QF,LM8l689qOp,FSa2,RAYp,55YFVY9
0,1505,7,136,196,245,40,253.52,0,7091100,0,6.968383,9,78,0,1624208,0,117693.9,15,8,40,32,89520.4,1205,96,12483,0,1922760,645222,65,0,27,1108849,10538000,34,1900890,0,0,l7Fq9ayE15,RO12,taul,1K8T,_8YK,lCpd8Q3,nQUq7hGe64,wCRD,9_Y1,kJJ7,09_Q,haYg,me75fM6ugJ,kIsH,uKAI,L84s,XfqtO3UdzaXh_,XTb4AFX,ChK2,cJvF,FzaX,JO06w_1,oslk,ZwrQhib,LM8l689qOp,7P5s,RAYp,F2FyR07IdsN7I
0,238,0,0,148,185,48,286.96,0,5709624,0,4.087588,18,18,0,2534432,0,192682.5,25,2,40,32,247836.8,545,72,0,0,3195740,569182,0,0,0,554407,10669400,18,475206,0,0,zcROj17IEC,RO12,taul,1K8T,PGNs,esxkA1P,MypvvoIQqc,Xk6j,9_Y1,iVbl,09_Q,IYzP,me75fM6ugJ,kIsH,uKAI,L84s,NhsEn4L,NGZxnJM,DG6Y,cJvF,FzaX,EPImS85,oslk,MI8s5nE,LM8l689qOp,7aLG,RAYp,F2FyR07IdsN7I
0,231,0,252,28,35,32,220.08,0,0,0,1.236061,9,104,0,0,0,43136.4,0,0,0,0,-36117.72,55,0,32256,0,2305,89142,0,0,9,0,180128,6,0,0,0,1JGr4RKzJV,2Knk1KF,taul,1K8T,0Xwj,nmmMbg2,bGUqwlz,zjO8,HLqf,DtNL,VpdQ,sYC_,me75fM6ugJ,sBgB,uKAI,L84s,NhsEn4L,beK4AFX,SSGd,UYBR,FzaX,KX8Ku_a,oslk,WwTr3XO,LM8l689qOp,FSa2,RAYp,55YFVY9
0,336,7,2488,176,220,80,233.6,0,3592476,0,1.517624,9,122,161,476544,0,34832.1,5,2,48,104,613484,375,42,59130,0,1163255,338038,520,0,9,134470,4595320,24,14700,0,0,TfiWq69R_D,2Knk1KF,taul,1K8T,72yt,K4R9pZF,dPr48JcrKi,nyZz,9_Y1,RVjC,sJzTlal,haYg,me75fM6ugJ,kIsH,uKAI,L84s,XfqtO3UdzaXh_,XTbPUYD,bru6,UYBR,FzaX,N0iLjAM,oslk,knFjtfg,LM8l689qOp,FSa2,RAYp,55YFVY9
0,1141,7,0,136,170,96,133.12,0,0,0,6.185217,9,54,0,214608,0,6951.09,0,4,40,64,-104558.8,695,0,972,0,250900,82952,20,0,0,81312,508624,24,52044,0,0,KXMrEyXXnK,RO12,taul,1K8T,YFAj,I0Kp6vu,yiXTc3CbD1,Wpx3,9_Y1,SkZj,VpdQ,IYzP,me75fM6ugJ,kIsH,uKAI,L84s,NhsEn4L,TDceha3,K6CO,cJvF,FzaX,3t16s0w,oslk,4htqjwa,LM8l689qOp,Aoh3,RAYp,F2FyR07IdsN7I
0,1792,21,328,224,280,200,233.44,0,0,0,4.732109,27,84,28,569696,0,13337.34,0,20,40,72,-83807.2,680,0,112959,0,113805,191716,2445,0,0,208376,909532,24,225312,0,0,KXMrEyXXnK,RO12,taul,1K8T,YFAj,IXynQZj,5CtupK8,so2h,9_Y1,SkZj,09_Q,IYzP,me75fM6ugJ,kIsH,uKAI,L84s,NhsEn4L,kq0aHkC,JKlc,cJvF,FzaX,O3em94s,oslk,Pb1DUPK,LM8l689qOp,Aoh3,RAYp,F2FyR07IdsN7I
0,70,0,0,120,150,64,310.48,0,2457384,0,2.420637,9,16,0,2446952,0,235186.2,10,0,24,32,202013.2,220,36,0,0,3888355,1319542,0,0,0,0,9302720,20,0,0,0,4e7Wq69R_D,RO12,taul,1K8T,lK27,q6YpzLh,uFKfZBm,eKTQ,9_Y1,Px52,VpdQ,IYzP,me75fM6ugJ,kIsH,uKAI,L84s,NhsEn4L,mAjIhQy,JEC4,UYBR,FzaX,efgVzos,oslk,OvOQls0,LM8l689qOp,PM2D,RAYp,F2FyR07IdsN7I
0,63,0,0,80,100,40,243.6,0,4104006,0,6.84875,9,14,0,2535128,0,85824.59,0,4,24,32,-51324.8,520,12,0,0,2893535,995062,0,0,0,2536289,10074640,14,2649168,0,0,qFpmfo8zhV,RO12,taul,1K8T,7gSz,QMLgCVv,BIxuwM5,AhSo,9_Y1,_48V,VpdQ,IYzP,me75fM6ugJ,kIsH,uKAI,L84s,NhsEn4L,NGZxnJM,MGxj,UYBR,FzaX,6XEoI0_,oslk,bSgltRa,LM8l689qOp,3Cy4,RAYp,F2FyR07IdsN7I
0,756,14,324,132,165,8,200,0,6220800,0,3.435163,36,32,35,3456000,0,214787.7,20,4,32,40,89189.2,480,72,1737,0,3796695,2750,2395,0,9,0,10446360,18,251232,0,0,8I1r4RXXnK,RO12,taul,1K8T,EzKK,3n6biah,I1sqWRxUAv,ulTj,9_Y1,Albh,09_Q,zm5i,me75fM6ugJ,kIsH,uKAI,L84s,NhsEn4L,mAjbk_S,2dTx,cJvF,FzaX,ZN38Wb4,oslk,xMusxs4,LM8l689qOp,Xa3G,RAYp,F2FyR07IdsN7I
0,812,7,852,172,215,16,230.16,0,3486066,0,4.783593,9,96,0,4787056,0,135614.7,30,2,72,64,122058.4,815,66,4446,0,5843850,345600,1700,0,27,141022,10592480,30,120876,0,0,dukmfo8zhV,RO12,taul,1K8T,7gSz,iJzviRg,34K79NA,X641,9_Y1,_48V,sJzTlal,haYg,7M47J5GA0pTYIFxg5uy,kIsH,uKAI,L84s,4kVnq_T26xq1p,kq0z9F1,sgM3,UYBR,FzaX,ch2oGfM,zCkv,P6pu4Vl,LM8l689qOp,3Cy4,ZI9m,R4y5gQQWY8OodqDV
0,714,7,708,128,160,72,253.52,5,200826,0,0.5157018,9,84,0,4838400,0,218266.2,0,4,32,56,4160,430,12,37845,8,4968585,1555200,1275,0,36,0,10329560,24,1036800,0,0,_v2TmBftjz,RO12,taul,1K8T,487l,R4C9W2K,YSdoo8_0ec,IEDl,9_Y1,4N0K,VpdQ,lVqb,me75fM6ugJ,kIsH,uKAI,Mtgm,XfqtO3UdzaXh_,11p4mKe,ynbO,UYBR,FzaX,zqsvdH_,oslk,jhrTQlu,LM8l689qOp,Qu4f,RAYp,F2FyR07IdsN7I
0,532,0,0,132,165,64,233.44,0,0,0,2.937193,27,28,0,3079768,0,180192.3,0,0,32,72,130762,515,0,0,0,2935795,815932,0,0,9,1126342,5520400,32,0,0,0,LDPq9ayfAo,AERks4l,taul,1K8T,z32l,ON5Ou9e,aEghjcMgIfpMJu7y,7_K1,9_Y1,vm5R,VpdQ,43pnToF,DHn_WUyBhW_whjA88g9bvA64_,kIsH,uKAI,L84s,JBfYVit4g8,TDc_9Yi,V9lI,cJvF,FzaX,p40KIAf,Al6ZaUT,C6OGkwT,LM8l689qOp,7P5s,02N6s8f,xwM2aC7IdeMC0
0,539,0,0,172,215,40,253.52,0,6064800,0,0.8709677,9,26,0,254536,0,170112.9,40,0,24,8,-25959.44,640,90,0,0,2959725,209100,0,0,9,0,9432000,28,0,0,0,dRaq9ayE15,RO12,taul,1K8T,yYar,6SycSKu,Tg7jjBB,0pcc,9_Y1,QBpP,VpdQ,zm5i,me75fM6ugJ,kIsH,uKAI,L84s,NhsEn4L,NGZxnJM,qKsk,cJvF,AU8pNoi,vz9fSEp,oslk,CW6RDbC,LM8l689qOp,7P5s,RAYp,F2FyR07IdsN7I
0,854,7,368,172,215,80,262,0,6183780,0,0.9619739,9,84,0,538672,0,101431.8,35,0,40,24,1097676,635,84,34101,0,697815,1667740,10,0,27,1050,10556360,18,0,0,0,xearjIX0Db,RO12,taul,1K8T,ZHNR,ClIoukx,_UtlxbJ,Q2W6,9_Y1,xQ2A,VpdQ,wMei,me75fM6ugJ,kIsH,uKAI,L84s,h0lfDKh52u4GP,IoI4mKe,jfcp,cJvF,qxDb,KjR6w_1,oslk,nKcTL5Q,LM8l689qOp,5Acm,RAYp,F2FyR07IdsN7I
0,1176,7,64,132,165,48,220.08,0,3641142,0,3.294168,18,56,0,1492200,0,133796.1,15,6,48,32,484896,540,48,1494,0,3217365,892950,90,0,0,95410,9247400,18,1037292,0,0,75lq9ayfAo,RO12,taul,1K8T,hAOr,ObplXr4,JQFeOYK,vyay,9_Y1,F_Lu,VpdQ,sYC_,DHn_WUyBhW_whjA88g9bvA64_,kIsH,uKAI,L84s,CrNX,mAjy7aS,24uh,cJvF,FzaX,MQGv9f3,d0EEeJi,U8cCVQe,LM8l689qOp,TNEC,nIGXDli,F2FyR07IdsN7I
0,882,7,464,132,165,40,186.64,0,539670,0,5.103824,9,36,63,3152280,0,142223.4,5,4,32,56,-138686,520,12,20520,0,3183200,235968,455,0,9,762902,5745320,32,667938,0,0,75lr4RXktW,RO12,taul,1K8T,TyGl,dC0d3iM,FoJylxy,Phiv,9_Y1,TFSW,VpdQ,zm5i,me75fM6ugJ,kIsH,uKAI,L84s,NhsEn4L,mAjbk_S,uAgP,UYBR,FzaX,Ox88mx2,oslk,7KtqWEN,jySVZNlOJy,Xa3G,RAYp,F2FyR07IdsN7I
0,1421,14,3704,152,190,56,169.92,0,2840172,0,0.9040804,45,182,91,2316536,0,81558.3,15,4,32,32,205494.8,525,60,10971,0,4658960,964290,1765,0,18,0,10435480,24,1036800,0,0,m9SrEy7Rm6,AERks4l,taul,1K8T,YFAj,fhk21Ss,YQcPlrpk3ptPA,mC6r,9_Y1,H9GL,VpdQ,wMei,7M47J5GA0pTYIFxg5uy,kIsH,uKAI,L84s,WsRVNrF85oPU_,teADeNj,Pi1F,cJvF,FzaX,4UxGlow,zCkv,catzS2D,jySVZNlOJy,Aoh3,ZI9m,ib5G6X1eUxUn6
0,336,0,0,244,305,96,220.08,0,579834,0,0.91348,9,16,0,396024,0,32513.1,10,16,72,88,299671.6,745,42,0,0,912455,247250,0,0,0,126651,2224808,42,549624,0,0,NQ5vyxLkBI,RO12,taul,1K8T,UpNf,q6YpzLh,DiLTw4C,BHlB,9_Y1,FbIm,VpdQ,IYzP,me75fM6ugJ,kIsH,uKAI,L84s,NhsEn4L,kZJtVhC,30TT,cJvF,FzaX,efgVzos,oslk,OvOQls0,LM8l689qOp,xb3V,RAYp,F2FyR07IdsN7I
0,1134,21,288,216,270,72,101.76,0,8057580,0,6.727195,27,34,161,3341424,0,125879.7,25,4,48,56,151942.4,715,120,675,0,2204900,166160,700,0,18,115395,10580080,22,132798,0,0,9hRmfo875g,RO12,taul,1K8T,LloI,O6mMbja,pCsFbvQJcF,RgLo,9_Y1,iZJp,09_Q,zm5i,me75fM6ugJ,kIsH,uKAI,Mtgm,NhsEn4L,kZJyVg2,GRSP,cJvF,FzaX,lQQDBnE,oslk,n6L0WQG,LM8l689qOp,3Cy4,RAYp,F2FyR07IdsN7I
0,364,7,48,112,140,56,166.56,0,0,0,4.626148,9,80,0,0,0,6650.22,0,0,0,0,16872.28,220,0,57132,0,134610,13958,1210,0,0,0,135604,42,0,0,0,3HjOj17ejg,RO12,taul,1K8T,aD1X,I6Bd3iM,ElQylxy,tXhW,9_Y1,iVbl,09_Q,IYzP,me75fM6ugJ,kIsH,uKAI,L84s,NhsEn4L,mAjbk_S,YKHO,cJvF,FzaX,bBmOw16,oslk,CcdTy9x,LM8l689qOp,7aLG,RAYp,F2FyR07IdsN7I
0,1148,7,84,220,275,136,196.64,0,367950,0,5.556291,9,44,0,388200,3,34108.2,10,18,56,48,254280,910,12,6048,16,1003265,386100,900,0,18,0,2317776,38,440418,0,7,qFpmfo8zhV,RO12,taul,1K8T,LloI,X2G4NDc,KyxX4chnKM,NYVW,9_Y1,6Kw9,sJzTlal,hAFG,me75fM6ugJ,kIsH,uKAI,L84s,NhsEn4L,mAjbk_S,_Itq,UYBR,FzaX,DiRY_02,oslk,HiG2C8o,LM8l689qOp,3Cy4,RAYp,F2FyR07IdsN7I
0,931,7,2440,128,160,136,166.56,0,6696,0,0.3168127,27,134,413,1038608,0,48930,0,10,32,24,52494,750,6,10548,0,465110,446088,590,0,9,573636,2217332,12,643950,0,0,DHevyx7IEC,2Knk1KF,taul,1K8T,FgS1,1QDnXdh,FoJylxy,2k9D,9_Y1,RcM7,VpdQ,hAFG,me75fM6ugJ,kIsH,uKAI,L84s,XfqtO3UdzaXh_,11p4mKe,A1VJ,UYBR,FzaX,dukfSEp,oslk,PNQEVaf,LM8l689qOp,szEZ,RAYp,55YFVY9
0,581,0,0,176,220,24,286.96,5,4474014,0,1.196753,18,26,0,3178800,0,187421.4,25,0,48,48,135180.8,615,72,0,8,4728665,288594,0,0,9,182700,10443320,36,0,0,0,NESt0G8EIb,RO12,taul,1K8T,JLbT,wcYFtc_,iDskMGe,DUuu,9_Y1,k13i,09_Q,zm5i,me75fM6ugJ,kIsH,uKAI,L84s,NhsEn4L,kZJtVhC,YuXi,UYBR,FzaX,Ehl87dl,oslk,oAh2Oqu,LM8l689qOp,fKCe,RAYp,F2FyR07IdsN7I
0,861,14,2264,148,185,80,253.52,0,754890,0,5.967956,45,176,245,2711384,0,181380.3,0,2,32,64,-435940,625,18,4185,0,3448050,376646,915,0,18,883225,5516720,30,219072,0,0,dRarjIK12c,AERks4l,taul,1K8T,YVv3,fhk21Ss,MypvvoIQqc,ZmHR,9_Y1,7WNq,VpdQ,hAFG,7M47J5GA0pTYIFxg5uy,kIsH,uKAI,L84s,4kVnq_T26xq1p,IoIcawr,68u9,cJvF,FzaX,4UxGlow,zCkv,catzS2D,LM8l689qOp,WqMG,ZI9m,ib5G6X1eUxUn6
0,742,7,388,112,140,24,253.52,0,4492830,0,0.7447127,9,32,14,633608,0,120680.7,30,2,24,8,136360.8,495,54,468,0,3001355,475210,160,0,9,554407,8938760,16,475206,0,0,dTGmfo8zhV,RO12,taul,1K8T,AKN1,9GJxoic,_jTP8ioIlJ,PCFV,9_Y1,Bw19,VpdQ,43pnToF,me75fM6ugJ,kIsH,uKAI,L84s,NhsEn4L,mAjbk_S,EGWd,cJvF,FzaX,s3vse7s,oslk,51wlOzR,LM8l689qOp,wX53,RAYp,F2FyR07IdsN7I
0,1155,7,5672,224,280,160,166.56,0,2382396,0,6.296091,9,64,70,1466704,0,56274,5,14,56,24,129925.2,815,30,48627,0,1408295,432652,2085,0,0,0,5336120,40,1015428,0,0,P1WvyxLp3Z,RO12,taul,1K8T,GYbZ,f_onF0C,LH0BJkjM1L,2G9x,9_Y1,_r21,09_Q,IYzP,me75fM6ugJ,kIsH,uKAI,L84s,NhsEn4L,mAjbk_S,jQFy,UYBR,FzaX,8_rYWu3,oslk,rT1Esaq,LM8l689qOp,xb3V,RAYp,F2FyR07IdsN7I
0,791,21,1844,64,80,32,186.64,0,0,0,4.518479,27,132,0,9336,0,5653.53,0,0,8,8,-1222964,940,0,115128,0,51145,16412,440,0,18,0,78408,22,0,0,0,dTGmfo8zhV,2Knk1KF,taul,1K8T,487l,gRinF0C,k10MzgT,DWoV,9_Y1,7pVf,VpdQ,haYg,me75fM6ugJ,kIsH,uKAI,L84s,XfqtO3UdzaXh_,XTbPUYD,5k48,UYBR,OFWH,SCnYWu3,oslk,WC7Esaq,LM8l689qOp,wX53,RAYp,55YFVY9
0,112,0,0,160,200,88,364.08,5,5233632,0,1.110446,9,14,0,2763624,0,154306.2,10,8,48,40,-139103.2,355,72,0,8,1715920,1637920,0,0,0,656285,10876840,12,1128966,0,0,GcUBcmz45j,RO12,taul,1K8T,0Xwj,4jFcSKu,S85OeCBjSz,sGGa,HLqf,EwzD,09_Q,IYzP,me75fM6ugJ,sBgB,uKAI,L84s,NhsEn4L,mAjIhQy,91pY,UYBR,FzaX,Z6VfSEp,oslk,503RDbC,LM8l689qOp,Qcbd,RAYp,F2FyR07IdsN7I
0,3024,7,3504,208,260,96,286.96,0,4174818,0,4.530442,18,146,28,2150520,0,57057.3,25,10,48,40,124996.4,1410,66,191124,0,2298530,1169630,370,0,45,493486,10218280,28,1280760,0,0,tr0gUH7ejg,bYmQ4nc,taul,1K8T,72yt,C3Vq7NI,_UtlxbJ,wNw1,9_Y1,m_h1,VpdQ,hAFG,DHn_WUyBhW_whjA88g9bvA64_,kIsH,uKAI,L84s,UbxQ8lZ,ORMRote,ElCB,UYBR,FzaX,1vnmNlx,Al6ZaUT,Y9z3qNE,LM8l689qOp,WqMG,02N6s8f,ib5G6X1eUxUn6
0,1197,7,664,204,255,96,99.68,0,11166,0,6.83636,9,144,77,27464,0,1918.533,20,0,40,48,9015.72,500,30,3069,0,67835,9564,95,0,9,0,102244,48,0,0,0,vAsgUHXM47,2Knk1KF,taul,1K8T,pdks,GdzFZs5,nQU2P_OLn0,n7th,9_Y1,8BBI,VpdQ,haYg,me75fM6ugJ,kIsH,uKAI,L84s,XfqtO3UdzaXh_,XTbPUYD,gYDS,UYBR,FzaX,Xsg8XLE,oslk,eIi2qo0,LM8l689qOp,453m,RAYp,55YFVY9
0,2730,7,232,308,385,376,236.48,0,30912,0,1.8652,9,74,14,273240,0,8626.26,20,6,56,56,-159664.4,895,30,171315,0,146900,181606,20,0,0,117194,823592,22,222066,0,0,P1WvyxLp3Z,RO12,taul,1K8T,R4_H,8Nsn57c,V_KvNzO,dsFp,9_Y1,vzJD,VpdQ,IYzP,me75fM6ugJ,kIsH,uKAI,L84s,NhsEn4L,mAjbk_S,LGvM,cJvF,AU8pNoi,07m8iqZ,oslk,VjJAgOW,LM8l689qOp,xb3V,RAYp,F2FyR07IdsN7I
0,679,0,0,616,770,248,166.56,0,0,0,1.759453,9,16,0,360208,3,4216.56,0,20,176,280,20803,1555,0,0,8,409110,140208,0,0,9,84861,900388,156,168870,0,0,qFpmfo8zhV,RO12,taul,1K8T,xgSF,2cBvY8M,CdPgMY1Z52,1EcY,9_Y1,_48V,VpdQ,43pnToF,me75fM6ugJ,kIsH,uKAI,L84s,NhsEn4L,mAja5EA,FCox,UYBR,FzaX,V8hvOIl,oslk,oKEqhZX,LM8l689qOp,3Cy4,RAYp,F2FyR07IdsN7I
0,791,21,2608,144,180,128,246.8,0,1992786,0,5.2837,27,56,721,1409912,0,188078.7,0,10,32,24,171050.8,570,30,35514,0,2340805,2273120,8190,0,0,1209600,10180360,14,2592000,0,0,Foxt0Go8Lb,RO12,taul,1K8T,wGW5,VITX0IX,nQU2P_OLn0,vozW,9_Y1,YePk,VpdQ,IYzP,me75fM6ugJ,kIsH,uKAI,L84s,NhsEn4L,mAjbk_S,zG1u,cJvF,AU8pNoi,s03A5lA,oslk,pgDuVxn,M_8D,Qu4f,RAYp,F2FyR07IdsN7I
0,833,28,744,228,285,88,176.56,0,32400,0,1.337107,63,258,105,286920,0,18236.94,0,2,48,96,65751.2,965,42,1260,0,600645,261328,985,0,36,20608,1170940,52,4062,0,0,LDPq9ayfAo,z3s4Ji522ZB1FauqOOqbkl,taul,1K8T,z32l,fhk21Ss,FoJylxy,3mel,9_Y1,QBpP,VpdQ,y6dw,7M47J5GA0pTYIFxg5uy,kIsH,uKAI,L84s,6z7lZp6XhQkon,___qL05,tB2H,cJvF,FzaX,4UxGlow,z4pH,catzS2D,jySVZNlOJy,7P5s,ZI9m,VjDE
0,448,7,20,52,65,24,186.64,0,6639120,0,1.67336,9,44,0,4094624,0,174117.9,5,0,8,8,324481.2,350,18,369,0,1834575,9722,515,0,27,3582796,9732800,10,0,0,0,8I1q9ayE15,RO12,taul,1K8T,hAOr,9GJGgoz,P9HTde2,iG64,9_Y1,NFMt,VpdQ,lVqb,Kxdu,kIsH,uKAI,L84s,FMSzZ91zL2,NGZokw4,dTZI,cJvF,FzaX,Tvpip6Z,zCkv,hHJsvbM,LM8l689qOp,TNEC,6fzt,SbOd7O8ky1wGNxp0Arj0Xs
0,1386,7,20,124,155,80,200,0,0,0,3.089938,9,34,21,677704,3,18395.25,0,12,96,96,-15231.28,395,0,207,24,138090,172300,35,6,0,194096,1146916,6,529488,0,7,KXMgUH7IEC,RO12,taul,1K8T,vSNn,gCspXKQ,LJF4fPp,GE33,9_Y1,m_h1,VpdQ,IYzP,me75fM6ugJ,kIsH,uKAI,L84s,NhsEn4L,mAjbk_S,Omqa,UYBR,FzaX,uyrmahk,oslk,In7dPAm,LM8l689qOp,WqMG,RAYp,F2FyR07IdsN7I
0,1554,0,4,400,500,152,307.6,0,4594446,0,6.911344,18,34,7,281408,0,66002.7,40,0,64,32,767304,1370,108,675,0,1736425,991786,0,0,9,108843,8825880,102,0,0,0,J9Vr4RQZiT,RO12,taul,1K8T,JLbT,34dq7r9,fgeyiRk,9tuc,9_Y1,mTeA,09_Q,wMei,me75fM6ugJ,kIsH,uKAI,Mtgm,NhsEn4L,7WwwAA_,k1WY,UYBR,OFWH,drWYWu3,oslk,0XlAKIt,LM8l689qOp,FSa2,RAYp,F2FyR07IdsN7I
0,637,7,184,40,50,16,220.08,0,1861986,0,1.23307,9,42,63,0,0,230358,10,0,8,0,276635.2,370,18,13014,0,6707650,316824,855,0,18,0,9124560,6,0,0,0,_v2vyx7IEC,RO12,taul,1K8T,487l,T2ennDZ,76j2P_OLn0,RzJO,9_Y1,qaiO,VpdQ,zm5i,me75fM6ugJ,kIsH,uKAI,L84s,NhsEn4L,kZJtVhC,V46O,cJvF,FzaX,8EdfrxM,oslk,VNj2_Lp,LM8l689qOp,szEZ,RAYp,F2FyR07IdsN7I
0,616,7,7636,100,125,16,196.64,0,1583646,0,2.120914,9,222,315,2054752,0,150212.7,0,0,16,48,116371.6,340,12,9747,0,3108390,80904,8505,0,45,0,4731680,30,0,0,0,Ie5gUH7IEC,2Knk1KF,LfvqpCtLOY,1K8T,PbOJ,fhk21Ss,3clyC8L,ioG2,9_Y1,m_h1,VpdQ,y6dw,7M47J5GA0pTYIFxg5uy,kIsH,uKAI,L84s,TVE1uh4F_wOi_,LxWSJXE,DV2t,UYBR,FzaX,4UxGlow,zCkv,catzS2D,LM8l689qOp,WqMG,ZI9m,VjDE
0,1204,7,2564,184,230,24,260.24,0,3505386,0,5.517625,9,92,56,2506320,3,148844.4,20,10,40,72,88467.2,740,60,20889,16,6170500,62246,4595,0,45,607726,10175200,30,212724,0,7,jg69tYsGvO,w9ygS99Qp_,taul,1K8T,0Xwj,1Qqo63u,o64y9zI,JmZ4,HLqf,YULl,VpdQ,kxE9,DHn_WUyBhW_whjA88g9bvA64_,sBgB,uKAI,Mtgm,CrNX,AuSBTw7,yMMr,cJvF,FzaX,PCSeOFF,d0EEeJi,KHRN8iG,jySVZNlOJy,FSa2,nIGXDli,R4y5gQQWY8OodqDV
0,1267,0,432,132,165,8,240.56,0,7836300,0,2.727622,9,90,0,0,0,107396.4,45,2,40,0,210700,1060,96,100395,0,2097475,47136,0,0,18,0,10282280,12,263130,0,0,9rAq9at_88,RO12,taul,z3mO,0Xwj,0BLnYyd,LIH3TPf,fVea,HLqf,KfYH,sJzTlal,G_zk,me75fM6ugJ,sBgB,g5HH,L84s,XfqtO3UdzaXh_,11p4mKe,yt5k,cJvF,FzaX,vM89sBz,oslk,tByjPJU,LM8l689qOp,me1d,RAYp,0pzBWGkV3fbsGZN52DH
0,840,7,2028,44,55,8,186.64,0,2407092,0,4.439436,18,136,126,553448,0,157132.8,0,2,8,8,38234,395,24,101448,0,9505700,158412,1035,0,45,484267,10119680,8,475236,0,0,1JGqrQKzJV,2Knk1KF,taul,1K8T,0Xwj,7qvk2Zj,LWyFlLYrMm,WR_p,F3hy,15m3,VpdQ,hAFG,me75fM6ugJ,kIsH,uKAI,L84s,XfqtO3UdzaXh_,11p4mKe,nvAG,UYBR,FzaX,FhTm94s,oslk,TIxsTKW,jySVZNlOJy,FSa2,RAYp,55YFVY9
0,672,14,3140,156,195,88,186.64,0,311670,0,6.157445,18,132,378,3630608,3,190022.1,5,6,72,80,67498,530,18,7974,8,4752000,1734380,1825,0,36,92554,10485320,22,1555200,0,0,vAsTmBfHUn,2Knk1KF,taul,1K8T,EWYi,fhk21Ss,LGkbsIMsMFR2MgMc70h,W133,9_Y1,4N0K,09_Q,itlM,7M47J5GA0pTYIFxg5uy,kIsH,uKAI,L84s,XfqtO3UdzaXh_,XTbPUYD,uC1K,cJvF,FzaX,4UxGlow,oslk,catzS2D,LM8l689qOp,Qu4f,ZI9m,55YFVY9
0,777,7,3260,152,190,24,271.92,0,8221560,0,1.019227,9,44,35,0,0,209326.5,50,0,32,0,192389.6,515,102,54765,0,1721110,264142,2965,0,18,0,10710520,16,0,0,0,xearjIX0Db,RO12,taul,1K8T,ZHNR,YDGnrqW,9YuX8HG_hH,UfAX,9_Y1,xQ2A,VpdQ,zm5i,me75fM6ugJ,kIsH,uKAI,Mtgm,NhsEn4L,7Ww66JZ,bubh,UYBR,FzaX,DI493UA,oslk,xZb2pc5,M_8D,5Acm,RAYp,F2FyR07IdsN7I
0,784,7,168,40,50,16,253.52,0,9290400,0,2.842555,9,32,0,1345288,0,192971.4,5,0,16,24,1819476,460,18,72,0,316950,682724,210,0,9,189210,10904480,2,0,0,0,75lq9ayfAo,RO12,taul,1K8T,lK27,apKnqNs,5q1hF23,8gpN,9_Y1,AKLO,09_Q,IYzP,me75fM6ugJ,kIsH,uKAI,L84s,NhsEn4L,NGZXfGp,i8Mp,cJvF,FzaX,7OmQAVC,oslk,76DYAUb,LM8l689qOp,TNEC,RAYp,F2FyR07IdsN7I
0,2744,7,2852,396,495,112,257.44,0,463902,0,3.749626,9,190,42,1901496,0,26294.34,35,12,120,184,-229946,1560,120,2340,0,1282155,364192,505,0,27,314433,3447048,58,320754,0,0,9rAq9at_88,2Knk1KF,taul,1K8T,sbZD,fhk21Ss,ELRUn57,GGnX,9_Y1,KfYH,VpdQ,haYg,7M47J5GA0pTYIFxg5uy,kIsH,g5HH,L84s,hnKSaiU4aMrDj,y5Fw9dw,4cib,cJvF,FzaX,4UxGlow,JIiEFBU,catzS2D,LM8l689qOp,me1d,ZI9m,iyHGyLCEkQ
0,931,21,796,184,230,32,253.52,0,6085800,0,0.1621448,36,214,105,1885208,0,185348.1,35,10,72,32,40207.2,750,84,11448,0,3848600,134998,145,0,36,137809,10204280,24,304710,0,0,voArjIXt5a,2wnefc9ISdLjfQoAYBI,CiJDdr4TQ0rGERIS,1K8T,h3JW,fhk21Ss,I1sqWRxUAv,hmzw,9_Y1,xQ2A,09_Q,oZyB,7M47J5GA0pTYIFxg5uy,kIsH,uKAI,L84s,_5OXC8MSLt,___yyxG,1uLQ,UYBR,FzaX,4UxGlow,oslk,catzS2D,LM8l689qOp,5Acm,ZI9m,VjDE
0,1519,7,12,532,665,160,286.96,0,8500440,0,4.394787,9,40,21,1156904,0,100180.2,40,10,168,160,153733.6,2450,138,100656,0,1891915,176268,840,0,18,153580,10383920,114,43698,0,0,ypNt0Go8Lb,RO12,taul,1K8T,JLbT,RZHcTEF,ToUSgkq,b54S,9_Y1,MGOA,sJzTlal,zm5i,me75fM6ugJ,kIsH,uKAI,L84s,NhsEn4L,mAjbk_S,_xX2,cJvF,FzaX,x6SfGrO,oslk,xBBRusu,LM8l689qOp,Qu4f,RAYp,F2FyR07IdsN7I
0,910,0,0,124,155,0,253.52,0,11287320,0,6.721427,9,42,0,0,0,196161,40,0,24,0,92138,490,132,4302,0,58575,0,0,0,9,0,10336560,2,0,0,0,2jiWq69cTy,RO12,taul,z3mO,0Xwj,RxDMhNR,BdLTN24,Fxzz,HLqf,Px52,VpdQ,zm5i,me75fM6ugJ,sBgB,uKAI,L84s,NhsEn4L,7Ww66JZ,QFXd,UYBR,FzaX,Y578iqZ,oslk,BG5Rt2K,LM8l689qOp,PM2D,RAYp,F2FyR07IdsN7I
0,1288,7,1540,176,220,136,176.56,0,0,0,3.157445,9,52,42,557696,0,27633.21,0,16,40,16,121245.2,675,0,2781,0,768505,455054,160,0,9,232281,2100004,34,444366,0,0,YddTmBtueT,RO12,taul,1K8T,JLbT,R4CMv2s,5CtupK8,YmHR,9_Y1,C6Eu,09_Q,43pnToF,me75fM6ugJ,kIsH,uKAI,L84s,NhsEn4L,TDcECyH,1P7h,UYBR,FzaX,OOC8jNM,oslk,piPR6zD,LM8l689qOp,rgKb,RAYp,F2FyR07IdsN7I
0,777,7,596,132,165,56,200,0,9738,0,2.559068,9,58,0,88176,0,30278.1,0,8,16,16,-1792088,490,6,98352,0,681970,103728,280,0,0,4494,1165356,38,542616,0,0,1YVgUHXZeb,RO12,taul,1K8T,lK27,ykveyvY,9YuuPSz3BI,95Mt,9_Y1,fTh6,VpdQ,sYC_,DHn_WUyBhW_whjA88g9bvA64_,kIsH,uKAI,Mtgm,CrNX,mAjy7aS,pKT5,cJvF,FzaX,Bxfxi1Z,d0EEeJi,bd0EUv8,LM8l689qOp,453m,nIGXDli,F2FyR07IdsN7I
0,784,7,1636,148,185,40,253.52,0,2852004,0,1.315531,9,176,343,1267232,0,226412.7,20,6,24,16,-12075.28,530,36,6579,0,4385465,634954,235,0,27,554414,9394800,34,1425636,0,0,py5gUH7ejg,g62hiBSaKg,taul,1K8T,487l,fhk21Ss,P9HTde2,umg2,9_Y1,m_h1,09_Q,hAFG,7M47J5GA0pTYIFxg5uy,kIsH,uKAI,Mtgm,4kVnq_T26xq1p,IoIcawr,8JTE,UYBR,FzaX,4UxGlow,zCkv,catzS2D,jySVZNlOJy,WqMG,ZI9m,ib5G6X1eUxUn6
0,560,7,128,140,175,0,247.28,0,175746,0,1.998718,9,52,0,92336,0,17647.86,5,0,0,32,-63907.6,515,60,639,0,376450,0,25,0,18,0,474516,40,0,0,0,ZSNq9atbb6,RO12,taul,z3mO,5B99,WkH7nZN,nQUH2a9mbj,27qS,9_Y1,KfYH,VpdQ,69fI,me75fM6ugJ,kIsH,g5HH,L84s,XfqtO3UdzaXh_,mAjKef6,6s73,cJvF,FzaX,scZ0Q3K,oslk,zmvzrB7,LM8l689qOp,me1d,RAYp,F2FyR07IdsN7I
0,833,7,296,180,225,160,166.56,0,0,0,2.591113,9,50,7,81536,3,12436.2,0,2,40,80,-1199228,850,0,15723,8,483115,137108,1240,0,0,896,703420,28,2916,0,0,vNEvyxLp3Z,RO12,taul,1K8T,UpNf,6CXYbuk,Y0uewlZ,ny3W,9_Y1,_r21,sJzTlal,IYzP,Kxdu,kIsH,uKAI,Mtgm,9pUnzWLbztKTo,TDc92TK,qkMH,cJvF,FzaX,ROeipLp,zCkv,K2SqEo9,LM8l689qOp,xb3V,6fzt,am14IcfM7tWLrUmRT52KtA
0,3304,14,1284,320,400,112,166.56,0,0,0,6.368511,18,172,14,1292936,0,24473.58,5,38,160,232,-287743.6,1520,0,8010,0,274500,117050,3540,0,45,198121,1309644,34,311256,0,0,vAsgUHXM47,NMCEYavk0YOlqn2jHeEDjP0xsdXeAZGnZDN0NOfV,taul,1K8T,h3JW,fhk21Ss,e1XhvTunuD,cFwG,9_Y1,7JiV,VpdQ,oZyB,7M47J5GA0pTYIFxg5uy,kIsH,uKAI,L84s,lCToAAt,pMWK5qS,nf62,cJvF,FzaX,4UxGlow,d0EEeJi,catzS2D,LM8l689qOp,453m,ZI9m,iyHGyLCEkQ
0,1967,7,56,252,315,80,607.04,0,5320398,0,6.049135,9,40,21,844488,0,75548.41,45,16,168,104,-614140,1305,72,423,0,1404935,201782,755,0,9,783202,8497200,22,1171668,0,0,8Fdr4RXXnK,RO12,taul,1K8T,lK27,cnWs43J,II0S8f9,Xq8_,9_Y1,ZKJc,VpdQ,zm5i,me75fM6ugJ,kIsH,uKAI,Mtgm,NhsEn4L,kZJtVhC,Zh46,cJvF,FzaX,FgkjbzC,oslk,5gSwS9i,LM8l689qOp,7FJQ,RAYp,F2FyR07IdsN7I
0,1204,7,744,108,135,48,186.64,0,1388568,0,6.229225,9,50,0,338136,0,44696.4,5,6,16,16,-125557.2,485,12,2160,0,2848270,258888,185,0,27,47439,4326440,26,211764,0,0,0vimfo8zhV,RO12,taul,1K8T,QQSE,VcWp_2L,msIFlLyI91,UPi7,9_Y1,Bw19,VpdQ,kxE9,7M47J5GA0pTYIFxg5uy,kIsH,uKAI,L84s,fnfcPDe,uZLrQFz,LtsS,UYBR,FzaX,dBlJbH2,QKW8DRm,Z2_IPGf,LM8l689qOp,wX53,vJ_w8kB,WfJ2BB2SFSqauljlfOB
0,14,0,0,52,65,8,606.56,5,7802640,0,5.135441,9,14,0,2437856,3,531690,0,2,8,8,513264,85,18,0,16,2771590,4028,0,0,0,934185,9179840,14,800730,0,0,C2Dvyx875g,RO12,taul,1K8T,TyGl,fmOyUEl,Yi49a6G,7yo6,9_Y1,MBhA,VpdQ,IYzP,me75fM6ugJ,kIsH,uKAI,Mtgm,NhsEn4L,kq0dQfu,u_cA,UYBR,FzaX,OTgR27Z,oslk,GeDuF_T,LM8l689qOp,WqMG,RAYp,F2FyR07IdsN7I
0,1393,0,60,536,670,272,331.04,0,807120,0,0.03888058,9,52,0,66568,0,27909.27,80,16,96,32,-3874.4,1680,276,3744,0,682805,307584,0,0,0,155736,2085148,52,269046,0,0,9u0r4Rdncc,RO12,taul,1K8T,L_LK,hbu7kIo,IG_G867,9MN5,9_Y1,em8I,VpdQ,IYzP,me75fM6ugJ,kIsH,g5HH,L84s,NhsEn4L,mAjk2hr,lkWv,cJvF,FzaX,QyR0Azj,oslk,jZZzgmc,LM8l689qOp,me1d,RAYp,F2FyR07IdsN7I
0,1897,7,304,368,460,192,256.4,0,1209528,27,3.652425,9,54,210,981096,9,27677.55,40,12,80,104,40889.6,1705,90,6561,72,2292785,399480,270,6,0,41895,4379760,52,351612,0,14,bt0mfo875g,RO12,taul,1K8T,ssAy,HPUhM2I,hOpRIhsUSP,fmby,9_Y1,gnEy,VpdQ,IYzP,me75fM6ugJ,kIsH,uKAI,L84s,NhsEn4L,mAjbk_S,fmxR,UYBR,FzaX,hP0Q2YB,oslk,ioNa5gA,LM8l689qOp,3Cy4,RAYp,F2FyR07IdsN7I
0,329,0,0,96,120,32,186.64,0,3326586,0,6.118351,9,22,0,3168160,0,231507.9,10,0,24,40,-331642.4,455,42,0,0,2012925,1597568,0,0,9,0,8959360,12,0,0,0,bZk9tYsGvO,RO12,taul,1K8T,TyGl,Y6hYfcf,hOpRIhsUSP,KuUP,9_Y1,YULl,09_Q,zm5i,me75fM6ugJ,kIsH,uKAI,Mtgm,NhsEn4L,mAja5EA,aMbm,UYBR,FzaX,gwj3_5u,oslk,APgu8Zv,LM8l689qOp,FSa2,RAYp,F2FyR07IdsN7I
0,910,7,376,172,215,8,200,0,2644896,0,6.813074,18,58,14,3004440,0,193482,20,2,48,48,247607.2,560,42,71253,0,6843500,40520,880,0,0,144347,10079960,48,1896,0,0,2jigUH7ejg,RO12,taul,1K8T,ekye,tAqCzkM,_03xtaMIkZsn1,IaEe,9_Y1,DmlN,VpdQ,IYzP,me75fM6ugJ,kIsH,uKAI,L84s,NhsEn4L,mAjbk_S,yiEvvF0,cJvF,FzaX,SGlOtFs,oslk,JcMz_Kt,LM8l689qOp,w_Ub,RAYp,F2FyR07IdsN7I
0,1435,14,200,264,330,128,213.36,0,30918,0,0.09057894,18,106,7,812032,0,51109.8,10,18,88,72,-959272,925,24,74376,0,4377540,545694,1130,0,9,389137,6000200,52,1121274,0,0,doHrEyXktW,2Knk1KF,taul,1K8T,0Xwj,MErO9Nm,5q1hF23,4MV4,HLqf,SkZj,09_Q,sYC_,me75fM6ugJ,sBgB,uKAI,Mtgm,NhsEn4L,beK4AFX,tKxV,cJvF,FzaX,1nA68SY,oslk,mhe7j0h,LM8l689qOp,Aoh3,RAYp,55YFVY9
0,2170,7,704,428,535,152,200,0,21600,0,3.530442,9,110,210,382720,0,7966.38,5,8,80,104,183526.4,1635,12,19845,0,1163470,58856,4735,0,0,6776,1282468,136,41052,0,0,dRagUHXM47,2Knk1KF,taul,1K8T,487l,m4ZnXKj,3clyC8L,0Q1J,9_Y1,8BBI,VpdQ,sYC_,me75fM6ugJ,kIsH,uKAI,L84s,NhsEn4L,kq0aHkC,IqHu,cJvF,FzaX,AxANqhB,oslk,KZOytFJ,LM8l689qOp,453m,RAYp,55YFVY9
0,917,7,5036,124,155,0,220.08,0,0,0,6.331767,27,186,287,3818728,0,98942.09,0,2,32,64,-615164,500,0,77913,0,6238750,0,115,0,27,1083656,7001320,44,151446,0,0,8Iqt0G8rTN,LrdZy8QqgUfkVShG,taul,1K8T,JLbT,fhk21Ss,o64y9zI,agam,9_Y1,e7QV,VpdQ,oZyB,7M47J5GA0pTYIFxg5uy,kIsH,uKAI,L84s,QsQAxv5,KqjecMy,HEX_,UYBR,FzaX,4UxGlow,QKW8DRm,catzS2D,LM8l689qOp,fKCe,ZI9m,ib5G6X1eUxUn6
0,735,7,72,148,185,16,186.64,0,6595680,0,1.948943,18,50,21,1382400,0,203151.6,20,4,32,16,283594.4,550,84,80667,0,4381530,51714,1585,0,0,1159242,10713040,26,950472,0,0,V8lBcmz45j,RO12,taul,1K8T,kwI9,fqeOwLG,P9HTde2,2TSS,9_Y1,KubS,VpdQ,IYzP,7M47J5GA0pTYIFxg5uy,sBgB,uKAI,L84s,FMSzZ91zL2,kq067VR,9ozZ,cJvF,FzaX,fxJmel6,zCkv,WfsWw2A,LM8l689qOp,Qcbd,ZI9m,SbOd7O8ky1wGNxp0Arj0Xs
0,4914,7,712,580,725,424,166.56,0,37830,0,2.290109,9,70,490,385176,0,4573.86,15,16,120,176,-11570.28,2475,18,14778,0,516425,207580,1085,0,27,105070,1127528,112,115200,0,0,C2Dvyx875g,RO12,LfvqpCtLOY,1K8T,YVv3,ojHCYcI,FoJylxy,sbhw,9_Y1,MBhA,VpdQ,kxE9,me75fM6ugJ,kIsH,uKAI,L84s,XfqtO3UdzaXh_,11p4mKe,5smi,UYBR,FzaX,KtBOw16,oslk,NKvz4Af,LM8l689qOp,WqMG,RAYp,F2FyR07IdsN7I
0,1750,7,104,292,365,96,125.44,0,0,0,6.517624,9,36,56,77320,0,892.686,0,4,24,80,12658.72,1185,0,405,0,125990,8234,65,0,0,1750,157432,98,2268,0,0,oUPBcmzkzH,RO12,taul,1K8T,lK27,Nxdw8DQ,8xqsKsAwUv,RQqj,9_Y1,yrDU,09_Q,IYzP,me75fM6ugJ,kIsH,uKAI,L84s,NhsEn4L,mAjR0Ac,V9mM,cJvF,FzaX,bDIfGrO,oslk,s4wQZmh,LM8l689qOp,Qcbd,RAYp,F2FyR07IdsN7I
0,518,0,0,240,300,64,250.16,0,32094,0,4.486434,9,18,0,1982816,0,34113.3,0,6,32,96,-464700,1195,12,0,0,3980125,272276,0,0,0,847238,5014080,70,408918,0,0,_v2vyx7IEC,AERks4l,taul,1K8T,FgS1,fHbxfeC,KyxX4chnKM,Ef1y,9_Y1,RcM7,09_Q,IYzP,GjJ35utlTa_GNSvxxpb9ju,kIsH,uKAI,L84s,JBfYVit4g8,TDc_9Yi,A1VJ,UYBR,FzaX,oatws81,Al6ZaUT,aGyO5Zp,LM8l689qOp,szEZ,02N6s8f,xwM2aC7IdeMC0
0,1582,14,16,184,230,64,259.92,5,5014752,0,0.1345866,18,34,14,1813048,0,100414.5,15,4,32,40,856052,1205,66,126,8,3285960,972722,105,0,9,0,10408000,34,950460,0,0,639r4RK2Mx,RO12,taul,1K8T,PbOJ,iBKkTQ1,nQUveAzAF7,M4Oj,9_Y1,DtNL,VpdQ,zm5i,me75fM6ugJ,kIsH,uKAI,L84s,NhsEn4L,mAjbk_S,KLhH,cJvF,FzaX,rLfmFX7,oslk,KiEskzO,LM8l689qOp,FSa2,RAYp,F2FyR07IdsN7I
0,1435,0,0,148,185,48,186.64,0,3585642,0,6.209784,9,26,0,2263120,0,70152.59,15,6,32,32,198720.4,1030,60,0,0,4752000,933896,0,0,9,604800,10305800,22,1213734,0,0,1JGqrQKzJV,RO12,taul,1K8T,JLbT,6CXYbuk,J1MZ1kd,GlY2,9_Y1,15m3,sJzTlal,zm5i,Kxdu,kIsH,uKAI,L84s,9pUnzWLbztKTo,mAjygUE,J2Rj,cJvF,FzaX,ROeipLp,zCkv,K2SqEo9,LM8l689qOp,FSa2,6fzt,am14IcfM7tWLrUmRT52KtA
0,1204,7,156,152,190,88,369.12,0,3227598,0,4.363597,27,58,14,3376472,0,141642.3,10,2,40,48,98640.8,630,60,270,0,2950945,1552094,200,0,18,0,10258240,16,475218,0,0,gOyvyx7ejg,RO12,taul,1K8T,FgS1,J7Knr2P,J3fgbi2,Fejm,9_Y1,RcM7,VpdQ,itlM,me75fM6ugJ,kIsH,uKAI,L84s,XfqtO3UdzaXh_,11p4mKe,D2EO,cJvF,FzaX,Fpzfql_,oslk,mfC2Oqu,jySVZNlOJy,szEZ,RAYp,F2FyR07IdsN7I
0,1246,21,1712,148,185,56,328.4,0,3051552,0,6.107028,36,194,21,2764800,0,123556.5,5,8,32,32,163375.6,660,36,2124,0,4798730,905204,1990,0,18,575218,10524080,30,1668456,0,0,voArjIXt5a,LrdZy8QqgUfkVShG,taul,1K8T,z32l,fhk21Ss,nQU2P_OLn0,yeMy,9_Y1,xQ2A,VpdQ,y6dw,7M47J5GA0pTYIFxg5uy,kIsH,uKAI,L84s,a3CcPDe,CWNLnTo,fopw,cJvF,FzaX,4UxGlow,QKW8DRm,catzS2D,LM8l689qOp,5Acm,ZI9m,ib5G6X1eUxUn6
0,770,0,0,172,215,144,166.56,0,53994,0,6.821833,9,28,0,190216,0,10455,0,8,48,64,25228.16,600,6,0,0,184520,109182,0,0,9,53739,560504,24,95130,0,0,AUUt0GoOh3,RO12,taul,1K8T,g6No,a5zOfm0,msIcVg8v5v,m_ym,9_Y1,t_4G,VpdQ,43pnToF,me75fM6ugJ,kIsH,uKAI,L84s,NhsEn4L,mAja5EA,PFOG,cJvF,FzaX,lRbfSEp,oslk,zccO8fW,LM8l689qOp,Qu4f,RAYp,F2FyR07IdsN7I
0,903,7,132,72,90,32,186.64,0,4665720,0,1.381542,9,88,28,199352,0,160460.4,20,0,16,8,-410712,425,54,53811,0,0,518942,130,0,27,0,5630480,0,0,0,0,dukmfo8zhV,RO12,taul,1K8T,QQSE,pxFnmrh,LGkNmwM_O14sKdstn_K,ITft,9_Y1,6Kw9,09_Q,sYC_,me75fM6ugJ,kIsH,uKAI,L84s,NhsEn4L,kq0aHkC,LJRr,UYBR,FzaX,6XEYiHx,oslk,ScmQhac,LM8l689qOp,3Cy4,RAYp,F2FyR07IdsN7I
0,1631,14,908,140,175,80,166.56,0,97086,0,4.337107,18,130,126,361264,0,24032.19,25,4,56,24,66616.8,630,48,104589,0,400815,93822,1810,0,9,8162,1097480,14,4176,0,0,zC_Wq6e2Rv,2Knk1KF,taul,1K8T,0Xwj,lKb9haC,YQcPlrpk3WNO0,qUsF,HLqf,_xpN,VpdQ,sYC_,5iay,sBgB,uKAI,L84s,fSKKIQdIPDXgw,teAIULl,Ua0x,UYBR,Lmli,MMTzcLy,zCkv,Givnhll,jySVZNlOJy,FSa2,6fzt,Zy3gnGM
0,1568,7,2824,272,340,96,200,0,2803158,0,2.986328,9,178,49,1123440,0,102456.3,15,14,48,24,97202.8,1005,96,118044,0,3562650,1309108,2580,0,36,2418766,10202240,54,3015132,0,0,LDPgUHXZeb,LrdZy8QqgUfkVShG,taul,1K8T,487l,fhk21Ss,7ruFuE4,e_fe,9_Y1,STGZ,VpdQ,kxE9,7M47J5GA0pTYIFxg5uy,kIsH,uKAI,L84s,_5OXC8MSLt,XTbQpf0,HBSA,UYBR,FzaX,4UxGlow,oslk,catzS2D,LM8l689qOp,453m,ZI9m,ib5G6X1eUxUn6
0,833,7,1596,132,165,16,186.64,0,5584572,0,6.862636,9,38,294,2691920,0,230608.8,30,0,48,32,69626,495,66,13545,0,4086345,263180,105,0,9,1209600,10295720,20,0,0,0,1qmr4RQxul,RO12,taul,1K8T,487l,PTPXtaU,C0UHhjM,eJPt,9_Y1,z5Ry,09_Q,zm5i,me75fM6ugJ,kIsH,uKAI,L84s,NhsEn4L,mAja5EA,lSf_,UYBR,FzaX,NlJY_02,oslk,_p6zgmc,jySVZNlOJy,FSa2,RAYp,F2FyR07IdsN7I
0,413,0,0,140,175,8,253.52,0,235116,0,1.4326,9,22,0,3865832,0,113162.7,0,4,40,72,154904,585,6,0,0,5234900,140702,0,0,9,933086,6789320,44,345456,0,0,8Fdr4RXXnK,e6CkoqApVR,taul,1K8T,1TqK,9GJGgoz,aEghjcMgI1QYJu7y,1RZ6,9_Y1,TFSW,VpdQ,zm5i,Kxdu,kIsH,uKAI,L84s,FMSzZ91zL2,kq0jANs,tgEr,cJvF,FzaX,Tvpip6Z,zCkv,hHJsvbM,LM8l689qOp,Xa3G,6fzt,F2FcTt7IdMT_v
0,490,0,0,124,155,72,186.64,0,6059280,0,4.747917,9,26,0,0,0,225140.7,25,8,32,0,453948,490,72,0,0,217620,1555200,0,0,9,0,10434400,2,2073600,0,0,Foxt0Go8Lb,RO12,taul,1K8T,wOc1,wGQ47iP,9HOPNsJ,SSYN,9_Y1,Z5OU,09_Q,zm5i,me75fM6ugJ,kIsH,uKAI,L84s,NhsEn4L,mAja5EA,1pQt,cJvF,FzaX,GOYABPr,oslk,huSQguc,LM8l689qOp,Qu4f,RAYp,F2FyR07IdsN7I
0,581,0,0,68,85,24,268.56,10,1488798,0,1.153172,9,28,0,4446168,0,177522.6,5,4,24,16,-16758.16,365,24,0,16,3768250,5618,0,0,18,0,8759000,10,3775914,0,0,dTGmfo8zhV,RO12,taul,1K8T,tXti,4jFRSUd,hOpRIhsUSP,JNfC,9_Y1,iZJp,VpdQ,zm5i,me75fM6ugJ,kIsH,uKAI,L84s,NhsEn4L,kZJtVhC,s5Cu,UYBR,AU8pNoi,IS78jNM,oslk,MgSTL5Q,LM8l689qOp,3Cy4,RAYp,F2FyR07IdsN7I
0,1246,7,1008,36,45,16,0,0,98166,0,3.358043,9,36,0,0,9,137610.3,0,4,8,0,-751100,235,6,58032,24,1618715,230870,25,0,18,604800,2513356,8,1036800,0,0,xOXTmBtFkL,RO12,taul,1K8T,PbOJ,ckoNVBU,zJIwUbLPQVlp8,3VRW,9_Y1,47ra,09_Q,IYzP,me75fM6ugJ,kIsH,uKAI,L84s,NhsEn4L,kZJtVhC,K_3s,cJvF,FzaX,6VLNqhB,oslk,6YSocsg,LM8l689qOp,rgKb,RAYp,F2FyR07IdsN7I
0,616,7,2384,20,25,8,253.52,0,7257600,0,4.92587,9,180,21,983480,0,193926.3,0,0,0,8,324195.2,355,12,52281,0,938770,1209600,7665,0,27,0,8500360,2,0,0,0,zKnr4RXktW,2Knk1KF,taul,1K8T,ChAX,fhk21Ss,y2LuFUfSEo,t_Kq,9_Y1,Zazx,VpdQ,y6dw,7M47J5GA0pTYIFxg5uy,kIsH,uKAI,L84s,Ie_5MZs,pMWNPrB,cygY,cJvF,FzaX,4UxGlow,zCkv,catzS2D,LM8l689qOp,Xa3G,ZI9m,TCU50_Yjmm6GIBZ0lL_
0,46732,14,2564,560,700,368,200,0,166692,0,5.724845,27,160,21,18808,0,2051.049,5,0,8,40,31977.72,14130,528,64800,0,0,36488,980,0,18,0,200224,0,0,0,0,zcROj17IEC,2Knk1KF,taul,1K8T,487l,jJ_lbGp,y2LIM03TrE,EKVC,9_Y1,eQTr,09_Q,hAFG,me75fM6ugJ,kIsH,uKAI,L84s,XfqtO3UdzaXh_,_JdcICD,AQO0,cJvF,FzaX,PqGY_02,oslk,FnxQQMs,jySVZNlOJy,7aLG,RAYp,TCU50_Yjmm6GIBZ0lL_
0,973,7,388,180,225,88,220.08,0,1555212,0,6.290109,18,180,63,388344,0,110135.4,5,16,64,48,331314.4,565,18,2538,0,1314765,645094,205,0,18,326963,4121960,32,305064,0,0,crIt0Go8Lb,qqimvRzsp8ZZdKRPgzLg68joSn_k,taul,1K8T,TyGl,fhk21Ss,_03xtaMIkZsn1,fW3T,9_Y1,C7DI,VpdQ,haYg,7M47J5GA0pTYIFxg5uy,kIsH,uKAI,L84s,_5OXC8MSLt,XTbQpf0,E80k,UYBR,FzaX,4UxGlow,oslk,catzS2D,M_8D,Qu4f,ZI9m,iyHGyLCEkQ
0,259,0,0,152,190,104,275.28,5,3611490,0,1.462081,9,18,0,974856,0,205543.8,10,10,32,24,36044.84,520,48,0,8,1662010,1935052,0,0,9,0,10376320,14,2592000,0,0,JMGq9aXt5a,RO12,taul,1K8T,TLkP,xUTqnbN,_03xtaMIkk68B,t1zn,9_Y1,Y9Bl,VpdQ,wMei,me75fM6ugJ,kIsH,uKAI,L84s,NhsEn4L,uZL60aU,tK4W,cJvF,FzaX,LwGVino,oslk,xYH_Q4n,LM8l689qOp,uWr3,RAYp,F2FyR07IdsN7I
0,931,7,36,128,160,0,335.68,0,4481322,0,6.138646,9,124,0,3456000,0,214240.8,15,2,24,40,129747.2,535,54,198630,0,5667650,0,60,0,18,0,10366240,28,119658,0,0,wx50AqAqGL,2Knk1KF,taul,1K8T,JLbT,TO7rLeh,UnPEkD6Pex,xklU,9_Y1,RVjC,09_Q,Tkho,5iay,kIsH,uKAI,L84s,dznt9poYpmHt7,OFqIZAp,H3p7,UYBR,FzaX,e8B6QRJ,zCkv,VAZR69P,LM8l689qOp,FSa2,6fzt,Zy3gnGM
0,287,0,0,28,35,16,254.64,0,4007904,0,5.614613,9,20,0,0,0,227705.7,5,0,8,0,244907.6,385,12,0,0,5461750,1938500,0,0,9,0,11130200,4,0,0,0,75lr4RXktW,RO12,taul,1K8T,1TqK,B4gu5tB,glRbITbnHQ,K5jj,9_Y1,TFSW,VpdQ,zm5i,me75fM6ugJ,kIsH,uKAI,L84s,NhsEn4L,NGZxnJM,sk3z,cJvF,FzaX,l8AOtFs,oslk,ZjpR6zD,LM8l689qOp,Xa3G,RAYp,F2FyR07IdsN7I
0,532,0,0,136,170,96,186.64,0,3667230,0,0.60094,9,28,0,0,0,218224.2,25,8,40,0,186854,520,48,0,0,1798565,1904458,0,0,18,0,10716640,10,2073600,0,0,zcRZptzip9,RO12,taul,1K8T,j_M3,kUC4jEC,y2LuFUfSEo,D2Pj,9_Y1,t_4G,VpdQ,IYzP,me75fM6ugJ,kIsH,uKAI,L84s,NhsEn4L,mAja5EA,gXqJ,UYBR,FzaX,wQXRvCC,oslk,PqkyovK,LM8l689qOp,Qu4f,RAYp,F2FyR07IdsN7I
0,1736,14,100,180,225,64,381.6,0,7673700,0,6.687246,18,106,56,2213208,0,69512.7,20,4,40,88,242906,740,108,67995,0,722780,1275720,1510,0,27,91,10742160,4,11532,0,0,tr0rEyXktW,2Knk1KF,taul,1K8T,LLPZ,LG0JHBC,DKUE7cKUX2,MOr6,9_Y1,SkZj,VpdQ,wMei,me75fM6ugJ,kIsH,uKAI,L84s,h0lfDKh52u4GP,IoI4mKe,f3kz,cJvF,FzaX,ZDjvbB7,oslk,nx1K0JH,LM8l689qOp,Aoh3,RAYp,55YFVY9
0,959,7,3784,120,150,0,299.84,5,11404800,0,1.035676,9,234,0,0,0,145404,40,0,24,0,141745.2,810,132,11610,8,0,0,620,0,36,0,10368000,0,0,0,0,l7Fq9ayE15,2Knk1KF,hiMqnEM7VgIk4JUu,1K8T,aD1X,fhk21Ss,msIFlLyI91,4Qot,9_Y1,QBpP,VpdQ,y6dw,7M47J5GA0pTYIFxg5uy,kIsH,uKAI,L84s,_5OXC8MSLt,kZJMFCG,biF9,UYBR,FzaX,4UxGlow,oslk,catzS2D,LM8l689qOp,7P5s,ZI9m,VjDE
0,791,7,556,144,180,88,286.96,15,1900740,0,3.379192,9,184,707,633608,3,159455.7,10,10,24,8,-31212,535,42,9018,32,2364145,1886406,20,0,18,1159207,9580920,20,2548812,0,0,eOQgUHShse,RO12,taul,1K8T,Fq5T,fhk21Ss,yLQ6Y9f2ln,9e6m,9_Y1,TFSW,sJzTlal,y6dw,7M47J5GA0pTYIFxg5uy,kIsH,uKAI,L84s,MeOIHRG3F9,11pTKTe,JFNW,cJvF,FzaX,4UxGlow,zCkv,catzS2D,LM8l689qOp,Xa3G,ZI9m,iyHGyLCEkQ
0,679,7,1816,16,20,0,166.56,0,0,0,3.895535,9,78,0,51352,0,3748.83,0,0,8,32,5936.8,515,0,6669,0,0,0,2240,0,9,6300,25676,0,0,0,0,1KSr4RK2Mx,RO12,taul,1K8T,lK27,_fIAa0F,4hMlgkf58mhwh,yoCr,9_Y1,DtNL,VpdQ,haYg,me75fM6ugJ,kIsH,uKAI,L84s,XfqtO3UdzaXh_,XTbPUYD,pZd3,UYBR,Lmli,XsgCME0,oslk,eIiXg6w,LM8l689qOp,FSa2,RAYp,F2FyR07IdsN7I
0,567,7,104,108,135,64,220.08,0,1677036,0,3.049348,9,30,0,1271160,0,38266.2,0,4,32,56,346268,410,42,378,0,406040,129176,85,0,9,276647,2388556,6,77652,0,0,TfiBcmzkzH,RO12,taul,1K8T,487l,pfMpcUU,r83_sZi,ae6C,9_Y1,yrDU,VpdQ,43pnToF,me75fM6ugJ,kIsH,uKAI,L84s,NhsEn4L,kZJtVhC,ykzL,UYBR,FzaX,U8I6w_1,oslk,CFMqCcD,LM8l689qOp,Qcbd,RAYp,F2FyR07IdsN7I
0,1470,0,0,300,375,120,304.4,0,817782,0,0.4061098,9,26,0,266048,0,13663.29,15,10,104,72,-109214.8,1275,114,0,0,633955,65296,0,0,9,98826,1486024,48,194100,0,0,P1WvyxLp3Z,RO12,taul,1K8T,R4_H,iJzviRg,nQUBcBcErl,UC7i,9_Y1,lXxA,VpdQ,wMei,7M47J5GA0pTYIFxg5uy,kIsH,uKAI,L84s,4kVnq_T26xq1p,jaw7Q1n,UdjJ,UYBR,FzaX,ch2oGfM,zCkv,P6pu4Vl,LM8l689qOp,xb3V,ZI9m,R4y5gQQWY8OodqDV
0,147,0,0,28,35,16,230.08,0,5388018,0,1.110874,18,20,0,0,0,282438.6,0,2,0,0,28039.56,135,18,0,0,339950,1806030,0,0,9,0,7661840,2,278724,0,0,NQ5rEy7Rm6,RO12,taul,1K8T,nQZ6,Xh35_CT,jt3xMpI_cxIIW,dMSP,9_Y1,X8zP,VpdQ,zm5i,me75fM6ugJ,kIsH,uKAI,L84s,NhsEn4L,mAja5EA,a6Dl,cJvF,FzaX,YQX8hdx,oslk,jvYzF_Q,LM8l689qOp,Aoh3,RAYp,F2FyR07IdsN7I
0,651,7,88,140,175,40,220.08,0,6350820,0,2.468917,9,32,7,1382400,0,160462.2,20,4,32,16,198793.6,365,90,504,0,2528510,834696,115,0,18,0,10690880,14,1036800,0,0,tr0rEyXktW,RO12,taul,1K8T,0Xwj,MErO9Nm,ZIX6Y9cVy5,7KBn,HLqf,SkZj,sJzTlal,zm5i,me75fM6ugJ,sBgB,uKAI,L84s,NhsEn4L,kZJtVhC,8m7I,cJvF,FzaX,1nA68SY,oslk,mhe7j0h,LM8l689qOp,Aoh3,RAYp,F2FyR07IdsN7I
0,693,7,96,116,145,32,170.64,0,3648,0,0.5806452,9,54,0,25208,0,3747.75,0,0,24,40,-1798380,320,6,122382,0,148740,8370,250,0,0,0,150768,38,0,0,0,avkq9ayfAo,RO12,taul,1K8T,TyGl,vL0xuYM,CdPgMY1Z52,BGo8,9_Y1,vm5R,VpdQ,IYzP,me75fM6ugJ,kIsH,uKAI,L84s,NhsEn4L,TDceha3,oKnQ,cJvF,FzaX,vM86s0w,oslk,09qA9vx,LM8l689qOp,7P5s,RAYp,F2FyR07IdsN7I
0,1155,7,2360,360,450,288,134.72,0,0,0,2.405896,18,110,147,492896,0,36024,0,8,56,120,-249415.6,635,0,2421,0,1419225,213156,1055,0,27,105973,1875484,70,101016,0,0,DHeq9ayfAo,eSGpMwS8zSGgq_trOpckZ5,taul,1K8T,_8YK,qk5x4QS,zFeuUkJ,GtXO,9_Y1,QBpP,VpdQ,hAFG,GjJ35utlTa_GNSvxxpb9ju,kIsH,uKAI,L84s,UbxQ8lZ,ORMRote,oQT0,UYBR,FzaX,A8TPaCw,Al6ZaUT,g0eozkN,LM8l689qOp,7P5s,02N6s8f,R4y5gQQWY8OodqDV
0,259,0,0,56,70,24,230.56,0,3654012,0,4.946379,9,26,0,2175976,0,280496.7,0,0,0,8,4701640,205,12,0,0,5517300,875074,0,0,18,0,9687960,16,0,0,0,J9Vr4RQZiT,RO12,taul,1K8T,0Xwj,4e3JKO_,gG77TqgKer,itBV,HLqf,z5Ry,09_Q,zm5i,me75fM6ugJ,sBgB,uKAI,Mtgm,NhsEn4L,NGZxnJM,su4O,UYBR,FzaX,IGMYlW4,oslk,IbpTE6Y,LM8l689qOp,FSa2,RAYp,F2FyR07IdsN7I
0,931,7,0,124,155,0,246.8,0,5702406,0,4.055758,9,36,0,2073600,0,205233.3,30,0,32,24,16040.16,605,66,423,0,4711920,0,80,0,9,1209600,10486320,22,0,0,0,NESt0G8EIb,RO12,taul,1K8T,JLbT,Po5CXtX,hOpMh7dRpW,OMSP,9_Y1,e7QV,09_Q,zm5i,me75fM6ugJ,kIsH,uKAI,L84s,NhsEn4L,mAja5EA,zIK7,UYBR,FzaX,2X58jNM,oslk,CNdED8N,LM8l689qOp,fKCe,RAYp,F2FyR07IdsN7I
0,2415,14,868,316,395,192,66.88,0,49746,0,1.972869,45,152,259,154848,0,3113.19,15,40,176,144,-1916504,1130,36,6786,0,38230,89052,415,0,27,52920,444588,16,164010,0,0,uGLq9ayE15,g62hiBSaKg,taul,1K8T,z32l,fhk21Ss,7qIEVHeq8Qb64Aj5r6x,bbTc,9_Y1,kJJ7,VpdQ,lVqb,7M47J5GA0pTYIFxg5uy,kIsH,uKAI,Mtgm,ZtujLmj9uJdIkLfg,kZJ2ZbD,9UIg,cJvF,FzaX,4UxGlow,QKW8DRm,catzS2D,LM8l689qOp,7P5s,ZI9m,ib5G6X1eUxUn6
0,728,7,3076,156,195,16,186.64,0,8586180,0,1.183935,9,42,98,1049216,0,205645.8,35,0,40,24,162301.6,550,114,2313,0,2282070,65672,480,0,9,90769,10624920,16,0,0,0,DHeTmBftjz,RO12,taul,1K8T,OY2L,65yJUS7,zA2IZno2NK,bLJj,9_Y1,4N0K,VpdQ,zm5i,me75fM6ugJ,kIsH,uKAI,L84s,NhsEn4L,mAjbk_S,DH2s,cJvF,FzaX,qcEvOIl,oslk,INp7j0h,LM8l689qOp,Qu4f,RAYp,F2FyR07IdsN7I
0,1295,7,36,220,275,128,166.56,0,33714,0,0.7887204,9,48,42,54144,0,32423.7,25,10,32,8,-67012.8,845,6,67365,0,2536955,426568,1205,0,0,257040,3487952,54,751860,0,0,FAJWq69cTy,RO12,taul,1K8T,487l,_t7Mbg2,5q1hF23,eKTQ,9_Y1,Px52,09_Q,IYzP,me75fM6ugJ,kIsH,uKAI,L84s,NhsEn4L,mAja5EA,JEC4,UYBR,FzaX,uIoKu_a,oslk,j32r3XO,LM8l689qOp,PM2D,RAYp,F2FyR07IdsN7I
0,1092,7,1840,224,280,24,253.52,0,6906120,0,3.989959,9,46,14,1442224,0,135090.9,50,6,48,40,342800,1030,96,32274,0,3411570,137308,2825,0,0,557172,10496280,38,1145808,0,0,DHeq9ayfAo,RO12,taul,1K8T,_8YK,kJ1ERUT,76j2P_OLn0,Ub0p,9_Y1,kJJ7,VpdQ,IYzP,7M47J5GA0pTYIFxg5uy,kIsH,uKAI,L84s,leSl,kZJimtB,cp38,UYBR,FzaX,MMTJrCp,QKW8DRm,Rkj9jvX,LM8l689qOp,7P5s,vJ_w8kB,_URKn_77G3QyQHSVQ2N1RKmtW
0,294,0,0,124,155,96,166.56,0,0,0,3.910703,9,16,0,218240,0,4203.93,0,2,64,104,-422972,445,0,0,0,4520,45876,0,0,0,82439,217524,10,19554,0,0,1nlTmBtueT,RO12,taul,1K8T,TLkP,7odhcvJ,oI3dOfoZBD,9LqW,9_Y1,c2JP,VpdQ,IYzP,DHn_WUyBhW_whjA88g9bvA64_,kIsH,uKAI,L84s,CrNX,NGZ_12K,Fqd6,cJvF,FzaX,tZksWyU,d0EEeJi,9ZphutA,LM8l689qOp,rgKb,02N6s8f,F2FyR07IdsN7I
0,658,7,164,100,125,104,133.12,5,0,0,0.756676,18,86,7,0,0,42935.1,0,6,8,0,-510008,455,0,85365,8,578220,310336,215,0,0,0,1213416,18,195252,0,0,TfiWq69R_D,RO12,taul,1K8T,ZNsX,hHJdCrr,S85uPSDwkC,nyZz,9_Y1,RVjC,09_Q,sYC_,me75fM6ugJ,kIsH,uKAI,L84s,NhsEn4L,kq0aHkC,bru6,UYBR,FzaX,h724_jR,oslk,zUldlhv,jySVZNlOJy,FSa2,RAYp,F2FyR07IdsN7I
0,546,0,0,112,140,0,220.08,0,7257600,0,4.29545,9,28,0,1382400,0,224907.9,20,0,24,16,14378,465,84,0,0,3334640,0,0,0,9,0,9579720,16,0,0,0,DHeq9ayfAo,RO12,taul,1K8T,Bxva,3RqrZ7G,9UgkRNa9Jb,JM4Q,9_Y1,kJJ7,VpdQ,zm5i,me75fM6ugJ,kIsH,uKAI,L84s,NhsEn4L,kZJtVhC,23V9,cJvF,FzaX,JptDSPW,oslk,RkjqJRo,LM8l689qOp,7P5s,RAYp,F2FyR07IdsN7I
0,2506,0,448,332,415,184,166.56,0,1151178,0,1.94467,9,46,0,646584,0,25914.93,50,14,56,80,266888.4,1305,90,22347,0,790450,713892,0,0,0,542577,4668080,36,498450,0,0,2jiWq69cTy,RO12,taul,1K8T,j1T2,9GJGgoz,Sxt73_zqf2,hhT4,9_Y1,Px52,09_Q,IYzP,Kxdu,kIsH,uKAI,L84s,FMSzZ91zL2,kq067VR,KZyA,cJvF,FzaX,Tvpip6Z,zCkv,hHJsvbM,LM8l689qOp,PM2D,6fzt,SbOd7O8ky1wGNxp0Arj0Xs
0,1547,7,0,272,340,96,186.64,0,3862224,0,6.303354,9,38,7,1356064,0,107006.7,35,6,96,128,124058.4,970,72,117,0,1991400,1396388,45,0,18,307335,9343440,36,111474,0,0,4e7Wq69R_D,RO12,taul,1K8T,j1T2,ZTQCNUi,YjMxY5XPTK,NKTj,9_Y1,0A_v,09_Q,zm5i,me75fM6ugJ,kIsH,uKAI,L84s,NhsEn4L,mAjbk_S,tunS,UYBR,FzaX,kH5RngW,oslk,dclYaaM,LM8l689qOp,PM2D,RAYp,F2FyR07IdsN7I
0,1918,14,1264,344,430,224,200,0,335904,0,2.54796,27,138,462,696808,0,15258.51,5,18,64,56,147630.4,1300,126,10314,0,1092655,556686,760,0,18,354620,2807052,40,345594,0,0,GcUt0G8rTN,AERks4l,taul,1K8T,YmZp,fhk21Ss,C_u8_AlBK7,Qbdk,9_Y1,e7QV,VpdQ,kxE9,7M47J5GA0pTYIFxg5uy,kIsH,uKAI,L84s,XfqtO3UdzaXh_,_JdH8mF,LIvS,UYBR,FzaX,4UxGlow,oslk,catzS2D,LM8l689qOp,fKCe,ZI9m,ib5G6X1eUxUn6
0,966,14,1036,80,100,16,267.52,0,4991796,0,3.658193,18,84,77,5082488,0,44200.5,5,0,24,24,656240,210,48,74313,0,4267440,151774,5500,0,18,3482857,10080040,12,0,0,0,1YVgUHXZeb,RO12,taul,1K8T,h3JW,ls3c3x6,zA2IZno2NK,egnZ,9_Y1,LqKm,VpdQ,sYC_,me75fM6ugJ,kIsH,uKAI,L84s,NhsEn4L,7WweNKW,jG7u,UYBR,FzaX,8d5AQQR,oslk,sXbrVBK,jySVZNlOJy,453m,RAYp,F2FyR07IdsN7I
0,7,0,0,16,20,16,331.04,0,0,0,6.547533,9,14,0,0,3,1012233,5,0,8,0,-367989.2,20,0,0,24,3024000,329570,0,0,0,0,5398560,2,0,0,14,Qu0TmBQZiT,RO12,taul,1K8T,JLbT,kjvBmIU,jnt5Fix,IWfE,9_Y1,TjV7,VpdQ,IYzP,me75fM6ugJ,kIsH,uKAI,L84s,NhsEn4L,mAjAVZm,pnKl,UYBR,FzaX,1vNmS85,oslk,MkQldxq,LM8l689qOp,FSa2,RAYp,F2FyR07IdsN7I
0,2065,7,500,268,335,104,253.52,5,1765482,0,5.063234,18,40,7,1859352,0,77694.59,55,8,96,24,43406.4,940,84,30690,8,5163750,962250,70,0,9,1109136,10229040,44,1901112,0,0,N_vrjIXt5a,RO12,taul,1K8T,ZHNR,6CXYbuk,Pkku4gO,rjIC,9_Y1,xQ2A,VpdQ,zm5i,Kxdu,kIsH,uKAI,L84s,FMSzZ91zL2,7WwINSR,Vy5k,cJvF,FzaX,ROeipLp,zCkv,K2SqEo9,LM8l689qOp,5Acm,6fzt,SbOd7O8ky1wGNxp0Arj0Xs
0,938,14,2144,156,195,40,261.2,0,5707374,0,1.958128,27,140,49,2427360,0,184125,15,10,48,32,89732,660,78,1566,0,3564105,434656,335,0,36,671958,10095040,18,1080126,0,0,wRXmfo875g,2Knk1KF,taul,1K8T,42Cy,fVuJSzQ,EXpWEXgaYpMJ7,kUlw,9_Y1,gnEy,VpdQ,sYC_,me75fM6ugJ,kIsH,uKAI,L84s,NhsEn4L,beK4AFX,fhIj,cJvF,qxDb,zLzYH7D,oslk,xb5Ty9x,LM8l689qOp,3Cy4,RAYp,55YFVY9
0,2891,0,68,100,125,8,253.52,0,4104024,0,4.588336,18,72,0,2764800,6,45342.9,10,0,24,32,-368719.6,5560,48,17496,24,3618310,70594,0,0,9,1209600,7845440,20,0,0,7,l7Fq9ayE15,RO12,taul,1K8T,OTVu,Ml6pXKQ,8xqsKsAwUv,mKIW,9_Y1,kJJ7,09_Q,IYzP,me75fM6ugJ,kIsH,uKAI,L84s,NhsEn4L,mAjbk_S,G71K,cJvF,FzaX,Y2C68SY,oslk,RJNqhZX,LM8l689qOp,7P5s,RAYp,F2FyR07IdsN7I
0,574,7,28,24,30,0,293.2,0,469452,0,2.776757,9,32,0,0,0,257898,20,0,16,0,-64096,310,6,477,0,550,0,315,0,18,0,9990200,2,0,0,0,tr0gUH7ejg,RO12,taul,1K8T,TyGl,cJ1rmCU,waznHJbSN2,Fdo_,9_Y1,m_h1,09_Q,zm5i,me75fM6ugJ,kIsH,uKAI,L84s,NhsEn4L,NGZXfGp,AcNR,UYBR,FzaX,q3qDGHt,oslk,USApVh5,LM8l689qOp,WqMG,RAYp,F2FyR07IdsN7I
0,861,35,6612,20,25,0,260.24,0,0,0,4.566332,45,162,385,4838400,0,221491.8,0,6,24,8,40804,360,0,9810,0,625385,0,3780,0,18,12700800,10177120,2,10886400,0,0,CxSr4RXktW,2Knk1KF,taul,1K8T,lK27,_gMXOhW,V_KvNzO,zs8x,9_Y1,ZKJc,VpdQ,hAFG,me75fM6ugJ,kIsH,uKAI,L84s,XfqtO3UdzaXh_,XTbPUYD,a_LO,UYBR,FzaX,r5hYlW4,oslk,CWizrB7,LM8l689qOp,7FJQ,RAYp,TCU50_Yjmm6GIBZ0lL_
0,350,0,0,60,75,24,220.08,0,5013798,0,5.829951,9,26,0,0,0,226700.7,0,0,0,0,229532,425,24,0,0,5330100,2570880,0,0,18,0,12748360,16,0,0,0,DQlgUH7IEC,RO12,taul,1K8T,0Xwj,ucg7asP,Hz6CKEGgVigq3,Tkse,HLqf,1Bp0,09_Q,zm5i,me75fM6ugJ,sBgB,uKAI,L84s,NhsEn4L,kZJtVhC,SssI,UYBR,FzaX,bbyYE38,oslk,EL4R6zD,LM8l689qOp,WqMG,RAYp,F2FyR07IdsN7I
0,2653,14,432,228,285,184,200,0,408420,0,2.201453,18,40,35,84792,0,10217.94,0,18,48,32,-40176.8,1120,78,59859,0,111420,244860,285,0,18,105497,1042804,16,223908,0,0,v0Nt0Go8Lb,RO12,taul,1K8T,TyGl,8DBOkab,Yi49a6G,4bTR,9_Y1,MGOA,VpdQ,zm5i,me75fM6ugJ,kIsH,uKAI,L84s,NhsEn4L,mAja5EA,bHR7,UYBR,FzaX,0bjfql_,oslk,c1HOTZB,LM8l689qOp,Qu4f,RAYp,F2FyR07IdsN7I
0,4914,7,1128,384,480,232,220.08,0,2021682,0,6.610126,18,70,0,1384168,0,31251,65,26,136,64,398612.8,1775,66,75195,0,2017395,689798,55,0,9,602070,6933080,44,284490,0,0,75lTmBtFkL,RO12,taul,1K8T,TyGl,4e3k2Zj,MbiPlrpk3ptPA,ztbK,9_Y1,47ra,VpdQ,IYzP,me75fM6ugJ,kIsH,uKAI,L84s,NhsEn4L,mAjbk_S,56xl,cJvF,FzaX,IGMAWQ7,oslk,XCFTE6Y,LM8l689qOp,rgKb,RAYp,F2FyR07IdsN7I
0,1673,7,2748,196,245,48,280.72,0,2357310,0,1.962401,9,166,49,2129136,6,61207.8,15,4,16,64,608384,1030,90,15255,16,2668165,241174,1000,0,36,0,5741320,30,3624,0,0,O8Zr4Rdc_a,AERks4l,taul,1K8T,bhvQ,fhk21Ss,IoHJXfxtHe,L0rp,9_Y1,em8I,09_Q,y6dw,7M47J5GA0pTYIFxg5uy,kIsH,g5HH,L84s,XfqtO3UdzaXh_,beKqizz,3wm0,cJvF,FzaX,4UxGlow,oslk,catzS2D,LM8l689qOp,me1d,ZI9m,ib5G6X1eUxUn6
0,728,21,8288,124,155,0,200,0,0,0,0.8916898,45,148,4333,6220800,0,228763.2,0,0,32,72,902596,470,0,17820,0,9425050,0,3245,0,9,0,10650440,44,0,0,0,Yn7t0Go8Lb,2Knk1KF,taul,1K8T,7gSz,f_oBmIU,MV4DUjA,GgCV,9_Y1,rGJy,VpdQ,haYg,me75fM6ugJ,kIsH,uKAI,L84s,XfqtO3UdzaXh_,XTbPUYD,eAWe,UYBR,AU8pNoi,8_rARL_,oslk,JFsEsaq,LM8l689qOp,Qu4f,RAYp,55YFVY9
0,2107,14,404,200,250,104,0,0,0,0,2.653279,45,80,91,128808,6,7544.22,0,8,40,128,-128835.2,695,0,58815,24,248530,69684,2760,0,9,57638,470792,34,102294,0,7,vAsTmBfHUn,w9ygS99Qp_,taul,1K8T,ssAy,t_S7E9Z,dg9I7Wq75U,AjR9,9_Y1,4N0K,09_Q,wMei,DHn_WUyBhW_whjA88g9bvA64_,kIsH,uKAI,L84s,CrNX,7N7iRy5,g1Tg,cJvF,FzaX,KPawGyt,d0EEeJi,F7_Bj8v,LM8l689qOp,Qu4f,nIGXDli,R4y5gQQWY8OodqDV
0,665,7,1280,104,130,120,294.16,0,0,0,4.889554,9,112,0,85640,0,31767.3,0,6,16,16,-1724260,360,0,738,0,393125,468394,275,0,9,232540,1486752,12,288966,0,0,H1Fr4Rdncc,2Knk1KF,taul,1K8T,4fje,PHNvXy8,wXYSEee,WrUa,9_Y1,em8I,VpdQ,y6dw,NKv3VA1BpP,kIsH,g5HH,L84s,Ie_5MZs,beKdri0,XmzQ,cJvF,FzaX,UF16siJ,zCkv,APgdzOv,LM8l689qOp,me1d,6fzt,Zy3gnGM
0,1967,0,0,112,140,0,133.12,0,0,0,3.569964,9,56,0,35040,0,1854.705,0,4,24,32,3188,720,0,36,0,63760,0,0,0,0,4431,71944,44,5124,0,0,ypNt0Go8Lb,RO12,taul,1K8T,lK27,n0UbeSG,KO10Jlp,XrCF,9_Y1,C7DI,VpdQ,IYzP,me75fM6ugJ,kIsH,uKAI,L84s,NhsEn4L,TDceha3,DhHf,cJvF,FzaX,KA3C5vH,oslk,m1BWuMy,LM8l689qOp,Qu4f,RAYp,F2FyR07IdsN7I
0,735,7,324,132,165,16,186.64,0,2891994,0,2.461867,18,166,0,1362560,0,108324.3,30,2,24,16,192955.6,810,66,2187,0,3599755,300782,195,0,27,0,7808560,22,333864,0,0,CEaWq69cTy,2Knk1KF,taul,1K8T,TyGl,cfdwv9Q,IG_G867,dZaM,9_Y1,RVjC,VpdQ,Tkho,me75fM6ugJ,kIsH,uKAI,L84s,NhsEn4L,teAyFc5,0bZ9,UYBR,AU8_WTd,hLKvOIl,oslk,iZH2C8o,jySVZNlOJy,FSa2,RAYp,TCU50_Yjmm6GIBZ0lL_
0,616,0,0,140,175,112,253.52,0,3556848,0,5.856868,9,28,0,2400,0,205908.3,25,8,56,16,66383.2,610,42,0,0,355155,2419200,0,0,18,0,10373320,6,2073600,0,0,mzKvyx8zhV,RO12,taul,1K8T,JLbT,3ZjT9kY,NFlfMbKIm3,N9KQ,9_Y1,MBhA,09_Q,IYzP,me75fM6ugJ,kIsH,uKAI,L84s,NhsEn4L,NGZxnJM,Xpz5,UYBR,FzaX,hNjRPlm,oslk,sd7gyXK,LM8l689qOp,WqMG,RAYp,F2FyR07IdsN7I
0,721,14,2772,116,145,40,166.56,0,0,0,6.028413,18,80,77,18992,0,6391.771,0,0,16,16,-126486,925,0,33111,0,191720,31432,1770,0,0,10080,225736,44,0,0,0,a4v9tYsGvO,RO12,taul,1K8T,NF63,eDdnaaX,w8ggNGOBza9vjzlg,l7FE,9_Y1,YULl,VpdQ,IYzP,me75fM6ugJ,kIsH,uKAI,L84s,NhsEn4L,mAjcfkM,jOLX,UYBR,FzaX,Dw7YjZW,oslk,oCzEVaf,LM8l689qOp,FSa2,RAYp,F2FyR07IdsN7I
0,2016,7,1044,464,580,192,176.56,0,703458,0,1.452681,9,136,98,2579200,0,64080.3,55,18,144,152,175450,1270,54,15237,0,4862285,281428,1820,0,27,1041971,7017200,88,616746,0,0,tr0rEyXktW,2Knk1KF,I9xt3GBDKUbd8,1K8T,JLbT,fhk21Ss,AnFl2Mwxzd,gif5,9_Y1,SkZj,VpdQ,wMei,7M47J5GA0pTYIFxg5uy,kIsH,uKAI,L84s,E1aAZ0x7vd,OFqVH0t,aINY,UYBR,FzaX,4UxGlow,QKW8DRm,catzS2D,LM8l689qOp,Aoh3,ZI9m,ib5G6X1eUxUn6
0,1596,7,20,204,255,48,266.4,10,3901866,0,0.1467635,9,52,0,3573560,0,39592.5,20,4,40,48,103582.4,730,66,108,16,5759500,155846,55,0,18,287777,10619240,44,146928,0,0,Iskvyx875g,RO12,taul,1K8T,pGTb,ojHCYcI,jhKIeNi,oYuU,9_Y1,MBhA,09_Q,IYzP,me75fM6ugJ,kIsH,uKAI,Mtgm,NhsEn4L,TDcECyH,5smi,UYBR,FzaX,KtBOw16,oslk,NKvz4Af,LM8l689qOp,WqMG,RAYp,F2FyR07IdsN7I
0,903,7,2656,136,170,16,259.84,5,6134460,9,0.1886349,9,156,497,2264624,3,207059.4,30,0,40,32,135586,570,72,70974,24,3749820,259320,210,0,18,0,10569200,20,0,0,0,1YVgUHXZeb,rEUOq2QD1qfkRr6qpua,taul,1K8T,0Xwj,fhk21Ss,9HOPNsJ,V9OO,HLqf,STGZ,09_Q,6JmL,7M47J5GA0pTYIFxg5uy,sBgB,uKAI,L84s,XfqtO3UdzaXh_,XTbPUYD,Opdm,cJvF,FzaX,4UxGlow,oslk,catzS2D,LM8l689qOp,453m,ZI9m,ib5G6X1eUxUn6
0,1393,14,2296,156,195,16,200,0,6902880,0,4.673147,18,98,287,2220328,0,149414.1,30,0,40,40,172295.2,565,90,26289,0,3580950,48988,10855,0,18,0,10583360,22,0,0,0,JMGq9aXt5a,RO12,taul,1K8T,nCqp,ioCcTEF,glRBFJT8NN,RCW4,9_Y1,Y9Bl,VpdQ,sYC_,me75fM6ugJ,kIsH,uKAI,L84s,NhsEn4L,beK4AFX,EYv2,cJvF,FzaX,m_dAM23,oslk,nFzwuDg,jySVZNlOJy,uWr3,RAYp,F2FyR07IdsN7I
0,2919,0,0,132,165,16,220.08,5,2118534,0,4.811152,9,28,0,5529600,0,38652.3,0,0,24,64,194968.8,555,36,0,8,7344000,65088,0,0,9,0,10182520,34,0,0,0,1YVvyx7IEC,RO12,taul,1K8T,hM6W,ml5cNhj,V_KvNzO,MaEe,9_Y1,RcM7,VpdQ,zm5i,me75fM6ugJ,kIsH,uKAI,L84s,NhsEn4L,kZJaHc_,GQwY,UYBR,FzaX,XbZfrxM,oslk,QfJz_Kt,LM8l689qOp,szEZ,RAYp,F2FyR07IdsN7I
0,896,7,1740,120,150,40,253.52,10,5638320,0,6.859645,9,196,217,889808,0,95221.8,5,2,16,32,-214101.6,1050,30,1242,16,1573955,169082,1115,0,27,684390,6096640,28,275652,0,0,LDPvyx7IEC,g62hiBSaKg,taul,1K8T,487l,fhk21Ss,I_CAS8nVpoKh4td3L4A,BjZI,9_Y1,RcM7,VpdQ,y6dw,7M47J5GA0pTYIFxg5uy,kIsH,uKAI,Mtgm,4kVnq_T26xq1p,11pL0mp,dApP,cJvF,FzaX,4UxGlow,zCkv,catzS2D,jySVZNlOJy,szEZ,ZI9m,ib5G6X1eUxUn6
0,1652,7,2508,128,160,8,259.68,0,3351588,0,0.7355266,9,50,56,7291608,0,9434.13,5,2,80,136,203964.4,910,36,2556,0,1629810,31110,25,0,18,6205381,7650200,12,139164,0,0,HAoOj1KXzC,RO12,taul,1K8T,0Y9G,kJ1ERUT,9YuuPSz3BI,hbE4,9_Y1,jdbz,VpdQ,haYg,7M47J5GA0pTYIFxg5uy,kIsH,uKAI,L84s,leSl,XTbWNnD,Lsyl,cJvF,FzaX,MMTJrCp,QKW8DRm,Rkj9jvX,LM8l689qOp,kwS7,vJ_w8kB,WfJ2BB2SFSqauljlfOB
0,490,7,3096,96,120,32,233.44,0,708384,0,2.621876,9,80,154,2467448,0,150077.4,15,0,16,48,-200925.2,485,12,6795,0,3965905,515962,335,0,18,0,8388840,18,0,0,0,UCDvyx8zhV,RO12,taul,1K8T,iJ4u,eQgnKxT,oQ173939hbJdw,utb0,9_Y1,MBhA,VpdQ,sYC_,me75fM6ugJ,kIsH,uKAI,L84s,NhsEn4L,kq0aHkC,w3bT,cJvF,Lmli,GpvRJ5l,oslk,i06ocsg,jySVZNlOJy,WqMG,RAYp,F2FyR07IdsN7I
0,2352,14,1236,968,1210,200,313.68,0,7634820,0,5.202948,27,100,427,371720,0,47807.7,125,0,56,112,113868.8,1550,600,51795,0,1680565,472298,160,0,9,5894,10274000,156,0,0,0,YddrjIQ5Ph,RO12,LfvqpCtLOY,1K8T,JLbT,K4R9pZF,zA2IZno2NK,9Vmd,9_Y1,RVjC,09_Q,IYzP,me75fM6ugJ,kIsH,uKAI,L84s,NhsEn4L,kq062QV,OtII,UYBR,FzaX,N0iLjAM,oslk,knFjtfg,jySVZNlOJy,FSa2,RAYp,F2FyR07IdsN7I
0,602,7,212,24,30,16,166.56,0,1555200,0,1.712027,9,80,7,0,0,135281.7,0,0,0,0,-587308,40,18,41985,0,219525,179610,55,0,9,0,1571640,2,0,0,0,_v2rjIKQ76,RO12,taul,1K8T,YVv3,kJ1ERUT,rl6O,NtSq,9_Y1,7WNq,VpdQ,wMei,7M47J5GA0pTYIFxg5uy,kIsH,uKAI,L84s,leSl,CWNHJ27,ht8x,cJvF,FzaX,MMTJrCp,QKW8DRm,Rkj9jvX,jySVZNlOJy,WqMG,vJ_w8kB,WfJ2BB2SFSqauljlfOB
0,1022,7,256,80,100,24,267.36,0,2970300,0,3.67571,9,40,14,633648,0,23382.12,10,0,24,8,1016664,590,36,15273,0,2511240,418616,165,0,9,554442,9981640,16,0,0,0,zKnr4RXktW,RO12,taul,1K8T,0Y9G,d4zgFRq,UnPEkD6Pex,ErFl,9_Y1,jakt,09_Q,haYg,me75fM6ugJ,kIsH,uKAI,L84s,XfqtO3UdzaXh_,11p4mKe,WT8y,cJvF,FzaX,A8TOw16,oslk,dINEKx8,LM8l689qOp,7FJQ,RAYp,F2FyR07IdsN7I
0,651,7,16,132,165,8,286.96,0,231708,0,6.063021,18,30,0,5529600,0,213631.2,0,0,32,64,132448.4,500,6,477,0,9580650,420,55,0,0,2419200,10584600,46,0,0,0,qXhvyxLp3Z,RO12,taul,1K8T,Xa_z,_A3nXHo,qZsAqpg,WClt,9_Y1,vzJD,sJzTlal,IYzP,me75fM6ugJ,kIsH,uKAI,L84s,NhsEn4L,kZJyVg2,2kka,cJvF,FzaX,THM88FJ,oslk,erEqhZX,LM8l689qOp,xb3V,RAYp,F2FyR07IdsN7I
0,2758,7,3248,320,400,240,176.56,0,3948,0,1.238624,27,146,0,305544,0,9468.449,5,22,176,168,-51916,1250,6,21420,0,255155,227772,1335,0,27,97111,875916,32,86610,0,0,NQ5rEy7Rm6,2Knk1KF,taul,1K8T,IvdZ,SY4VCna,_DLXGZ6,zqqA,9_Y1,X8zP,VpdQ,hAFG,me75fM6ugJ,kIsH,uKAI,L84s,XfqtO3UdzaXh_,11p4mKe,ByAB,cJvF,FzaX,aau1rOn,oslk,YFnaXbj,LM8l689qOp,Aoh3,RAYp,55YFVY9
0,763,7,2304,80,100,0,200,0,0,0,1.643666,9,106,7,25808,0,21088.38,0,8,24,24,-73627.6,365,0,55125,0,110320,0,15,0,0,0,124264,26,34656,0,0,Qu0TmBQZiT,PomAbFU,taul,1K8T,WkTj,6CXYbuk,truELqSzqJffb_k0OzS,zY2E,9_Y1,TjV7,09_Q,IYzP,Kxdu,kIsH,uKAI,L84s,FMSzZ91zL2,TDcVjuN,3xLS,UYBR,FzaX,ROeipLp,zCkv,K2SqEo9,LM8l689qOp,FSa2,6fzt,iyHGyLCEkQ
0,847,28,9672,124,155,0,286.96,0,0,0,3.659047,36,132,434,5529600,0,213989.7,0,0,32,64,114339.6,520,0,51552,0,9782700,0,895,0,27,0,10590960,46,0,0,0,FoxgUHSK8h,2Knk1KF,taul,1K8T,pw40,zdjMPAv,msIqHk8toE,zrY9,9_Y1,z5Ry,VpdQ,sYC_,me75fM6ugJ,kIsH,uKAI,L84s,NhsEn4L,beK4AFX,cqxq,UYBR,FzaX,pIAmS85,oslk,gkyML05,LM8l689qOp,FSa2,RAYp,55YFVY9
0,2198,28,8456,632,790,112,302.08,0,3147660,0,6.738517,36,226,630,3174248,0,55677.9,95,8,48,160,-499660,1450,300,6462,0,3633955,498514,11265,0,18,1239119,8056480,102,339438,0,0,bZk9tYsGvO,TW8dXluYzKpktZjuY8kSPBaZa,CiJDdr4TQ0rGERIS,1K8T,kwI9,fhk21Ss,P9HTde2,l7FE,9_Y1,YULl,VpdQ,y6dw,7M47J5GA0pTYIFxg5uy,kIsH,uKAI,Mtgm,_5OXC8MSLt,kZJbq_f,jOLX,UYBR,FzaX,4UxGlow,oslk,catzS2D,LM8l689qOp,FSa2,ZI9m,NoEd
0,1330,7,1092,252,315,16,220.08,0,6073920,0,6.673147,36,70,7,2576952,0,59167.5,35,14,48,64,627144,810,90,31320,0,4050015,41886,65,0,18,199444,10549440,48,218076,0,0,4e7Wq69R_D,RO12,taul,1K8T,8qEx,pfMkKKt,daiGnRstPa,8nAL,9_Y1,0A_v,09_Q,6JmL,me75fM6ugJ,kIsH,uKAI,L84s,XfqtO3UdzaXh_,11p4mKe,pgvF,cJvF,FzaX,4LA8jNM,oslk,5i2Qhib,LM8l689qOp,PM2D,RAYp,F2FyR07IdsN7I
0,805,7,84,144,180,32,253.52,0,7906020,0,2.327708,9,32,21,0,0,187308,40,6,32,0,107169.6,425,96,42066,0,1212415,519546,90,0,0,0,10409280,10,1504152,0,0,dRagUHXM47,RO12,taul,1K8T,7ALb,j9ngC9F,glRbITbnHQ,FAsf,9_Y1,fTh6,09_Q,IYzP,DHn_WUyBhW_whjA88g9bvA64_,kIsH,uKAI,L84s,CrNX,jawspbU,qA2p,cJvF,FzaX,VDdiujb,d0EEeJi,sBDT42W,LM8l689qOp,453m,nIGXDli,F2FyR07IdsN7I
0,1575,21,2468,252,315,96,283.6,0,4338780,0,3.75689,27,192,329,1402576,0,115804.5,25,10,32,56,87169.6,1530,84,4563,0,4538345,366850,905,0,36,13713,10060680,40,1136478,0,0,DQlrEyXXnK,5QKIjwyXr4MCZTEp7uAkS8PtBLcn,taul,1K8T,487l,fhk21Ss,V_KvNzO,_21B,9_Y1,SkZj,VpdQ,y6dw,7M47J5GA0pTYIFxg5uy,kIsH,uKAI,Mtgm,5u2Bxlj9ua90kqrA,7WwtEtr,UQjq,cJvF,FzaX,4UxGlow,JIiEFBU,catzS2D,LM8l689qOp,Aoh3,ZI9m,iyHGyLCEkQ
0,91,0,0,152,190,104,254.8,0,1287648,0,2.766716,9,14,0,1900888,3,198242.1,0,12,32,24,126701.2,215,36,0,8,3002095,2077080,0,0,0,1764028,10380720,20,3024048,0,0,Y3tqrQKzJV,RO12,taul,1K8T,JLbT,wGQJeCE,e1XhvTunuD,u8P8,9_Y1,15m3,VpdQ,IYzP,me75fM6ugJ,kIsH,uKAI,L84s,NhsEn4L,kZJtVhC,LhRx,UYBR,FzaX,dpuv1FD,oslk,o6f7A2G,LM8l689qOp,FSa2,RAYp,F2FyR07IdsN7I
0,252,0,0,52,65,0,233.44,0,2073600,0,3.32963,9,22,0,432112,0,179116.8,10,0,8,32,222512.4,370,24,0,0,109825,0,0,0,9,0,2377516,6,0,0,0,4e7gUH7IEC,RO12,taul,1K8T,JLbT,fareQY2,JQFeOYK,0she,9_Y1,1Bp0,VpdQ,zm5i,me75fM6ugJ,kIsH,uKAI,L84s,NhsEn4L,kZJtVhC,pzSh,cJvF,FzaX,lbrRPEi,oslk,gJA0V7y,LM8l689qOp,WqMG,RAYp,F2FyR07IdsN7I
0,994,7,1480,168,210,216,133.12,0,0,0,6.598804,9,56,616,397400,0,46969.2,0,16,64,32,-42778.4,570,0,14508,0,412625,627172,890,0,0,828744,2553276,6,1155198,0,0,zcROj17IEC,RO12,taul,1K8T,oXaB,cdAO9Nm,bGUqwlz,PRgj,9_Y1,iVbl,VpdQ,IYzP,me75fM6ugJ,kIsH,uKAI,L84s,NhsEn4L,TDceha3,M3nn,cJvF,FzaX,s03jbzC,oslk,laR6FsY,LM8l689qOp,7aLG,RAYp,F2FyR07IdsN7I
0,1232,14,408,200,250,72,133.12,0,981894,0,6.981842,18,74,126,1139512,0,42759.9,0,4,32,72,129800.4,985,12,65916,0,2446935,88324,3995,0,9,590415,3420692,56,93216,0,0,qXhrEy7VR2,RO12,taul,1K8T,IvdZ,rRx7ehn,DKUDUftgA7,uCf9,9_Y1,X8zP,VpdQ,kxE9,me75fM6ugJ,kIsH,uKAI,L84s,XfqtO3UdzaXh_,XTbPUYD,_m2z,cJvF,FzaX,8EdTbnP,oslk,VNjXcTb,LM8l689qOp,Aoh3,RAYp,F2FyR07IdsN7I
0,854,14,1188,132,165,8,362.8,0,6439920,0,0.978637,18,50,301,3182864,0,215716.5,20,0,32,48,783840,420,84,35730,0,3456000,172800,4770,0,0,1209600,10377480,16,0,0,0,2jigUH7ejg,RO12,taul,1K8T,0Xwj,Jn8nx5A,r83_sZi,l6oD,HLqf,m_h1,VpdQ,IYzP,me75fM6ugJ,sBgB,uKAI,L84s,NhsEn4L,kZJtVhC,jpxa,cJvF,FzaX,b0vNgdR,oslk,yOuy5oW,jySVZNlOJy,WqMG,RAYp,F2FyR07IdsN7I
0,931,7,3532,124,155,8,200,0,6253680,0,4.791497,9,178,21,2764800,0,197336.1,25,0,40,32,26338.72,525,78,138096,0,3381445,20758,530,0,18,0,9680760,16,0,0,0,75lq9ayfAo,AERks4l,taul,1K8T,hAOr,fhk21Ss,V6XUlxabJ4VaD,52EM,9_Y1,NFMt,VpdQ,y6dw,7M47J5GA0pTYIFxg5uy,kIsH,uKAI,L84s,lCToAAt,___pNrG,7c6Z,cJvF,FzaX,4UxGlow,d0EEeJi,catzS2D,jySVZNlOJy,TNEC,ZI9m,ib5G6X1eUxUn6
0,770,7,3240,96,120,16,253.52,0,1425636,0,4.617176,9,52,14,2016016,0,215318.4,10,4,24,24,-174712.8,450,18,20133,0,5040050,316808,270,0,0,1159214,7706280,24,672894,0,0,hSogUHXZeb,RO12,taul,1K8T,h3JW,ho_dR0M,76j2P_OLn0,upEj,9_Y1,STGZ,VpdQ,IYzP,me75fM6ugJ,kIsH,uKAI,L84s,NhsEn4L,NGZxnJM,Caho,UYBR,FzaX,hAX6pd1,oslk,FYyQowC,M_8D,453m,RAYp,F2FyR07IdsN7I
0,1505,7,16,224,280,128,220.08,0,415488,0,0.4041871,9,60,7,907080,0,15123.72,25,18,72,48,-94757.2,670,72,42768,0,114670,371906,300,0,9,516208,1881144,16,370758,0,0,TfiWq69R_D,RO12,taul,1K8T,TyGl,mME9Ejt,ThrnFOQ,nyZz,9_Y1,RVjC,sJzTlal,sYC_,me75fM6ugJ,kIsH,uKAI,L84s,NhsEn4L,kq0n8Bj,bru6,UYBR,FzaX,hDRv48t,oslk,0qeTy9x,LM8l689qOp,FSa2,RAYp,F2FyR07IdsN7I
0,805,21,9872,124,155,16,288.24,0,2484474,0,5.626575,27,60,1778,4838400,0,198328.5,10,0,32,56,704040,505,30,14490,0,6263300,345600,54765,0,0,0,10468560,30,0,0,0,1JGr4RKzJV,RO12,taul,1K8T,487l,dBHKZdo,CdPgMY1Z52,gpsI,9_Y1,DtNL,VpdQ,sYC_,me75fM6ugJ,kIsH,uKAI,L84s,NhsEn4L,kq0n8Bj,O5Ed,UYBR,FzaX,f560FxM,oslk,lTw2_Lp,LM8l689qOp,FSa2,RAYp,F2FyR07IdsN7I
0,798,0,0,144,180,48,535.12,0,4011162,0,2.734031,9,34,0,4147200,0,209392.5,15,0,32,48,125023.6,515,54,3537,0,4148930,759464,0,0,9,604800,10417840,24,0,0,0,MlYvyx875g,RO12,taul,1K8T,pGTb,SHXbfVI,ZIX6Y9cVy5,3i9f,9_Y1,MBhA,09_Q,zm5i,me75fM6ugJ,kIsH,uKAI,L84s,NhsEn4L,kZJyVg2,ZDw2,cJvF,FzaX,7GEoYtn,oslk,4QlaK89,LM8l689qOp,WqMG,RAYp,F2FyR07IdsN7I
0,714,7,3320,16,20,0,198.88,0,0,0,6.788079,18,146,308,14515200,0,250545,0,0,24,24,110745.2,255,0,36189,0,2173040,0,50,0,36,0,8996040,2,0,0,0,KXMrEyXXnK,g62hiBSaKg,taul,1K8T,487l,fhk21Ss,6_Ya48s,t19_,9_Y1,VwCR,VpdQ,hAFG,7M47J5GA0pTYIFxg5uy,kIsH,uKAI,L84s,4kVnq_T26xq1p,ORMKp4t,It1o,UYBR,OFWH,4UxGlow,zCkv,catzS2D,LM8l689qOp,Aoh3,ZI9m,ib5G6X1eUxUn6
0,3087,7,8596,136,170,56,286.32,0,1900914,0,2.38432,27,224,161,2331440,0,59653.2,20,6,40,32,116043.2,495,24,44397,0,4552750,1180818,10530,0,27,604800,10537160,24,1512030,0,0,8I1q9ayE15,BrRu5UxtiQY9TTJ8ABKpfS,CiJDdr4TQ0rGERIS,1K8T,hAOr,fhk21Ss,MV4DUjA,7o3v,9_Y1,NFMt,VpdQ,y6dw,7M47J5GA0pTYIFxg5uy,kIsH,uKAI,L84s,FMSzZ91zL2,LxWqkdS,rj_P,cJvF,FzaX,4UxGlow,zCkv,catzS2D,LM8l689qOp,TNEC,ZI9m,VjDE
0,952,7,1580,264,330,144,200,0,6354,0,0.5312967,9,174,77,486736,0,5175.6,5,14,152,152,-12821.28,980,12,13464,0,125940,39286,120,0,18,51408,441336,38,17814,0,0,dukmfo8zhV,qqimvRzsp8ZZdKRPgzLg68joSn_k,taul,1K8T,ssAy,Kn7uqyB,bGUqwlz,lcmW,9_Y1,gnEy,VpdQ,y6dw,me75fM6ugJ,kIsH,uKAI,L84s,_5OXC8MSLt,teArcsH,8Aj5,cJvF,Lmli,OYHOVQC,oslk,RlTRt72,LM8l689qOp,3Cy4,RAYp,iyHGyLCEkQ
0,896,14,164,156,195,88,166.56,0,47910,0,5.445845,27,32,21,723784,3,13257.66,0,4,32,56,-326698.4,455,6,58608,8,729080,94076,770,0,0,256928,1234364,36,103674,0,0,npOt0G8EIb,RO12,taul,1K8T,0Xwj,b8EwNvo,h3WsUQk,N89u,F3hy,e7QV,VpdQ,IYzP,me75fM6ugJ,kIsH,uKAI,L84s,NhsEn4L,uZL60aU,eq9g,cJvF,FzaX,0OMR98m,oslk,BRhRmrT,LM8l689qOp,fKCe,RAYp,F2FyR07IdsN7I
0,791,14,2384,144,180,24,186.64,0,2350176,0,6.52446,18,124,175,4089640,0,211842.3,15,2,40,48,119546.8,465,42,18504,0,6023150,433072,285,0,27,25389,10318800,32,21762,0,0,V8lBcmz45j,2Knk1KF,taul,1K8T,kwI9,DP5xtq0,FoJylxy,kc6M,9_Y1,yrDU,VpdQ,haYg,me75fM6ugJ,kIsH,uKAI,L84s,XfqtO3UdzaXh_,XTbPUYD,Bs6h,cJvF,FzaX,2Lw6pd1,oslk,XHOAGfT,jySVZNlOJy,Qcbd,RAYp,55YFVY9
0,630,7,384,372,465,312,166.56,0,0,0,1.752403,9,32,63,259696,6,6554.97,0,8,64,144,-206164.4,870,0,130077,16,431595,94886,535,0,9,110495,732996,64,102150,0,0,crIt0Go8Lb,RO12,taul,1K8T,ssAy,MMYJCrr,daiGnRstPa,w9uL,9_Y1,rGJy,09_Q,43pnToF,me75fM6ugJ,kIsH,uKAI,L84s,NhsEn4L,mAjbk_S,3hsG,cJvF,FzaX,q3q3_5u,oslk,_uYR1gC,LM8l689qOp,Qu4f,RAYp,F2FyR07IdsN7I
0,1393,7,2992,240,300,80,166.64,0,36306,0,1.274087,9,112,1085,139872,3,5368.77,5,6,40,64,44397.2,915,30,28350,8,487350,65720,380,0,18,94059,667308,66,66252,0,0,gE8Wq6edh4,RO12,taul,1K8T,0Xwj,iJzviRg,n1zVHpT8NN,b0ro,HLqf,_xpN,09_Q,haYg,7M47J5GA0pTYIFxg5uy,sBgB,uKAI,L84s,9fipLB8rlL,uZLqBZk,OTg6,UYBR,FzaX,ch2oGfM,zCkv,P6pu4Vl,LM8l689qOp,FSa2,ZI9m,R4y5gQQWY8OodqDV
0,1386,7,744,192,240,64,253.52,5,5394240,0,1.864559,9,118,84,2444272,0,58483.8,20,12,64,32,234150,1820,78,666,8,3397275,381332,595,0,45,554428,10221360,26,982974,0,0,DQlgUH7IEC,2Knk1KF,taul,1K8T,JLbT,t3YASYT,EXpWEXgaYWQf4,_zWW,9_Y1,1Bp0,VpdQ,CoYW,me75fM6ugJ,kIsH,uKAI,Mtgm,XfqtO3UdzaXh_,XTbPUYD,CeMZ,cJvF,FzaX,2LwK5YS,oslk,l9eR69P,LM8l689qOp,WqMG,RAYp,55YFVY9
0,658,0,0,204,255,200,166.56,0,0,0,4.877377,9,24,0,258416,0,3623.88,0,4,72,136,-713,580,0,0,0,46870,65154,0,0,0,25333,310284,14,19908,0,0,6m0t0G8rTN,RO12,taul,1K8T,wOc1,F0DSdMg,cMk79Rs,fJgI,9_Y1,e7QV,09_Q,IYzP,me75fM6ugJ,kIsH,uKAI,L84s,NhsEn4L,TDc6N9t,nxIh,cJvF,FzaX,1Fq88FJ,oslk,XByOEra,LM8l689qOp,fKCe,RAYp,F2FyR07IdsN7I
0,882,14,840,176,220,72,200,0,3418668,0,4.609058,18,104,98,372816,0,67036.2,15,10,32,48,-996888,655,42,8064,0,833040,322910,225,0,0,572831,5722960,28,1595052,0,0,bt0mfo875g,RO12,taul,1K8T,JLbT,Kn7uqyB,S85OeCBjSz,8FB6,9_Y1,gnEy,09_Q,sYC_,me75fM6ugJ,kIsH,uKAI,L84s,NhsEn4L,kq0aHkC,FM6S,UYBR,FzaX,OYHOVQC,oslk,RlTRt72,LM8l689qOp,3Cy4,RAYp,F2FyR07IdsN7I
0,826,7,588,52,65,24,166.56,0,7482,0,4.763512,9,54,7,157256,0,7295.521,0,0,24,32,-49600,270,12,9063,0,4965,4092,670,0,0,52024,95772,8,0,0,0,HrWrjIXt5a,RO12,taul,1K8T,JLbT,n0tQn2A,C_u8_AlBK7,wJQF,9_Y1,YBFS,sJzTlal,IYzP,me75fM6ugJ,kIsH,uKAI,L84s,NhsEn4L,mAja5EA,MANZ,cJvF,FzaX,Qui18fN,oslk,ep2j7qz,LM8l689qOp,5Acm,RAYp,F2FyR07IdsN7I
0,980,28,4020,180,225,24,194.56,0,1317228,0,4.40611,36,154,56,4539616,0,89130.59,10,0,32,72,619144,645,60,26424,0,7847350,205150,1230,0,9,0,10358960,42,0,0,0,NQ5rEy7Rm6,2Knk1KF,taul,z3mO,0Xwj,fhk21Ss,II0S8f9,niey,HLqf,H9GL,VpdQ,haYg,7M47J5GA0pTYIFxg5uy,sBgB,uKAI,L84s,Ie_5MZs,CWNY2py,3_sq,cJvF,FzaX,4UxGlow,zCkv,catzS2D,jySVZNlOJy,Aoh3,ZI9m,TCU50_Yjmm6GIBZ0lL_
0,966,21,92,148,185,64,186.64,0,2292612,0,4.883358,36,76,0,2689360,0,163237.5,20,4,48,40,111462.4,520,30,2430,0,5321550,1181882,130,0,18,604800,10188600,26,1036800,0,0,6VLvyx7IEC,LrdVolaSGUfkVeWC,taul,1K8T,487l,RPKu5tB,dg9I7Wq75U,7BET,9_Y1,qaiO,09_Q,haYg,me75fM6ugJ,kIsH,uKAI,L84s,XfqtO3UdzaXh_,OFq9NeO,KHHV,UYBR,FzaX,WdP1WU5,oslk,05j67Xw,LM8l689qOp,szEZ,RAYp,R4y5gQQWY8OodqDV
0,1071,14,3988,144,180,24,176.56,0,0,0,1.790429,18,122,546,1763600,0,23280.39,0,4,32,64,114960.4,540,0,14265,0,3549150,9810,5260,0,27,663593,3807152,46,99618,0,0,dRavyx7ejg,AERks4l,taul,1K8T,SzjZ,fhk21Ss,FoJylxy,lE3s,9_Y1,RcM7,VpdQ,kxE9,7M47J5GA0pTYIFxg5uy,kIsH,uKAI,L84s,4kVnq_T26xq1p,jaw2yIk,WRz9,cJvF,FzaX,4UxGlow,zCkv,catzS2D,jySVZNlOJy,szEZ,ZI9m,ib5G6X1eUxUn6
0,1505,7,144,152,190,32,253.52,0,326220,0,0.2189703,27,36,21,2445976,0,121657.8,25,2,48,40,1546304,675,24,29664,0,7563600,376018,65,0,9,621530,9252760,38,256992,0,0,8Fdr4RXXnK,RO12,taul,1K8T,dWQK,_ybO0dd,y2LIM01bE1,78Ig,9_Y1,TFSW,09_Q,zm5i,me75fM6ugJ,kIsH,uKAI,L84s,NhsEn4L,NGZXfGp,GMiK,cJvF,OFWH,L91KIiz,oslk,CE7uk3u,LM8l689qOp,Xa3G,RAYp,F2FyR07IdsN7I
0,1008,7,2124,176,220,184,286.96,0,0,0,0.9837642,9,82,49,884776,0,20331.6,0,4,32,72,-1360032,570,0,6408,0,179245,307568,400,0,18,290101,1242948,20,63042,0,0,0vimfo8zhV,RO12,taul,1K8T,tXti,AKG5V1L,UFIdC8I,WXWN,9_Y1,iZJp,VpdQ,IYzP,me75fM6ugJ,kIsH,uKAI,Mtgm,NhsEn4L,mAjbk_S,N4Bj,cJvF,FzaX,R4h87dl,oslk,kPEzrB7,LM8l689qOp,3Cy4,RAYp,F2FyR07IdsN7I
0,1442,7,32,208,260,40,220.08,0,4598232,0,5.855159,9,32,0,3151904,0,117646.8,15,6,40,40,-31012.16,840,114,4959,0,4476040,337016,60,0,9,554435,10360240,34,770238,0,0,HAoOj1KXzC,RO12,taul,1K8T,0Y9G,8NKFFda,I1sqWRxUAv,QvoQ,9_Y1,jdbz,sJzTlal,zm5i,me75fM6ugJ,kIsH,uKAI,L84s,NhsEn4L,kZJtVhC,eEO_,cJvF,FzaX,zWA88FJ,oslk,Ggf2C8o,LM8l689qOp,kwS7,RAYp,F2FyR07IdsN7I
0,784,7,628,116,145,24,173.28,0,0,0,2.654988,9,80,0,889760,0,57048.9,0,0,24,56,-83002,440,0,1602,0,1148770,58572,1105,0,0,188573,1481040,38,0,0,0,bZkvyxLkBI,RO12,taul,1K8T,ssAy,dRqabdC,nQU2P_OLn0,JRxW,9_Y1,FbIm,VpdQ,IYzP,me75fM6ugJ,kIsH,uKAI,L84s,NhsEn4L,mAjbk_S,KQkP,cJvF,FzaX,eJsfrxM,oslk,renAIRG,LM8l689qOp,xb3V,RAYp,F2FyR07IdsN7I
0,931,28,2172,132,165,80,286.96,0,1789572,0,5.285196,36,108,182,2073600,0,179979.6,10,8,32,24,274578,600,24,17685,0,3698710,1549244,5375,0,18,604800,10360920,20,2073600,0,0,EsYq9aX0Db,2Knk1KF,taul,1K8T,TLkP,gRirkF8,puVN1KTszPHt3,TAfE,9_Y1,Y9Bl,09_Q,sYC_,me75fM6ugJ,kIsH,uKAI,Mtgm,NhsEn4L,beK4AFX,SYOk,UYBR,FzaX,vcuv48t,oslk,OTXAgOW,LM8l689qOp,uWr3,RAYp,55YFVY9
0,1904,7,2192,396,495,232,331.04,0,922878,0,6.062807,9,68,28,637136,0,17223.63,50,8,48,72,249812,1460,126,25308,0,1073195,154508,2365,0,0,155869,2545164,52,168690,0,0,M5vt0Gdc_a,RO12,taul,1K8T,NbV4,wrRuXRS,V6XUlxabJ4VaD,7IQH,9_Y1,cyKH,VpdQ,IYzP,me75fM6ugJ,kIsH,g5HH,L84s,NhsEn4L,y5FDdKv,IAGl,cJvF,FzaX,dNs0Q3K,oslk,4wZOTZB,LM8l689qOp,me1d,RAYp,F2FyR07IdsN7I
0,1092,7,568,212,265,88,253.52,0,1060362,0,6.274087,18,40,0,789336,0,144930.9,20,4,40,32,60874.4,825,36,11412,0,1155390,88782,75,0,9,11795,3074412,52,102030,0,0,S8dr4RQxul,RO12,taul,1K8T,AHgj,tTnXEFX,LJsg,3vOP,9_Y1,z5Ry,VpdQ,zm5i,me75fM6ugJ,kIsH,uKAI,L84s,NhsEn4L,NGZXfGp,lVRV,UYBR,FzaX,hf1YH7D,oslk,yr_z4Af,LM8l689qOp,FSa2,RAYp,F2FyR07IdsN7I
0,3353,0,0,488,610,232,297.36,0,9233640,0,4.510148,9,28,0,2878376,0,34277.7,15,14,104,64,207200.8,2560,270,0,0,906030,406720,0,0,9,92848,10197800,60,560022,0,0,gOyvyx7ejg,RO12,taul,1K8T,hM6W,b4AnqNs,S85klZI_wB,Ef1y,9_Y1,RcM7,09_Q,zm5i,me75fM6ugJ,kIsH,uKAI,Mtgm,NhsEn4L,kZJyVg2,A1VJ,UYBR,FzaX,8c8Ku_a,oslk,OyG9qc9,LM8l689qOp,szEZ,RAYp,F2FyR07IdsN7I
0,98,0,0,148,185,32,-46.8,0,10335900,0,3.385815,9,16,0,0,6,195876.6,30,0,24,0,-78141.6,260,126,0,16,1389985,101546,0,0,0,0,10279280,12,0,0,0,bZk9tYsGvO,RO12,taul,1K8T,PGNs,apKnqNs,NW71mrodGH,WfTZ,9_Y1,YULl,VpdQ,IYzP,me75fM6ugJ,kIsH,uKAI,Mtgm,NhsEn4L,7WwwAA_,Ve06,UYBR,FzaX,7OmQAVC,oslk,76DYAUb,LM8l689qOp,FSa2,RAYp,F2FyR07IdsN7I
0,1393,14,1724,112,140,80,200,0,0,0,4.770562,27,86,7,273584,0,10132.08,0,20,64,40,-1792208,455,0,13203,0,55315,94308,45,0,0,33677,461240,6,137370,0,0,AhzZptzip9,RO12,taul,1K8T,JLbT,Wtcc5gJ,_jTP8ioIlJ,Oryy,9_Y1,t_4G,VpdQ,sYC_,me75fM6ugJ,kIsH,uKAI,L84s,NhsEn4L,kq0aHkC,t89X,UYBR,FzaX,_McRoKG,oslk,pWu6FsY,LM8l689qOp,Qu4f,RAYp,F2FyR07IdsN7I
0,672,14,1652,132,165,56,286.96,0,6701340,0,6.502243,27,60,469,0,0,220134.6,20,4,24,0,192941.6,500,84,21591,0,1251740,697638,2305,0,0,0,8909040,12,1036800,0,0,jg69tYsGvO,RO12,taul,1K8T,aD1X,77fJ9e7,76j2P_OLn0,JmZ4,9_Y1,YULl,VpdQ,sYC_,DHn_WUyBhW_whjA88g9bvA64_,kIsH,uKAI,L84s,CrNX,mAjy7aS,p4Ck,cJvF,AU8_WTd,iokweTG,d0EEeJi,E2d3z8K,jySVZNlOJy,FSa2,nIGXDli,F2FyR07IdsN7I
0,826,14,2760,132,165,0,286.96,0,2515188,0,4.989318,18,126,224,4838400,0,103753.8,10,0,32,56,-29035.84,490,42,9009,0,7150700,0,80,0,27,0,10507720,34,0,0,0,J9Vr4RQZiT,2Knk1KF,taul,1K8T,TyGl,WkHrLeh,o64y9zI,2AEA,9_Y1,z5Ry,VpdQ,sYC_,me75fM6ugJ,kIsH,uKAI,L84s,NhsEn4L,beK4AFX,0IWb,UYBR,FzaX,MPav4zN,oslk,kEYAGfT,LM8l689qOp,FSa2,RAYp,55YFVY9
0,1463,7,28,588,735,224,233.44,0,3210144,0,0.4437086,9,60,0,3447928,0,92809.2,30,16,144,192,94121.2,2675,132,56736,0,4717050,566664,340,0,0,788557,9971920,118,758934,0,0,oUPBcmzkzH,AERks4l,taul,1K8T,TyGl,c7xwuGt,_03xtaMIkk68B,Shvm,9_Y1,KubS,VpdQ,IYzP,GjJ35utlTa_GNSvxxpb9ju,kIsH,uKAI,L84s,JBfYVit4g8,mAjw7zy,M33H,cJvF,FzaX,iVsrYcf,Al6ZaUT,jG37PDj,jySVZNlOJy,Qcbd,02N6s8f,xwM2aC7IdeMC0
0,665,7,904,224,280,64,200,0,0,0,6.243324,9,86,21,69872,0,3889.29,0,2,32,32,-23721.16,585,0,129618,0,395580,4928,25,0,9,53949,364164,86,4362,0,0,1fZWq6e2Rv,RO12,taul,1K8T,PGNs,Hwt88N4,IoHCiw0r0Q,or22,9_Y1,_xpN,09_Q,IYzP,me75fM6ugJ,kIsH,uKAI,L84s,NhsEn4L,mAjbk_S,wZ4k,UYBR,FzaX,ZhB3372,oslk,LvxaaQ_,LM8l689qOp,FSa2,RAYp,F2FyR07IdsN7I
0,2023,7,2312,136,170,8,253.52,0,1068,0,0.7981201,9,112,105,5529600,0,81147.91,5,0,32,64,117092,910,12,114039,0,9310200,85374,1160,0,27,604800,10403320,44,0,0,0,639qrQK2Mx,2Knk1KF,taul,1K8T,PGNs,MPSMkpB,nQUq7hGe64,_GvQ,9_Y1,15m3,09_Q,sYC_,me75fM6ugJ,kIsH,uKAI,L84s,NhsEn4L,kq0mj86,Au2C,UYBR,FzaX,ezqvEWW,oslk,f1AO_7b,jySVZNlOJy,FSa2,RAYp,55YFVY9
0,980,7,2992,216,270,88,186.64,0,0,0,4.567186,9,206,357,558632,0,5049.84,0,10,80,144,12630,800,0,3501,0,532075,86874,300,0,9,107030,964088,40,128046,0,0,_v2rjIKQ76,2Knk1KF,CiJDdr4TQ0rGERIS,1K8T,pGTb,fhk21Ss,_YWFD3N,ELeU,9_Y1,7WNq,09_Q,y6dw,7M47J5GA0pTYIFxg5uy,kIsH,uKAI,L84s,_5OXC8MSLt,11pMFCG,yX7G,cJvF,FzaX,4UxGlow,oslk,catzS2D,LM8l689qOp,WqMG,ZI9m,VjDE
0,511,0,0,128,160,64,220.08,0,2051490,0,2.655416,27,28,0,2324368,0,220773.3,5,6,24,32,193728,490,30,0,0,4752000,1332896,0,0,9,0,10379640,22,1555200,0,0,52Iq9ayE15,RO12,taul,1K8T,z32l,ka_xJVj,glRBFJT8NN,v_7F,9_Y1,kJJ7,VpdQ,zm5i,me75fM6ugJ,kIsH,uKAI,Mtgm,NhsEn4L,kZJtVhC,N6lJ,cJvF,FzaX,Mms6hzI,oslk,iZDAgOW,LM8l689qOp,7P5s,RAYp,F2FyR07IdsN7I
0,658,7,192,108,135,40,133.12,0,0,0,6.707969,9,58,21,351240,0,23099.94,0,8,48,56,25927.44,400,0,1143,0,111880,65056,60,0,9,126224,489772,22,141804,0,0,1PnOj1KVEH,RO12,taul,1K8T,ZNsX,iJzviRg,hCdK,DnfT,9_Y1,_KXv,VpdQ,wMei,7M47J5GA0pTYIFxg5uy,kIsH,uKAI,L84s,4kVnq_T26xq1p,cUQEYQ6,XpCD,UYBR,FzaX,ch2oGfM,zCkv,P6pu4Vl,LM8l689qOp,kwS7,ZI9m,R4y5gQQWY8OodqDV
0,1358,7,116,280,350,184,233.44,0,114714,0,6.480026,9,106,42,552232,0,7628.16,15,12,64,128,56357.2,865,102,233838,0,164385,93752,965,0,9,150423,808324,10,200676,0,0,tr0rEyXktW,RO12,taul,1K8T,0Xwj,6CXYbuk,ToUSgkq,j8N7,F3hy,SkZj,09_Q,lVqb,Kxdu,kIsH,uKAI,L84s,9pUnzWLbztKTo,y5FWh4t,ctu4,UYBR,FzaX,ROeipLp,zCkv,K2SqEo9,LM8l689qOp,Aoh3,6fzt,am14IcfM7tWLrUmRT52KtA
0,329,0,176,60,75,16,33.44,0,10854,0,6.624226,9,86,0,2544,0,2247.057,0,10,24,16,-430724,285,12,23553,0,5235,9840,0,0,0,7679,42024,8,14472,0,0,ZSNrjIX0Db,RO12,taul,1K8T,vsvk,iJzviRg,cd7a2oZtRg,EM6M,9_Y1,nr0d,VpdQ,IYzP,7M47J5GA0pTYIFxg5uy,kIsH,uKAI,L84s,4kVnq_T26xq1p,7Wwhms6,pdXl,cJvF,FzaX,ch2oGfM,zCkv,P6pu4Vl,LM8l689qOp,5Acm,ZI9m,R4y5gQQWY8OodqDV
0,854,7,408,124,155,48,298.48,0,4625292,0,4.729331,9,56,7,1900848,0,33979.8,10,2,24,24,-19760.28,575,60,12123,0,3564090,964820,1095,0,9,554414,9765280,18,475212,0,0,DHerjIKQ76,RO12,taul,1K8T,lK27,Mqscy5d,9HOPNsJ,jKPY,9_Y1,7WNq,09_Q,sYC_,me75fM6ugJ,kIsH,uKAI,L84s,NhsEn4L,kq0n8Bj,AVM6,UYBR,FzaX,OjIYE38,oslk,xmA7A2G,LM8l689qOp,WqMG,RAYp,F2FyR07IdsN7I
0,1022,7,608,224,280,96,264.8,0,4277070,0,5.246956,9,34,91,351856,0,174414,40,10,48,104,89366,670,54,8829,0,2849370,970150,215,0,9,0,10523520,18,1427460,0,0,ypNt0Go8Lb,RO12,taul,1K8T,487l,TeByZ8I,pCsFbvQJcF,5zai,9_Y1,t_4G,09_Q,zm5i,me75fM6ugJ,kIsH,uKAI,L84s,NhsEn4L,mAjbk_S,nN6m,UYBR,FzaX,h72T5R2,oslk,e7btFxo,LM8l689qOp,Qu4f,RAYp,F2FyR07IdsN7I
0,2366,28,6428,1384,1730,760,133.12,0,0,0,5.100192,54,152,938,264416,0,5328.93,0,10,40,232,54633.6,4925,0,1935,0,2302675,264454,4835,0,18,25424,2521596,434,27510,0,0,gOyvyx7ejg,AERks4l,taul,1K8T,7wJ6,fhk21Ss,II0S8f9,uuxC,9_Y1,RcM7,VpdQ,6JmL,7M47J5GA0pTYIFxg5uy,kIsH,uKAI,L84s,a3CcPDe,11p_E1H,sl58,UYBR,OFWH,4UxGlow,QKW8DRm,catzS2D,LM8l689qOp,szEZ,ZI9m,ib5G6X1eUxUn6
0,875,21,2312,196,245,128,166.56,5,1831032,0,3.390515,27,186,140,1101184,0,79902,5,12,64,56,-752752,645,24,29403,16,1455630,677560,5270,0,45,311059,5619760,30,1474902,0,7,voArjIXt5a,AERks4l,taul,1K8T,Cnh8,fhk21Ss,V6XUlxabJ4VaD,_XhT,9_Y1,Nbbb,VpdQ,y6dw,7M47J5GA0pTYIFxg5uy,kIsH,uKAI,Mtgm,4kVnq_T26xq1p,ORMkI2z,AOOA,cJvF,FzaX,4UxGlow,zCkv,catzS2D,LM8l689qOp,5Acm,ZI9m,ib5G6X1eUxUn6
0,553,7,5256,24,30,8,186.64,0,3628800,0,6.419569,9,68,98,4125280,0,36594.9,10,0,24,8,137981.2,235,6,24408,0,67125,193126,395,0,9,0,9760200,2,0,0,0,dRaq9ayE15,RO12,taul,1K8T,mAW3,ORzyZ8I,J3fgbi2,wZIR,9_Y1,000J,09_Q,kxE9,me75fM6ugJ,kIsH,uKAI,L84s,XfqtO3UdzaXh_,XTbPUYD,SQgT,cJvF,FzaX,KPaRa8C,oslk,l_freV4,LM8l689qOp,7P5s,RAYp,F2FyR07IdsN7I
0,1085,0,0,128,160,0,320.4,0,2073600,0,0.7184362,9,28,0,5313448,0,147077.4,0,2,40,64,-93224,475,24,0,0,8208000,0,0,0,9,1687,10606480,38,1446,0,0,YddTmBtueT,RO12,taul,1K8T,TyGl,R4CMv2s,Z8Z9YBU4v7,rNsx,9_Y1,C6Eu,VpdQ,zm5i,me75fM6ugJ,kIsH,uKAI,L84s,NhsEn4L,kZJtVhC,naaN,UYBR,FzaX,OOC8jNM,oslk,piPR6zD,LM8l689qOp,rgKb,RAYp,F2FyR07IdsN7I
0,644,7,708,16,20,8,186.64,0,1442454,0,3.280496,9,56,7,0,0,239009.7,5,0,0,0,-210927.2,335,6,2106,0,864170,929910,220,0,18,0,4103840,2,0,0,0,MwmgUHShse,RO12,taul,1K8T,JLbT,hburbwz,r83_sZi,85IW,9_Y1,RVjC,VpdQ,IYzP,me75fM6ugJ,kIsH,uKAI,Mtgm,NhsEn4L,mAjbk_S,ETNp,UYBR,FzaX,Qf2vOIl,oslk,AccAwsZ,LM8l689qOp,FSa2,RAYp,F2FyR07IdsN7I
0,952,14,228,60,75,72,200,0,0,0,6.140355,36,96,105,0,0,10304.85,0,4,16,0,-128139.2,340,0,18396,0,79725,212574,1815,0,0,0,576228,8,130950,0,0,zcROj17IEC,RO12,taul,1K8T,TyGl,GRlgCVv,bAyJC1anwc,zPYE,9_Y1,iVbl,VpdQ,IYzP,me75fM6ugJ,kIsH,uKAI,L84s,NhsEn4L,kq0aHkC,Qkd_,cJvF,AU8pNoi,9wyOVQC,oslk,EiGEVJ2,LM8l689qOp,7aLG,RAYp,F2FyR07IdsN7I
0,896,7,1360,128,160,0,288.16,0,4665648,0,1.446913,9,102,63,3233776,0,172059.9,15,0,40,48,55607.6,490,54,53946,0,6048000,0,10,0,18,145180,10602520,28,0,0,0,P1WvyxLp3Z,RO12,taul,1K8T,UpNf,604SYUX,msIqHk8toE,E7Do,9_Y1,vzJD,VpdQ,sYC_,me75fM6ugJ,kIsH,uKAI,L84s,NhsEn4L,beK4AFX,u6MK,cJvF,FzaX,kH58iqZ,oslk,dc9OtEt,LM8l689qOp,xb3V,RAYp,F2FyR07IdsN7I
0,1596,7,1308,492,615,184,133.12,0,27420,0,6.467635,9,54,238,267400,0,2683.614,15,22,144,200,-1710768,1525,30,92664,0,244250,47094,9355,0,0,14756,483964,112,47274,0,0,m9SvyxLkBI,RO12,taul,1K8T,0Xwj,t6T3ZVS,r83_sZi,afd0,HLqf,FbIm,VpdQ,IYzP,me75fM6ugJ,sBgB,uKAI,Mtgm,NhsEn4L,TDceha3,ri5x,UYBR,FzaX,_v2jB1v,oslk,96ZoG9v,LM8l689qOp,xb3V,RAYp,F2FyR07IdsN7I
0,602,7,964,168,210,56,420.72,0,5173842,0,4.499252,9,32,42,3144360,0,218153.4,20,2,32,40,268242.4,505,72,67887,0,2674830,984132,185,0,27,0,10554080,26,297180,0,0,4bwt0GoOh3,RO12,taul,1K8T,g6No,A_yBboK,3yOkdEbOfq,gIP0,9_Y1,rGJy,VpdQ,IYzP,me75fM6ugJ,kIsH,uKAI,L84s,NhsEn4L,mAjbk_S,orkt,UYBR,FzaX,3Jmmfvd,oslk,JD1lw9w,LM8l689qOp,Qu4f,RAYp,F2FyR07IdsN7I
0,294,0,0,280,350,104,29.44,0,502380,0,5.349711,9,12,0,539544,0,18124.23,10,16,168,256,-615580,350,30,0,8,718210,57814,0,0,0,111027,1691596,20,152598,0,7,voArjIXt5a,RO12,taul,1K8T,dTod,GRl7qwL,nQUxgtZEqo,hmzw,9_Y1,xQ2A,VpdQ,IYzP,me75fM6ugJ,kIsH,uKAI,L84s,NhsEn4L,TDcwKda,6Giu,cJvF,FzaX,xDj6pd1,oslk,VQZzrB7,LM8l689qOp,5Acm,RAYp,F2FyR07IdsN7I
0,2254,14,1980,140,175,8,254.96,0,10055160,0,2.515702,36,134,119,295144,0,47866.2,45,0,48,16,386917.6,545,120,8802,0,203135,172800,3135,0,27,0,10379200,6,0,0,0,Yn7t0Go8Lb,rEUOq2QD1qfkRr6qpua,taul,1K8T,JLbT,fhk21Ss,J1MZ1kd,5_Js,9_Y1,C7DI,09_Q,kxE9,7M47J5GA0pTYIFxg5uy,kIsH,uKAI,Mtgm,cOJGGr4F_wga1,pMWZLMk,_aOT,cJvF,FzaX,4UxGlow,zCkv,catzS2D,LM8l689qOp,Qu4f,ZI9m,ib5G6X1eUxUn6
0,882,7,264,156,195,32,133.12,0,7830420,0,2.761803,9,62,28,1318352,0,145428,35,0,32,48,284396,520,96,96921,0,1638730,56780,2480,0,0,0,9322680,12,0,0,0,1JGr4RKzJV,RO12,taul,1K8T,PGNs,nmmMbg2,n2YfB05aPZ,Ha2D,9_Y1,DtNL,sJzTlal,IYzP,me75fM6ugJ,kIsH,uKAI,L84s,NhsEn4L,TDceha3,3fQ5,cJvF,FzaX,KX8Ku_a,oslk,WwTr3XO,LM8l689qOp,FSa2,RAYp,F2FyR07IdsN7I
0,231,0,0,168,210,40,320.4,0,3162456,0,6.71865,9,16,0,1317560,0,190416.3,20,12,56,56,142948.4,465,42,0,0,4560600,676066,0,0,0,34454,10788240,26,2851278,0,0,py5gUH7ejg,RO12,taul,1K8T,TyGl,ho_bxgw,E4_oU4v,gyLz,9_Y1,DmlN,09_Q,IYzP,me75fM6ugJ,kIsH,uKAI,L84s,NhsEn4L,kZJtVhC,9vxrzk6,cJvF,FzaX,AvcOVQC,oslk,r757j0h,LM8l689qOp,w_Ub,RAYp,F2FyR07IdsN7I
0,1043,7,0,104,130,88,166.56,0,533022,0,6.651998,9,40,0,308944,0,61294.2,5,14,24,8,-66485.2,510,12,1314,0,221525,429332,215,0,0,676753,2619104,8,1091700,0,0,JMGq9aXt5a,RO12,taul,1K8T,AnrR,r6cvJst,5q1hF23,vtFV,9_Y1,Y9Bl,09_Q,IYzP,me75fM6ugJ,kIsH,uKAI,L84s,NhsEn4L,mAja5EA,0u1R,UYBR,FzaX,hmNvdH_,oslk,SvLqjwa,LM8l689qOp,uWr3,RAYp,F2FyR07IdsN7I
0,721,7,348,184,230,112,324.48,5,4450626,0,2.513566,18,34,385,3086080,0,200121,10,2,40,48,172673.6,670,66,2043,8,1783310,1918040,375,0,18,0,10609320,24,475218,0,0,S8dr4RQxul,RO12,taul,1K8T,JLbT,TgqtBx3,y2LuFUfSEo,RTc9,9_Y1,z5Ry,VpdQ,zm5i,me75fM6ugJ,sBgB,uKAI,Mtgm,NhsEn4L,NGZrD3j,BXUS,UYBR,FzaX,SGlNvFm,oslk,wWQwHyd,LM8l689qOp,FSa2,RAYp,F2FyR07IdsN7I
0,1414,0,0,3048,3810,1040,281.28,5,3771804,0,1.011963,9,14,0,1977864,0,9007.771,240,100,872,832,-46422,4155,936,0,8,3377635,680048,0,0,0,477204,8970680,548,810948,0,0,dRavyx7ejg,RO12,taul,1K8T,mAW3,b9Y7VoA,yEFIHeU,kKp4,9_Y1,YGOC,VpdQ,IYzP,me75fM6ugJ,kIsH,uKAI,L84s,NhsEn4L,mAja5EA,SMDf,UYBR,FzaX,8EdRa8C,oslk,VNjX1HN,LM8l689qOp,szEZ,RAYp,F2FyR07IdsN7I
0,1330,7,2320,212,265,160,203.36,0,39972,0,0.3473617,9,182,84,742488,0,19387.56,5,8,72,104,153095.6,760,12,7056,0,707370,321140,605,0,18,55888,1722716,26,173712,0,0,zC_Wq6e2Rv,qqimvRzsp8ZZdKRPgzLg68joSn_k,taul,1K8T,EJC9,fhk21Ss,r83_sZi,or22,9_Y1,_xpN,VpdQ,y6dw,7M47J5GA0pTYIFxg5uy,kIsH,uKAI,L84s,_5OXC8MSLt,XTbQpf0,wZ4k,UYBR,FzaX,4UxGlow,oslk,catzS2D,LM8l689qOp,FSa2,ZI9m,iyHGyLCEkQ
0,1351,7,728,172,215,8,220.08,0,3192,0,4.391156,9,38,0,5318096,0,124018.2,15,0,40,64,126983.6,890,48,4860,0,9553900,106356,915,0,9,2418241,10613960,46,0,0,0,hSogUHXZeb,RO12,taul,1K8T,pE9z,bd4J34g,VxuoaY5mnT,1fxs,9_Y1,STGZ,09_Q,zm5i,me75fM6ugJ,kIsH,uKAI,L84s,NhsEn4L,mAjbk_S,PySi,UYBR,FzaX,OOCs94F,oslk,piPYdpM,LM8l689qOp,453m,RAYp,F2FyR07IdsN7I
0,462,0,0,128,160,24,286.96,0,4276962,0,2.268105,9,26,0,2490872,0,212416.5,15,4,32,32,249209.2,550,54,0,0,4118180,475218,0,0,9,554414,9925800,22,950436,0,0,Ie5gUH7IEC,RO12,taul,1K8T,ssAy,foC0EW7,q2tfFQq,ioG2,9_Y1,m_h1,VpdQ,zm5i,me75fM6ugJ,kIsH,uKAI,L84s,NhsEn4L,NGZxnJM,DV2t,UYBR,FzaX,_95OhQy,oslk,AFqqI2t,jySVZNlOJy,WqMG,RAYp,F2FyR07IdsN7I
0,455,7,352,112,140,8,280.24,5,7951560,0,1.067934,9,124,126,771144,0,153751.8,25,0,32,16,-115660.4,345,96,269271,8,1375915,22756,3055,0,27,69951,8560840,8,0,0,0,zKnr4RXktW,2Knk1KF,taul,1K8T,AkfA,af1vEdV,MV4DUjA,3VzB,9_Y1,Cgc3,VpdQ,CoYW,me75fM6ugJ,kIsH,uKAI,L84s,XfqtO3UdzaXh_,XTbPUYD,_Djn,cJvF,FzaX,b0vOZ4E,oslk,1gu2qo0,jySVZNlOJy,Xa3G,RAYp,55YFVY9
0,1477,14,12,128,160,104,220.08,0,2250732,0,1.989318,18,150,0,1382400,0,108102.9,10,8,32,16,83695.6,480,30,57051,8,2402845,2135060,10,0,27,0,10457720,12,2073600,0,7,JMGrjIXt5a,2Knk1KF,taul,1K8T,0Xwj,PHNvXy8,8nstQ62E0C,EM6M,HLqf,nr0d,VpdQ,hzlB,NKv3VA1BpP,sBgB,uKAI,L84s,Ie_5MZs,CWNY2py,pdXl,cJvF,FzaX,UF16siJ,zCkv,APgdzOv,LM8l689qOp,5Acm,6fzt,Zy3gnGM
0,791,0,2224,120,150,48,99.68,0,15126,0,6.923734,9,152,14,23520,0,3675.69,0,2,0,32,11967.28,455,6,49212,0,77105,13446,0,0,9,0,114692,36,6408,0,0,vAsvyx7ejg,2Knk1KF,taul,1K8T,hM6W,idWJKO_,CRwkRNVRGo,LeeR,9_Y1,xSqs,VpdQ,haYg,me75fM6ugJ,kIsH,uKAI,L84s,XfqtO3UdzaXh_,XTbPUYD,2L2v,cJvF,AU8pNoi,z0TYlW4,oslk,9mKTE6Y,LM8l689qOp,szEZ,RAYp,55YFVY9
0,1743,14,772,120,150,56,365.84,0,2689404,0,3.361034,36,130,0,2964104,0,84249.3,10,6,32,40,508280,485,30,33246,0,3223885,724694,790,0,27,960190,9845400,16,2025684,0,0,Qu0r4RKzJV,LrdZy8QqgUfkVShG,taul,1K8T,PGNs,fhk21Ss,EzGRGIP,gpsI,9_Y1,DtNL,VpdQ,hAFG,7M47J5GA0pTYIFxg5uy,kIsH,uKAI,L84s,IZwBHOJhfS,y5FNLqc,O5Ed,UYBR,FzaX,4UxGlow,zCkv,catzS2D,LM8l689qOp,FSa2,ZI9m,ib5G6X1eUxUn6
0,420,7,12,156,195,48,133.12,0,0,0,6.39372,9,78,7,34984,0,3380.7,0,6,8,80,4006,570,0,62334,0,85650,7502,1090,0,0,3031,111076,40,15090,0,0,1YVvyx7IEC,RO12,taul,1K8T,FgS1,SYig0iR,P9HTde2,MaEe,9_Y1,RcM7,VpdQ,sYC_,me75fM6ugJ,kIsH,uKAI,L84s,NhsEn4L,7WweNKW,GQwY,UYBR,FzaX,uwL8yXf,oslk,ijiQpyf,LM8l689qOp,szEZ,RAYp,F2FyR07IdsN7I
0,665,0,0,392,490,208,234.72,0,40278,0,2.704123,9,20,0,2546520,0,26593.38,0,10,120,144,-54640.4,1440,42,0,0,1236585,428354,0,0,9,305760,3252812,84,160086,0,0,GcUBcmz45j,RO12,taul,1K8T,KqYs,GUg88LT,wazGGTV4Uq,deNA,9_Y1,WGOH,09_Q,zm5i,me75fM6ugJ,kIsH,uKAI,L84s,NhsEn4L,kq0IYu6,R2cR,UYBR,FzaX,AuG6jyF,oslk,64B7j0h,LM8l689qOp,Qcbd,RAYp,F2FyR07IdsN7I
0,693,7,0,148,185,48,220.08,0,6739200,0,5.299509,9,36,0,889648,0,208483.8,35,10,32,24,414368,440,78,342,0,941530,1008016,10,0,18,604800,10479920,6,1353576,0,0,eOQt0GoOh3,RO12,taul,1K8T,xgSF,Wq69B7S,ToUSgkq,6YaA,9_Y1,rGJy,09_Q,IYzP,me75fM6ugJ,kIsH,uKAI,L84s,NhsEn4L,kZJtVhC,948R,cJvF,qxDb,h72uX8Z,oslk,bxCQb98,LM8l689qOp,Qu4f,RAYp,F2FyR07IdsN7I
0,567,7,96,136,170,8,253.52,0,9307680,0,0.969451,9,30,161,458568,0,228684.6,45,2,40,8,67345.2,500,108,6399,0,1299315,836,375,0,0,0,10487080,8,360,0,0,E3dr4RQxul,RO12,taul,1K8T,kNzO,_ybO0dd,yLQ6Y9f2ln,WKtD,9_Y1,z5Ry,09_Q,IYzP,me75fM6ugJ,kIsH,uKAI,L84s,NhsEn4L,NGZXfGp,FMag,UYBR,FzaX,L91KIiz,oslk,CE7uk3u,LM8l689qOp,FSa2,RAYp,F2FyR07IdsN7I
0,1652,7,3860,244,305,184,166.56,0,27678,0,2.114292,18,114,112,2341120,0,47810.4,10,12,56,80,-129322,1285,6,73431,0,1588805,527018,180,0,9,1048586,3838876,38,424728,0,0,V8lBcmz45j,RO12,taul,1K8T,0WHw,iJzviRg,_jTP8ioIlJ,G7MT,9_Y1,KubS,VpdQ,wMei,7M47J5GA0pTYIFxg5uy,kIsH,uKAI,L84s,9fipLB8rlL,cUQPi45,RqEs,UYBR,FzaX,ch2oGfM,zCkv,P6pu4Vl,jySVZNlOJy,Qcbd,ZI9m,R4y5gQQWY8OodqDV
0,1519,7,7780,132,165,0,377.04,0,4512,0,3.763085,9,140,119,3295264,3,21657.42,0,4,40,80,26396.56,495,6,2403,8,4918280,0,9205,0,27,544670,5780400,40,292710,0,0,_v2gUHXZeb,2Knk1KF,taul,1K8T,aD1X,cGQw79s,VhTXkDS,jlQQ,9_Y1,fTh6,09_Q,haYg,me75fM6ugJ,kIsH,uKAI,L84s,XfqtO3UdzaXh_,XTbPUYD,fnUo,cJvF,qxDb,i9JfSEp,oslk,MERQguc,LM8l689qOp,453m,RAYp,55YFVY9
0,1330,7,652,232,290,72,169.92,0,4146,0,0.931425,9,42,7,441696,0,8682.84,0,12,72,96,-102220.4,735,12,57807,0,430525,56676,200,0,0,124054,705616,58,36348,0,0,1KSr4RK2Mx,RO12,taul,1K8T,487l,qXGoROu,itSGh3t,g7ag,9_Y1,DtNL,VpdQ,IYzP,me75fM6ugJ,kIsH,uKAI,L84s,NhsEn4L,mAja5EA,ipbN,UYBR,FzaX,SwOCME0,oslk,HmOqwxB,LM8l689qOp,FSa2,RAYp,F2FyR07IdsN7I
0,560,7,132,292,365,72,104.16,0,44166,0,5.563768,9,108,21,42824,0,3709.08,0,0,16,32,15470.28,1170,48,477,0,465815,17590,385,0,18,0,458688,104,0,0,0,dRaq9ayE15,RO12,ev6I,1K8T,LZs_,FJDupBg,a0nTw4C,vpIC,9_Y1,kJJ7,VpdQ,lVqb,7M47J5GA0pTYIFxg5uy,kIsH,uKAI,L84s,E1aAZ0x7vd,OFqVH0t,P_cH,cJvF,FzaX,OYHoGfM,QKW8DRm,RlTh9x_,LM8l689qOp,7P5s,vJ_w8kB,WfJYmPMksSqa1pajvfG
0,672,7,4,136,170,32,231.44,0,0,0,6.334971,9,30,14,5529600,0,192393.3,0,0,32,64,111878,530,0,28260,0,8782350,234328,245,0,0,0,10259360,44,0,0,0,v0Nt0Go8Lb,RO12,taul,1K8T,xgSF,PccnqNs,r83_sZi,v90H,9_Y1,Z5OU,VpdQ,IYzP,me75fM6ugJ,kIsH,uKAI,L84s,NhsEn4L,kZJtVhC,xqzj,cJvF,FzaX,aoBA1m8,oslk,6iNOEra,LM8l689qOp,Qu4f,RAYp,F2FyR07IdsN7I
0,103740,14,5484,212,265,112,137.68,0,6527700,0,3.371715,27,124,70,1382400,0,1344.954,35,0,32,16,239526.8,90535,102,91710,0,3287980,162838,12730,0,0,0,10418280,26,0,0,0,2jigUH7ejg,2Knk1KF,taul,1K8T,487l,eYPJuq4,9HOPNsJ,Tkse,9_Y1,1Bp0,09_Q,IYzP,me75fM6ugJ,kIsH,uKAI,Mtgm,NhsEn4L,teAyFc5,SssI,UYBR,FzaX,42Uv66D,oslk,_BMKSUK,M_8D,WqMG,RAYp,55YFVY9
0,868,7,9132,132,165,24,200,0,4474554,0,3.472548,18,62,413,2841744,0,205053.3,20,6,40,40,735764,540,54,9621,0,3888010,518400,890,0,9,0,10153280,18,519732,0,0,GcUt0G8rTN,RO12,taul,1K8T,lK27,gwY4NQF,yiXKNUCbD1,6Kx3,9_Y1,k13i,VpdQ,IYzP,me75fM6ugJ,kIsH,uKAI,L84s,NhsEn4L,TDceha3,5PTn,cJvF,FzaX,t5EoLzk,oslk,ag5iNPX,jySVZNlOJy,fKCe,RAYp,F2FyR07IdsN7I
0,1155,7,2240,212,265,136,200,0,86430,0,0.9771416,9,110,77,303416,0,28319.22,15,24,80,40,73518,710,18,4446,0,309510,290462,565,0,18,213654,1201376,26,202920,0,0,DHeq9ayfAo,2Knk1KF,taul,1K8T,JLbT,yB8NXZR,9YuFlLzSEv,q1Sq,9_Y1,QBpP,VpdQ,hAFG,me75fM6ugJ,kIsH,uKAI,L84s,XfqtO3UdzaXh_,11p4mKe,NOzs,UYBR,FzaX,31vADXQ,oslk,I8O6FsY,jySVZNlOJy,7P5s,RAYp,55YFVY9
0,868,7,0,136,170,152,220.08,0,2073600,0,5.232215,9,54,0,0,0,203297.7,10,12,32,0,499240,555,24,3888,0,138195,3156160,75,0,0,1209600,10570080,6,3110400,0,0,75lr4RXktW,RO12,taul,1K8T,487l,dpLnqNs,9YuuPSz3BI,882,9_Y1,TFSW,VpdQ,IYzP,me75fM6ugJ,kIsH,uKAI,L84s,NhsEn4L,kZJtVhC,8wqe,cJvF,FzaX,9F7m0jM,oslk,jrbDSFl,jySVZNlOJy,Xa3G,RAYp,0pzBWGkV3fbsGZN52DH
0,896,7,84,136,170,0,166.56,0,10093740,0,3.478103,9,72,0,79984,0,194224.5,35,2,24,8,132043.6,595,120,1440,0,1274970,0,100,0,0,0,10311360,10,248088,0,0,51rt0G8rTN,RO12,taul,1K8T,PbOJ,1QD5ha2,glRBFJT8NN,aBb6,9_Y1,k13i,VpdQ,IYzP,me75fM6ugJ,kIsH,uKAI,L84s,NhsEn4L,mAjbk_S,SHRW,cJvF,FzaX,eNC8jNM,oslk,L3az_Kt,M_8D,fKCe,RAYp,F2FyR07IdsN7I
0,1288,7,56,196,245,128,166.56,0,2830470,0,4.371929,9,52,14,1616832,0,93580.8,35,6,64,48,167763.6,775,48,60705,0,1790210,1072362,2765,0,0,184569,8602680,18,955764,0,0,1YVvyx7IEC,RO12,taul,1K8T,hM6W,bbmns41,5JDFgu9,MdrM,9_Y1,RcM7,VpdQ,IYzP,me75fM6ugJ,kIsH,uKAI,L84s,NhsEn4L,mAjbk_S,vIHc,cJvF,FzaX,oatfGrO,oslk,8vXEsaq,LM8l689qOp,szEZ,RAYp,F2FyR07IdsN7I
0,693,0,4,132,165,32,286.96,0,86148,0,0.1221961,18,34,7,4838512,0,208970.4,0,4,32,56,156159.2,535,6,1026,0,7937900,539320,0,0,9,0,10596840,38,1036800,0,0,crIt0Go8Lb,RO12,taul,1K8T,ssAy,8RVBmIU,glRBFJT8NN,73Ka,9_Y1,MGOA,VpdQ,zm5i,me75fM6ugJ,kIsH,uKAI,L84s,NhsEn4L,kZJyVg2,wLOK,cJvF,FzaX,HlomS85,oslk,MMuldxq,jySVZNlOJy,Qu4f,RAYp,F2FyR07IdsN7I
0,217,0,0,144,180,88,210,0,782256,0,4.866268,9,22,0,2724464,12,98578.5,5,0,24,40,-80369.6,420,18,0,32,4124170,778608,0,0,9,604800,6741200,32,0,0,0,9hRmfo875g,RO12,taul,1K8T,AKN1,NxdOO2w,3mAEkDOj8k,DXqB,9_Y1,Bw19,sJzTlal,zm5i,me75fM6ugJ,kIsH,uKAI,L84s,NhsEn4L,kZJtVhC,5wIg,cJvF,FzaX,nMx6hzI,oslk,Rv57DIf,LM8l689qOp,wX53,RAYp,F2FyR07IdsN7I
0,2422,7,1440,464,580,104,166.56,5,400800,0,2.335612,18,116,21,822120,0,14913.42,25,26,112,144,-133835.6,1605,132,16947,8,1060645,154744,290,0,18,579978,1966748,90,123540,0,0,a4vPe2fHUn,2Knk1KF,LfvqpCtLOY,1K8T,487l,SqbCPGE,yLQTWghLEB,T5aZ,9_Y1,mTeA,09_Q,sYC_,me75fM6ugJ,kIsH,uKAI,L84s,NhsEn4L,teAyFc5,YS4i,UYBR,FzaX,mXL38SL,oslk,6zMjbRT,jySVZNlOJy,FSa2,RAYp,55YFVY9
0,826,7,156,136,170,48,272.64,0,3588222,0,4.95407,9,38,49,5080824,0,212980.8,5,2,32,64,192435.6,540,48,6930,0,3960165,880852,150,0,18,554421,10189080,20,14808,0,0,m9SrEy7Rm6,RO12,taul,1K8T,lK27,VjLN8e1,77iN0JezpF,PBwD,9_Y1,H9GL,09_Q,IYzP,me75fM6ugJ,kIsH,uKAI,L84s,NhsEn4L,mAjbk_S,2_6S,cJvF,FzaX,ZN3fSEp,oslk,DrA79_c,LM8l689qOp,Aoh3,RAYp,F2FyR07IdsN7I
0,1407,7,128,124,155,128,166.56,0,20262,0,5.881863,9,130,7,17984,0,1904.052,15,6,48,16,9254,480,12,66573,0,20930,25676,105,0,18,18641,112608,10,20436,0,0,51rBcmz45j,2Knk1KF,taul,1K8T,TyGl,4jFcSKu,EXpWEXgaYpMJ7,MXun,9_Y1,EwzD,VpdQ,kxE9,me75fM6ugJ,kIsH,uKAI,L84s,XfqtO3UdzaXh_,XTbPUYD,svsf,cJvF,OFWH,Z6VfSEp,oslk,503RDbC,LM8l689qOp,Qcbd,RAYp,55YFVY9
0,210,0,0,136,170,48,381.76,0,5017158,0,1.500961,9,18,0,3200800,0,207286.2,10,2,32,48,302546,530,66,0,0,3168000,950404,0,0,0,1108800,10332400,16,475200,0,0,vAsgUHXM47,RO12,taul,1K8T,R4_H,BBmwWHr,II0S8f9,ZGea,9_Y1,STGZ,VpdQ,IYzP,me75fM6ugJ,kIsH,uKAI,L84s,NhsEn4L,NGZxnJM,B4IZ,UYBR,FzaX,sTyQFhp,oslk,lJxNMua,LM8l689qOp,453m,RAYp,F2FyR07IdsN7I
0,3500,7,588,448,560,288,166.56,0,1362,0,3.385388,9,134,14,1243648,0,15597.36,0,22,136,200,-1110832,2100,6,42111,0,1244580,340392,2875,0,36,502663,2610940,78,467640,0,0,v0Nt0Go8Lb,2Knk1KF,taul,1K8T,TyGl,V2og2A0,ThrnFOQ,bqg3,9_Y1,rGJy,09_Q,kxE9,me75fM6ugJ,kIsH,uKAI,L84s,XfqtO3UdzaXh_,XTbPUYD,O0hw,UYBR,FzaX,UjGuLpj,oslk,3QPw991,LM8l689qOp,Qu4f,RAYp,55YFVY9
0,84,0,0,168,210,40,496.08,5,4146258,0,6.712028,9,14,0,1904408,3,186283.5,30,2,40,40,687756,210,60,0,16,4101615,651616,0,0,0,554414,10431880,30,475212,0,0,oBXrjIQq3d,RO12,taul,1K8T,lK27,eIf4RJE,wqsRhwb,kWfE,9_Y1,RVjC,VpdQ,IYzP,me75fM6ugJ,kIsH,uKAI,Mtgm,NhsEn4L,mAj3FSW,4a9J,UYBR,FzaX,JgwYjZW,oslk,hrE2qo0,LM8l689qOp,FSa2,RAYp,F2FyR07IdsN7I
0,833,7,48,88,110,64,166.56,0,15474,0,2.178594,9,128,14,204456,0,12522.24,0,6,24,40,9460.16,230,6,65016,0,124100,107414,720,0,9,112784,498960,10,108462,0,0,oyGrjIXt5a,AERks4l,taul,1K8T,lK27,fhk21Ss,XpZBOej,TGg8,9_Y1,nr0d,VpdQ,wMei,7M47J5GA0pTYIFxg5uy,kIsH,uKAI,L84s,h0lfDKh52u4GP,XTb43TJ,35MB,cJvF,FzaX,4UxGlow,oslk,catzS2D,LM8l689qOp,5Acm,ZI9m,ib5G6X1eUxUn6
0,1680,7,1052,264,330,104,301.6,0,6916080,0,6.127964,9,40,28,250352,0,132636.6,35,6,80,104,126910.8,1005,96,1467,0,1855665,681084,4325,0,18,154266,10381240,28,1037256,0,0,dTGmfo8zhV,RO12,taul,1K8T,QQSE,QMLgCVv,glRbITbnHQ,JNfC,9_Y1,iZJp,VpdQ,zm5i,me75fM6ugJ,kIsH,uKAI,Mtgm,NhsEn4L,kZJtVhC,s5Cu,UYBR,FzaX,6XEoI0_,oslk,bSgltRa,LM8l689qOp,3Cy4,RAYp,F2FyR07IdsN7I
0,903,7,84,160,200,64,190.72,0,5309814,0,3.679128,9,60,7,1900864,0,202679.7,20,4,32,24,72853.6,620,78,168723,0,2974615,742690,940,0,18,554421,10313800,20,950424,0,0,AhzZptzip9,RO12,taul,1K8T,0Xwj,PvuPLzH,75HH_hi,oIfG,HLqf,t_4G,VpdQ,Tkho,me75fM6ugJ,sBgB,uKAI,Mtgm,NhsEn4L,kq0n8Bj,jF2B,UYBR,qxDb,EFkfR8o,oslk,tBKqqb8,M_8D,Qu4f,RAYp,F2FyR07IdsN7I
0,3199,7,536,796,995,200,166.56,0,3673638,0,6.429182,9,146,0,1626616,0,37978.2,90,22,144,248,-582176,3095,336,4815,0,2415115,296224,1265,0,9,380254,6983320,116,302058,0,0,C2Dvyx875g,2Knk1KF,taul,1K8T,487l,eQgnKxT,76j2P_OLn0,mza8,9_Y1,MBhA,VpdQ,sYC_,me75fM6ugJ,kIsH,uKAI,L84s,NhsEn4L,beK4AFX,w3ez,UYBR,FzaX,GpvRJ5l,oslk,i06ocsg,M_8D,WqMG,RAYp,55YFVY9
0,602,0,0,136,170,176,253.52,0,0,0,6.123264,9,28,0,9152,0,180156,0,16,40,8,119092.4,520,0,0,0,8575,3796780,0,0,18,0,10369800,6,4147200,0,0,py5gUH7ejg,RO12,taul,1K8T,JLbT,mcp3Naj,NFlfMbKIm3,PhgR,9_Y1,m_h1,VpdQ,IYzP,me75fM6ugJ,kIsH,uKAI,L84s,NhsEn4L,cUQXfGp,lRxw,UYBR,FzaX,gg7en4L,oslk,0G2ltRa,jySVZNlOJy,WqMG,RAYp,F2FyR07IdsN7I
0,12824,14,2532,1092,1365,728,166.56,0,6660000,0,6.635548,18,146,35,1299768,0,8217.57,60,28,160,200,-18309.44,8730,120,3060,0,2357365,270128,545,0,9,232778,9785840,222,353694,0,0,hSovyx7IEC,2Knk1KF,taul,1K8T,7M9D,PHNvXy8,e1XhvTunuD,BSfl,9_Y1,f4dr,VpdQ,kxE9,NKv3VA1BpP,kIsH,uKAI,L84s,Ie_5MZs,CWNY2py,_PRy,cJvF,AU8_WTd,UF16siJ,zCkv,APgdzOv,jySVZNlOJy,szEZ,6fzt,Zy3gnGM
0,700,7,2104,120,150,0,166.56,5,4147200,0,6.580004,9,114,28,3915224,0,223106.7,10,0,32,48,103429.2,470,48,29862,8,6048000,0,2595,0,18,1209600,10252000,28,0,0,0,hSogUHXZeb,2Knk1KF,taul,1K8T,h3JW,cSPqFuv,ARvzJXx,8H1C,9_Y1,STGZ,VpdQ,Tkho,me75fM6ugJ,kIsH,uKAI,L84s,NhsEn4L,beK4AFX,s9FI,UYBR,FzaX,joS6pd1,oslk,AYu2Oqu,LM8l689qOp,453m,RAYp,55YFVY9
0,2387,0,480,108,135,24,166.56,0,2089872,0,5.607563,27,128,0,69056,0,22614.24,10,2,64,56,440764,815,60,4392,0,148435,390212,0,0,9,16548,2975076,8,12816,0,0,avkq9ayfAo,AERks4l,taul,1K8T,yYar,zmMlkJq,4hMlgkf58mhwh,Ub0p,9_Y1,kJJ7,VpdQ,wMei,DHn_WUyBhW_whjA88g9bvA64_,kIsH,uKAI,L84s,CrNX,7N7iRy5,cp38,UYBR,OFWH,ErGovo7,d0EEeJi,a4o7nDv,LM8l689qOp,7P5s,nIGXDli,ib5G6X1eUxUn6
0,1519,7,512,268,335,96,190,0,2326122,0,3.435163,9,42,21,1485608,0,79308.3,25,8,40,48,318083.2,940,78,23220,0,2708560,781244,1680,0,18,695940,7852400,54,1066344,0,0,Yddq9ayE15,RO12,taul,1K8T,GYbZ,dBHv2aF,LWyxgtXeJL,e6bc,9_Y1,NFMt,VpdQ,IYzP,me75fM6ugJ,kIsH,uKAI,L84s,NhsEn4L,mAja5EA,R2bJ,cJvF,FzaX,f56OtFs,oslk,SDe2_Lp,LM8l689qOp,TNEC,RAYp,F2FyR07IdsN7I
0,2310,21,4092,388,485,240,166.56,0,22386,0,6.789361,27,208,56,118520,0,3360.18,10,8,72,120,110.5716,1770,18,63351,0,461135,61682,530,0,27,0,594500,86,38820,0,0,1qmr4RQxul,vuPfq6YcbX,taul,1K8T,TyGl,fhk21Ss,EXpWEXgaYpMJ7,eJPt,9_Y1,z5Ry,VpdQ,wMei,7M47J5GA0pTYIFxg5uy,kIsH,uKAI,L84s,ZtujLmj9uJdIkLfg,kZJ2ZbD,lSf_,UYBR,OFWH,4UxGlow,QKW8DRm,catzS2D,jySVZNlOJy,FSa2,ZI9m,5oZS
0,546,7,72,68,85,16,263.76,0,9033420,0,2.419569,9,36,0,1292096,0,178387.8,5,2,16,24,188435.2,380,30,504,0,1428890,167304,40,0,18,21742,10385920,10,3006312,0,0,HrWrjIXt5a,RO12,taul,1K8T,hoa9,im_bujo,Oe4E7cR6Kt,aMT8,9_Y1,m7JR,VpdQ,IYzP,me75fM6ugJ,kIsH,uKAI,L84s,NhsEn4L,mAjbk_S,mKdc,cJvF,FzaX,hf11Ctd,oslk,6Uhw_BK,LM8l689qOp,5Acm,RAYp,F2FyR07IdsN7I
0,882,21,5344,148,185,8,233.44,5,97524,0,6.701346,54,188,644,3831072,0,187452,15,2,48,72,-177716,510,6,78462,8,6831050,15272,8505,0,63,200844,7790640,44,48054,0,0,Yn7t0Go8Lb,bYmQ4nc,taul,1K8T,TyGl,fhk21Ss,FoJylxy,lT2l,9_Y1,Z5OU,VpdQ,y6dw,7M47J5GA0pTYIFxg5uy,kIsH,uKAI,L84s,QsQAxv5,KqjecMy,dmEr,cJvF,FzaX,4UxGlow,QKW8DRm,catzS2D,LM8l689qOp,Qu4f,ZI9m,ib5G6X1eUxUn6
0,0,0,0,76,95,8,226.48,0,279930,0,6.836787,9,12,0,0,0,16077.93,0,0,0,0,-1000468,95,6,0,8,237785,15230,0,0,0,0,407308,34,0,0,7,AhzOj17IEC,RO12,taul,1K8T,ZSv9,j9nysxi,pNAbKh0,6tlP,9_Y1,iVbl,09_Q,IYzP,me75fM6ugJ,kIsH,uKAI,L84s,NhsEn4L,kZJyVg2,HmRG,cJvF,FzaX,VDdOw16,oslk,M6DOtEt,LM8l689qOp,7aLG,RAYp,F2FyR07IdsN7I
0,2366,7,216,156,195,16,166.56,0,3942066,0,6.06238,9,46,7,6220800,0,33577.5,0,0,32,72,756352,1035,66,138870,0,5613700,167398,465,0,9,604800,10564200,34,0,0,0,dTGmfo8zhV,RO12,taul,1K8T,JLbT,BKLANjt,I1sqWRxUAv,NHt1,9_Y1,wGwL,09_Q,6JmL,me75fM6ugJ,kIsH,uKAI,L84s,XfqtO3UdzaXh_,XTbPUYD,B9RK,cJvF,FzaX,07mmFX7,oslk,8Vy5Ui8,jySVZNlOJy,wX53,RAYp,F2FyR07IdsN7I
0,3472,7,648,140,175,48,186.64,5,1900926,0,0.7263405,36,182,0,2136968,0,48253.2,30,4,56,32,212166.4,605,24,34704,8,5154300,815294,635,0,27,760977,10253200,26,1036800,0,0,AhzZptzip9,LrdZy8QqgUfkVShG,taul,1K8T,487l,fhk21Ss,glRBFJT8NN,ya_j,9_Y1,t_4G,VpdQ,y6dw,7M47J5GA0pTYIFxg5uy,kIsH,uKAI,L84s,QsQAxv5,KqjecMy,WKAs,UYBR,FzaX,4UxGlow,QKW8DRm,catzS2D,LM8l689qOp,Qu4f,ZI9m,ib5G6X1eUxUn6
0,889,7,252,124,155,56,133.12,0,7776000,0,3.302072,18,74,140,0,0,209016.9,20,8,32,0,70018.4,475,90,81,0,67025,1189784,125,0,0,0,10382000,2,2073600,0,0,2jiWq69cTy,RO12,taul,1K8T,ssAy,6KF0k8W,oQ173939hSRjL,YcLb,9_Y1,Px52,VpdQ,IYzP,me75fM6ugJ,kIsH,uKAI,L84s,NhsEn4L,TDcECyH,JEC4,UYBR,FzaX,ot6oLzk,oslk,IIvC99a,jySVZNlOJy,PM2D,RAYp,F2FyR07IdsN7I
0,686,14,4060,40,50,16,166.56,0,2724516,0,1.32963,18,176,14,23216,0,183696.3,0,10,16,8,-174598,310,6,35082,0,7870,9138,3000,0,45,109151,1926344,2,110730,0,0,HAoOj1KXzC,g62hiBSaKg,taul,1K8T,lVYx,fhk21Ss,aArLWn_,LyxK,9_Y1,jdbz,sJzTlal,wMei,7M47J5GA0pTYIFxg5uy,kIsH,uKAI,L84s,4kVnq_T26xq1p,teA8n1t,yg3u,cJvF,FzaX,4UxGlow,zCkv,catzS2D,LM8l689qOp,kwS7,ZI9m,ib5G6X1eUxUn6
0,1827,7,1476,196,245,136,176.8,0,76896,0,1.816492,9,178,0,320120,3,10111.05,15,18,104,80,-286713.2,785,18,20574,8,163535,106578,1150,0,27,237426,695732,14,163380,0,0,HrWrjIXt5a,2Knk1KF,taul,1K8T,dTod,foCOO2w,I1s81Dlb7R,1TqY,9_Y1,VILw,09_Q,haYg,me75fM6ugJ,kIsH,uKAI,L84s,H4p93_uThXwSG,OFq1JJC,3gTp,cJvF,FzaX,M2C6hzI,Al6ZaUT,dQ07DIf,LM8l689qOp,5Acm,RAYp,iyHGyLCEkQ
0,511,7,1920,164,205,152,169.92,0,0,0,0.836787,18,90,42,8208,0,13888.38,0,6,24,16,6401,440,0,262233,0,695930,187754,5135,0,0,0,976640,34,60426,0,0,a4vPe2fHUn,RO12,taul,1K8T,4fje,NxdYjTW,y2LIM01bE1,BzuN,9_Y1,mTeA,sJzTlal,sYC_,me75fM6ugJ,kIsH,uKAI,L84s,NhsEn4L,kq05rcx,EOtR,UYBR,FzaX,cS20nTz,oslk,gsLqI2t,LM8l689qOp,FSa2,RAYp,F2FyR07IdsN7I
0,1568,0,0,184,230,24,120.8,5,7330200,9,3.091861,9,18,0,2212168,0,27747.21,30,4,48,80,-40216,3740,102,0,16,1999100,362076,0,0,18,143080,10511200,16,595488,0,0,etYt0G8EIb,RO12,taul,1K8T,487l,F0DSdMg,CdPgMY1Z52,KKrj,9_Y1,e7QV,VpdQ,zm5i,me75fM6ugJ,kIsH,uKAI,Mtgm,NhsEn4L,kZJyVg2,SZ9z,UYBR,FzaX,1Fq88FJ,oslk,XByOEra,LM8l689qOp,fKCe,RAYp,F2FyR07IdsN7I
0,189,7,880,16,20,16,133.12,0,0,0,6.861141,9,46,63,0,3,7734.21,0,2,8,0,-11561,135,0,33651,24,1510,9566,75,6,0,0,34964,2,21936,0,7,NESt0G8EIb,RO12,taul,1K8T,EPHy,qEdASpP,UFIdC8I,sobA,9_Y1,k13i,VpdQ,IYzP,me75fM6ugJ,kIsH,uKAI,L84s,NhsEn4L,TDcECyH,1DJ4,cJvF,FzaX,0AJo2f2,oslk,2Kb5FSF,LM8l689qOp,fKCe,RAYp,F2FyR07IdsN7I
0,2205,7,28,96,120,16,265.76,0,6391800,0,5.304209,9,34,0,1218832,0,85046.7,10,4,24,24,-143126.4,320,42,34722,0,5057900,100928,195,0,18,0,10496240,16,105948,0,0,KXMrEyXXnK,RO12,taul,1K8T,TyGl,8XsYR4W,NBVUlxabJhR17,pDxn,9_Y1,SkZj,sJzTlal,zm5i,me75fM6ugJ,kIsH,uKAI,L84s,NhsEn4L,NGZXfGp,aINY,UYBR,FzaX,MQGm0jM,oslk,Mo7Muea,LM8l689qOp,Aoh3,RAYp,F2FyR07IdsN7I
0,3010,0,2704,144,180,16,200,0,2988576,0,1.006195,9,114,231,3587744,0,33170.4,15,2,40,48,145039.2,500,36,66231,0,7339350,66322,0,0,9,0,10838280,36,16650,0,0,oyGrjIXt5a,2Knk1KF,taul,1K8T,lK27,j9nq_S5,_jTP8ioIlJ,I7yc,9_Y1,xQ2A,VpdQ,sYC_,me75fM6ugJ,kIsH,uKAI,L84s,NhsEn4L,beK4AFX,G40E,cJvF,OFWH,do06V3V,oslk,AmO2pc5,LM8l689qOp,5Acm,RAYp,55YFVY9
0,7189,0,0,536,670,304,253.52,0,1857396,0,6.709037,18,28,0,3583120,0,16935.54,50,16,48,56,79984.8,4910,108,1305,0,6539700,584252,0,0,9,61362,10627800,106,1248528,0,0,8I1TmBtueT,RO12,taul,1K8T,PbOJ,X7nM3I9,ErM0Vcg68N,F8vc,9_Y1,c2JP,VpdQ,43pnToF,me75fM6ugJ,kIsH,uKAI,L84s,NhsEn4L,mAjbk_S,iWNu,cJvF,FzaX,RnYQ_Zs,oslk,4Iey5oW,LM8l689qOp,rgKb,RAYp,F2FyR07IdsN7I
0,8813,7,0,1028,1285,320,220.08,0,265272,0,1.854518,18,32,0,57560,0,1747.665,10,90,560,184,28680,1285,570,1377,0,165260,28134,80,0,0,98042,471380,104,103320,0,0,51rt0G8rTN,RO12,taul,1K8T,0Xwj,7OKCyD5,J_sb4dmQwP,5ffM,F3hy,k13i,VpdQ,IYzP,me75fM6ugJ,kIsH,uKAI,L84s,NhsEn4L,7WwwAA_,I09s,UYBR,FzaX,1vN8hdx,oslk,bM5Esaq,LM8l689qOp,fKCe,RAYp,F2FyR07IdsN7I
0,1428,14,10252,452,565,184,496.4,0,5848308,0,4.066011,27,192,245,1948880,0,89492.7,30,0,32,24,312834.8,1710,252,52065,0,2139585,472994,7635,0,36,0,8841320,78,0,0,0,lAFgUHEmnE,2Knk1KF,taul,1K8T,L_LK,fhk21Ss,9UgkRNa9Jb,ycAW,9_Y1,em8I,09_Q,y6dw,7M47J5GA0pTYIFxg5uy,kIsH,g5HH,L84s,_5OXC8MSLt,LxWhDOK,Ijs4,cJvF,FzaX,4UxGlow,oslk,catzS2D,LM8l689qOp,me1d,ZI9m,iyHGyLCEkQ
0,1505,14,17688,292,365,168,166.56,0,16332,0,4.639393,18,204,392,1327760,0,34177.8,10,16,80,104,-109394.4,1275,12,756,0,2460245,490234,450,0,36,597296,4063560,54,648468,0,0,hSovyx7IEC,2Knk1KF,taul,1K8T,lK27,fhk21Ss,yLQsa0Xacm,MqKB,9_Y1,YGOC,VpdQ,wMei,7M47J5GA0pTYIFxg5uy,kIsH,uKAI,L84s,ZtujLmj9uJdIkLfg,kZJ2ZbD,LOwA,UYBR,FzaX,4UxGlow,QKW8DRm,catzS2D,LM8l689qOp,szEZ,ZI9m,5oZS
0,413,7,2240,200,250,24,253.52,0,2319246,0,6.792779,9,120,98,5599200,0,54053.1,25,4,104,160,-1646.284,385,36,21015,0,3718200,451910,370,0,27,614012,8679680,28,266280,0,0,AhzOj17IEC,2Knk1KF,taul,1K8T,aD1X,cdAO9Nm,LJF4fPp,NTYY,9_Y1,iVbl,VpdQ,hAFG,me75fM6ugJ,kIsH,uKAI,Mtgm,XfqtO3UdzaXh_,XTbPUYD,nzfg,cJvF,FzaX,s03jbzC,oslk,laR6FsY,LM8l689qOp,7aLG,RAYp,55YFVY9
0,665,7,2880,64,80,64,166.56,0,0,0,6.586841,9,126,0,129904,0,10355.85,0,4,24,40,-469644,385,0,25713,0,35320,88716,35,0,18,1855,286212,2,23358,0,0,_v2rjIKQ76,2Knk1KF,taul,1K8T,pGTb,PyebXKa,oI3dOfoZBD,NtSq,9_Y1,7WNq,09_Q,hAFG,me75fM6ugJ,kIsH,uKAI,L84s,XfqtO3UdzaXh_,XTbPUYD,ht8x,cJvF,FzaX,ZS8OtFs,oslk,e2t7A2G,LM8l689qOp,WqMG,RAYp,55YFVY9
0,525,7,2536,124,155,72,286.96,0,6220800,0,0.702414,9,28,0,0,0,229603.2,20,8,32,0,121310.4,490,72,46134,0,551310,1555200,14095,0,27,0,10463440,4,2073600,0,0,mCGq9ayE15,RO12,taul,1K8T,_8YK,eUquP03,76j2P_OLn0,JM4Q,9_Y1,kJJ7,VpdQ,IYzP,me75fM6ugJ,kIsH,uKAI,L84s,NhsEn4L,NGZxnJM,HYhW,cJvF,FzaX,Owlv10k,oslk,hjFYw04,LM8l689qOp,7P5s,RAYp,F2FyR07IdsN7I
0,1652,14,1296,436,545,136,143.12,0,15000,0,0.08352916,18,74,182,96392,0,4511.76,15,18,80,160,-853156,1245,12,51786,0,186640,22236,1575,0,9,2527,696020,116,44646,0,0,302Oj17IEC,RO12,taul,1K8T,aD1X,kJ1P82A,P9HTde2,2pkb,9_Y1,iVbl,VpdQ,kxE9,me75fM6ugJ,kIsH,uKAI,Mtgm,XfqtO3UdzaXh_,11p4mKe,Ncz2,cJvF,FzaX,Jptfql_,oslk,2wCqFbB,LM8l689qOp,7aLG,RAYp,F2FyR07IdsN7I
0,119,0,0,124,155,128,186.64,0,344946,0,2.479385,9,14,0,357816,0,42657,0,10,40,40,-1669424,250,12,0,0,266080,298968,0,0,0,413602,1844664,6,937488,0,0,_v2vyx7IEC,RO12,taul,1K8T,hM6W,yefWqG0,RuVy67M,YkxN,9_Y1,xSqs,VpdQ,IYzP,DHn_WUyBhW_whjA88g9bvA64_,kIsH,uKAI,L84s,CrNX,NGZ_12K,eHdu,cJvF,FzaX,tS10dkO,d0EEeJi,vHkM1Ad,LM8l689qOp,szEZ,02N6s8f,F2FyR07IdsN7I
0,2415,7,3428,128,160,0,266.72,0,1555200,0,3.494125,9,172,952,5529600,0,80289.91,5,2,32,64,99715.6,650,18,5274,0,8159450,0,3090,0,36,0,10715320,38,60834,0,0,HAoOj1KXzC,AERks4l,taul,1K8T,0Y9G,fhk21Ss,PG45SIM,C_jS,9_Y1,ID5l,VpdQ,hAFG,7M47J5GA0pTYIFxg5uy,kIsH,uKAI,L84s,XfqtO3UdzaXh_,XTbPUYD,3D7Q,cJvF,FzaX,4UxGlow,oslk,catzS2D,LM8l689qOp,kwS7,ZI9m,ib5G6X1eUxUn6
0,1253,14,612,56,70,16,166.32,0,7045500,0,1.637684,27,60,385,4935192,3,124356.3,5,0,16,16,-98596.8,965,30,15894,8,764405,39746,10960,0,36,2703260,8345440,8,0,0,0,avkq9ayfAo,RO12,taul,1K8T,TyGl,9GJGgoz,ARvzJXx,fHhC,9_Y1,vm5R,VpdQ,hAFG,Kxdu,kIsH,uKAI,L84s,FMSzZ91zL2,NGZokw4,N11U,cJvF,FzaX,Tvpip6Z,zCkv,hHJsvbM,jySVZNlOJy,7P5s,6fzt,SbOd7O8ky1wGNxp0Arj0Xs
0,1456,7,156,32,40,8,198.88,0,13705500,0,5.196539,18,64,161,0,0,49725.9,5,2,16,0,955500,320,24,122436,0,1607450,1035736,1375,0,18,0,13564200,2,1070646,0,0,tr0gUH7ejg,RO12,taul,1K8T,lK27,WkHCdxD,P9HTde2,c2KK,9_Y1,m_h1,VpdQ,IYzP,me75fM6ugJ,kIsH,uKAI,L84s,NhsEn4L,mAjbk_S,BfEk,UYBR,FzaX,scZOjel,oslk,MM1zrB7,LM8l689qOp,WqMG,RAYp,F2FyR07IdsN7I
0,518,0,0,148,185,16,186.64,0,11628000,0,5.836146,9,24,0,0,0,176774.4,30,0,24,0,132492,630,138,0,0,460545,48058,0,0,9,0,10290120,12,0,0,0,dTGmfo8zhV,RO12,taul,1K8T,TyGl,9GJxoic,glRBFJT8NN,V3JF,9_Y1,gnEy,VpdQ,zm5i,me75fM6ugJ,kIsH,uKAI,L84s,NhsEn4L,mAja5EA,6qrN,cJvF,FzaX,s3vse7s,oslk,51wlOzR,LM8l689qOp,3Cy4,RAYp,F2FyR07IdsN7I
0,126,0,0,220,275,88,86.96,0,3278232,0,4.60329,18,14,0,2857136,0,103195.5,25,10,72,64,-200166.4,275,78,0,0,2019720,414280,0,0,0,236054,7567680,26,477858,0,0,DHegUHXZeb,RO12,taul,1K8T,TyGl,AKbblEW,zJIwUbLPQVlp8,1fxs,9_Y1,STGZ,09_Q,IYzP,me75fM6ugJ,kIsH,uKAI,L84s,NhsEn4L,mAjDcoz,PySi,UYBR,qxDb,bYA18fN,oslk,aFcwIB5,LM8l689qOp,453m,RAYp,F2FyR07IdsN7I
0,1386,7,1804,440,550,80,531.68,0,0,0,2.245247,9,136,49,254792,0,13626.3,5,8,112,168,96576.4,1205,0,16551,0,755990,108150,340,0,18,3367,984896,148,50610,0,0,ZSNq9atbb6,RO12,ev6I,1K8T,72yt,fhk21Ss,FaKc5boRkcdMrMVI,kiGu,9_Y1,KfYH,VpdQ,oZyB,7M47J5GA0pTYIFxg5uy,kIsH,g5HH,L84s,9pUnzWLbztKTo,y5FWIFG,6iuJ,cJvF,FzaX,4UxGlow,zCkv,catzS2D,LM8l689qOp,me1d,ZI9m,DU8B
0,2247,7,140,144,180,32,253.52,0,4070892,0,6.38966,9,34,154,1256120,0,62739.3,40,2,48,16,98427.2,2105,54,167652,0,3927160,633660,2455,0,9,0,10426920,24,475230,0,0,hSovyx7IEC,RO12,taul,1K8T,X9_k,70Ltfr0,FoJylxy,8pCs,9_Y1,qaiO,VpdQ,zm5i,me75fM6ugJ,kIsH,uKAI,L84s,NhsEn4L,mAjbk_S,pF0k,cJvF,FzaX,AOhTe_2,oslk,BMVYOBV,LM8l689qOp,szEZ,RAYp,F2FyR07IdsN7I
0,980,7,1736,88,110,16,291.04,0,6198600,0,1.499466,18,32,280,1719360,0,173601.3,25,0,32,32,-39703.44,500,36,9081,0,1317000,96020,935,0,18,0,8647640,10,0,0,0,v0Nt0Go8Lb,RO12,taul,1K8T,ffXs,6LkJ26Z,Gai9lEF2Fr,4tsk,9_Y1,t_4G,09_Q,zm5i,me75fM6ugJ,kIsH,uKAI,L84s,NhsEn4L,NGZXfGp,YBl3,UYBR,FzaX,OTguLpj,oslk,lv86Kfh,LM8l689qOp,Qu4f,RAYp,F2FyR07IdsN7I
0,217,0,0,124,155,40,230.56,0,2865174,0,2.976928,9,18,0,2534472,0,188266.5,25,0,32,32,-455.284,570,48,0,0,4151615,830834,0,0,0,554421,10265360,18,0,0,0,1YVvyx7IEC,RO12,taul,1K8T,FgS1,foCw8DQ,V6XUlxabJ4VaD,lb2I,9_Y1,RcM7,VpdQ,IYzP,me75fM6ugJ,kIsH,uKAI,Mtgm,NhsEn4L,7WwuNea,WGwm,UYBR,FzaX,PrifGrO,oslk,QXeQZmh,LM8l689qOp,szEZ,RAYp,F2FyR07IdsN7I
0,735,7,56,140,175,48,288.16,0,4473840,0,6.975646,18,42,0,2534496,0,227370.6,15,4,32,32,217722.4,525,60,68643,0,3682000,950436,205,0,18,554421,10680360,20,950436,0,0,dukmfo8zhV,RO12,taul,1K8T,JLbT,25Ax0bI,q2tfFQq,3epP,9_Y1,wGwL,VpdQ,zm5i,me75fM6ugJ,kIsH,uKAI,L84s,NhsEn4L,cUQmao5,0urO,UYBR,FzaX,8c868SY,oslk,PQROEra,LM8l689qOp,wX53,RAYp,F2FyR07IdsN7I
0,847,7,456,128,160,160,294,0,268266,0,4.116214,9,150,70,0,0,202869.9,0,16,32,0,163105.2,570,12,78588,0,864000,3456000,2550,0,9,0,10546840,4,4147200,0,0,LDPgUHXZeb,LrdZy8QqgUfkVShG,taul,1K8T,h3JW,fhk21Ss,xtMzxjAuQ_,i6OW,9_Y1,STGZ,09_Q,hAFG,7M47J5GA0pTYIFxg5uy,kIsH,uKAI,L84s,WsRVNrF85oPU_,pMW1Ax0,AHQM,cJvF,FzaX,4UxGlow,zCkv,catzS2D,jySVZNlOJy,453m,ZI9m,ib5G6X1eUxUn6
0,3199,7,152,504,630,288,186.64,0,780672,0,3.477889,9,78,35,3872376,0,57596.7,95,18,104,104,15525.84,2695,156,101493,0,7153400,217054,990,0,18,364819,9631000,46,162414,0,0,2jiWq69cTy,RO12,taul,1K8T,ssAy,6KF0k8W,JQFeOYK,VZ9V,9_Y1,Px52,VpdQ,lVqb,me75fM6ugJ,kIsH,uKAI,L84s,XfqtO3UdzaXh_,XTb10lF,eAHt,UYBR,FzaX,ot6oLzk,oslk,IIvC99a,LM8l689qOp,PM2D,RAYp,F2FyR07IdsN7I
0,966,7,1812,256,320,136,200,0,529128,0,6.841914,9,44,119,474496,0,17271.21,0,10,56,96,-303570,955,24,66429,0,1129490,302208,10625,0,0,92862,2160548,52,93810,0,0,jg69tYsGvO,RO12,taul,1K8T,lK27,5HU7nTC,FoJylxy,2tQN,9_Y1,YULl,VpdQ,IYzP,me75fM6ugJ,kIsH,uKAI,L84s,NhsEn4L,mAjbk_S,CyOz,UYBR,FzaX,7Jxlefp,oslk,je1reV4,LM8l689qOp,FSa2,RAYp,F2FyR07IdsN7I
0,147,0,0,176,220,72,355.04,5,4026978,0,6.475326,9,14,0,625936,0,194037.3,45,6,40,24,230421.2,335,60,0,16,2640910,1109812,0,6,0,0,10675360,20,1425636,0,0,dRarjIK12c,RO12,taul,1K8T,TyGl,65ylkJq,6JeJzqR,UCEj,9_Y1,7WNq,VpdQ,IYzP,me75fM6ugJ,kIsH,uKAI,L84s,NhsEn4L,kZJyVg2,NEOV,cJvF,FzaX,x_lYlW4,oslk,3B1QowC,LM8l689qOp,WqMG,RAYp,F2FyR07IdsN7I
0,91,0,0,8,10,0,80.48,0,0,0,4.35377,9,34,0,0,0,2265.426,0,0,0,0,-27449.08,10,0,972,0,54665,0,0,0,0,0,43732,4,0,0,0,KXMWq69R_D,ND3t9Yro9U,taul,1K8T,8qEx,UCr0ibt,jXIs0KG,NKTj,9_Y1,0A_v,VpdQ,IYzP,GjJ35utlTa_GNSvxxpb9ju,kIsH,uKAI,L84s,NhsEn4L,mAjR0Ac,tunS,UYBR,FzaX,T6wFyVq,oslk,vc6SoTa,LM8l689qOp,PM2D,02N6s8f,F2FcTt7IdMT_v
0,1442,14,192,180,225,168,159.84,0,0,0,0.2153386,18,58,42,77592,0,6638.16,0,12,48,56,-244043.2,650,0,4275,0,83700,93064,410,0,9,23576,336424,22,66810,0,0,xearjIX0Db,RO12,taul,1K8T,vsvk,9GJGgoz,glRBFJT8NN,MkgL,9_Y1,nr0d,VpdQ,hAFG,Kxdu,kIsH,uKAI,L84s,FMSzZ91zL2,NGZwo7G,oaYP,cJvF,FzaX,Tvpip6Z,zCkv,hHJsvbM,LM8l689qOp,5Acm,6fzt,SbOd7O8ky1wGNxp0Arj0Xs
0,826,7,508,64,80,24,306.4,0,105318,0,6.690237,9,40,42,4808064,0,237360.3,5,6,40,48,-188850.4,355,6,2520,8,4451195,934388,65,0,27,0,8204240,4,84060,0,7,NESWq69R_D,RO12,taul,1K8T,TyGl,9GJGgoz,4hMlgkf58mhwh,nyZz,9_Y1,RVjC,VpdQ,IYzP,Kxdu,kIsH,uKAI,Mtgm,FMSzZ91zL2,7WwINSR,bru6,UYBR,FzaX,Tvpip6Z,zCkv,hHJsvbM,LM8l689qOp,FSa2,6fzt,SbOd7O8ky1wGNxp0Arj0Xs
0,1666,7,3540,132,165,0,166.56,0,11404800,0,1.006195,9,178,189,0,0,112556.7,45,0,32,0,138756,480,132,31545,0,32085,0,295,0,27,0,10656160,4,0,0,0,zcROj17IEC,LrdZy8QqgUfkVShG,taul,1K8T,aD1X,fhk21Ss,7ruFuE4,TbIO,9_Y1,zfpA,VpdQ,hAFG,7M47J5GA0pTYIFxg5uy,kIsH,uKAI,L84s,XfqtO3UdzaXh_,_JdH8mF,PT86,cJvF,FzaX,4UxGlow,oslk,catzS2D,jySVZNlOJy,7aLG,ZI9m,ib5G6X1eUxUn6
0,1022,7,0,132,165,8,274.08,0,3629898,0,0.4909207,9,40,0,3456008,0,185896.5,20,0,32,40,129880.8,500,48,2925,0,6109350,36650,665,0,9,0,10491120,30,0,0,0,xOXr4RXktW,RO12,taul,1K8T,0YIT,_gMXOhW,hOpRIhsUSP,zs8x,9_Y1,ZKJc,VpdQ,zm5i,me75fM6ugJ,sBgB,uKAI,L84s,NhsEn4L,NGZXfGp,a_LO,UYBR,FzaX,r5hYlW4,oslk,CWizrB7,jySVZNlOJy,7FJQ,RAYp,F2FyR07IdsN7I
0,763,7,260,48,60,0,221.6,0,128100,0,0.5774407,18,152,7,9422080,0,105120.6,5,2,8,24,20206.44,370,24,2205,0,3264645,0,620,0,27,0,10068120,6,361140,0,0,oUPBcmzkzH,2Knk1KF,taul,1K8T,lK27,uwNODwF,N4xbMThNdK,NJpw,9_Y1,rzbc,VpdQ,hAFG,me75fM6ugJ,kIsH,uKAI,Mtgm,XfqtO3UdzaXh_,XTbPUYD,29tx,cJvF,OFWH,Jth6pd1,oslk,TW37kpB,LM8l689qOp,Qcbd,RAYp,55YFVY9
0,700,7,6900,120,150,176,220.08,0,0,0,2.522752,18,146,175,0,0,235006.5,0,16,32,0,596340,470,0,19935,0,0,3801600,425,0,18,2419200,10368000,0,4147200,0,0,DHeq9ayfAo,2Knk1KF,taul,1K8T,PJLW,oKsWccX,yiXKNUCbD1,kVZt,9_Y1,vm5R,VpdQ,sYC_,me75fM6ugJ,kIsH,uKAI,L84s,NhsEn4L,beK4AFX,XqfQ,UYBR,FzaX,_Px1UQz,oslk,35dYyXX,LM8l689qOp,7P5s,RAYp,55YFVY9
0,1904,14,1756,312,390,80,233.44,0,8514480,0,6.261269,18,134,28,735448,0,84059.09,35,8,64,96,145409.2,1235,120,103410,0,2081955,206668,3150,0,27,243138,10527240,50,532662,0,0,639TmBQxul,2Knk1KF,taul,1K8T,0Xwj,2gN7C3_,9YuFlLzSEv,fgRx,HLqf,TjV7,VpdQ,hzlB,me75fM6ugJ,sBgB,uKAI,L84s,XfqtO3UdzaXh_,XTb4AFX,G20O,UYBR,FzaX,sx5YWu3,oslk,FlORusu,LM8l689qOp,FSa2,RAYp,55YFVY9
0,749,14,4268,28,35,8,166.56,0,2212674,0,4.045717,36,150,182,4838400,0,252004.2,10,0,8,8,-259390.4,220,12,18693,0,1187870,1209600,270,0,18,4233600,8279240,2,0,0,0,1KSqrQK2Mx,2Knk1KF,taul,1K8T,lK27,B9C_VFS,9YuuPSz3BI,hdqt,9_Y1,15m3,VpdQ,hAFG,me75fM6ugJ,kIsH,uKAI,L84s,XfqtO3UdzaXh_,XTbPUYD,BD9E,UYBR,FzaX,ylC3DH0,oslk,kiBhOcm,jySVZNlOJy,FSa2,RAYp,55YFVY9
0,1071,7,1476,148,185,24,337.76,0,5702688,0,5.708182,9,108,21,2541496,0,121178.4,25,6,48,40,127877.2,530,72,414,0,3065070,389372,3725,0,27,0,10498480,18,916608,0,0,vAsvyx7ejg,2Knk1KF,taul,1K8T,7wJ6,H7Fp6vu,_jTP8ioIlJ,gneO,9_Y1,RcM7,VpdQ,Tkho,me75fM6ugJ,kIsH,uKAI,L84s,NhsEn4L,beK4AFX,LMUM,UYBR,FzaX,MVOjtxg,oslk,Zwra5gA,LM8l689qOp,szEZ,RAYp,55YFVY9
0,560,7,2956,128,160,40,166.56,0,32238,0,2.260201,9,100,658,838792,0,79001.7,0,6,32,16,414096,515,12,8541,0,3868110,309718,495,0,9,548086,4390480,40,353502,0,0,vAsTmBfHUn,AERks4l,taul,1K8T,LFM_,PHNvXy8,jt3xMpI_cxIIW,dpn8,9_Y1,4N0K,09_Q,hAFG,NKv3VA1BpP,kIsH,uKAI,L84s,Ie_5MZs,teAY_NX,wiLJ,cJvF,FzaX,UF16siJ,zCkv,APgdzOv,jySVZNlOJy,Qu4f,6fzt,xwM2aC7IdeMC0
0,399,14,244,140,175,56,300.32,0,3130800,0,5.619953,18,88,35,4805072,0,151374,0,2,32,64,174472.8,490,42,34263,0,4451845,948380,1485,0,27,554834,10265000,24,475560,0,0,9hRmfo875g,RO12,taul,1K8T,LloI,NxdOO2w,9YuuPSz3BI,UPi7,9_Y1,Bw19,VpdQ,IYzP,me75fM6ugJ,kIsH,uKAI,L84s,NhsEn4L,mAjbk_S,WXCF,UYBR,FzaX,nMx6hzI,oslk,Rv57DIf,LM8l689qOp,wX53,RAYp,F2FyR07IdsN7I
0,798,7,48,108,135,32,133.12,0,0,0,3.941893,9,54,28,69480,0,2916.099,0,6,40,40,5462,460,0,14373,0,50730,9698,585,0,0,0,99848,30,7692,0,0,75lTmBtFkL,RO12,taul,1K8T,487l,7GUAEa8,oWVUlxabJo7j9,wNo6,9_Y1,c2JP,sJzTlal,IYzP,me75fM6ugJ,kIsH,uKAI,L84s,NhsEn4L,TDceha3,nrxX,cJvF,FzaX,8OZoOXS,oslk,IDn52bd,LM8l689qOp,rgKb,RAYp,F2FyR07IdsN7I
0,4942,14,24,1212,1515,760,166.56,0,0,0,4.807734,27,128,0,400472,6,2056.527,5,74,416,840,-1200392,3175,0,2628,24,180060,145716,95,0,18,105686,719200,130,125130,0,7,DHeq9ayfAo,AERks4l,taul,1K8T,tzKK,fhk21Ss,UFIdC8I,q1Sq,9_Y1,QBpP,VpdQ,6JmL,7M47J5GA0pTYIFxg5uy,kIsH,uKAI,L84s,tDGH,beKi9w4,NOzs,UYBR,FzaX,4UxGlow,QKW8DRm,catzS2D,LM8l689qOp,7P5s,ZI9m,ib5G6X1eUxUn6
0,980,7,1040,140,175,8,240.56,0,7318080,0,1.616321,9,44,476,1382320,0,127099.2,35,0,32,16,8183.84,575,96,16758,0,2684770,172792,3915,0,18,604765,10482360,18,0,0,0,H7er4Rdc_a,RO12,taul,1K8T,4fje,hbu7kIo,bcWFDkC,cKYi,9_Y1,em8I,VpdQ,itlM,me75fM6ugJ,kIsH,g5HH,L84s,XfqtO3UdzaXh_,mAjKef6,O8P4,cJvF,FzaX,QyR0Azj,oslk,jZZzgmc,jySVZNlOJy,me1d,RAYp,F2FyR07IdsN7I
0,924,7,1348,160,200,104,286.96,0,3056922,0,6.204016,18,84,49,3801768,0,188472.6,10,4,32,48,130474.4,610,48,3159,0,3031815,1436784,210,0,9,554428,10505120,18,950442,0,0,E3dr4RQxul,RO12,taul,1K8T,487l,ho_lH9W,Gai9lEF2Fr,yG_y,9_Y1,z5Ry,09_Q,sYC_,me75fM6ugJ,kIsH,uKAI,L84s,NhsEn4L,beK4AFX,QcPI,UYBR,FzaX,ImpYlW4,oslk,LTMqFbB,M_8D,FSa2,RAYp,F2FyR07IdsN7I
0,924,7,2492,128,160,48,286.96,0,4150398,0,4.883999,9,32,0,1382400,0,183698.1,25,4,32,16,197755.2,505,54,8226,0,3456000,981560,160,0,9,0,10384280,16,1036800,0,0,oyGrjIXt5a,RO12,taul,1K8T,Cnh8,Xkt4wFk,p528EHj,8XwS,9_Y1,WIr3,VpdQ,zm5i,me75fM6ugJ,kIsH,uKAI,L84s,NhsEn4L,kZJtVhC,nVWt,cJvF,FzaX,ZCE8XLE,oslk,dxB79_c,LM8l689qOp,5Acm,RAYp,F2FyR07IdsN7I
0,266,14,2972,36,45,40,166.56,0,0,0,6.577868,18,134,154,0,0,7732.95,0,2,8,0,-752,100,0,25425,0,60565,34754,100,0,9,16275,127260,6,13950,0,0,N_vrjIXt5a,onTuEhrJJQy_H3IHkZku5AFczhYGqxJ890,taul,1K8T,dTod,fqeOwLG,hCdK,vHWR,9_Y1,WIr3,VpdQ,hAFG,7M47J5GA0pTYIFxg5uy,kIsH,uKAI,L84s,H4p93_uThXwSG,_JdRote,2Zdo,cJvF,qxDb,fxJmel6,Al6ZaUT,WfsWw2A,LM8l689qOp,5Acm,ZI9m,iyHGyLCEkQ
0,700,7,444,124,155,0,220.08,0,9816840,0,3.830592,9,34,0,439328,0,208804.2,40,0,32,8,137944.4,500,114,3465,8,1296000,0,420,0,9,0,10565800,6,0,0,7,C2Dvyx875g,RO12,taul,1K8T,TyGl,qlhCyQp,S85klZI_wB,oYuU,9_Y1,MBhA,09_Q,zm5i,me75fM6ugJ,kIsH,uKAI,L84s,NhsEn4L,kZJtVhC,5smi,UYBR,FzaX,mTPRCiV,oslk,fi1YV0N,LM8l689qOp,WqMG,RAYp,F2FyR07IdsN7I
0,3682,7,544,576,720,216,166.56,0,0,0,6.169408,9,80,77,337112,0,4814.64,5,20,128,184,-18017.16,2370,0,33957,0,670260,111184,415,0,18,74074,1044008,166,172968,0,0,dRagUHXM47,RO12,taul,1K8T,487l,6CXYbuk,nQUveAzAF7,3jnT,9_Y1,8BBI,VpdQ,hAFG,Kxdu,kIsH,uKAI,L84s,9pUnzWLbztKTo,y5FWh4t,Wqez,cJvF,AU8_WTd,ROeipLp,zCkv,K2SqEo9,jySVZNlOJy,453m,6fzt,am14IcfM7tWLrUmRT52KtA
0,938,7,1576,200,250,64,286.96,5,2272488,0,3.713523,9,54,28,3944560,0,187572.3,15,4,64,80,241086,730,36,10746,8,3979650,1208794,10200,0,9,12096,10399280,42,713916,0,0,hSogUHXZeb,RO12,taul,1K8T,7ALb,3pg460p,LIH3TPf,uWh1,9_Y1,STGZ,09_Q,IYzP,me75fM6ugJ,kIsH,uKAI,L84s,NhsEn4L,mAja5EA,NRSA,cJvF,FzaX,Qf2vbB7,oslk,jZZjeOa,LM8l689qOp,453m,RAYp,F2FyR07IdsN7I
0,861,7,80,976,1220,320,313.12,10,8183640,0,4.864986,18,30,210,3294336,0,97995,30,14,48,72,109184,1760,114,135,16,1670010,194004,105,0,0,0,10389280,326,31644,0,0,Ie5gUH7IEC,RO12,taul,1K8T,72yt,koxwXf5,76j2P_OLn0,lnvr,9_Y1,m_h1,VpdQ,IYzP,me75fM6ugJ,kIsH,uKAI,L84s,NhsEn4L,kZJyVg2,DYAh,cJvF,FzaX,ifWA6IW,oslk,2deKSaP,LM8l689qOp,WqMG,RAYp,F2FyR07IdsN7I
0,1428,7,172,224,280,112,166.56,0,3978966,0,0.6622517,9,32,210,1054488,0,68032.5,15,12,72,80,34792.84,1200,66,196398,0,1399580,343088,5530,0,9,343595,6344880,24,738234,0,0,LDPvyx7IEC,RO12,taul,1K8T,7wJ6,cJKfmkh,etM739XNb0Rf0,7ypD,9_Y1,qaiO,VpdQ,IYzP,me75fM6ugJ,kIsH,uKAI,L84s,NhsEn4L,mAjbk_S,n8rz,cJvF,FzaX,HJNVoxc,oslk,qlCDnag,jySVZNlOJy,szEZ,RAYp,F2FyR07IdsN7I
0,1400,7,3976,420,525,168,133.12,0,148254,0,1.570391,9,76,77,2335656,0,66630.59,25,10,104,152,2603.284,1180,120,25209,0,4147565,237924,14695,0,0,1053003,5253560,70,233178,0,0,1GdOj17ejg,RO12,taul,1K8T,hAOr,TgqARMl,6uerj6GG35,g68F,9_Y1,zfpA,VpdQ,IYzP,me75fM6ugJ,kIsH,uKAI,L84s,NhsEn4L,TDceha3,Oqzi,cJvF,FzaX,P2HDiZ1,oslk,JcMjELi,LM8l689qOp,7aLG,RAYp,F2FyR07IdsN7I
0,819,7,0,136,170,40,373.04,0,5468856,0,0.2847682,9,44,0,2073984,0,215709.6,30,2,48,32,85276.4,530,66,837,0,2300360,714290,70,0,9,0,10204760,14,518400,0,0,DQlrEyXXnK,RO12,taul,1K8T,_Clr,WtcJHBC,k10MzgT,Osk9,9_Y1,SkZj,VpdQ,43pnToF,me75fM6ugJ,kIsH,uKAI,L84s,NhsEn4L,mAja5EA,gJp0,UYBR,FzaX,380vbB7,oslk,WUmK0JH,jySVZNlOJy,Aoh3,RAYp,F2FyR07IdsN7I
0,2149,7,312,332,415,112,133.12,0,36984,0,6.927794,9,106,21,363664,0,9501.689,0,16,104,192,46206.8,1145,24,22797,0,278530,75320,440,0,18,29540,709804,66,194778,0,0,9hRmfo875g,RO12,taul,1K8T,AKN1,iJzviRg,Pkku4gO,ISVR,9_Y1,wGwL,VpdQ,hAFG,7M47J5GA0pTYIFxg5uy,kIsH,uKAI,L84s,9fipLB8rlL,_JdRpOD,EwSG,UYBR,FzaX,ch2oGfM,zCkv,P6pu4Vl,LM8l689qOp,wX53,ZI9m,R4y5gQQWY8OodqDV
0,1778,7,520,120,150,0,220.08,0,6220800,0,6.849818,9,38,0,1560224,0,95744.09,35,0,32,24,-739328,485,72,26658,0,3237875,0,50,0,9,0,9606760,16,0,0,0,_v2TmBftjz,RO12,taul,1K8T,TyGl,F0CcSKu,DKUDUftgA7,1o7d,9_Y1,Gx0B,VpdQ,zm5i,me75fM6ugJ,kIsH,uKAI,Mtgm,NhsEn4L,kZJtVhC,9kp7,UYBR,FzaX,Z6VzNJS,oslk,503jKAP,LM8l689qOp,Qu4f,RAYp,F2FyR07IdsN7I
0,315,0,0,224,280,88,213.36,0,4550952,0,3.449904,18,20,0,1047864,0,146711.7,15,10,80,64,-327337.2,670,102,0,0,1292595,306900,0,0,9,716240,6320280,24,660696,0,0,jg69tYsGvO,RO12,taul,1K8T,pJUk,_fIAa0F,II0S8f9,WfTZ,9_Y1,YULl,VpdQ,43pnToF,me75fM6ugJ,kIsH,uKAI,L84s,NhsEn4L,mAja5EA,eWic,UYBR,FzaX,XsgCME0,oslk,eIiXg6w,LM8l689qOp,FSa2,RAYp,F2FyR07IdsN7I
0,987,7,2244,140,175,48,265.76,0,5133612,0,2.243538,36,78,224,3685248,3,83788.2,10,4,32,48,68969.2,520,66,77805,8,3168120,883476,40,0,18,554421,10833720,16,950436,0,0,1PnZptzip9,RO12,taul,1K8T,USOt,wEY7Jcz,MXlhT5l,Xkcd,9_Y1,t_4G,09_Q,IYzP,me75fM6ugJ,kIsH,uKAI,Mtgm,NhsEn4L,TDceha3,a2Z_,UYBR,FzaX,ncuRoKG,oslk,aK_wS9i,LM8l689qOp,Qu4f,RAYp,F2FyR07IdsN7I
0,308,0,0,24,30,0,242.8,0,34752,0,3.490066,9,22,0,14515200,0,200019,5,0,0,24,783864,240,12,0,0,0,0,0,0,9,0,9356320,0,0,0,0,Iskvyx875g,RO12,taul,1K8T,JLbT,vzPwVkH,Tg7jjBB,DEtL,9_Y1,MBhA,VpdQ,zm5i,me75fM6ugJ,kIsH,uKAI,Mtgm,NhsEn4L,7WwuNea,OjJ8,UYBR,FzaX,tzpRwBA,oslk,jTnRtcQ,LM8l689qOp,WqMG,RAYp,F2FyR07IdsN7I
0,1204,0,1944,124,155,40,220.08,0,1739676,0,3.237983,9,136,0,105976,0,78083.7,20,0,24,16,61106.4,790,72,34947,0,1266885,489054,0,0,27,92729,4586800,16,0,0,0,NESWq69R_D,2Knk1KF,taul,1K8T,WkTj,PHNvXy8,88EhRq8,ctVR,9_Y1,z5Ry,sJzTlal,haYg,NKv3VA1BpP,kIsH,uKAI,L84s,Ie_5MZs,CWNY2py,QCQk,UYBR,FzaX,UF16siJ,zCkv,APgdzOv,LM8l689qOp,FSa2,6fzt,Zy3gnGM
0,28,0,0,44,55,16,171.04,0,904206,0,4.656056,9,12,0,9676800,0,483555,10,0,16,16,-183750.4,55,6,0,8,1146160,3788,0,0,0,0,7092120,8,0,0,7,8I1TmBtueT,RO12,taul,1K8T,2Ix5,BaLg0iR,I1sqWRxUAv,Tl9C,9_Y1,c2JP,sJzTlal,IYzP,me75fM6ugJ,kIsH,uKAI,L84s,NhsEn4L,mAj3MXw,qqmy,cJvF,FzaX,6XEDGtr,oslk,bSgodIn,LM8l689qOp,rgKb,RAYp,F2FyR07IdsN7I
0,756,14,1724,120,150,0,292.32,0,0,0,4.471267,18,154,70,5529600,0,231298.8,0,0,32,64,82080.8,485,0,1314,0,9504000,0,1085,0,36,0,10368000,44,0,0,0,kMJt0GoOh3,AERks4l,taul,1K8T,TyGl,fhk21Ss,n1zVHpT8NN,z0nl,9_Y1,rGJy,sJzTlal,kxE9,7M47J5GA0pTYIFxg5uy,kIsH,uKAI,L84s,a3CcPDe,11p_E1H,tSmn,UYBR,FzaX,4UxGlow,QKW8DRm,catzS2D,M_8D,Qu4f,ZI9m,ib5G6X1eUxUn6
0,3402,7,916,428,535,160,186.64,0,709242,0,5.923521,9,88,56,1755632,0,13876.02,30,14,104,168,-601980,1710,216,115848,0,1125985,582754,4440,0,18,591514,3862476,34,550566,0,0,S8dr4RQxul,RO12,taul,1K8T,7wJ6,ho_lH9W,glRbITbnHQ,yG_y,9_Y1,z5Ry,VpdQ,sYC_,me75fM6ugJ,kIsH,uKAI,L84s,NhsEn4L,kq0aHkC,QcPI,UYBR,FzaX,ImpYlW4,oslk,LTMqFbB,LM8l689qOp,FSa2,RAYp,F2FyR07IdsN7I
0,2254,7,720,484,605,304,166.56,0,1854,0,1.287759,9,34,14,1575272,0,25627.2,0,26,160,296,9157.56,1860,24,1998,8,2978245,448488,105,0,9,230160,4560080,58,737442,0,7,npOBcmzkzH,RO12,taul,1K8T,uNkU,GUg88LT,k10MzgT,y2WH,9_Y1,WGOH,VpdQ,IYzP,me75fM6ugJ,kIsH,uKAI,L84s,NhsEn4L,mAjbk_S,p9C2,UYBR,FzaX,AuG6jyF,oslk,64B7j0h,LM8l689qOp,Qcbd,RAYp,F2FyR07IdsN7I
0,329,14,12140,172,215,112,233.44,0,11298,0,6.003204,18,70,196,13544,0,16433.91,0,4,24,32,-1094936,445,18,48267,0,700595,197936,60,0,0,50638,1002624,40,47958,0,0,jg69tYsGvO,RO12,taul,1K8T,GYbZ,vHHY4q6,NfN9Bz6HFx,ijnJ,9_Y1,YULl,VpdQ,IYzP,me75fM6ugJ,kIsH,uKAI,Mtgm,NhsEn4L,NGZMmo2,L8Ob,UYBR,wwPEXoilkr,R4hm94s,oslk,oSyMpgG,LM8l689qOp,FSa2,RAYp,F2FyR07IdsN7I
0,427,0,0,568,710,232,186.64,0,168792,0,4.886349,9,14,0,1248512,0,21888.03,5,28,128,216,-620572,980,30,0,0,3007295,584092,0,0,0,0,4817880,132,725952,0,0,NQ5vyxLkBI,RO12,taul,1K8T,UpNf,VjLkKKt,a9Al2MLvDG,6FQO,9_Y1,vzJD,VpdQ,IYzP,me75fM6ugJ,kIsH,uKAI,L84s,NhsEn4L,mAja5EA,CHFn,cJvF,FzaX,7CP8jNM,oslk,kPWQhib,LM8l689qOp,xb3V,RAYp,F2FyR07IdsN7I
0,1232,7,2852,220,275,112,330.96,0,233094,0,2.660329,9,124,63,2759200,0,27552.78,0,6,32,56,90929.2,1055,12,80307,0,1324575,439746,3920,0,18,669025,3671848,58,296550,0,0,EsYrjIX0Db,2Knk1KF,taul,1K8T,sKnY,GRl7qwL,fo8oHA5,hmzw,9_Y1,xQ2A,VpdQ,Tkho,me75fM6ugJ,kIsH,uKAI,L84s,NhsEn4L,beK4AFX,6Giu,cJvF,FzaX,xDj6pd1,oslk,VQZzrB7,jySVZNlOJy,5Acm,RAYp,55YFVY9
0,1127,7,372,120,150,0,220.08,0,0,0,2.666524,18,178,84,5529600,0,87141.59,0,0,32,64,68715.2,540,0,117000,0,9504000,0,1170,0,36,0,10368000,44,0,0,0,bZkvyxLkBI,g62hiBSaKg,taul,1K8T,GYbZ,fhk21Ss,9YuuPSz3BI,RnvC,9_Y1,FbIm,VpdQ,y6dw,7M47J5GA0pTYIFxg5uy,kIsH,uKAI,L84s,iwn6,CWNSYfx,nHVl,UYBR,FzaX,4UxGlow,QKW8DRm,catzS2D,jySVZNlOJy,xb3V,ZI9m,ib5G6X1eUxUn6
0,5054,0,380,936,1170,224,220.08,0,1661214,0,1.354411,9,30,0,320312,9,17803.47,140,2,328,144,-1072468,8795,450,17667,24,993375,63678,0,0,9,0,3569396,168,32220,0,0,oBXTmBtFkL,RO12,taul,1K8T,F9g8,MPSM0nx,LH0kFz12FM,cd6W,9_Y1,47ra,sJzTlal,43pnToF,me75fM6ugJ,kIsH,uKAI,Mtgm,NhsEn4L,kZJyVg2,9kd9,cJvF,FzaX,UDVAAox,oslk,uOV2fT4,jySVZNlOJy,rgKb,RAYp,F2FyR07IdsN7I
0,3983,7,52,516,645,376,166.56,0,508482,0,2.744072,9,34,0,1289560,0,13407.39,45,70,152,168,-1359240,1430,36,144,0,480415,521332,100,0,0,307069,3057376,22,456912,0,0,1nlTmBtueT,RO12,taul,1K8T,PbOJ,b9lODwF,pRq1wPl,JzLV,9_Y1,C6Eu,09_Q,IYzP,me75fM6ugJ,sBgB,uKAI,L84s,NhsEn4L,mAjbk_S,L28i,cJvF,FzaX,gboeT2p,oslk,LnLaK89,LM8l689qOp,rgKb,RAYp,F2FyR07IdsN7I
0,476,7,488,140,175,40,344.4,0,2671422,0,3.09122,9,30,189,732944,0,181191.3,35,4,40,16,361362,550,42,14553,0,4591095,792020,130,0,0,554421,10057760,24,950424,0,0,4e7gUH7IEC,RO12,taul,1K8T,0kpG,83ixW2B,VFlQOb9Jb2VDYrHl,V4mi,9_Y1,1Bp0,09_Q,IYzP,me75fM6ugJ,kIsH,uKAI,L84s,NhsEn4L,NGZXfGp,ngfo,cJvF,FzaX,kH5mflk,oslk,TDg9lNX,LM8l689qOp,WqMG,RAYp,F2FyR07IdsN7I
0,630,7,56,120,150,32,255.04,5,4538994,0,6.282205,18,148,0,1353488,0,171768,20,4,24,24,474496,545,60,5148,8,2685985,476044,125,0,18,554435,8704520,14,950460,0,0,bt0mfo875g,2Knk1KF,taul,1K8T,tXti,PHNvXy8,ThrnFOQ,l8Ui,9_Y1,iZJp,09_Q,haYg,NKv3VA1BpP,kIsH,uKAI,Mtgm,Ie_5MZs,CWNY2py,Xscb,cJvF,OFWH,UF16siJ,zCkv,APgdzOv,LM8l689qOp,3Cy4,6fzt,Zy3gnGM
0,756,14,2924,120,150,16,166.56,0,10738380,0,1.935484,18,164,441,0,0,247640.4,30,0,24,0,59115.2,470,126,6741,0,54270,264956,3115,0,36,0,9805880,2,0,0,0,dTGmfo8zhV,2Knk1KF,taul,1K8T,0Xwj,gRinF0C,9YuYZx0Xsm,ROCF,F3hy,7pVf,VpdQ,6JmL,me75fM6ugJ,kIsH,uKAI,L84s,XfqtO3UdzaXh_,XTbPUYD,kOcx,cJvF,FzaX,SCnYWu3,oslk,WC7Esaq,LM8l689qOp,wX53,RAYp,TCU50_Yjmm6GIBZ0lL_
0,175,0,0,92,115,80,166.56,0,877884,0,0.8145695,9,26,0,0,0,14333.13,5,0,0,0,215894.8,275,42,0,0,523965,75624,0,0,0,0,1368836,10,0,0,0,gOyvyx7ejg,RO12,taul,1K8T,0Xwj,ml5cNhj,3cO76t0,_5Mt,F3hy,RcM7,VpdQ,IYzP,me75fM6ugJ,kIsH,uKAI,L84s,NhsEn4L,mAja5EA,gr46,cJvF,FzaX,XbZfrxM,oslk,QfJz_Kt,LM8l689qOp,szEZ,RAYp,F2FyR07IdsN7I
0,2247,14,3444,92,115,16,200,0,2483244,0,6.909848,18,110,567,2704496,0,54298.8,5,0,16,32,-468772,475,36,16749,0,4029115,230408,885,0,27,604800,6753000,20,0,0,0,kMJt0GoOh3,2Knk1KF,taul,1K8T,j_M3,60OrkF8,Nu1b2Lyme0,_zcQ,9_Y1,rGJy,VpdQ,Tkho,me75fM6ugJ,kIsH,uKAI,Mtgm,NhsEn4L,beK4AFX,PmU4,UYBR,FzaX,nQmuhvP,oslk,un2j7qz,LM8l689qOp,Qu4f,RAYp,55YFVY9
0,1848,7,2620,1008,1260,280,220.08,5,1635594,0,5.711173,9,106,161,360784,0,15391.2,40,16,280,192,-631880,4675,402,18252,8,1747890,286358,665,0,9,281736,3800348,220,263100,0,0,FAJgUH7ejg,RO12,taul,1K8T,0Xwj,FJDupBg,msIqHk8toE,zQEn,HLqf,1Bp0,VpdQ,wMei,7M47J5GA0pTYIFxg5uy,sBgB,uKAI,L84s,E1aAZ0x7vd,OFqVH0t,mO3f,UYBR,wwPEXoilkr,OYHoGfM,QKW8DRm,RlTh9x_,LM8l689qOp,WqMG,vJ_w8kB,WfJYmPMksSqa1pajvfG
0,1183,0,8,72,90,16,220.08,0,628974,0,6.088656,9,32,0,679992,0,126670.5,15,2,8,32,218675.6,350,12,0,0,2238180,316816,0,0,18,0,4005560,12,175926,0,0,dRavyx7ejg,RO12,taul,1K8T,7M9D,60sg0bq,MypvvoIQqc,FDCZ,9_Y1,YGOC,09_Q,IYzP,me75fM6ugJ,kIsH,uKAI,L84s,NhsEn4L,mAjbk_S,WjiP,cJvF,FzaX,ooBv48t,oslk,wtiz4Af,LM8l689qOp,szEZ,RAYp,F2FyR07IdsN7I
0,252,0,0,108,135,16,331.12,0,6994980,0,2.029695,9,16,0,162976,0,190113.9,30,2,16,8,-358954.4,380,54,0,0,2971720,16388,0,0,0,0,9676960,16,10110,0,0,dRagUHXM47,RO12,taul,1K8T,0Xwj,wgHRq0c,S85uPSDwkC,v0wF,HLqf,8BBI,VpdQ,IYzP,DHn_WUyBhW_whjA88g9bvA64_,sBgB,uKAI,L84s,CrNX,NGZ_12K,_QgT,cJvF,OFWH,EPIukoJ,d0EEeJi,AWfqT74,LM8l689qOp,453m,02N6s8f,F2FyR07IdsN7I
0,322,0,32,8,10,0,166.56,0,0,0,5.18778,9,156,0,4056,0,7494.6,0,2,16,8,-2071376,70,0,3366,0,0,0,0,0,9,0,16008,0,20970,0,0,a4vrEy7Rm6,2Knk1KF,taul,1K8T,0Xwj,VWnnTVK,nQUq7hGe64,MRaU,HLqf,X8zP,09_Q,kxE9,me75fM6ugJ,sBgB,uKAI,L84s,XfqtO3UdzaXh_,XTbPUYD,WhOy,UYBR,FzaX,fgz8XLE,oslk,14eA9vx,LM8l689qOp,Aoh3,RAYp,TCU50_Yjmm6GIBZ0lL_
0,777,21,1600,124,155,0,220.08,0,0,0,1.629566,27,52,133,6220808,0,227294.1,0,0,32,72,176954,485,0,1665,0,9504000,0,1130,0,0,0,10713600,44,0,0,0,1JGr4RKzJV,RO12,taul,1K8T,WkTj,0v27GMk,Gai9lEF2Fr,dTqE,9_Y1,DtNL,09_Q,IYzP,me75fM6ugJ,kIsH,uKAI,L84s,NhsEn4L,kZJtVhC,yfaM,UYBR,FzaX,YBh0nTz,oslk,J_tzF_Q,M_8D,FSa2,RAYp,F2FyR07IdsN7I
0,2184,14,3148,160,200,32,133.12,0,3426,0,6.970519,27,100,770,2727432,0,32346.3,5,4,56,64,-8543.72,685,6,33498,0,5686850,80132,2610,0,27,856800,6255800,48,235566,0,0,EsYrjIX0Db,RO12,taul,1K8T,dTod,iJzviRg,jt3AmzI_cx6jY,ZBNx,9_Y1,xQ2A,09_Q,wMei,7M47J5GA0pTYIFxg5uy,kIsH,uKAI,L84s,4kVnq_T26xq1p,y5FCXwd,gvA6,UYBR,FzaX,ch2oGfM,zCkv,P6pu4Vl,LM8l689qOp,5Acm,ZI9m,R4y5gQQWY8OodqDV
0,1638,7,24,172,215,96,233.44,0,41202,0,0.1982482,9,54,0,1605272,0,27418.86,0,14,40,40,-19715.72,1010,24,62145,0,1474720,348620,45,0,0,422800,3002684,30,443346,0,0,m9SvyxLkBI,RO12,taul,1K8T,kNzO,ka_ns41,lGXpFd_2Rf,hdoM,9_Y1,FbIm,09_Q,IYzP,me75fM6ugJ,kIsH,uKAI,L84s,NhsEn4L,kq0n8Bj,w3nf,UYBR,FzaX,1YVfGrO,oslk,fXVEsaq,LM8l689qOp,xb3V,RAYp,F2FyR07IdsN7I
0,1288,7,4116,244,305,128,200,0,14580,0,6.280496,45,86,147,1523840,0,58602.9,5,12,48,40,-27037.16,870,6,29682,0,2950730,715646,865,0,9,937349,5211320,64,928932,0,0,dRaTmBfHUn,eSGpMwS8zSGgq_trOpckZ5,taul,1K8T,TyGl,HQZJEvB,glRBFJT8NN,3Lti,9_Y1,4N0K,VpdQ,lVqb,GjJ35utlTa_GNSvxxpb9ju,kIsH,uKAI,L84s,UbxQ8lZ,ORMRote,oK4W,cJvF,FzaX,K9BiSjV,Al6ZaUT,JeNnCxK,LM8l689qOp,Qu4f,02N6s8f,R4y5gQQWY8OodqDV
0,931,0,0,144,180,56,301.44,5,4484466,0,1.346721,27,30,0,3801696,0,143476.8,15,2,40,48,168864,525,60,0,8,3023540,950802,0,0,0,1108828,10454960,18,464046,0,0,8Fdr4RXXnK,RO12,taul,1K8T,EzKK,dpLnqNs,GHfL3MpXAX,x8kp,9_Y1,Albh,VpdQ,IYzP,me75fM6ugJ,kIsH,uKAI,L84s,NhsEn4L,mAjAVZm,Lg2Q,cJvF,FzaX,9F7m0jM,oslk,jrbDSFl,LM8l689qOp,Xa3G,RAYp,F2FyR07IdsN7I
0,3213,7,284,576,720,296,201.36,5,301140,0,6.087801,9,46,294,259016,9,2927.811,15,26,176,264,-864924,2085,24,531,48,1087395,103014,395,0,0,38486,1453124,108,63954,0,14,zKnr4RXktW,RO12,taul,1K8T,WkTj,0Sn_9E2,2TwXCiT,4Aj4,9_Y1,TjV7,VpdQ,IYzP,me75fM6ugJ,kIsH,uKAI,L84s,NhsEn4L,TDcECyH,WBEw,UYBR,FzaX,rHB3PT5,oslk,Nzzhnk3,LM8l689qOp,FSa2,RAYp,F2FyR07IdsN7I
0,448,7,2208,128,160,56,153.2,0,44892,0,2.688101,9,154,42,12888,0,9679.08,0,2,16,8,-507484,570,18,37800,0,219400,8078,5410,0,27,30303,238920,40,16308,0,0,v0Nt0Go8Lb,2Knk1KF,taul,1K8T,7gSz,fhk21Ss,nQUxgtZEqo,bqg3,9_Y1,rGJy,VpdQ,hzlB,7M47J5GA0pTYIFxg5uy,kIsH,uKAI,Mtgm,Ie_5MZs,CWNY2py,O0hw,UYBR,FzaX,4UxGlow,zCkv,catzS2D,LM8l689qOp,Qu4f,ZI9m,TCU50_Yjmm6GIBZ0lL_
0,651,7,12,132,165,64,325.52,0,1701654,0,6.142704,9,30,14,3456000,0,202309.5,0,4,32,40,116396.4,510,36,108,0,5184000,1256894,40,0,0,604800,10214640,24,1036800,0,0,tr0gUH7ejg,RO12,taul,1K8T,TyGl,fareQY2,zA2IZno2NK,Tkse,9_Y1,1Bp0,VpdQ,IYzP,me75fM6ugJ,kIsH,uKAI,Mtgm,NhsEn4L,kZJtVhC,SssI,UYBR,FzaX,lbrRPEi,oslk,gJA0V7y,LM8l689qOp,WqMG,RAYp,F2FyR07IdsN7I
0,1274,7,36,412,515,288,99.68,0,22482,0,6.462508,9,76,49,57536,0,1969.602,0,2,40,112,10943,1030,48,2088,0,163150,37946,4680,0,18,20314,256692,88,9786,0,0,1KSqrQK2Mx,RO12,taul,1K8T,lK27,PTPxkyQ,msIFlLyI91,BaCL,9_Y1,15m3,VpdQ,wMei,me75fM6ugJ,kIsH,uKAI,L84s,h0lfDKh52u4GP,IoI4mKe,j4pQ,UYBR,FzaX,HH3v4zN,oslk,2HJE4Qn,LM8l689qOp,FSa2,RAYp,F2FyR07IdsN7I
0,1575,21,2232,264,330,112,166.56,0,185760,0,1.061525,27,62,63,375280,0,22075.11,15,16,56,40,213596.4,960,30,36819,0,1631930,398666,755,0,0,22232,2857076,62,603138,0,0,a4v9tYsGvO,RO12,taul,1K8T,WkTj,FSVXtaU,V4EVrhWBLS,KwKi,9_Y1,YULl,09_Q,IYzP,me75fM6ugJ,kIsH,uKAI,L84s,NhsEn4L,TDceha3,5a5U,UYBR,FzaX,R4hRoKG,oslk,AEKwFs9,LM8l689qOp,FSa2,RAYp,F2FyR07IdsN7I
0,973,0,0,152,190,0,220.08,5,5899116,0,3.040803,9,46,0,2649688,3,181443.6,20,0,32,32,129962.8,555,78,2160,16,4801570,0,0,0,18,604800,10481240,34,0,0,0,C2Dvyx875g,RO12,taul,1K8T,JLbT,au1viRg,RuVy67M,N9KQ,9_Y1,MBhA,VpdQ,43pnToF,me75fM6ugJ,kIsH,uKAI,L84s,NhsEn4L,7Ww66JZ,Xpz5,UYBR,AU8pNoi,iEXOjel,oslk,PgO2Oqu,M_8D,WqMG,RAYp,F2FyR07IdsN7I
0,490,0,0,156,195,56,220.08,0,1471536,0,0.7229224,9,22,0,2073600,0,170819.7,25,10,32,24,38292.72,580,30,0,0,4239180,1163078,0,0,9,1209600,10295520,28,2368002,0,0,dRavyx7ejg,RO12,taul,1K8T,7M9D,jlzcpQc,r83_sZi,AiPZ,9_Y1,f4dr,VpdQ,zm5i,me75fM6ugJ,kIsH,uKAI,L84s,NhsEn4L,kZJtVhC,7R7c,UYBR,FzaX,OgVfql_,oslk,BXGzrB7,LM8l689qOp,szEZ,RAYp,F2FyR07IdsN7I
0,693,7,13752,80,100,24,186.64,10,6186420,0,5.377911,9,72,2016,188768,0,148209.3,10,0,16,8,177023.2,415,66,440613,16,3602370,484184,575,0,9,0,10685480,6,0,0,0,lAFr4RQZiT,RO12,taul,1K8T,487l,PTPXtaU,ASj4kgY6phhWK,TPea,9_Y1,z5Ry,09_Q,IYzP,me75fM6ugJ,kIsH,uKAI,L84s,NhsEn4L,mAjbk_S,Z0Bf,UYBR,FzaX,NlJY_02,oslk,_p6zgmc,LM8l689qOp,FSa2,RAYp,F2FyR07IdsN7I
0,714,7,100,204,255,48,257.36,5,3184236,0,6.858791,27,30,70,2645472,0,185664.6,30,8,40,56,243602,690,48,4941,8,3762230,811886,925,0,9,0,10352120,40,963060,0,0,51rBcmz45j,RO12,taul,1K8T,kwI9,sVNG5Z3,HKFGqS8,QAo7,9_Y1,KubS,09_Q,43pnToF,me75fM6ugJ,kIsH,uKAI,L84s,NhsEn4L,NGZXfGp,Wl5G,cJvF,qxDb,KnzD5lR,oslk,mNURYX6,LM8l689qOp,Qcbd,RAYp,F2FyR07IdsN7I
0,217,7,180,148,185,64,166.56,0,0,0,1.051058,9,116,112,483624,0,7834.05,0,10,48,56,-22899.72,465,0,2646,0,366435,75194,320,0,9,128380,769268,34,125880,0,0,crIt0Go8Lb,2Knk1KF,taul,1K8T,0Xwj,aKB7PPz,UnPEkD6Pex,d1LC,HLqf,C7DI,09_Q,kxE9,me75fM6ugJ,sBgB,uKAI,Mtgm,XfqtO3UdzaXh_,XTbPUYD,VtTC,cJvF,FzaX,1qX68SY,oslk,EzSzgmc,LM8l689qOp,Qu4f,RAYp,55YFVY9
0,1421,14,188,208,260,104,166.56,0,53142,0,1.364879,18,58,91,169848,0,3291.51,0,10,40,136,9476.28,675,12,9378,0,77410,17264,100,0,0,43946,256052,30,58866,0,0,xOXr4RXktW,eSGpMwS8zSGgq_trOpckZ5,taul,1K8T,487l,nLOAv9G,MV4DUjA,ajbU,9_Y1,ZKJc,VpdQ,IYzP,GjJ35utlTa_GNSvxxpb9ju,kIsH,uKAI,L84s,DmYOBF5GfjJxb,kZJQt_O,Vn4h,cJvF,FzaX,Oj6aoKL,Al6ZaUT,1qWpZje,LM8l689qOp,7FJQ,02N6s8f,R4y5gQQWY8OodqDV
0,1995,7,224,524,655,344,133.12,0,4818,0,5.575518,9,108,14,272392,0,7750.17,0,22,104,112,-1381440,1395,12,88713,0,718675,187216,510,0,9,187551,1193168,122,156582,0,0,uGLq9ayE15,2Knk1KF,taul,1K8T,yYar,iYI85Wp,glRBFJT8NN,INhr,9_Y1,QBpP,VpdQ,haYg,NKv3VA1BpP,kIsH,uKAI,Mtgm,1YxyYTLbzthWO,IoIBnwM,jTQu,cJvF,FzaX,R8kKx11,zCkv,X9a41Yn,LM8l689qOp,7P5s,6fzt,Zy3gnGM
0,1218,7,2892,200,250,80,100.32,0,17022,0,3.868191,9,198,49,204544,0,4263.78,0,22,64,64,-1492504,760,18,33831,0,118530,33978,6085,0,36,22981,331736,36,83004,0,0,oBXq9ayfAo,vuPfq6YcbX,CiJDdr4TQ0rGERIS,1K8T,GYbZ,fhk21Ss,brZkJ9h,X07j,9_Y1,F_Lu,09_Q,69fI,7M47J5GA0pTYIFxg5uy,kIsH,uKAI,Mtgm,iwn6,LQcSaAj,MPjL,cJvF,FzaX,4UxGlow,QKW8DRm,catzS2D,LM8l689qOp,TNEC,ZI9m,NoEd
0,861,7,0,128,160,0,220.08,0,6352620,0,6.763939,9,90,0,2764800,0,71569.5,20,0,32,32,135046.4,685,78,45,0,4361370,0,5,0,18,1209600,10489000,22,0,0,0,jg6vyxLkBI,RO12,taul,1K8T,R4_H,UKQvcTJ,BdLh6VE,rtM7,9_Y1,vzJD,VpdQ,sYC_,me75fM6ugJ,kIsH,uKAI,L84s,NhsEn4L,kq0aHkC,VeSH,cJvF,FzaX,75woGGc,oslk,23ZMCCr,LM8l689qOp,xb3V,RAYp,F2FyR07IdsN7I
0,4767,0,280,772,965,184,186.64,0,5842686,0,2.364025,18,66,0,857872,0,41793.9,85,20,256,192,74691.2,2765,318,11817,0,3447365,324154,0,0,0,359373,10267400,132,348132,0,0,zC_Wq6e2Rv,RO12,taul,1K8T,Y2P0,9GJGgoz,Gai9lEF2Fr,SZIp,9_Y1,_xpN,sJzTlal,IYzP,Kxdu,kIsH,uKAI,L84s,FMSzZ91zL2,TDcEYQ6,Tca6,UYBR,OFWH,Tvpip6Z,zCkv,hHJsvbM,jySVZNlOJy,FSa2,6fzt,SbOd7O8ky1wGNxp0Arj0Xs
0,574,0,0,176,220,32,286.96,0,6138600,0,4.783166,9,28,0,3077536,0,204587.7,10,6,56,48,143020.4,575,90,0,0,4130030,264380,0,0,18,152376,10537520,28,573558,0,0,voArjIXt5a,RO12,taul,1K8T,kNzO,vK5pXKQ,_jTP8ioIlJ,_DzI,9_Y1,xQ2A,VpdQ,IYzP,me75fM6ugJ,kIsH,uKAI,L84s,NhsEn4L,NGZxnJM,4bXO,cJvF,FzaX,3xM68SY,oslk,ZbRqhZX,LM8l689qOp,5Acm,RAYp,F2FyR07IdsN7I
0,525,0,0,332,415,224,253.52,0,0,0,5.274087,9,20,0,646792,0,28151.85,0,20,56,96,221777.6,1240,0,0,0,1272905,421846,0,0,9,339850,2620372,66,652440,0,0,639TmBQxul,RO12,taul,1K8T,JLbT,2gN7C3_,iOHcyeX9UkCFA,A3fL,9_Y1,TjV7,sJzTlal,zm5i,me75fM6ugJ,kIsH,uKAI,L84s,NhsEn4L,kZJtVhC,TmFT,UYBR,FzaX,sx5YWu3,oslk,FlORusu,LM8l689qOp,FSa2,RAYp,F2FyR07IdsN7I
0,567,7,0,136,170,64,133.12,0,2073600,0,6.238838,9,88,0,452472,0,150620.1,5,2,16,32,-80617.2,405,24,81,0,916120,943434,75,0,9,0,4851600,32,416412,0,0,2jirEyXktW,RO12,taul,1K8T,YFAj,sGhrbwz,9xAxtH6,m0ND,9_Y1,VwCR,VpdQ,6JmL,DHn_WUyBhW_whjA88g9bvA64_,kIsH,uKAI,L84s,CrNX,AuSPDRg,IfL5,cJvF,FzaX,MPabF0g,d0EEeJi,kEY7Rop,jySVZNlOJy,Aoh3,nIGXDli,F2FyR07IdsN7I
0,728,14,1924,144,180,56,220.08,0,2776500,0,5.699423,27,40,931,3456000,0,213959.7,10,6,40,40,68723.2,550,36,17226,0,4554565,905386,465,0,9,1201935,10167200,26,1548630,0,0,Mtpt0G8EIb,RO12,taul,1K8T,JLbT,5EpXqGp,76j2P_OLn0,hilG,9_Y1,e7QV,VpdQ,zm5i,me75fM6ugJ,kIsH,uKAI,L84s,NhsEn4L,mAjbk_S,JzTW,cJvF,FzaX,OTgQ8OA,oslk,Vo68gbh,LM8l689qOp,fKCe,RAYp,F2FyR07IdsN7I
0,1694,7,828,192,240,48,220.08,5,2691228,0,1.1348,9,38,0,4571696,0,61882.5,10,4,40,56,150766.4,665,36,10296,8,7412900,95728,3350,0,18,0,10679800,50,165270,0,0,bZkvyxLkBI,RO12,taul,1K8T,TIPl,6KF0k8W,P9HTde2,e9dM,9_Y1,vzJD,VpdQ,IYzP,me75fM6ugJ,kIsH,uKAI,L84s,NhsEn4L,mAjbk_S,k0HX,cJvF,FzaX,ot6oLzk,oslk,IIvC99a,LM8l689qOp,xb3V,RAYp,F2FyR07IdsN7I
0,924,7,656,144,180,32,268.88,0,9325980,0,5.683828,9,42,21,0,0,200904,35,4,32,0,166936.4,545,114,504,0,333210,568926,590,0,18,0,10712120,8,1036800,0,0,75lq9ayfAo,RO12,taul,1K8T,lK27,4bQly5F,glRBFJT8NN,d8PQ,9_Y1,AKLO,VpdQ,zm5i,7M47J5GA0pTYIFxg5uy,kIsH,uKAI,Mtgm,NhsEn4L,mAjbRI6,byLP,UYBR,FzaX,30WKvsy,z4pH,bvvVP29,LM8l689qOp,TNEC,ZI9m,F2FyR07IdsN7I
0,2317,7,96,248,310,64,166.56,0,33138,0,6.119419,9,108,14,33944,0,1445.385,10,14,80,72,-12577,970,72,252,0,71715,4242,1410,0,18,17038,117752,48,15024,0,0,bZkvyxLkBI,2Knk1KF,taul,1K8T,lK27,dRqabdC,rfkTXdH,YfLZ,9_Y1,FbIm,VpdQ,hAFG,me75fM6ugJ,kIsH,uKAI,L84s,XfqtO3UdzaXh_,11p4mKe,ADfT,UYBR,FzaX,eJsfrxM,oslk,renAIRG,LM8l689qOp,xb3V,RAYp,55YFVY9
0,854,14,1756,132,165,0,166.56,0,10768920,0,4.699851,18,86,70,0,0,181455.9,40,0,32,0,370524.8,455,126,2232,0,211585,0,200,0,0,0,10113360,8,0,0,0,dRaq9ayE15,RO12,taul,1K8T,z32l,5sr4LQF,IG_G867,T_FP,9_Y1,kJJ7,VpdQ,IYzP,DHn_WUyBhW_whjA88g9bvA64_,kIsH,uKAI,L84s,CrNX,mAjbq_f,w_kv,UYBR,FzaX,1vnkXlz,d0EEeJi,mYtCF4K,LM8l689qOp,7P5s,nIGXDli,F2FyR07IdsN7I
0,1120,14,360,128,160,8,286.96,0,8812920,0,1.022004,27,132,7,1382400,6,133775.1,35,0,32,16,257190.4,545,102,63297,16,2071965,81062,370,0,36,0,10805400,10,0,0,0,tr0gUH7ejg,2Knk1KF,taul,1K8T,0Xwj,knVlH9W,oWVUlxabJo7j9,zby5,HLqf,1Bp0,09_Q,lVqb,me75fM6ugJ,sBgB,uKAI,L84s,XfqtO3UdzaXh_,11pm6dL,s_7M,cJvF,FzaX,ekOYlW4,oslk,zu6qFbB,LM8l689qOp,WqMG,RAYp,55YFVY9
0,1904,7,2152,332,415,224,166.56,0,6762,0,2.887203,9,94,21,290920,0,4166.61,0,16,56,120,-364825.6,1560,6,12582,0,319050,131190,1925,0,18,16709,725520,62,86898,0,0,py5rEyXktW,RO12,taul,1K8T,JLbT,LKy47iP,767sa0XN9l,c_2I,9_Y1,VwCR,09_Q,haYg,me75fM6ugJ,kIsH,uKAI,L84s,XfqtO3UdzaXh_,11p4mKe,N1JE,cJvF,FzaX,ZLrmfvd,oslk,khtiNPX,LM8l689qOp,Aoh3,RAYp,F2FyR07IdsN7I
0,189,0,0,28,35,8,328.8,0,0,0,2.479599,18,20,0,0,0,357933,10,2,24,0,-97610.8,265,0,0,0,7004050,9992,0,0,9,987126,11025680,6,846108,0,0,639TmBQxul,RO12,taul,1K8T,JLbT,ucgTK5Z,l8_y2L0NRpp7O,JoKa,9_Y1,mTeA,09_Q,zm5i,DHn_WUyBhW_whjA88g9bvA64_,kIsH,uKAI,L84s,PWD40mS,kZJDcQU,mcPg,UYBR,FzaX,bbyC4bc,Al6ZaUT,6GLeiuE,LM8l689qOp,FSa2,02N6s8f,F2FyR07IdsN7I
0,1274,14,908,396,495,120,213.36,0,8559480,0,5.723777,36,128,0,692992,0,53287.2,120,4,80,88,17977.72,1380,168,61317,0,1496530,274086,170,0,27,353031,10107640,38,174900,0,0,Qu0qrQKzJV,2Knk1KF,taul,1K8T,487l,d2iwkuM,8nstQ62E0C,__UP,9_Y1,15m3,VpdQ,Tkho,me75fM6ugJ,kIsH,uKAI,L84s,NhsEn4L,beK4AFX,IROO,UYBR,FzaX,1ZRv4zN,oslk,Zd62Oqu,LM8l689qOp,FSa2,RAYp,55YFVY9
0,868,7,752,140,175,8,253.52,0,8336700,0,1.768426,9,54,0,1009296,0,180131.4,35,0,32,16,113552,535,108,2970,0,2173345,68686,920,0,18,0,10357720,14,0,0,0,g5dmfo875g,RO12,taul,1K8T,ssAy,1ucchDb,PAsv0xf,IoAF,9_Y1,Ew1Q,09_Q,43pnToF,me75fM6ugJ,kIsH,uKAI,L84s,NhsEn4L,mAjbk_S,Ve75,UYBR,FzaX,LWnfSEp,oslk,CqZz20V,LM8l689qOp,wX53,RAYp,F2FyR07IdsN7I
0,77,0,0,16,20,0,186.64,0,13291620,0,6.267251,18,16,0,0,0,456549,0,0,0,0,-7479.56,195,24,0,0,0,0,0,0,0,0,8861080,0,0,0,0,gOyvyx7ejg,RO12,taul,1K8T,lK27,GOBu1hQ,3cO76t0,5723,9_Y1,RcM7,VpdQ,IYzP,me75fM6ugJ,kIsH,uKAI,L84s,NhsEn4L,mAja5EA,OH3C,UYBR,FzaX,xtR871e,oslk,LiUPLfR,LM8l689qOp,szEZ,RAYp,F2FyR07IdsN7I
0,2233,7,1836,308,385,144,173.2,0,96006,0,4.899594,9,138,7,341232,0,6481.92,10,28,104,192,-21265,1145,48,146898,0,62605,84666,1115,0,27,41657,556096,22,138360,0,0,AhzOj17IEC,2Knk1KF,taul,1K8T,mAW3,E3lAQJk,FoJylxy,SVvG,9_Y1,eQTr,VpdQ,haYg,me75fM6ugJ,kIsH,uKAI,L84s,XfqtO3UdzaXh_,XTbPUYD,1chn,cJvF,FzaX,hNjm0jM,oslk,M7Q52Lp,LM8l689qOp,7aLG,RAYp,55YFVY9
0,56,0,0,40,50,0,166.56,0,2141700,0,5.598163,18,14,0,8193520,0,468237,0,0,8,16,-225814.8,100,30,0,0,3497105,0,0,0,0,0,8322240,6,0,0,0,zKnr4RXktW,AERks4l,taul,1K8T,TyGl,wnt4XMm,NW71mrodGH,xJ8j,9_Y1,ZKJc,VpdQ,IYzP,GjJ35utlTa_GNSvxxpb9ju,kIsH,uKAI,L84s,JBfYVit4g8,kq0U_7t,paJj,cJvF,FzaX,tHIbbma,Al6ZaUT,7zl5Ui8,LM8l689qOp,7FJQ,02N6s8f,xwM2aC7IdeMC0
0,847,0,0,944,1180,528,340.48,0,491076,0,1.018372,9,16,0,293256,0,4673.61,55,22,184,208,-1343568,2500,174,0,0,596455,283322,0,0,0,110866,1680680,186,166656,0,0,GcUt0G8rTN,RO12,taul,1K8T,0Xwj,Tgq4xPh,_03xtaMIkk68B,jIjF,F3hy,k13i,VpdQ,IYzP,me75fM6ugJ,kIsH,uKAI,L84s,NhsEn4L,mAjbQbU,E0Qo,UYBR,FzaX,P2Hv_hX,oslk,gB6jELi,LM8l689qOp,fKCe,RAYp,F2FyR07IdsN7I
0,2114,7,2120,468,585,320,200,0,10614,0,6.960051,9,134,357,474544,0,7840.35,0,16,88,80,-179163.6,1605,6,2079,0,1762810,244172,685,0,9,153573,2280720,116,206670,0,0,J9Vr4RQZiT,onTuEhrJJQy_H3IHkZku5AFczhYGqxJ890,taul,1K8T,PGNs,fqeOwLG,V_KR_LD,RTc9,9_Y1,z5Ry,VpdQ,haYg,7M47J5GA0pTYIFxg5uy,kIsH,uKAI,L84s,QsQAxv5,OFqwZ2u,BXUS,UYBR,FzaX,fxJmel6,QKW8DRm,WfsWw2A,LM8l689qOp,FSa2,ZI9m,iyHGyLCEkQ
0,301,0,0,352,440,216,186.64,0,60498,0,4.402051,18,20,0,635496,0,25595.13,15,20,104,88,-2.285716,875,18,0,0,967980,297108,0,0,9,313824,1910236,68,251502,0,0,NQ5vyxLkBI,RO12,taul,1K8T,ssAy,dRqabdC,FoJylxy,YfLZ,9_Y1,FbIm,VpdQ,IYzP,me75fM6ugJ,kIsH,uKAI,L84s,NhsEn4L,kZJtVhC,ADfT,UYBR,FzaX,eJsfrxM,oslk,renAIRG,LM8l689qOp,xb3V,RAYp,F2FyR07IdsN7I
0,98,0,0,312,390,128,186.64,0,3282528,0,1.357189,9,14,0,292152,0,50687.4,10,8,64,32,-509880,460,54,0,0,1043725,392580,0,0,0,121331,4483760,86,69318,0,0,AhzZptzip9,RO12,taul,1K8T,TyGl,wEY7Jcz,PAsv0xf,bRaU,9_Y1,t_4G,09_Q,IYzP,me75fM6ugJ,kIsH,uKAI,L84s,NhsEn4L,NGZxnJM,Vw0F,cJvF,FzaX,ncuRoKG,oslk,aK_wS9i,LM8l689qOp,Qu4f,RAYp,F2FyR07IdsN7I
0,952,7,756,356,445,56,339.68,0,15276,0,3.160649,9,62,112,175888,6,6786.66,5,14,48,144,284428.4,1075,30,184716,16,258805,20896,5090,0,9,31878,388424,102,42660,0,0,1JGTmBQZiT,RO12,taul,1K8T,487l,uV2WKYv,d7Dcvq50sK,LJAR,9_Y1,TjV7,sJzTlal,43pnToF,me75fM6ugJ,kIsH,uKAI,Mtgm,NhsEn4L,kq0emRG,L_60,UYBR,FzaX,hN838SL,oslk,2wdfIt_,LM8l689qOp,FSa2,RAYp,F2FyR07IdsN7I
0,1099,7,1692,240,300,32,321.76,0,3239634,0,6.915403,36,138,0,1190240,0,97945.5,15,4,48,40,367480.4,1185,48,40590,0,4619815,167548,315,0,36,0,10397000,76,963930,0,0,crIt0Go8Lb,AERks4l,taul,1K8T,JLbT,NldASpP,n1zVHpT8NN,73Ka,9_Y1,MGOA,sJzTlal,haYg,DHn_WUyBhW_whjA88g9bvA64_,kIsH,uKAI,L84s,UbxQ8lZ,ORMRote,wLOK,cJvF,FzaX,JFM1BiF,Al6ZaUT,NKv4yOc,LM8l689qOp,Qu4f,02N6s8f,ib5G6X1eUxUn6
0,2996,0,424,592,740,208,246.32,0,177492,0,4.228583,9,88,0,1112632,0,30781.5,50,14,152,176,-611768,2405,282,83817,0,1832850,747112,0,0,27,643741,4658320,72,904362,0,0,YddrjIQ5Ph,RO12,taul,1K8T,JLbT,fVhJr0F,II0S8f9,o5H_,9_Y1,RVjC,VpdQ,sYC_,me75fM6ugJ,kIsH,uKAI,Mtgm,NhsEn4L,beK4AFX,TQqY,UYBR,FzaX,yMCvEWW,oslk,cwU7qqc,LM8l689qOp,FSa2,RAYp,F2FyR07IdsN7I
0,1435,7,172,84,105,8,0,0,5676750,9,4.53621,9,64,0,1422568,0,41325.6,15,0,16,16,12910.84,585,36,48114,16,5031450,12348,1960,6,27,0,10170800,18,0,0,0,nTwTmBtueT,RO12,taul,1K8T,AnrR,ckoNVBU,k10MzgT,p3xE,9_Y1,C6Eu,VpdQ,lVqb,me75fM6ugJ,kIsH,uKAI,L84s,XfqtO3UdzaXh_,11p4mKe,iZng,cJvF,FzaX,6VLNqhB,oslk,6YSocsg,jySVZNlOJy,rgKb,RAYp,F2FyR07IdsN7I
0,1785,21,1664,232,290,208,166.56,0,702,0,6.599658,45,142,133,898024,3,23863.8,0,14,72,72,-8359.72,830,12,16569,8,221720,398446,1550,0,27,295351,1679464,28,383574,0,0,qFpmfo8zhV,2Knk1KF,taul,1K8T,ssAy,MNwM9_c,NBVUlxabJhR17,R6Nl,9_Y1,_48V,09_Q,6JmL,me75fM6ugJ,kIsH,uKAI,L84s,XfqtO3UdzaXh_,XTbPUYD,VHRP,cJvF,FzaX,0MQv48t,oslk,d0BOtEt,LM8l689qOp,3Cy4,RAYp,55YFVY9
0,1526,7,2224,212,265,176,166.56,0,0,0,2.813501,9,42,70,781864,0,19805.1,5,8,48,96,115150,890,0,35613,0,590785,405758,12910,0,0,577290,1773840,28,115818,0,0,AhzOj17IEC,RO12,taul,1K8T,lK27,MsEp_2L,yLQX8HOoy1,dVnR,9_Y1,iVbl,09_Q,IYzP,me75fM6ugJ,kIsH,uKAI,L84s,NhsEn4L,TDcECyH,rCIF,cJvF,FzaX,sTyDSPW,oslk,FyvDnag,LM8l689qOp,7aLG,RAYp,F2FyR07IdsN7I
0,595,7,252,136,170,0,253.52,5,9306180,0,6.123051,9,122,91,1402368,0,186533.7,35,0,32,40,276711.2,505,108,32031,8,1491395,0,1095,0,9,604800,10458040,8,0,0,0,2AAWq69R_D,2Knk1KF,taul,1K8T,TyGl,6SyRSUd,k10MzgT,IMrf,9_Y1,0A_v,VpdQ,haYg,me75fM6ugJ,kIsH,uKAI,L84s,XfqtO3UdzaXh_,11p4mKe,lf_R,UYBR,FzaX,I0k8jNM,oslk,nmYTL5Q,LM8l689qOp,PM2D,RAYp,55YFVY9
0,3465,7,324,460,575,280,133.12,0,33936,0,2.854946,9,58,84,1519152,0,21249.81,5,20,152,144,-402500,1270,24,450,0,1347965,664184,165,0,0,617617,3763732,94,846390,0,0,8I1q9ayE15,RO12,taul,1K8T,lK27,lKbEbie,bC2tij6cFXgkQ,KSfn,9_Y1,NFMt,sJzTlal,IYzP,me75fM6ugJ,kIsH,uKAI,Mtgm,NhsEn4L,TDceha3,lD6j,cJvF,FzaX,JptTe_2,oslk,2wCw01M,LM8l689qOp,TNEC,RAYp,F2FyR07IdsN7I
0,1575,7,4548,220,275,32,273.12,0,6150240,0,6.15125,36,158,406,2625296,0,102744.3,20,26,48,64,47923.6,1775,90,55179,0,4054460,44848,5715,0,9,233898,9978720,22,42024,0,0,oBXq9ayfAo,2Knk1KF,taul,1K8T,0Xwj,M0FOkab,17VONbZnAuZ90atz,8XmX,HLqf,F_Lu,VpdQ,hAFG,me75fM6ugJ,sBgB,uKAI,L84s,XfqtO3UdzaXh_,XTbPUYD,ukSB,cJvF,FzaX,sTyfql_,oslk,XBfOTZB,LM8l689qOp,TNEC,RAYp,TCU50_Yjmm6GIBZ0lL_
0,2422,7,604,352,440,272,166.56,0,514056,0,5.879513,18,32,357,2325664,0,19838.04,5,18,112,120,69855.2,1330,12,24957,0,579710,490484,115,0,0,93541,3039664,54,113634,0,0,Mtpt0G8EIb,RO12,taul,1K8T,wOc1,F0DSdMg,zA2IZno2NK,7l7v,9_Y1,e7QV,VpdQ,IYzP,me75fM6ugJ,kIsH,uKAI,L84s,NhsEn4L,mAjbk_S,4p0t,cJvF,FzaX,1Fq88FJ,oslk,XByOEra,LM8l689qOp,fKCe,RAYp,F2FyR07IdsN7I
0,784,7,4,132,165,8,220.08,0,8600520,0,6.418927,9,34,7,1382400,0,191000.7,35,0,32,16,142190.4,560,102,1440,0,2160480,38548,10,0,9,0,10620280,12,0,0,0,AhzOj17IEC,RO12,taul,1K8T,JLbT,ClIuMXJ,0IWZqtp,0vVx,9_Y1,iVbl,VpdQ,zm5i,me75fM6ugJ,kIsH,uKAI,L84s,NhsEn4L,kZJaHc_,dF3t,cJvF,FzaX,taaOZ4E,oslk,KBgRDbC,LM8l689qOp,7aLG,RAYp,F2FyR07IdsN7I
0,672,0,28,128,160,16,166.56,0,0,0,5.642598,9,108,0,6220816,0,245742.9,5,0,40,72,158134.4,470,0,20133,0,8451650,173628,0,0,9,0,10246440,40,0,0,0,J9Vr4RQZiT,2Knk1KF,LfvqpCtLOY,1K8T,0Xwj,PTPXtaU,ELRUn57,OKKG,F3hy,z5Ry,VpdQ,sYC_,me75fM6ugJ,kIsH,uKAI,L84s,NhsEn4L,beK4AFX,xq8c,UYBR,AU8_WTd,NlJY_02,oslk,_p6zgmc,jySVZNlOJy,FSa2,RAYp,55YFVY9
0,763,7,144,216,270,176,166.56,0,96,0,1.773766,9,38,0,342384,0,22379.73,0,0,8,32,24148,925,6,1737,0,1666510,155628,45,0,0,202909,1815720,54,0,0,0,NESWq69R_D,RO12,taul,1K8T,Y2P0,eIf4RJE,Iibp4Nm3uQ,dHcT,9_Y1,z5Ry,09_Q,IYzP,me75fM6ugJ,sBgB,uKAI,L84s,NhsEn4L,mAjbk_S,2aej,UYBR,FzaX,JgwYjZW,oslk,hrE2qo0,LM8l689qOp,FSa2,RAYp,F2FyR07IdsN7I
0,1064,7,204,184,230,152,257.52,0,3102,0,0.8314463,9,48,63,1434504,0,8296.29,0,0,48,80,152336,495,6,603,0,1155035,44254,230,0,9,22085,1731856,32,0,0,0,V8lBcmz45j,RO12,taul,1K8T,0WHw,xziqMKD,PAsv0xf,G7MT,9_Y1,KubS,09_Q,IYzP,me75fM6ugJ,kIsH,uKAI,L84s,NhsEn4L,TDcECyH,RqEs,UYBR,FzaX,KX868SY,oslk,Mkb2C8o,LM8l689qOp,Qcbd,RAYp,F2FyR07IdsN7I
0,3381,7,2504,640,800,256,133.12,10,6042,0,2.493484,18,170,224,850480,0,6249.75,0,14,112,280,-164647.2,2505,42,35325,16,889045,195292,2145,0,18,77196,1571976,158,61332,0,0,DHeq9ayfAo,2Knk1KF,taul,1K8T,0Xwj,creaF5r,GHfL3MpXAX,vEuz,HLqf,QBpP,VpdQ,haYg,me75fM6ugJ,sBgB,uKAI,L84s,XfqtO3UdzaXh_,XTbqizz,xWz6,UYBR,FzaX,PhzfR8o,oslk,JEtAgOW,LM8l689qOp,7P5s,RAYp,TCU50_Yjmm6GIBZ0lL_
0,2604,7,368,76,95,16,186.64,15,8777760,0,6.769066,9,36,7,2036352,0,116022,15,2,24,24,297383.6,725,42,846,24,1208315,716616,175,0,18,0,9905840,6,474150,0,0,2AAWq69R_D,RO12,taul,1K8T,ssAy,UOmdzR5,KSPgGPC,e5xz,9_Y1,0A_v,09_Q,zm5i,me75fM6ugJ,kIsH,uKAI,L84s,NhsEn4L,mAjbk_S,kSpl,cJvF,FzaX,zqsoLzk,oslk,WRysKoy,LM8l689qOp,PM2D,RAYp,F2FyR07IdsN7I
0,833,7,140,120,150,24,166.56,0,0,0,0.91583,9,58,42,981472,0,27144.6,0,6,16,32,31063.84,600,0,47106,0,3877625,29938,1810,0,0,89334,3716920,40,96312,0,0,dRaq9ayE15,RO12,taul,1K8T,yYar,BE7pKja,qj03jwcNh2VDYrHl,RVnS,9_Y1,QBpP,09_Q,IYzP,DHn_WUyBhW_whjA88g9bvA64_,kIsH,uKAI,Mtgm,CrNX,mAjbq_f,hQJL,cJvF,FzaX,rulpNvz,d0EEeJi,6gDqPCU,LM8l689qOp,7P5s,nIGXDli,F2FyR07IdsN7I
0,819,0,0,204,255,136,186.64,0,389196,0,6.118778,9,40,0,1292856,0,196526.4,5,12,48,64,-26238.28,595,6,16623,0,3106200,1888860,0,0,9,320901,9064000,36,2796528,0,0,crIgUHSK8h,RO12,taul,1K8T,487l,uMA4Shd,BN5RM6qQqCSHTqJt,dZaM,9_Y1,RVjC,VpdQ,zm5i,me75fM6ugJ,kIsH,uKAI,L84s,NhsEn4L,mAjbk_S,0bZ9,UYBR,FzaX,meWmFX7,oslk,DQ3iZDY,LM8l689qOp,FSa2,RAYp,F2FyR07IdsN7I
0,1302,14,1252,148,185,96,240.56,0,0,0,3.060244,36,154,210,2366128,0,69670.8,25,10,48,32,156164.4,525,0,108063,0,4016205,2073480,15,0,36,0,10579080,22,1747692,0,0,EsYq9atbb6,2Knk1KF,taul,1K8T,lK27,WkH7nZN,KyxX4chnKM,cCd2,9_Y1,KfYH,sJzTlal,6JmL,me75fM6ugJ,kIsH,g5HH,L84s,XfqtO3UdzaXh_,XTbPUYD,7mgE,cJvF,FzaX,scZ0Q3K,oslk,zmvzrB7,jySVZNlOJy,me1d,RAYp,TCU50_Yjmm6GIBZ0lL_
0,560,0,0,236,295,120,200,0,147474,0,4.973723,9,16,0,503280,0,14865.63,20,14,104,128,93975.2,935,18,0,0,190230,239322,0,0,0,246736,1396408,28,369696,0,0,P1WvyxLp3Z,RO12,taul,1K8T,ssAy,b4AviRg,YQcPlrpk3WNO0,E7Do,9_Y1,vzJD,VpdQ,IYzP,me75fM6ugJ,kIsH,uKAI,L84s,NhsEn4L,mAja5EA,u6MK,cJvF,FzaX,KNX8yXf,oslk,PYurS2Y,LM8l689qOp,xb3V,RAYp,F2FyR07IdsN7I
0,665,7,360,152,190,48,186.64,0,4506078,0,0.07626575,9,98,84,1382400,0,168113.4,20,6,40,16,76329.2,625,72,12060,0,2826490,1036800,5490,0,18,0,10273680,22,1291872,0,0,wRXmfo875g,X2uI6IsGev,taul,1K8T,TyGl,fqeOwLG,nQUveAzAF7,5tEs,9_Y1,wGwL,VpdQ,kxE9,7M47J5GA0pTYIFxg5uy,kIsH,uKAI,L84s,leSl,XTbWNnD,MWXY,cJvF,FzaX,fxJmel6,QKW8DRm,WfsWw2A,LM8l689qOp,wX53,ZI9m,F2FcTt7IdMT_v
0,1176,7,1144,112,140,24,401.36,0,7194600,0,6.017518,9,48,749,1464584,0,136498.8,25,0,16,24,352281.6,505,84,37683,0,541230,290194,530,0,18,0,8270080,6,0,0,0,O8Zr4Rdc_a,RO12,taul,1K8T,lK27,B9C_VFS,z5GWm5o216,DoK8,9_Y1,em8I,09_Q,IYzP,me75fM6ugJ,kIsH,g5HH,L84s,NhsEn4L,mAja5EA,AMFx,cJvF,FzaX,ylC3DH0,oslk,kiBhOcm,LM8l689qOp,me1d,RAYp,F2FyR07IdsN7I
0,3577,7,12,416,520,160,181.12,0,931344,0,1.80282,36,52,0,1296744,0,22826.94,30,18,104,104,51897.2,1655,126,333,0,1357335,272344,15,0,0,141792,3523476,70,731766,0,0,75lq9ayfAo,RO12,taul,1K8T,hAOr,mhknt93,1kxx15H,E_sw,9_Y1,F_Lu,VpdQ,IYzP,me75fM6ugJ,kIsH,uKAI,L84s,NhsEn4L,mAja5EA,hw6m,UYBR,FzaX,WWmfR8o,oslk,c4R2fT4,LM8l689qOp,TNEC,RAYp,F2FyR07IdsN7I
0,1337,7,4212,176,220,48,166.56,0,15162,0,5.198675,63,66,98,827504,0,46676.4,0,10,40,56,130805.6,735,12,18837,0,4363000,199814,305,0,0,468888,4603480,48,434382,0,0,dRaq9ayE15,RO12,taul,1K8T,z32l,6SycSKu,xunBDW1,FlVq,9_Y1,QBpP,VpdQ,IYzP,me75fM6ugJ,kIsH,uKAI,L84s,NhsEn4L,mAjbk_S,VYv2,cJvF,FzaX,vz9fSEp,oslk,CW6RDbC,LM8l689qOp,7P5s,RAYp,F2FyR07IdsN7I
0,168,0,0,184,230,32,20.08,0,6979740,0,3.732749,9,14,0,1322232,0,164035.8,25,2,64,48,147063.2,380,102,0,0,3004440,413400,0,0,0,2226,10479960,26,518400,0,0,qXhrEy7VR2,RO12,taul,1K8T,TyGl,AKGnmrh,WjMnLuH,fltI,9_Y1,H9GL,sJzTlal,IYzP,me75fM6ugJ,kIsH,uKAI,L84s,NhsEn4L,7WwwAA_,dd7G,cJvF,FzaX,9Z9fc8E,oslk,GDJEVJ2,LM8l689qOp,Aoh3,RAYp,F2FyR07IdsN7I
0,1715,7,16,228,285,160,133.68,0,386508,0,6.274301,9,58,7,1084512,0,43784.4,45,14,112,56,-38863.72,840,60,46890,0,127495,834868,80,0,0,722190,3472392,8,1015260,0,0,Qu0qrQKzJV,RO12,taul,1K8T,487l,6CXYbuk,qTSb2LVw7n,WR_p,9_Y1,15m3,VpdQ,IYzP,Kxdu,kIsH,uKAI,L84s,9pUnzWLbztKTo,TDc92TK,nvAG,UYBR,FzaX,ROeipLp,zCkv,K2SqEo9,jySVZNlOJy,FSa2,6fzt,am14IcfM7tWLrUmRT52KtA
0,126,0,0,152,190,24,320.4,0,2227296,0,5.75518,9,16,0,5529600,0,223858.5,5,0,32,64,5287.16,350,54,0,0,6229050,461482,0,0,0,604800,10309360,34,0,0,0,euOBcmz45j,e6CkoqApVR,taul,1K8T,KqYs,9GJGgoz,C_uQoStwYE,Q_4p,9_Y1,WGOH,sJzTlal,IYzP,Kxdu,kIsH,uKAI,L84s,FMSzZ91zL2,mAjdzWk,QVAb,cJvF,FzaX,Tvpip6Z,zCkv,hHJsvbM,LM8l689qOp,Qcbd,6fzt,F2FcTt7IdMT_v
0,3241,7,860,164,205,16,424.56,5,5031282,0,0.9993591,45,162,0,3529288,0,51998.7,15,0,40,56,25598.84,655,78,33633,8,4521525,38228,390,0,27,63882,9719240,32,0,0,0,a4vrEy7Rm6,2Knk1KF,taul,1K8T,IvdZ,20dhIvr,etM739XNbCmUu,PupZ,9_Y1,X8zP,VpdQ,hzlB,me75fM6ugJ,kIsH,7A3j,L84s,XfqtO3UdzaXh_,XTbPUYD,7GLv,UYBR,FzaX,A7VmFX7,oslk,_vBCqEp,LM8l689qOp,Aoh3,RAYp,TCU50_Yjmm6GIBZ0lL_
0,721,7,2428,124,155,8,253.52,0,11271780,0,0.9880368,9,120,280,0,0,78586.5,40,0,32,0,292526.8,505,132,6147,0,0,141056,1935,0,27,0,10561440,0,0,0,0,J9Vr4RQZiT,2Knk1KF,taul,1K8T,0Xwj,5Q3tpNj,IoHCTe99VL,9tuc,HLqf,mTeA,09_Q,giwq,me75fM6ugJ,sBgB,uKAI,L84s,h0lfDKh52u4GP,IoI4mKe,k1WY,UYBR,qxDb,lRbL1fY,oslk,SGSfeJ_,jySVZNlOJy,FSa2,RAYp,55YFVY9
0,469,0,0,332,415,160,220.08,0,4636236,0,1.792779,9,24,0,899616,0,104110.5,20,6,40,16,285867.2,1090,240,0,0,1907540,1646222,0,0,9,0,10531360,28,1555200,0,0,qFpmfo8zhV,RO12,taul,1K8T,487l,VWnXzAw,VJNS,ITft,9_Y1,6Kw9,09_Q,zm5i,me75fM6ugJ,kIsH,uKAI,L84s,NhsEn4L,kZJtVhC,LJRr,UYBR,FzaX,2WbYjZW,oslk,p2sz20V,LM8l689qOp,3Cy4,RAYp,F2FyR07IdsN7I
0,350,7,20,112,140,8,508.24,0,970956,0,6.853236,9,78,21,2765696,0,33939.9,5,0,0,8,187644.4,170,12,1125,0,5318850,845332,575,0,18,0,10366320,46,0,0,0,NESt0G8EIb,RO12,taul,1K8T,TyGl,mMEMUDL,77iN0JezpF,XLMD,9_Y1,e7QV,09_Q,IYzP,me75fM6ugJ,kIsH,uKAI,L84s,NhsEn4L,kZJs2nh,5LG7,cJvF,FzaX,TIB8hdx,oslk,u4_Rusu,jySVZNlOJy,fKCe,RAYp,F2FyR07IdsN7I
0,1008,14,3644,156,195,32,220.08,0,7660860,0,0.001922666,27,156,0,3087120,0,185035.8,10,0,32,56,98863.2,585,96,41346,0,3643150,70854,1890,0,9,0,10462760,20,0,0,0,639TmBQxul,2Knk1KF,taul,1K8T,JLbT,rPAblEW,bAyJC1anwc,Gkql,9_Y1,TjV7,sJzTlal,sYC_,me75fM6ugJ,kIsH,uKAI,L84s,NhsEn4L,teAyFc5,c5Fq,UYBR,FzaX,bEm38SL,oslk,serQJQm,LM8l689qOp,FSa2,RAYp,TCU50_Yjmm6GIBZ0lL_
0,735,7,4,124,155,40,258.16,0,4007196,0,2.8558,9,50,0,1900848,0,213566.7,10,4,24,24,7838.16,515,54,73269,0,3960100,792020,10,0,0,554414,9641240,20,950424,0,0,1PnZptzip9,RO12,taul,1K8T,OY2L,wEY7Jcz,V4EEkD4AAZ,Oryy,9_Y1,t_4G,sJzTlal,IYzP,me75fM6ugJ,kIsH,uKAI,Mtgm,NhsEn4L,mAja5EA,t89X,UYBR,AU8_WTd,ncuRoKG,oslk,aK_wS9i,jySVZNlOJy,Qu4f,RAYp,F2FyR07IdsN7I
0,1351,7,40,140,175,128,166.56,0,0,0,2.427686,18,50,91,856208,0,36210.3,0,6,64,88,336441.6,350,0,153891,0,76830,131412,1115,0,0,66941,1009040,10,384972,0,0,dukmfo8zhV,RO12,taul,1K8T,lK27,jX5lhSa,glRBFJT8NN,UPi7,9_Y1,Bw19,VpdQ,IYzP,me75fM6ugJ,kIsH,uKAI,L84s,NhsEn4L,TDcECyH,AgjC,cJvF,FzaX,WEga9N8,oslk,NbpRb9q,LM8l689qOp,wX53,RAYp,F2FyR07IdsN7I
0,574,14,4032,32,40,0,186.64,0,2018604,0,5.819697,45,122,28,12563840,0,151605.9,0,0,8,24,-348724.8,395,12,12519,0,957655,0,600,0,27,0,8393800,6,0,0,0,dRagUHXM47,g62hiBSaKg,taul,1K8T,pE9z,fhk21Ss,LJF4fPp,k3UK,9_Y1,fTh6,VpdQ,hAFG,7M47J5GA0pTYIFxg5uy,kIsH,uKAI,L84s,4kVnq_T26xq1p,pMW8WKP,LMpQ,cJvF,FzaX,4UxGlow,zCkv,catzS2D,LM8l689qOp,453m,ZI9m,ib5G6X1eUxUn6
0,1596,28,12916,80,100,144,166.56,0,0,0,4.429182,45,184,532,6848,0,13264.26,5,0,0,8,-84292.8,290,0,57717,0,0,275170,3100,0,36,0,560868,0,0,0,0,DQlgUH7IEC,g62hiBSaKg,taul,1K8T,JLbT,fhk21Ss,4hMlgkf58mhwh,S9Xm,9_Y1,m_h1,VpdQ,y6dw,7M47J5GA0pTYIFxg5uy,kIsH,uKAI,L84s,QsQAxv5,KqjecMy,uIMq,UYBR,FzaX,4UxGlow,QKW8DRm,catzS2D,LM8l689qOp,WqMG,ZI9m,ib5G6X1eUxUn6
0,1568,7,7012,212,265,88,206.72,5,4180206,0,4.487289,9,96,161,189344,0,57093.9,30,0,24,16,-228791.6,1140,72,138024,8,2661880,637764,4150,0,27,0,7697000,44,0,0,0,bt0mfo875g,RO12,taul,1K8T,QQSE,AKG5V1L,0ZlStaN,v8Ke,9_Y1,iZJp,VpdQ,sYC_,me75fM6ugJ,kIsH,uKAI,L84s,NhsEn4L,beK4AFX,vuRu,cJvF,FzaX,R4h87dl,oslk,kPEzrB7,LM8l689qOp,3Cy4,RAYp,F2FyR07IdsN7I
0,938,7,2396,164,205,72,99.68,0,4068,0,6.76458,9,90,28,85304,0,4089.78,5,14,112,88,22888,545,6,178380,0,77880,19450,2070,0,9,7315,261500,24,128742,0,0,DHevyx7IEC,RO12,taul,1K8T,lK27,48_pXKQ,MXlhT5l,PrFl,9_Y1,YGOC,sJzTlal,haYg,me75fM6ugJ,kIsH,uKAI,L84s,XfqtO3UdzaXh_,11p4mKe,r04p,cJvF,FzaX,ekOjbzC,oslk,pDVaXbj,LM8l689qOp,szEZ,RAYp,F2FyR07IdsN7I
0,917,7,312,148,185,32,220.08,5,7106340,0,2.732963,9,42,196,1393448,0,201479.7,20,4,40,32,30043.28,545,90,46629,8,2346320,644484,8835,0,9,0,10655680,16,1036800,0,0,HrWq9aXt5a,RO12,taul,1K8T,4fje,b2zbY3_,e1XhvTunuD,gaWR,9_Y1,Y9Bl,VpdQ,IYzP,me75fM6ugJ,kIsH,uKAI,Mtgm,NhsEn4L,mAjbk_S,d5ve,cJvF,FzaX,2Wb19U9,oslk,SQ6wBif,LM8l689qOp,uWr3,RAYp,F2FyR07IdsN7I
0,322,0,0,160,200,32,253.52,0,3801696,0,4.647939,9,18,0,1267232,0,137906.4,40,10,48,16,257768.8,845,48,0,0,4639300,336590,0,0,0,554414,10677680,26,2045070,0,0,HAoOj1KXzC,RO12,taul,1K8T,0Y9G,pro8v8X,e1XhvTunuD,Kk5g,9_Y1,ID5l,VpdQ,IYzP,me75fM6ugJ,kIsH,uKAI,L84s,NhsEn4L,cUQXfGp,NLlG,cJvF,FzaX,meWVy8V,oslk,DQ3u3MC,LM8l689qOp,kwS7,RAYp,F2FyR07IdsN7I
0,3031,7,6392,460,575,256,166.56,0,19710,0,5.867977,9,58,28,1350768,0,8489.49,5,40,104,144,92739.6,1980,36,9630,0,1062965,291732,6080,0,0,491603,2536612,76,615510,0,0,dRaq9ayE15,RO12,taul,1K8T,yYar,aoAMutf,9UgkRNfwlh,3mel,9_Y1,QBpP,VpdQ,IYzP,me75fM6ugJ,kIsH,uKAI,L84s,NhsEn4L,mAjbk_S,XeAd,cJvF,FzaX,N0iD5lR,oslk,G8m0_1Y,LM8l689qOp,7P5s,RAYp,F2FyR07IdsN7I
0,105,0,0,52,65,16,262.96,0,1808958,0,1.784661,9,14,0,13999840,0,193739.7,0,0,24,32,-26819.44,260,12,0,0,1242895,298824,0,0,0,4127662,9797880,10,0,0,0,py5rEyXktW,RO12,taul,1K8T,lK27,7nPy3El,V_KvNzO,MRgj,9_Y1,SkZj,VpdQ,IYzP,me75fM6ugJ,kIsH,uKAI,L84s,NhsEn4L,NGZxnJM,ZVPt,cJvF,FzaX,3JmRJnY,oslk,EROH7Cg,LM8l689qOp,Aoh3,RAYp,F2FyR07IdsN7I
0,392,14,272,72,90,16,200,0,0,0,2.098697,27,60,28,71272,0,7896.6,0,4,24,32,33161.28,295,0,41013,0,152160,13378,2305,0,0,33355,201616,20,26244,0,0,gOyq9ayE15,RO12,taul,1K8T,yYar,6SycSKu,LWyxgtXeJL,7bQH,9_Y1,QBpP,VpdQ,IYzP,me75fM6ugJ,kIsH,uKAI,L84s,NhsEn4L,mAjbk_S,gmxR,cJvF,FzaX,vz9fSEp,oslk,CW6RDbC,LM8l689qOp,7P5s,RAYp,F2FyR07IdsN7I
0,2576,7,28,248,310,40,20.08,5,5091738,0,0.07818842,9,146,364,2988944,12,62034.3,20,2,120,120,85483.6,1645,72,15444,40,4822210,278312,1345,0,9,816214,10094360,50,181212,0,0,Ie5gUH7IEC,5QKIjwyXr4MCZTEp7uAkS8PtBLcn,taul,1K8T,lK27,fqeOwLG,9YuFlLzSEv,PhgR,9_Y1,m_h1,VpdQ,zm5i,7M47J5GA0pTYIFxg5uy,kIsH,uKAI,Mtgm,Yp0FSqmQ6uX0MidJVtxn3DSSj,beKRNOf,lRxw,UYBR,FzaX,fxJmel6,zCkv,WfsWw2A,LM8l689qOp,WqMG,ZI9m,iyHGyLCEkQ
0,1925,7,240,368,460,168,133.76,0,24018,0,6.916685,18,46,91,527832,0,6084.45,10,26,120,216,-1789332,1025,24,4932,0,269775,118382,2055,0,0,82509,848912,50,144888,0,0,CxSr4RXktW,RO12,taul,1K8T,TyGl,kJ1ERUT,II0S8f9,qWaB,9_Y1,Albh,VpdQ,IYzP,7M47J5GA0pTYIFxg5uy,kIsH,uKAI,Mtgm,leSl,teA09W3,vXbB,cJvF,wwPEXoilkr,MMTJrCp,QKW8DRm,Rkj9jvX,LM8l689qOp,Xa3G,vJ_w8kB,WfJ2BB2SFSqauljlfOB
0,1967,7,180,368,460,192,166.56,0,17538,0,4.649434,9,56,35,534144,0,8126.19,20,26,104,80,121438.4,1670,12,4347,0,919815,111048,2160,0,0,296618,1408896,78,224250,0,0,oBXTmBtFkL,RO12,taul,1K8T,F9g8,jfP4Shd,ELRUn57,et5n,9_Y1,c2JP,VpdQ,IYzP,me75fM6ugJ,kIsH,uKAI,L84s,NhsEn4L,mAjbk_S,pv4R,UYBR,FzaX,yBuQKBt,oslk,XQvKSaP,LM8l689qOp,rgKb,RAYp,F2FyR07IdsN7I
0,5390,14,1880,228,285,72,320.4,0,7359000,0,0.4242683,18,222,238,3007584,3,22606.05,25,8,48,40,156071.6,1810,96,78021,8,3021365,165012,7380,0,27,55202,10686280,36,150258,0,0,_v2vyx7IEC,2Knk1KF,CiJDdr4TQ0rGERIS,1K8T,SzjZ,fhk21Ss,qj0Nsa9Jb2VD8FHm,JBLx,9_Y1,qaiO,09_Q,oZyB,7M47J5GA0pTYIFxg5uy,kIsH,uKAI,L84s,MeOIHRG3F9,LQc2n6a,u9sR,cJvF,FzaX,4UxGlow,zCkv,catzS2D,LM8l689qOp,szEZ,ZI9m,VjDE
0,238,0,0,36,45,0,254.64,0,4217022,0,1.337535,9,22,0,8090480,0,234161.7,0,0,0,16,225511.6,265,18,0,0,4370675,0,0,0,9,0,10353120,8,0,0,0,2jirEyXktW,RO12,taul,1K8T,lK27,I0Kp6vu,9YuFlLzSEv,Wpx3,9_Y1,SkZj,VpdQ,zm5i,me75fM6ugJ,kIsH,uKAI,Mtgm,NhsEn4L,mAja5EA,K6CO,cJvF,FzaX,3t16s0w,oslk,4htqjwa,LM8l689qOp,Aoh3,RAYp,F2FyR07IdsN7I
0,861,7,168,208,260,80,347.92,0,2435772,0,0.8376415,9,114,28,160376,9,14948.82,5,4,40,128,-619392,580,18,21987,40,1675180,100810,2635,0,9,14637,4256560,40,14322,0,14,avkq9ayfAo,RO12,taul,1K8T,z32l,iJzviRg,MSmOHlx,ZMoo,9_Y1,vm5R,09_Q,hAFG,7M47J5GA0pTYIFxg5uy,kIsH,uKAI,L84s,9fipLB8rlL,jawFd4d,3HqK,cJvF,FzaX,ch2oGfM,zCkv,P6pu4Vl,LM8l689qOp,7P5s,ZI9m,R4y5gQQWY8OodqDV
0,3654,7,980,664,830,168,320.4,0,4395768,0,3.640461,18,36,0,2091416,0,37054.5,60,22,176,192,90753.2,2835,102,2205,0,4240155,472286,120,0,9,527870,10640240,162,372444,0,0,1YVgUHXZeb,RO12,taul,1K8T,0Xwj,mBr7wZ4,GaiUdPAZp_,qyCs,F3hy,LqKm,VpdQ,IYzP,me75fM6ugJ,kIsH,uKAI,L84s,NhsEn4L,cUQdHad,4_kv,UYBR,FzaX,_oSv10k,oslk,kK6wBif,LM8l689qOp,453m,RAYp,0pzBWGkV3fbsGZN52DH
0,3038,7,8020,1348,1685,840,322.16,0,4410150,0,6.778039,9,56,35,3663288,0,21809.31,180,6,416,384,296765.6,2550,336,414,0,3331265,850810,4215,0,9,0,9752280,178,469578,0,0,zcROj17IEC,RO12,taul,1K8T,TyGl,9LEbiah,t187Re3NhK,IXTB,9_Y1,iVbl,VpdQ,IYzP,me75fM6ugJ,kIsH,uKAI,L84s,NhsEn4L,mAjbk_S,fLFB,cJvF,FzaX,Q5BOZ4E,oslk,Pbo79_c,LM8l689qOp,7aLG,RAYp,F2FyR07IdsN7I
0,777,14,18276,184,230,16,220.08,0,1032702,0,6.569323,27,260,427,1921224,0,57466.5,25,2,48,40,-335557.2,525,24,360,0,4536925,21552,9470,0,36,0,7253400,58,491274,0,0,uGLq9ayE15,TW8dXluYzKpktZjuY8kSPBaZa,LfvqpCtLOY,1K8T,WkTj,fhk21Ss,Hz673939hSRjL,pfES,9_Y1,000J,VpdQ,y6dw,7M47J5GA0pTYIFxg5uy,kIsH,uKAI,L84s,_5OXC8MSLt,LxWhDOK,nEpu,cJvF,FzaX,4UxGlow,oslk,catzS2D,jySVZNlOJy,7P5s,ZI9m,VjDE
0,1666,7,1940,348,435,152,166.56,0,838326,0,6.640675,9,82,266,481496,0,33557.4,5,14,40,64,223093.2,1300,66,25380,0,1119485,331138,22440,0,0,490868,3126364,82,1004616,0,0,jg6vyxLkBI,RO12,taul,1K8T,0Xwj,ka_ns41,hOpMh7dRpW,_9ol,F3hy,FbIm,sJzTlal,sYC_,me75fM6ugJ,kIsH,uKAI,L84s,NhsEn4L,kq0aHkC,H4an,UYBR,FzaX,1YVfGrO,oslk,fXVEsaq,LM8l689qOp,xb3V,RAYp,F2FyR07IdsN7I
0,805,7,120,152,190,88,292.8,0,4122822,0,3.288827,18,80,0,0,0,210741.9,25,8,32,0,155130.4,620,60,20529,0,787965,1900800,570,0,9,0,10290920,16,2073600,0,0,DQlgUH7IEC,RO12,taul,1K8T,487l,fLzAmkt,3clyC8L,Bjqa,9_Y1,m_h1,VpdQ,IYzP,me75fM6ugJ,kIsH,uKAI,L84s,NhsEn4L,mAjbk_S,4NVc,cJvF,FzaX,TE7NqhB,oslk,7_Nj7qz,LM8l689qOp,WqMG,RAYp,F2FyR07IdsN7I
0,4242,7,2016,140,175,104,200,0,1313490,0,6.458663,9,214,0,95800,0,19937.25,5,14,24,8,158304,525,42,5931,0,492785,1182472,850,0,63,605059,4996840,12,1926930,0,0,vNEvyxLp3Z,AERks4l,CiJDdr4TQ0rGERIS,1K8T,TyGl,fhk21Ss,msIqHk8toE,wYph,9_Y1,_r21,VpdQ,oZyB,7M47J5GA0pTYIFxg5uy,kIsH,uKAI,L84s,_5OXC8MSLt,LxWMK5e,_kG3,cJvF,FzaX,4UxGlow,oslk,catzS2D,jySVZNlOJy,xb3V,ZI9m,VjDE
0,749,7,1396,120,150,0,273.6,0,0,0,4.309122,9,62,203,6159520,0,232417.2,0,0,32,72,81570.4,410,0,25227,0,9072000,0,615,0,0,0,10337360,42,0,0,0,oBXrjIQq3d,RO12,taul,1K8T,PGNs,f_orkF8,n2YfB05aPZ,kWfE,9_Y1,RVjC,sJzTlal,IYzP,me75fM6ugJ,kIsH,uKAI,L84s,NhsEn4L,mAja5EA,4a9J,UYBR,FzaX,tHIv48t,oslk,WCNAgOW,M_8D,FSa2,RAYp,F2FyR07IdsN7I
0,77,0,0,24,30,16,560.96,0,0,0,2.461867,18,18,0,4838400,0,460116,5,2,8,8,185400,190,0,0,0,1744240,1609260,0,0,0,0,10599680,2,3628800,0,0,DHeTmBftjz,RO12,taul,1K8T,JLbT,pro8v8X,y2LIM01bE1,Dyax,9_Y1,Z5OU,09_Q,IYzP,me75fM6ugJ,kIsH,uKAI,Mtgm,NhsEn4L,mAja5EA,NUGF,cJvF,FzaX,meWVy8V,oslk,DQ3u3MC,LM8l689qOp,Qu4f,RAYp,F2FyR07IdsN7I
0,987,7,3100,164,205,48,323.2,0,6134820,0,1.739799,9,32,0,1944216,0,91593.3,30,2,40,32,178594,1430,90,4635,0,2800760,756648,1475,0,0,125468,10702440,18,171060,0,0,DHeTmBftjz,RO12,taul,1K8T,ujBx,R4C9W2K,GHfL3MpXAX,IEDl,9_Y1,4N0K,VpdQ,IYzP,me75fM6ugJ,kIsH,uKAI,Mtgm,NhsEn4L,mAjbk_S,7CKw,cJvF,FzaX,zqsvdH_,oslk,jhrTQlu,LM8l689qOp,Qu4f,RAYp,F2FyR07IdsN7I
0,882,7,1912,140,175,32,267.68,10,1866078,0,3.060244,18,104,98,2715072,9,173256.6,20,0,8,48,-136761.6,560,66,135513,48,1027400,94796,4655,0,18,0,8976520,20,0,0,7,KXMrEyXXnK,RO12,taul,1K8T,GYbZ,wGQJeCE,Tg7jjBB,1JYW,9_Y1,H1uM,VpdQ,sYC_,me75fM6ugJ,kIsH,uKAI,L84s,NhsEn4L,beK4AFX,YSt7,cJvF,FzaX,dpuv1FD,oslk,o6f7A2G,LM8l689qOp,Aoh3,RAYp,F2FyR07IdsN7I
0,3066,14,3160,344,430,192,555.04,0,918468,0,4.371288,36,110,84,1701104,0,32734.5,10,22,112,88,-75814,1255,84,8883,8,3003925,849338,1655,0,18,570066,6035320,48,388518,0,7,bt0mfo875g,w9ygS99Qp_,taul,1K8T,ssAy,WrsoVpj,GVWDufEPyV,Nrga,9_Y1,wGwL,VpdQ,6JmL,DHn_WUyBhW_whjA88g9bvA64_,kIsH,uKAI,L84s,CrNX,AuSBTw7,4ikD,cJvF,qxDb,Yhddikq,d0EEeJi,GvCDCuJ,LM8l689qOp,wX53,nIGXDli,R4y5gQQWY8OodqDV
0,91,0,0,104,130,40,253.52,0,2276508,0,1.18479,18,16,0,1061648,0,163689.6,5,0,32,40,-698028,290,30,0,0,1053320,363838,0,0,0,18543,3964428,20,0,0,0,EsYq9aX0Db,RO12,taul,1K8T,TyGl,gRirkF8,Q50Ydp0,Yrkx,9_Y1,Y9Bl,VpdQ,IYzP,me75fM6ugJ,kIsH,uKAI,L84s,NhsEn4L,kZJtVhC,FJFO,UYBR,FzaX,vcuv48t,oslk,OTXAgOW,LM8l689qOp,uWr3,RAYp,F2FyR07IdsN7I
0,1372,7,1500,268,335,120,153.2,0,4350,0,0.2734458,9,74,91,238992,0,3113.64,5,12,32,88,37033.56,905,18,17172,0,142435,35134,855,0,9,29330,332392,62,32934,0,0,lAFr4RQZiT,RO12,LfvqpCtLOY,1K8T,kNzO,tAqnaaX,26ys3iG1yb,MMa_,9_Y1,z5Ry,VpdQ,kxE9,me75fM6ugJ,kIsH,uKAI,L84s,XfqtO3UdzaXh_,11p4mKe,Cuc3,UYBR,tdJW_Pm,B0LYjZW,oslk,4YxEVaf,bCPvVye,FSa2,RAYp,F2FyR07IdsN7I
0,28,0,0,192,240,200,341.68,5,1077402,0,4.339457,9,12,0,53448,3,43558.8,10,2,24,8,-483652,240,42,0,16,1128775,183192,0,0,0,46767,2787756,24,232476,0,0,cFHt0GoOh3,RO12,taul,1K8T,wGW5,PyedCkq,msIqHk8toE,1kDC,9_Y1,C7DI,VpdQ,IYzP,me75fM6ugJ,kIsH,uKAI,L84s,NhsEn4L,mAja5EA,haGv,cJvF,FzaX,WEg6s0w,oslk,OqvQguc,LM8l689qOp,Qu4f,RAYp,F2FyR07IdsN7I
0,826,7,72,124,155,96,286.96,0,136710,0,4.702628,9,50,0,2764800,0,211135.5,0,8,32,32,110929.6,585,6,251955,0,4320000,2073600,1325,0,0,0,10459160,20,2073606,0,0,UCDvyx8zhV,RO12,taul,1K8T,TyGl,rs9DzCB,MSmOHlx,oYuU,9_Y1,MBhA,09_Q,IYzP,me75fM6ugJ,kIsH,uKAI,L84s,NhsEn4L,mAja5EA,5smi,UYBR,FzaX,Y2CVuBv,oslk,UdQqPCU,jySVZNlOJy,WqMG,RAYp,F2FyR07IdsN7I
0,5327,35,516,748,935,432,166.56,0,78660,0,1.26896,45,88,49,464344,0,4339.47,45,32,168,360,94416.8,2520,66,819,0,317125,110986,405,0,9,103061,933032,104,160644,0,0,npOt0G8EIb,eSGpMwS8zSGgq_trOpckZ5,taul,1K8T,2Ix5,uWdKL9a,76j2P_OLn0,HS1v,9_Y1,k13i,VpdQ,hAFG,GjJ35utlTa_GNSvxxpb9ju,kIsH,uKAI,L84s,UbxQ8lZ,beKAhVm,rVRa,UYBR,FzaX,kZktAB9,Al6ZaUT,oHA3qNE,LM8l689qOp,fKCe,02N6s8f,R4y5gQQWY8OodqDV
0,707,7,424,32,40,24,286.96,0,7257600,0,0.4029054,18,32,203,118288,0,217512.9,0,0,8,8,428712,390,12,17127,0,765360,2634560,65,0,18,0,10778960,4,0,0,0,dRaTmBfHUn,RO12,taul,1K8T,ssAy,ApX1U9m,xfCADclfin,98Q2,9_Y1,4N0K,VpdQ,zm5i,me75fM6ugJ,kIsH,uKAI,L84s,NhsEn4L,mAjbk_S,FGrW,cJvF,FzaX,_McsTJ7,oslk,Bfv8e0L,LM8l689qOp,Qu4f,RAYp,F2FyR07IdsN7I
0,308,0,0,428,535,192,309.2,0,2087844,0,0.9453109,18,50,0,5924048,0,96947.7,130,6,16,64,28114.28,770,198,180,0,4601515,124942,0,0,9,0,9843640,26,2062602,0,0,CxSr4RXktW,RO12,taul,1K8T,0Xwj,cmPXOhW,ZkibjLN5VwJ2V,zuv2,HLqf,Zazx,VpdQ,IYzP,me75fM6ugJ,sBgB,uKAI,L84s,NhsEn4L,TDcECyH,WMli,UYBR,FzaX,tjWYlW4,oslk,T_gzrB7,LM8l689qOp,Xa3G,RAYp,F2FyR07IdsN7I
0,322,7,184,124,155,0,240.56,0,4449522,0,1.211707,27,144,1456,2764800,0,108576.3,20,2,40,32,103304.4,265,54,64530,0,5616000,0,40,0,27,232827,10357000,26,199566,0,0,M5vt0Gdc_a,2Knk1KF,taul,1K8T,4fje,wrRuXRS,nQU6heaGVk,9xzW,9_Y1,cyKH,09_Q,sYC_,me75fM6ugJ,kIsH,g5HH,L84s,XfqtO3UdzaXh_,11p4mKe,t3be,cJvF,FzaX,dNs0Q3K,oslk,4wZOTZB,LM8l689qOp,me1d,RAYp,55YFVY9
0,287,0,0,172,215,40,220.08,0,5000760,0,3.388806,9,18,0,801984,0,124737.3,50,4,48,24,1570420,870,84,0,0,4030905,753862,0,0,0,381654,9379520,18,911676,0,0,AUUt0GoOh3,RO12,taul,1K8T,7gSz,rsmctTK,GHfL3MpXAX,aFB2,9_Y1,t_4G,VpdQ,IYzP,me75fM6ugJ,kIsH,uKAI,L84s,NhsEn4L,mAja5EA,Gw1T,cJvF,FzaX,Kgofc8E,oslk,S46Rt72,LM8l689qOp,Qu4f,RAYp,F2FyR07IdsN7I
0,2170,7,2356,504,630,376,0,5,0,9,4.912625,18,38,441,357872,3,9306.78,10,32,144,168,110087.6,1485,0,18216,24,423020,283210,605,0,0,191625,1434792,80,484194,0,0,Iskvyx875g,RO12,taul,1K8T,72yt,0Vr7wZ4,4hMlgkf58mhwh,CYGG,9_Y1,QMes,VpdQ,IYzP,Kxdu,kIsH,uKAI,L84s,FMSzZ91zL2,kq0IHVu,Yz5N,cJvF,FzaX,XbZitea,zCkv,DHPNgqU,LM8l689qOp,WqMG,6fzt,SbOd7O8ky1wGNxp0Arj0Xs
0,658,7,1708,84,105,24,176.56,0,53670,0,5.026704,9,122,21,156312,0,11405.61,5,4,16,24,-85378,460,24,44847,0,140610,16482,2830,0,27,55930,286068,16,35286,0,0,wRXmfo875g,2Knk1KF,taul,1K8T,QQSE,MNwM9_c,k10MzgT,IKgo,9_Y1,gnEy,VpdQ,hAFG,me75fM6ugJ,kIsH,uKAI,L84s,XfqtO3UdzaXh_,11p4mKe,9Sbo,cJvF,FzaX,0MQv48t,oslk,d0BOtEt,LM8l689qOp,3Cy4,RAYp,55YFVY9
0,154,0,0,104,130,64,257.6,0,1900824,0,1.343944,9,18,0,1267216,0,195576.6,20,2,24,16,-136782,435,24,0,0,1850235,796008,0,0,0,0,6557040,14,475206,0,0,DHeTmBftjz,RO12,taul,1K8T,LFM_,R4C9W2K,EXpWEXgaYpMJ7,E4f_,9_Y1,4N0K,VpdQ,IYzP,me75fM6ugJ,kIsH,uKAI,L84s,NhsEn4L,NGZxnJM,6nGP,cJvF,FzaX,zqsvdH_,oslk,jhrTQlu,LM8l689qOp,Qu4f,RAYp,F2FyR07IdsN7I
0,1400,0,2036,136,170,16,220.08,0,7849380,0,1.000641,9,106,7,2073600,0,108886.8,30,2,40,24,325391.6,640,102,0,0,1557200,202520,0,0,27,0,10140160,10,219048,0,0,639r4RK2Mx,RO12,taul,1K8T,JLbT,kJ1ERUT,ELRUn57,K0pi,9_Y1,DtNL,VpdQ,lVqb,7M47J5GA0pTYIFxg5uy,kIsH,uKAI,L84s,leSl,pMWGwrF,N_Ry,UYBR,FzaX,MMTJrCp,QKW8DRm,Rkj9jvX,LM8l689qOp,FSa2,vJ_w8kB,WfJ2BB2SFSqauljlfOB
0,987,7,596,144,180,72,266.88,0,0,0,5.337962,18,56,56,67352,0,6928.62,0,0,8,16,-3870.428,425,0,5850,0,159175,41508,95,0,0,52885,244032,50,0,0,0,DQlrEyXXnK,RO12,taul,1K8T,_Clr,cMj3aWy,WN2wUb0T0UKRa,B6Sx,9_Y1,SkZj,09_Q,IYzP,me75fM6ugJ,kIsH,uKAI,L84s,NhsEn4L,kq0n8Bj,PL66,cJvF,FzaX,hSo6hzI,oslk,qpSEKx8,LM8l689qOp,Aoh3,RAYp,F2FyR07IdsN7I
0,1582,7,1972,244,305,168,166.56,0,768396,0,1.546678,27,104,28,1133032,0,39911.4,0,18,72,96,-376935.6,805,54,126225,0,917725,656522,105,0,18,733446,3313452,20,281172,0,0,vAsvyx7ejg,RO12,taul,1K8T,7wJ6,T7cNGWG,msIqHk8toE,et0n,9_Y1,qaiO,VpdQ,6JmL,me75fM6ugJ,kIsH,uKAI,Mtgm,XfqtO3UdzaXh_,11p4mKe,FbT7,UYBR,wwPEXoilkr,ByIfGrO,oslk,Esw7qqc,LM8l689qOp,szEZ,RAYp,F2FyR07IdsN7I
0,126,0,0,136,170,48,194.16,5,3210534,9,0.412946,18,16,0,3168080,3,205530.9,10,4,32,40,265121.2,365,48,0,24,4356110,950424,0,0,9,1108828,10377360,22,950424,0,0,302Oj17IEC,RO12,taul,1K8T,lK27,xUTqnbN,Vxut6GdJbs,TSp6,9_Y1,iVbl,09_Q,43pnToF,me75fM6ugJ,kIsH,uKAI,L84s,NhsEn4L,mAja5EA,iERa,UYBR,FzaX,LwGVino,oslk,xYH_Q4n,LM8l689qOp,7aLG,RAYp,F2FyR07IdsN7I
0,1008,7,960,356,445,96,133.12,0,3148428,0,4.951933,18,110,182,613072,0,201087.3,155,30,288,104,-739092,680,60,94905,0,446745,1633188,340,0,9,361319,9132960,16,2348592,0,0,Mtpt0G8EIb,2Knk1KF,taul,1K8T,NF63,RZHR5DT,77iJmpaB0e,C7hg,9_Y1,k13i,09_Q,sYC_,me75fM6ugJ,kIsH,uKAI,L84s,NhsEn4L,beK4AFX,i9PO,cJvF,AU8_WTd,rLf8iqZ,oslk,bIUTy9x,jySVZNlOJy,fKCe,RAYp,55YFVY9
0,357,0,0,44,55,0,503.76,5,3881934,0,3.831233,9,26,0,4853200,0,215828.7,0,2,8,32,278945.6,375,12,0,8,5227700,0,0,0,18,0,11167600,8,2956308,0,0,voArjIXt5a,RO12,taul,z3mO,0Xwj,NwKnsla,767sa0XN9l,MwQe,F3hy,xQ2A,09_Q,zm5i,me75fM6ugJ,kIsH,uKAI,L84s,NhsEn4L,NGZXfGp,V9hg,cJvF,FzaX,ZV0mFX7,oslk,1E9D3Yd,LM8l689qOp,5Acm,RAYp,F2FyR07IdsN7I
0,903,7,216,148,185,56,253.52,0,3969834,0,2.511002,9,60,105,2534472,0,149254.8,15,4,32,32,354924,535,60,82017,0,4264780,844856,3515,0,36,554414,10301240,22,950424,0,0,crIt0Go8Lb,RO12,taul,1K8T,wGW5,1ucARMl,GHfL3MpXAX,uAJr,9_Y1,YePk,VpdQ,kxE9,me75fM6ugJ,kIsH,uKAI,L84s,XfqtO3UdzaXh_,XTbPUYD,X60x,cJvF,FzaX,QkcOZ4E,oslk,KOqA9vx,LM8l689qOp,Qu4f,RAYp,F2FyR07IdsN7I
0,742,7,76,96,120,0,310.88,10,7668360,0,0.6915189,18,60,7,0,0,221349.9,35,0,24,0,377935.2,405,90,33885,16,864000,0,195,0,18,0,8222640,4,0,0,0,dRarjIK12c,RO12,taul,1K8T,YVv3,BMnJ89M,r83_sZi,iIrG,9_Y1,7WNq,VpdQ,lVqb,me75fM6ugJ,kIsH,uKAI,Mtgm,XfqtO3UdzaXh_,11p4mKe,BB1g,cJvF,qxDb,8d5YWu3,oslk,sXbT3Cb,M_8D,WqMG,RAYp,F2FyR07IdsN7I
0,1162,7,104,228,285,128,93.76,0,2196,0,1.945097,18,220,98,75248,0,1094.691,0,12,136,184,-4543.28,735,12,891,0,11305,11850,235,0,18,18004,83688,20,17784,0,0,EsYrjIX0Db,vuPfq6YcbX,ev6I,1K8T,PbOJ,fhk21Ss,EXpWEXgaYpMJ7,c_SS,9_Y1,xQ2A,VpdQ,haYg,7M47J5GA0pTYIFxg5uy,kIsH,uKAI,L84s,TVE1uh4F_wOi_,LxWSJXE,gvA6,UYBR,FzaX,4UxGlow,zCkv,catzS2D,LM8l689qOp,5Acm,ZI9m,VjDE
0,1197,7,4888,192,240,56,200,0,58338,0,2.925016,18,150,147,3461624,0,110365.2,0,2,40,72,113666.8,715,12,16506,0,5999650,267714,340,0,27,1368500,7280960,58,264174,0,0,KXMgUH7IEC,bYmQ4nc,taul,1K8T,TyGl,fhk21Ss,_jTP8ioIlJ,HOYQ,9_Y1,1Bp0,VpdQ,haYg,7M47J5GA0pTYIFxg5uy,kIsH,uKAI,L84s,XfqtO3UdzaXh_,_JdcICD,PZ5I,cJvF,FzaX,4UxGlow,oslk,catzS2D,LM8l689qOp,WqMG,ZI9m,ib5G6X1eUxUn6
0,2002,7,2576,200,250,104,354.8,0,5808582,0,5.155522,9,44,70,1900848,0,82980.3,20,6,32,24,159585.6,880,90,46845,0,3912205,235176,440,0,9,554414,10640600,24,1425636,0,0,KXMrEyXXnK,RO12,taul,1K8T,JLbT,4bQly5F,o5WT5gy7iu,t19_,9_Y1,VwCR,VpdQ,Tkho,7M47J5GA0pTYIFxg5uy,kIsH,uKAI,L84s,NhsEn4L,uZLShZS,It1o,UYBR,FzaX,30WKvsy,z4pH,bvvVP29,LM8l689qOp,Aoh3,ZI9m,F2FyR07IdsN7I
0,1351,28,1800,164,205,32,335.92,0,5399826,0,2.742363,45,132,196,2166416,0,134438.4,15,6,32,40,115486,655,72,11268,0,4140430,489010,2330,0,27,1108863,10808720,28,1327218,0,0,AUUt0GoOh3,g62hiBSaKg,taul,1K8T,wGW5,fhk21Ss,V6XUlxabJ4VaD,yuCb,9_Y1,C7DI,VpdQ,haYg,7M47J5GA0pTYIFxg5uy,kIsH,uKAI,L84s,9fipLB8rlL,kZJjzeN,f615,cJvF,FzaX,4UxGlow,zCkv,catzS2D,LM8l689qOp,Qu4f,ZI9m,ib5G6X1eUxUn6
0,3213,7,760,496,620,456,206.72,0,0,0,1.744072,18,58,161,415584,0,10763.07,5,28,104,144,-5585.84,2020,0,27666,0,368340,334672,6030,0,0,248668,1434252,68,365646,0,0,P1WvyxLp3Z,RO12,taul,1K8T,JLbT,dWPlmqV,LGk3GNC3u14shA_j3Eb,Bvcn,9_Y1,FbIm,sJzTlal,IYzP,DHn_WUyBhW_whjA88g9bvA64_,kIsH,uKAI,L84s,CrNX,mAjbq_f,FCWA,UYBR,FzaX,UiCg0Xo,d0EEeJi,MU1n19J,LM8l689qOp,xb3V,nIGXDli,F2FyR07IdsN7I
0,511,0,0,136,170,8,319.44,5,4661022,0,5.566759,9,24,0,4147200,0,203624.7,15,0,32,48,133711.2,565,60,0,8,5616750,26368,0,0,9,0,10549160,28,0,0,0,639qrQK2Mx,RO12,taul,1K8T,kNzO,XReSIKn,hyiiSlH,2TeA,9_Y1,15m3,VpdQ,IYzP,me75fM6ugJ,kIsH,uKAI,L84s,NhsEn4L,NGZxnJM,vMQp,UYBR,FzaX,nJQ3Vb_,oslk,wtiQBym,LM8l689qOp,FSa2,RAYp,F2FyR07IdsN7I
0,1876,7,60,264,330,16,166.56,0,0,0,5.164495,9,90,7,1015040,0,19858.41,10,8,64,248,124653.6,1070,0,22896,0,1184090,988,30,0,0,123858,1906404,54,496752,0,0,_v2TmBftjz,RO12,taul,1K8T,LFM_,gNIgCYR,MXlhT5l,S3Ne,9_Y1,4N0K,09_Q,IYzP,me75fM6ugJ,kIsH,uKAI,L84s,NhsEn4L,mAjbk_S,NGkP,cJvF,FzaX,aD1vOIl,oslk,NnYzgmc,LM8l689qOp,Qu4f,RAYp,F2FyR07IdsN7I
0,777,7,336,212,265,144,233.44,0,7090800,0,6.109165,18,158,0,135288,0,173338.2,20,8,48,16,4491.72,670,90,19278,0,1815330,184928,130,0,18,117047,9242760,20,2024844,0,0,HrWq9aXt5a,2Knk1KF,taul,1K8T,L80O,fhk21Ss,I1sqWRxUAv,upfb,9_Y1,Y9Bl,09_Q,hAFG,7M47J5GA0pTYIFxg5uy,kIsH,uKAI,L84s,Ie_5MZs,CWNY2py,r_nT,cJvF,FzaX,4UxGlow,zCkv,catzS2D,LM8l689qOp,uWr3,ZI9m,TCU50_Yjmm6GIBZ0lL_
0,784,7,904,136,170,72,220.08,0,2973624,0,6.860927,18,34,0,721080,0,196116.9,10,8,40,16,51529.2,515,48,8379,0,3474020,1498386,390,0,9,604800,10039840,18,2073600,0,0,zKnr4RXktW,RO12,taul,1K8T,EJC9,6CXYbuk,k10MzgT,kJZ7,9_Y1,TFSW,VpdQ,zm5i,Kxdu,kIsH,uKAI,L84s,9pUnzWLbztKTo,mAjygUE,bXZb,cJvF,qxDb,ROeipLp,zCkv,K2SqEo9,jySVZNlOJy,Xa3G,6fzt,am14IcfM7tWLrUmRT52KtA
0,980,7,3188,144,180,72,279.04,0,4566396,0,4.140355,18,194,315,914632,0,177599.1,10,8,24,16,46978,535,60,34506,0,2540270,1425636,835,0,27,554414,10101440,18,1624128,0,0,P1WvyxLp3Z,rEUOq2QD1qfkRr6qpua,taul,1K8T,2D6V,fhk21Ss,1lFJzqR,VHh0,9_Y1,FbIm,VpdQ,y6dw,7M47J5GA0pTYIFxg5uy,kIsH,uKAI,L84s,nlbpV6E,LxWXZdz,CnTg,UYBR,FzaX,4UxGlow,QKW8DRm,catzS2D,M_8D,xb3V,ZI9m,ib5G6X1eUxUn6
0,805,7,1520,132,165,48,670.24,0,4290018,0,4.522752,9,108,56,3168080,0,223678.2,10,2,32,40,125393.2,520,54,32328,0,3960100,950424,3880,0,18,554414,10463400,20,475212,0,0,HYTvyx7ejg,RO12,taul,1K8T,lK27,iJzviRg,76j2P_OLn0,_oIe,9_Y1,xSqs,VpdQ,wMei,7M47J5GA0pTYIFxg5uy,kIsH,uKAI,L84s,4ylQpLr46xum2hHQ,7WwRlzF,HbVC,cJvF,FzaX,ch2oGfM,z4pH,P6pu4Vl,LM8l689qOp,szEZ,ZI9m,R4y5gQQWY8OodqDV
0,672,14,836,92,115,8,200,0,2519076,0,6.380475,36,126,112,691200,0,185551.8,15,4,32,8,-331252.4,460,42,93510,0,3030040,25406,750,0,9,206780,5477280,18,177240,0,0,1JGr4RKzJV,2Knk1KF,taul,1K8T,0Xwj,abw4Qlt,Oe4E7cR6Kt,8BLx,HLqf,DtNL,VpdQ,sYC_,me75fM6ugJ,sBgB,uKAI,L84s,NhsEn4L,beK4AFX,ai8u,UYBR,FzaX,TE70nTz,oslk,upQAKIt,jySVZNlOJy,FSa2,RAYp,55YFVY9
0,1232,21,8796,188,235,88,166.56,0,0,0,0.8515275,45,162,1260,2519104,0,80172.91,0,10,80,144,-164013.2,640,0,9711,0,2357590,239348,855,0,27,541254,3967652,26,514998,0,0,Foxt0Go8Lb,2Knk1KF,taul,1K8T,0Xwj,fhk21Ss,V4E_TU9097,XJDJ,F3hy,rGJy,09_Q,kxE9,7M47J5GA0pTYIFxg5uy,kIsH,uKAI,L84s,XfqtO3UdzaXh_,XTbPUYD,Xb33,UYBR,FzaX,4UxGlow,oslk,catzS2D,LM8l689qOp,Qu4f,ZI9m,TCU50_Yjmm6GIBZ0lL_
0,259,7,244,40,50,8,166.56,0,0,0,0.7603076,9,52,49,26080,0,7569.06,0,0,16,24,27169,170,0,459,0,108460,12166,40,0,0,18095,124140,12,0,0,0,uGLq9ayE15,RO12,taul,1K8T,z32l,6SycSKu,7ruFuE4,INhr,9_Y1,QBpP,VpdQ,IYzP,me75fM6ugJ,kIsH,uKAI,L84s,NhsEn4L,TDcECyH,jTQu,cJvF,FzaX,vz9fSEp,oslk,CW6RDbC,LM8l689qOp,7P5s,RAYp,F2FyR07IdsN7I
0,2079,7,192,448,560,272,166.56,0,171480,0,1.236061,9,128,7,873384,0,9318.21,50,24,120,104,-58121.6,1370,96,35469,0,847840,388806,2235,0,27,357721,2390340,54,467538,0,0,6m0t0G8rTN,AERks4l,taul,1K8T,PbOJ,fhk21Ss,ELRUn57,A6xB,9_Y1,k13i,VpdQ,hzlB,7M47J5GA0pTYIFxg5uy,kIsH,uKAI,L84s,4kVnq_T26xq1p,cUQTMG1,g2AX,UYBR,FzaX,4UxGlow,zCkv,catzS2D,LM8l689qOp,fKCe,ZI9m,ib5G6X1eUxUn6
0,7,0,0,72,90,24,275.52,0,430350,0,2.528092,9,14,0,2130368,0,94978.5,0,0,8,8,-497544,120,54,0,0,155650,775860,0,0,0,0,3028324,10,0,0,0,AhzOj17IEC,RO12,taul,1K8T,PbOJ,caK_9TO,yLQAOyh7V8,eZ6Y,9_Y1,eQTr,09_Q,IYzP,DHn_WUyBhW_whjA88g9bvA64_,kIsH,uKAI,L84s,CrNX,NGZ_12K,Kmdj,cJvF,FzaX,25ctww6,d0EEeJi,nKsokIU,LM8l689qOp,7aLG,02N6s8f,F2FyR07IdsN7I
0,1183,7,552,124,155,144,253.52,0,1229634,0,4.828242,9,60,14,691200,0,157431,0,12,32,8,32028.16,570,18,33309,0,572865,3110400,730,0,0,1209600,9918040,6,3110400,0,0,64ngUH7IEC,RO12,taul,1K8T,lK27,lUpdCrr,Qf5yB5G,cAr9,9_Y1,m_h1,VpdQ,sYC_,me75fM6ugJ,kIsH,uKAI,L84s,NhsEn4L,kq0n8Bj,sV49,UYBR,FzaX,t39OtFs,oslk,G9lTL5Q,M_8D,WqMG,RAYp,F2FyR07IdsN7I
0,763,7,324,128,160,0,186.64,0,8617020,0,2.616321,27,36,0,1382400,0,196866,30,2,32,16,154875.2,505,102,4320,0,2160695,0,1035,0,9,187187,10345000,12,160446,0,0,vAsTmBfHUn,RO12,taul,1K8T,JLbT,TeByZ8I,5q1zOkL,L_h0,9_Y1,4N0K,09_Q,zm5i,me75fM6ugJ,kIsH,uKAI,L84s,NhsEn4L,mAjbk_S,BMOI,cJvF,FzaX,h72T5R2,oslk,e7btFxo,LM8l689qOp,Qu4f,RAYp,F2FyR07IdsN7I
0,728,7,24,48,60,8,133.12,0,4080,0,2.086734,9,82,0,253832,0,93764.7,5,0,16,16,179104.4,140,12,100611,0,22575,2060,225,0,0,0,155624,12,0,0,0,zcRZptzip9,RO12,taul,1K8T,wGW5,UsKxkyQ,w7xiHaaq3y,_qIb,9_Y1,t_4G,09_Q,sYC_,me75fM6ugJ,kIsH,uKAI,L84s,NhsEn4L,kq0aHkC,BcNQ,cJvF,FzaX,OXxv4zN,oslk,VWtE4Qn,LM8l689qOp,Qu4f,RAYp,F2FyR07IdsN7I
0,2884,7,0,1556,1945,184,313.68,0,4252062,0,2.305704,9,40,0,1951480,0,113803.2,445,264,504,528,254033.2,2290,180,405,0,3314965,1082562,10,0,9,0,10945760,98,905214,0,0,oBXTmBtFkL,RO12,taul,1K8T,PbOJ,77f44U8,9g4oaYjoL0,SOkz,9_Y1,C6Eu,VpdQ,zm5i,me75fM6ugJ,kIsH,uKAI,L84s,NhsEn4L,7Ww66JZ,qLRt,UYBR,FzaX,tzp8jNM,oslk,5nQ7A2G,LM8l689qOp,rgKb,RAYp,F2FyR07IdsN7I
0,2002,7,1396,144,180,0,176.56,0,11196060,0,2.775475,18,54,63,0,0,42309.6,45,0,32,0,588940,750,132,7695,0,27535,0,235,0,0,0,10582880,10,0,0,0,crIt0Go8Lb,RO12,taul,1K8T,wGW5,2RbJW6S,V_KvNzO,ZKNH,9_Y1,C7DI,VpdQ,IYzP,me75fM6ugJ,kIsH,uKAI,L84s,NhsEn4L,kZJtVhC,wadh,cJvF,FzaX,ie3C5vH,oslk,35G7_Bz,jySVZNlOJy,Qu4f,RAYp,F2FyR07IdsN7I
0,889,7,104,80,100,32,318.32,0,1900836,0,1.722282,9,62,7,653376,0,25803,5,12,32,16,-188384.4,680,24,6543,0,1867180,1684806,240,0,9,525,7038840,6,505428,0,0,JMGrjIXt5a,RO12,taul,1K8T,dTod,knVbxgw,VFl3jwcNh2VDYrHl,MkgL,9_Y1,nr0d,09_Q,hAFG,me75fM6ugJ,kIsH,uKAI,L84s,XfqtO3UdzaXh_,jawoH6T,oaYP,cJvF,FzaX,qofOVQC,oslk,cbq7j0h,LM8l689qOp,5Acm,RAYp,F2FyR07IdsN7I
0,203,0,0,16,20,0,186.64,0,0,0,1.058107,9,20,0,0,0,288074.7,0,0,0,0,-172973.2,270,0,0,0,12096000,0,0,0,9,0,9676800,8,0,0,0,1JGTmBQZiT,RO12,taul,1K8T,kNzO,VQWOjS3,WN2wUb0T0UKRa,DSAx,9_Y1,TjV7,09_Q,zm5i,me75fM6ugJ,kIsH,uKAI,L84s,NhsEn4L,mAja5EA,E3av,UYBR,FzaX,54petck,oslk,eEfa_vf,LM8l689qOp,FSa2,RAYp,F2FyR07IdsN7I
0,854,14,2616,144,180,64,338,0,2201100,0,3.33668,18,124,168,1712832,0,200089.5,15,6,40,24,50067.6,515,42,57690,0,4607160,1159386,4470,0,27,0,10146680,24,1172364,0,0,oyGrjIXt5a,rEUOq2QD1qfkRr6qpua,taul,1K8T,sKnY,fhk21Ss,yEFIHeU,XPUO,9_Y1,xQ2A,VpdQ,haYg,7M47J5GA0pTYIFxg5uy,kIsH,uKAI,Mtgm,9fipLB8rlL,pMWS9h9,59Ix,cJvF,FzaX,4UxGlow,zCkv,catzS2D,LM8l689qOp,5Acm,ZI9m,ib5G6X1eUxUn6
0,2443,0,0,388,485,96,220.08,0,7755660,0,0.8562273,9,64,0,1028312,0,48467.7,45,22,168,112,97572.8,1635,120,2268,0,1301985,332070,0,0,9,694365,10105400,62,809550,0,0,a4v9tYsGvO,RO12,taul,1K8T,g6No,604wEl4,e1XhvTunuD,r8PL,9_Y1,YULl,VpdQ,IYzP,me75fM6ugJ,kIsH,uKAI,Mtgm,NhsEn4L,TDceha3,oyio,UYBR,FzaX,9WBvEWW,oslk,UsL2pc5,LM8l689qOp,FSa2,RAYp,F2FyR07IdsN7I
0,868,7,0,140,175,48,253.52,0,5073450,0,3.629566,9,34,0,1662984,0,187060.2,10,6,32,24,1007364,415,66,90,0,3600290,950430,5,0,9,1108828,10578920,20,1425636,0,0,KXMgUH7IEC,RO12,taul,1K8T,72yt,FSDtKRt,9YuFlLzSEv,S4KB,9_Y1,m_h1,VpdQ,zm5i,me75fM6ugJ,kIsH,uKAI,L84s,NhsEn4L,NGZXfGp,Kd4u,cJvF,FzaX,dNsNN3u,oslk,PrQYAUb,LM8l689qOp,WqMG,RAYp,F2FyR07IdsN7I
0,770,0,0,352,440,152,166.56,0,178704,0,6.696219,9,28,0,1336000,0,29457.24,10,6,72,96,-225463.2,1435,90,0,0,1137630,450710,0,0,9,363090,2923704,74,383958,0,0,dRaTmBfHUn,RO12,taul,1K8T,vSNn,sjdkVO4,KyxX4chnKM,dadT,9_Y1,4N0K,09_Q,43pnToF,me75fM6ugJ,kIsH,uKAI,L84s,NhsEn4L,mAja5EA,GBNh,UYBR,FzaX,9Z93Kho,oslk,SJXzlpr,LM8l689qOp,Qu4f,RAYp,F2FyR07IdsN7I
0,3934,7,1656,424,530,136,324.72,0,8074020,0,2.910276,9,116,84,2365400,0,39529.8,15,6,152,216,209483.2,1800,138,15318,0,2926480,177752,6235,0,36,184212,10105600,66,165426,0,0,1GdOj17ejg,2Knk1KF,taul,1K8T,ZSv9,GRlgCVv,9g46qaVsZF,P9fC,9_Y1,iVbl,09_Q,kxE9,me75fM6ugJ,kIsH,uKAI,L84s,XfqtO3UdzaXh_,11p4mKe,S6G7,cJvF,FzaX,9wyOVQC,oslk,EiGEVJ2,LM8l689qOp,7aLG,RAYp,55YFVY9
0,1253,14,1348,184,230,16,166.56,0,8599140,0,5.171758,27,98,49,77304,0,129846.9,45,2,48,16,-459568,760,120,42021,0,599695,91144,4690,0,9,0,9585680,24,370290,0,0,FoxgUHSK8h,RO12,taul,1K8T,AHgj,vHHY4q6,jgyr5WV,zrY9,9_Y1,z5Ry,VpdQ,sYC_,me75fM6ugJ,kIsH,uKAI,Mtgm,NhsEn4L,beK4AFX,cqxq,UYBR,FzaX,R4hm94s,oslk,oSyMpgG,M_8D,FSa2,RAYp,F2FyR07IdsN7I
0,1974,7,1752,184,230,56,709.04,0,6209340,0,4.286478,9,130,98,3281088,3,45461.1,25,4,56,80,166476.4,730,72,291006,8,4170955,160502,1590,0,36,29799,10625040,20,672486,0,0,V8lt0G8rTN,g62hiBSaKg,taul,1K8T,wOc1,fhk21Ss,J_sb4dmQwP,BZ3Q,9_Y1,e7QV,VpdQ,itlM,7M47J5GA0pTYIFxg5uy,kIsH,uKAI,L84s,4kVnq_T26xq1p,uZL3r6l,HOMb,cJvF,FzaX,4UxGlow,zCkv,catzS2D,LM8l689qOp,fKCe,ZI9m,ib5G6X1eUxUn6
0,511,7,92,140,175,16,240.56,0,11404800,0,1.808161,9,30,7,109320,0,211232.1,45,0,40,8,97483.6,325,132,1953,0,53725,1276,630,0,0,0,10813800,2,0,0,0,9rAq9at_88,RO12,taul,1K8T,0Xwj,WkH7nZN,msIqHk8toE,5hez,F3hy,KfYH,VpdQ,IYzP,me75fM6ugJ,kIsH,g5HH,L84s,NhsEn4L,TDc4Td_,y8W_,cJvF,FzaX,scZ0Q3K,oslk,zmvzrB7,LM8l689qOp,me1d,RAYp,F2FyR07IdsN7I
0,2555,7,348,684,855,328,234.72,0,6239520,0,5.212134,9,32,7,1352576,0,44991.9,35,26,88,160,63703.2,4200,120,2808,0,3348995,218182,2210,0,18,212002,9989280,140,660324,0,0,hSogUHXZeb,RO12,taul,1K8T,pGTb,rxYsSKu,38VsTMY,TNyI,9_Y1,fTh6,VpdQ,43pnToF,me75fM6ugJ,kIsH,uKAI,Mtgm,NhsEn4L,kZJtVhC,gj1k,UYBR,FzaX,5LLAVkR,oslk,4IrvFmd,LM8l689qOp,453m,RAYp,F2FyR07IdsN7I
0,1953,7,60,476,595,120,468.56,0,4737918,0,6.226874,9,36,0,2781408,0,70924.2,25,6,32,64,103248.4,1125,216,1305,0,4058610,790490,80,0,9,0,10713080,104,115872,0,0,1KSqrQK2Mx,RO12,taul,1K8T,AnrR,creg0bq,zCDGs1v,JYf9,9_Y1,15m3,VpdQ,zm5i,me75fM6ugJ,kIsH,7A3j,L84s,NhsEn4L,kZJtVhC,B_bO,cJvF,FzaX,VgKv48t,oslk,nRgz4Af,LM8l689qOp,FSa2,RAYp,F2FyR07IdsN7I
0,819,7,1564,184,230,16,152.48,0,0,0,6.462295,9,108,112,373768,0,13635.45,0,0,40,72,50640,590,0,35136,0,1512560,21826,7735,0,36,173803,1440584,70,0,0,0,8I1r4RXXnK,2Knk1KF,taul,1K8T,TyGl,PHNvXy8,7vJz3tk,bfEN,9_Y1,TFSW,VpdQ,kxE9,NKv3VA1BpP,kIsH,uKAI,L84s,Ie_5MZs,teAjUwW,U4TP,cJvF,FzaX,UF16siJ,zCkv,APgdzOv,jySVZNlOJy,Xa3G,6fzt,Zy3gnGM
0,602,7,100,164,205,32,253.52,0,5116632,0,0.2424696,9,32,7,3168280,0,210825.6,15,4,32,40,206903.6,575,84,100665,0,3875300,475600,200,0,0,1108884,10630840,26,950472,0,0,py5rEyXktW,RO12,taul,1K8T,lK27,apKK0yW,ELRUn57,MRgj,9_Y1,SkZj,VpdQ,IYzP,me75fM6ugJ,kIsH,uKAI,Mtgm,NhsEn4L,mAjbk_S,FaB_,cJvF,FzaX,_amvbB7,oslk,H2gyovK,LM8l689qOp,Aoh3,RAYp,F2FyR07IdsN7I
0,658,7,128,132,165,8,26.88,0,4848564,0,3.709891,36,34,217,2764800,3,220967.4,20,0,32,32,1413600,510,60,26991,8,5735600,62356,2685,0,9,1209600,10691200,28,0,0,0,Y3tqrQKzJV,RO12,taul,1K8T,AnrR,6CXYbuk,KhDb8PW,OLXK,9_Y1,15m3,VpdQ,zm5i,Kxdu,kIsH,uKAI,L84s,9pUnzWLbztKTo,mAjygUE,K2hx,UYBR,FzaX,ROeipLp,zCkv,K2SqEo9,jySVZNlOJy,FSa2,6fzt,am14IcfM7tWLrUmRT52KtA
0,1806,7,456,228,285,112,173.28,0,70338,0,5.738091,9,48,0,1454144,0,16050.09,0,12,104,136,-1841144,755,24,128547,0,276140,178268,5360,0,0,398034,1592956,32,362316,0,0,Mtpt0G8EIb,RO12,taul,1K8T,YmZp,DocwY0k,_jTP8ioIlJ,fgj6,9_Y1,e7QV,VpdQ,IYzP,DHn_WUyBhW_whjA88g9bvA64_,kIsH,uKAI,Mtgm,CrNX,7WwCSJk,0b85,cJvF,FzaX,ys11nxQ,d0EEeJi,l_wkhGP,LM8l689qOp,fKCe,nIGXDli,F2FyR07IdsN7I
0,2940,7,340,136,170,0,186.64,0,5221512,0,3.901944,9,50,0,2764800,0,59287.5,20,0,32,32,154435.6,1070,72,4950,0,5515700,0,55,0,0,0,10658400,28,0,0,0,oyGrjIXt5a,RO12,taul,1K8T,hoa9,wrRyYfr,VFlHWjvF92VDZUoi,WHne,9_Y1,nr0d,09_Q,IYzP,me75fM6ugJ,kIsH,uKAI,L84s,NhsEn4L,mAjbk_S,3Env,cJvF,FzaX,dNsOjel,oslk,IIoOTZB,LM8l689qOp,5Acm,RAYp,F2FyR07IdsN7I
0,1141,7,164,208,260,72,166.56,5,5317974,0,6.326853,18,114,0,1858088,6,149686.5,10,24,112,32,842480,1065,66,6561,32,2577245,210014,155,0,18,227892,7608840,28,132210,2,0,J9Vr4RQZiT,2Knk1KF,taul,1K8T,kNzO,jwhtMxl,koda1Jh,HJm0,9_Y1,mTeA,VpdQ,giwq,me75fM6ugJ,kIsH,uKAI,L84s,h0lfDKh52u4GP,IoI4mKe,b30L,UYBR,FzaX,fabLnWA,oslk,EPqQcw6,LM8l689qOp,FSa2,RAYp,55YFVY9
0,3976,7,420,504,630,312,166.56,0,17106,0,1.644307,18,134,0,2093728,0,18333.09,30,22,184,200,218384.8,2100,36,17487,0,849110,939214,3310,0,18,472759,4240080,78,909150,0,0,a4v9tYsGvO,AERks4l,taul,1K8T,JLbT,fhk21Ss,76j2P_OLn0,eOv3,9_Y1,YULl,VpdQ,hAFG,7M47J5GA0pTYIFxg5uy,kIsH,uKAI,L84s,QsQAxv5,beKaAAV,G3tG,UYBR,AU8_WTd,4UxGlow,QKW8DRm,catzS2D,jySVZNlOJy,FSa2,ZI9m,ib5G6X1eUxUn6
0,1505,7,1660,20,25,0,186.64,0,7714140,0,5.798975,18,54,56,0,0,102868.5,0,0,0,0,-56737.6,280,18,12213,0,4917310,0,520,0,18,0,9076600,4,0,0,0,AUUt0GoOh3,RO12,taul,1K8T,ffXs,a5zOfm0,9YuuPSz3BI,Y8G_,9_Y1,t_4G,VpdQ,43pnToF,me75fM6ugJ,kIsH,uKAI,L84s,NhsEn4L,mAjbk_S,E66C,UYBR,FzaX,lRbfSEp,oslk,zccO8fW,LM8l689qOp,Qu4f,RAYp,F2FyR07IdsN7I
0,1715,14,5000,456,570,104,200,0,5538084,0,4.915617,18,78,805,1806976,0,89206.5,60,16,256,256,137600.8,1240,126,34191,0,2674310,1093792,2640,0,0,534184,10606640,56,993312,0,0,S8dr4RQxul,AERks4l,taul,1K8T,TyGl,PHNvXy8,Y0uewlZ,RTc9,9_Y1,z5Ry,09_Q,IYzP,NKv3VA1BpP,kIsH,uKAI,L84s,Ie_5MZs,y5FCqb4,BXUS,UYBR,FzaX,UF16siJ,zCkv,APgdzOv,jySVZNlOJy,FSa2,6fzt,xwM2aC7IdeMC0
0,1085,28,528,144,180,40,325.2,0,6410100,0,3.226447,36,34,392,2289584,0,131445.9,10,4,32,32,185599.2,805,84,50571,0,3202320,792050,7390,0,9,554428,10792720,18,950448,0,0,LDPgUHXZeb,RO12,taul,1K8T,pE9z,rxYsSKu,P9HTde2,z02i,9_Y1,STGZ,VpdQ,zm5i,me75fM6ugJ,kIsH,uKAI,L84s,NhsEn4L,mAjbk_S,6yHl,cJvF,FzaX,5LLAVkR,oslk,4IrvFmd,LM8l689qOp,453m,RAYp,F2FyR07IdsN7I
0,1113,0,0,124,155,8,286.96,0,1327206,0,0.3236488,9,34,0,5529600,0,144967.2,0,0,32,64,361731.6,505,18,1692,0,8128050,102948,0,0,18,1209600,10357920,38,0,0,0,GcUt0G8rTN,RO12,taul,1K8T,EPHy,5EpXqGp,UFIWElU,Rvdz,9_Y1,k13i,VpdQ,zm5i,me75fM6ugJ,kIsH,uKAI,Mtgm,NhsEn4L,jawR0Ac,C9df,UYBR,FzaX,OTgQ8OA,oslk,Vo68gbh,LM8l689qOp,fKCe,RAYp,F2FyR07IdsN7I
0,4067,7,2896,216,270,144,166.56,0,9450,0,4.270669,18,136,140,1264368,0,38436.6,10,8,48,112,-7928.84,800,18,252486,0,1111980,569480,3530,0,18,224637,3103012,26,653964,0,0,YddTmBtueT,2Knk1KF,taul,1K8T,0Xwj,77f44U8,r83_sZi,SOkz,HLqf,C6Eu,09_Q,haYg,me75fM6ugJ,sBgB,uKAI,L84s,XfqtO3UdzaXh_,XTbPUYD,qLRt,UYBR,FzaX,tzp8jNM,oslk,5nQ7A2G,jySVZNlOJy,rgKb,RAYp,55YFVY9
0,602,0,0,884,1105,408,490.48,0,5058858,0,6.593677,9,14,0,2652520,0,34344,130,40,192,152,52480.8,1340,396,0,0,3351115,813908,0,0,0,91448,10472800,78,621996,0,0,639qrQK2Mx,RO12,taul,1K8T,TIPl,cGZJt03,aTJS1Lg,aylH,9_Y1,15m3,09_Q,IYzP,me75fM6ugJ,kIsH,uKAI,L84s,NhsEn4L,NGZxnJM,H4Y2,cJvF,FzaX,EN4vOIl,oslk,82XQQMs,LM8l689qOp,FSa2,RAYp,F2FyR07IdsN7I
0,833,7,4,140,175,16,253.52,0,7185060,0,4.059816,9,36,0,2764800,0,181410.6,20,4,32,32,870520,550,84,324,0,2536260,321230,25,0,9,0,10595520,18,553818,0,0,qXhrEy7VR2,RO12,taul,1K8T,Wmd1,Xh35_CT,I1sFbvkZsF,dMSP,9_Y1,X8zP,09_Q,43pnToF,me75fM6ugJ,kIsH,uKAI,Mtgm,NhsEn4L,mAja5EA,rRx7,cJvF,FzaX,YQX8hdx,oslk,jvYzF_Q,LM8l689qOp,Aoh3,RAYp,F2FyR07IdsN7I
0,1036,7,996,204,255,160,166.56,0,28644,0,0.4849391,9,56,14,1400152,0,79811.41,5,12,64,88,205415.2,705,12,13446,0,1162660,623878,2490,0,0,962654,3079652,22,270042,0,0,KXMrEyXXnK,RO12,taul,1K8T,tXti,coSu1hQ,II0S8f9,Hyso,9_Y1,SkZj,VpdQ,IYzP,me75fM6ugJ,kIsH,uKAI,L84s,NhsEn4L,mAja5EA,6AHd,cJvF,FzaX,x6S871e,oslk,v_KPLfR,LM8l689qOp,Aoh3,RAYp,F2FyR07IdsN7I
0,637,7,96,140,175,56,202.24,0,1269444,0,3.854518,9,30,7,1113984,0,63027,0,4,16,32,-1175768,520,54,1152,0,816115,514262,105,0,0,0,3775904,26,1036800,0,0,CEat0G8rTN,RO12,taul,1K8T,PbOJ,gwY4NQF,YSdoo8_0ec,LNrt,9_Y1,e7QV,VpdQ,IYzP,me75fM6ugJ,kIsH,uKAI,Mtgm,NhsEn4L,mAjbk_S,teqk,cJvF,FzaX,t5EoLzk,oslk,ag5iNPX,LM8l689qOp,fKCe,RAYp,F2FyR07IdsN7I
0,882,7,3676,128,160,0,166.56,0,3671580,0,5.735954,9,142,196,4838400,0,211845.3,10,0,32,56,130922,485,54,54459,0,6048000,0,5920,0,18,0,10396520,28,0,0,0,wRXmfo875g,2Knk1KF,taul,1K8T,5tHj,85iypzx,7ruFuE4,z7ov,9_Y1,gnEy,VpdQ,6JmL,me75fM6ugJ,kIsH,uKAI,L84s,XfqtO3UdzaXh_,XTbPUYD,z80G,UYBR,FzaX,3s4OZ4E,oslk,QpZO8fW,M_8D,3Cy4,RAYp,55YFVY9
0,91,0,0,84,105,40,286.96,0,4797642,0,5.436018,9,16,0,273824,0,118809.6,5,0,16,16,-280816.4,370,18,0,0,308960,63930,0,0,0,237230,4819600,20,0,0,0,AhzOj17IEC,RO12,taul,1K8T,Uk76,ClIuMXJ,hOpRIhsUSP,2pkb,9_Y1,iVbl,VpdQ,IYzP,me75fM6ugJ,kIsH,uKAI,L84s,NhsEn4L,NGZxnJM,JUXn,cJvF,FzaX,taaOZ4E,oslk,KBgRDbC,LM8l689qOp,7aLG,RAYp,F2FyR07IdsN7I
0,1778,0,180,308,385,120,264.32,0,3653436,0,2.114933,9,48,0,2193648,0,67640.09,55,8,104,88,141212.8,1150,120,176589,0,3683090,856008,0,0,0,3360,9377240,32,117918,0,0,O8Zr4Rdc_a,RO12,taul,1K8T,L_LK,6CXYbuk,II0S8f9,klXP,9_Y1,em8I,VpdQ,giwq,Kxdu,kIsH,g5HH,L84s,9pUnzWLbztKTo,TDc92TK,q191,cJvF,FzaX,ROeipLp,zCkv,K2SqEo9,M_8D,me1d,6fzt,am14IcfM7tWLrUmRT52KtA
0,756,0,280,148,185,40,200,0,13968,0,0.9030122,9,222,0,169600,0,15881.67,0,22,200,144,28570.4,535,18,10287,0,0,11508,0,0,18,97090,166572,0,74166,0,0,1GdOj1KXzC,TW8dXluYzKpktZjuY8kSPBaZa,ev6I,z3mO,sj_R,fhk21Ss,JBPs3iVJqP,PP_h,9_Y1,ID5l,VpdQ,haYg,7M47J5GA0pTYIFxg5uy,kIsH,uKAI,L84s,_5OXC8MSLt,kZJMFCG,ApS6,UYBR,AU8pNoi,4UxGlow,oslk,catzS2D,LM8l689qOp,kwS7,ZI9m,NoEd
0,945,7,1368,212,265,24,166.56,0,79764,0,6.060671,9,78,14,1790816,0,9647.699,0,6,48,96,-1005756,630,48,54810,0,893595,12292,3080,0,0,55881,1732204,54,66240,0,0,DHegUHXZeb,RO12,taul,1K8T,h3JW,ho_dR0M,r83_sZi,xYU6,9_Y1,STGZ,VpdQ,IYzP,me75fM6ugJ,kIsH,uKAI,Mtgm,NhsEn4L,mAjbk_S,j9kV,UYBR,FzaX,hAX6pd1,oslk,FYyQowC,LM8l689qOp,453m,RAYp,F2FyR07IdsN7I
0,84,0,0,88,110,24,186.64,0,2851362,0,3.267037,9,14,0,1267280,0,232767.3,15,2,16,16,-231035.6,155,36,0,0,5400150,475230,0,0,0,554435,8824520,14,475230,0,0,m9SvyxLkBI,RO12,taul,1K8T,ssAy,ka_ns41,Hz6CKEGgVigq3,yovj,9_Y1,FbIm,09_Q,IYzP,me75fM6ugJ,kIsH,uKAI,L84s,NhsEn4L,mAja5EA,W4PY,UYBR,OFWH,1YVfGrO,oslk,fXVEsaq,LM8l689qOp,xb3V,RAYp,F2FyR07IdsN7I
0,189,7,124,96,120,0,320,0,0,0,5.75219,9,60,7,50544,0,447558,0,0,0,8,-281428.8,390,0,1566,0,716535,0,1420,0,18,0,598500,46,0,0,0,NQ5rEy7Rm6,AERks4l,taul,1K8T,JLbT,iYI85Wp,FsDMvLF,P75x,9_Y1,H9GL,sJzTlal,kxE9,NKv3VA1BpP,kIsH,uKAI,L84s,1YxyYTLbzthWO,IoIsDf5,GrIY,cJvF,FzaX,R8kKx11,zCkv,X9a41Yn,LM8l689qOp,Aoh3,6fzt,xwM2aC7IdeMC0
0,308,7,140,44,55,0,166.56,0,0,0,5.441359,9,56,56,56968,0,9311.46,0,6,40,64,7673.44,85,0,4581,0,0,0,1945,0,0,19005,32204,0,5580,0,0,puvq9aX0Db,RO12,taul,1K8T,0Xwj,2ZpOkab,lL9FlLVEzo,Z2m3,F3hy,6TCl,VpdQ,IYzP,me75fM6ugJ,kIsH,uKAI,L84s,NhsEn4L,mAjbk_S,9ppy,cJvF,FzaX,urwAk0_,oslk,tNoYyXX,LM8l689qOp,uWr3,RAYp,F2FyR07IdsN7I
0,756,7,180,32,40,8,220.08,0,3979008,0,4.932493,27,54,21,2346432,0,224132.7,5,0,16,8,301697.6,305,18,216,0,1318740,1209600,65,0,27,2053128,9719280,4,0,0,0,etYt0G8EIb,RO12,taul,1K8T,NF63,gwY4NQF,KyxX4chnKM,69VP,9_Y1,k13i,09_Q,IYzP,me75fM6ugJ,kIsH,uKAI,L84s,NhsEn4L,TDceha3,mA0l,UYBR,FzaX,t5EoLzk,oslk,ag5iNPX,M_8D,fKCe,RAYp,F2FyR07IdsN7I
0,2380,7,56,172,215,32,314.72,0,2173230,0,0.08865627,9,44,14,3970264,0,75774.59,20,6,40,48,124881.6,1065,30,11295,0,7446600,80198,705,0,0,58156,10661080,42,201504,0,0,8Knvyx875g,RO12,taul,1K8T,TyGl,PyebXKa,C_uQoStwYE,A0ND,9_Y1,MBhA,09_Q,IYzP,me75fM6ugJ,kIsH,7A3j,L84s,NhsEn4L,kZJtVhC,rSdj,UYBR,FzaX,ZS8OtFs,oslk,e2t7A2G,M_8D,WqMG,RAYp,F2FyR07IdsN7I
0,1568,21,13268,136,170,8,186.64,0,6732600,0,2.980133,27,120,1617,2073600,18,135505.8,30,0,32,24,48051.6,500,78,5643,48,3891005,24430,7920,0,27,0,10688000,22,0,0,0,1JGr4RKzJV,2Knk1KF,taul,1K8T,0Xwj,0v27GMk,Yi49a6G,FnId,F3hy,DtNL,VpdQ,Tkho,me75fM6ugJ,kIsH,uKAI,L84s,NhsEn4L,teAyFc5,LsPf,cJvF,FzaX,YBh0nTz,oslk,J_tzF_Q,LM8l689qOp,FSa2,RAYp,55YFVY9
0,1421,7,16212,456,570,216,270.64,0,3834024,0,2.847469,9,108,1358,2590528,9,106131,25,8,64,72,-108023.6,1365,138,10710,40,4144965,598686,435,0,9,81578,9500640,92,35394,0,14,DHerjIKQ76,2Knk1KF,taul,1K8T,YVv3,miuXVr0,WN2wUb0T0UKRa,ELeU,9_Y1,7WNq,09_Q,sYC_,me75fM6ugJ,kIsH,uKAI,L84s,NhsEn4L,kq05rcx,PJaR,UYBR,FzaX,bYAYWu3,oslk,hT0zF_Q,LM8l689qOp,WqMG,RAYp,55YFVY9
0,735,7,96,148,185,24,301.6,0,5847834,0,4.164495,18,58,0,2534664,0,231019.2,10,4,32,32,128745.2,540,84,2556,0,3812695,417482,170,0,27,1108870,10318320,24,950472,0,0,dRagUHXM47,RO12,LfvqpCtLOY,1K8T,0Xwj,Ml6kiFp,CsjH_hi,EOBC,HLqf,8BBI,VpdQ,sYC_,me75fM6ugJ,sBgB,uKAI,L84s,NhsEn4L,kq0n8Bj,RRN_,UYBR,FzaX,k5O88FJ,oslk,QkgQQMs,M_8D,453m,RAYp,F2FyR07IdsN7I
0,875,14,608,148,185,32,233.44,0,156576,0,2.592608,18,152,0,5529600,0,145362,0,0,32,64,507808,495,6,131706,0,9276550,207018,2155,0,18,0,10704440,48,0,0,0,0vimfo8zhV,2Knk1KF,taul,1K8T,42Cy,fhk21Ss,wXYgzHf,7wAD,9_Y1,6Kw9,VpdQ,6JmL,7M47J5GA0pTYIFxg5uy,kIsH,uKAI,L84s,Ie_5MZs,CWNY2py,MQGs,cJvF,FzaX,4UxGlow,zCkv,catzS2D,LM8l689qOp,3Cy4,ZI9m,TCU50_Yjmm6GIBZ0lL_
0,5964,0,108,1260,1575,360,186.64,0,5555274,0,3.432173,9,50,0,2579456,0,31394.7,320,4,288,136,-12419.44,2095,798,137529,0,1579240,996696,0,0,0,740166,9593960,108,681558,0,0,0vimfo8zhV,RO12,taul,1K8T,AKN1,Wju1gJV,yEFIHeU,4jKY,9_Y1,wGwL,VpdQ,IYzP,me75fM6ugJ,kIsH,uKAI,L84s,NhsEn4L,mAjbk_S,BPBm,UYBR,FzaX,2JIC5vH,oslk,_1yunYn,LM8l689qOp,wX53,RAYp,F2FyR07IdsN7I
0,1015,0,0,380,475,336,166.56,0,44424,0,0.117069,27,26,0,204200,0,8416.021,0,14,88,48,-163462.4,1070,24,0,0,477775,306814,0,0,0,106582,1257936,72,195558,0,0,75lq9ayfAo,RO12,taul,1K8T,JLbT,7CnExHa,FoJylxy,CIJD,9_Y1,AKLO,09_Q,IYzP,me75fM6ugJ,kIsH,uKAI,L84s,NhsEn4L,uZL60aU,gJrC,cJvF,FzaX,82JRa8C,oslk,bIKqbV5,LM8l689qOp,TNEC,RAYp,F2FyR07IdsN7I
0,602,0,0,152,190,160,166.56,0,0,0,0.5706046,9,28,0,461704,0,30983.4,0,12,40,32,-33333.84,575,0,0,0,255675,602668,0,0,0,196091,1977660,16,505398,0,0,EsYrjIX0Db,RO12,taul,1K8T,lK27,IjW9m4c,8nstQ62E0C,CpiL,9_Y1,xQ2A,VpdQ,IYzP,DHn_WUyBhW_whjA88g9bvA64_,kIsH,uKAI,L84s,CrNX,mAjbq_f,SFqz,cJvF,FzaX,JAbvOy0,d0EEeJi,MH73Hum,LM8l689qOp,5Acm,nIGXDli,F2FyR07IdsN7I
0,420,7,520,84,105,32,153.84,0,0,0,2.912839,9,80,392,42888,0,3377.91,0,2,32,32,-1741688,405,0,44154,0,82205,4758,8700,0,9,11620,106328,24,14406,0,0,gOyvyx7ejg,RO12,taul,1K8T,0Xwj,iJzviRg,Vxueejji0f,37tz,HLqf,qaiO,VpdQ,IYzP,7M47J5GA0pTYIFxg5uy,sBgB,uKAI,Mtgm,oOT00mkwDoEFW,mAj8LZL,742x,cJvF,FzaX,ch2oGfM,zCkv,P6pu4Vl,LM8l689qOp,szEZ,ZI9m,R4y5gQQWY8OodqDV
0,1141,7,236,276,345,72,133.76,0,676200,0,3.219398,27,114,14,54216,0,8796.39,40,10,72,16,-459220,970,198,2421,0,147655,48080,435,0,27,0,888240,24,222924,0,0,M5vt0Gdc_a,2Knk1KF,taul,1K8T,NbV4,wrRuXRS,83gq6Zn,TNde,9_Y1,cyKH,VpdQ,IYzP,me75fM6ugJ,kIsH,g5HH,L84s,XfqtO3UdzaXh_,XTbPUYD,290x,cJvF,FzaX,dNs0Q3K,oslk,4wZOTZB,LM8l689qOp,me1d,RAYp,55YFVY9
0,903,7,780,136,170,72,388.48,0,3495924,0,3.424695,9,60,147,2913192,0,195214.2,20,2,40,40,427716,565,48,6993,0,2772105,1395800,9490,0,9,0,10380560,14,475218,0,0,_v2TmBftjz,RO12,taul,1K8T,ujBx,K8Lod6b,ZIXqNozRXZ,XCko,9_Y1,4N0K,09_Q,43pnToF,me75fM6ugJ,kIsH,uKAI,Mtgm,NhsEn4L,mAjbk_S,AgvN,cJvF,qxDb,EAnsTJ7,oslk,gv2w01M,M_8D,Qu4f,RAYp,F2FyR07IdsN7I
0,980,7,3208,208,260,184,253.92,0,2496,0,5.051698,9,44,770,72312,0,5062.41,45,4,40,24,-41299.6,630,6,74430,0,185795,84850,13525,0,0,31962,386136,28,8184,0,0,M5vt0Gdc_a,RO12,taul,1K8T,4JaS,SY4EQZQ,Dy9O4XFaVlKS9,Bp6l,9_Y1,cyKH,VpdQ,IYzP,me75fM6ugJ,kIsH,g5HH,L84s,NhsEn4L,TDc4Td_,bCpn,cJvF,FzaX,vU6NT4W,oslk,Oh06Kfh,LM8l689qOp,me1d,RAYp,F2FyR07IdsN7I
0,266,0,0,144,180,24,309.84,0,5618658,0,0.3249305,9,20,0,2449968,0,198549.9,15,4,24,32,133785.6,470,72,0,0,3804190,518400,0,0,9,0,10618160,24,959838,0,0,YddrjIQ5Ph,RO12,taul,1K8T,kNzO,VWnxM5B,CJDi6FkdZ7oYz,VNjO,9_Y1,RVjC,09_Q,zm5i,me75fM6ugJ,kIsH,uKAI,Mtgm,NhsEn4L,7WwOAni,p8c0,UYBR,FzaX,srGv1FD,oslk,B1BED8N,LM8l689qOp,FSa2,RAYp,F2FyR07IdsN7I
0,2576,7,200,748,935,728,271.12,0,454200,0,4.211493,18,44,0,788560,9,14742.24,20,64,160,80,-50726.4,2380,144,11718,40,918255,538858,340,0,0,427875,3166916,52,718086,0,14,vNEvyxLp3Z,RO12,taul,1K8T,FPxv,SohyOPj,yEFIHeU,ChRG,9_Y1,vzJD,VpdQ,IYzP,me75fM6ugJ,kIsH,uKAI,L84s,NhsEn4L,kq0n8Bj,TcjF,UYBR,FzaX,ASloI0_,oslk,uC5DSFl,LM8l689qOp,xb3V,RAYp,F2FyR07IdsN7I
0,1267,7,2852,248,310,152,200,0,618054,0,3.88464,27,216,294,1733536,0,28529.19,10,8,56,56,-91615.2,865,156,70353,0,261745,283180,5095,0,9,362355,2208256,8,205890,0,0,crIgUHSK8h,ByQdnLRlFnny2k4AJzG,CiJDdr4TQ0rGERIS,z3mO,JLbT,fhk21Ss,p528EHj,85IW,9_Y1,RVjC,VpdQ,haYg,7M47J5GA0pTYIFxg5uy,kIsH,uKAI,L84s,a3CcPDe,TDcLnTo,ETNp,UYBR,FzaX,4UxGlow,QKW8DRm,catzS2D,LM8l689qOp,FSa2,ZI9m,NoEd
0,1148,7,52,132,165,64,166.56,0,1055178,0,0.6299936,9,86,0,288736,0,119362.8,5,4,32,96,-112349.6,920,18,68715,0,863070,1024548,435,0,9,1687,4051600,14,177966,0,0,mzKvyx8zhV,RO12,taul,1K8T,R4_H,ka_ns41,oK90Gaqj9K,kfVu,9_Y1,MBhA,VpdQ,lVqb,me75fM6ugJ,kIsH,uKAI,L84s,XfqtO3UdzaXh_,y5FELEt,DknC,UYBR,AU8_WTd,1YVfGrO,oslk,fXVEsaq,jySVZNlOJy,WqMG,RAYp,F2FyR07IdsN7I
0,9968,7,88,212,265,64,359.2,0,6778080,0,2.290536,9,134,49,3304080,0,17436.15,25,6,64,64,338832,3630,108,23085,0,3205245,128660,790,0,18,110852,10373920,22,132762,0,0,Qu0r4RKzJV,2Knk1KF,taul,1K8T,Y2P0,7qvk2Zj,UqVTdfGTBNlR2,gpsI,9_Y1,DtNL,VpdQ,sYC_,me75fM6ugJ,kIsH,7A3j,L84s,NhsEn4L,beK4AFX,O5Ed,UYBR,FzaX,FhTm94s,oslk,TIxsTKW,LM8l689qOp,FSa2,RAYp,55YFVY9
0,3619,7,108,140,175,160,431.2,0,2228970,0,1.283059,9,50,7,312296,0,64641,0,14,40,16,152812.8,580,30,279,0,223460,3091340,10,0,0,0,10422800,2,3628800,0,0,Foxt0Go8Lb,RO12,taul,1K8T,g6No,vQ_JaGu,LJsg,gogv,9_Y1,rGJy,VpdQ,IYzP,me75fM6ugJ,kIsH,uKAI,L84s,NhsEn4L,mAja5EA,LKBP,UYBR,AU8pNoi,i9JuX8Z,oslk,MRPKMwm,LM8l689qOp,Qu4f,RAYp,F2FyR07IdsN7I
0,259,0,0,24,30,0,254.88,0,2145618,0,2.728904,9,22,0,3479608,0,248355.9,5,0,0,8,-265884,375,6,0,0,6483300,0,0,0,18,0,8362400,6,0,0,0,75lTmBtFkL,RO12,taul,1K8T,YmZp,EQsiABC,DKUE7cKUX2,hmZ4,9_Y1,C6Eu,VpdQ,zm5i,DHn_WUyBhW_whjA88g9bvA64_,kIsH,uKAI,Mtgm,PWD40mS,y5F4t8Z,gOyw,UYBR,AU8pNoi,vjPNpco,Al6ZaUT,8byexPp,LM8l689qOp,rgKb,02N6s8f,F2FyR07IdsN7I
0,1239,7,432,152,190,32,310.4,0,7181400,0,5.335825,18,38,7,1267200,0,143249.7,35,0,32,16,184386,600,96,207,0,1901155,633600,385,0,9,554400,10426920,18,0,0,0,V8lt0G8rTN,RO12,taul,1K8T,2Ix5,LK5nVRA,8nstQ62E0C,lEVe,9_Y1,k13i,VpdQ,zm5i,me75fM6ugJ,kIsH,uKAI,L84s,NhsEn4L,mAjbk_S,j_1Y,cJvF,FzaX,FM28hdx,oslk,dh6qI2t,LM8l689qOp,fKCe,RAYp,F2FyR07IdsN7I
0,1673,7,2280,252,315,184,200,0,0,0,6.348002,18,86,70,134872,0,6940.2,5,14,64,96,88550.4,800,0,2277,0,61165,173856,255,0,9,7567,628608,40,202320,0,0,KXMgUH7IEC,RO12,taul,1K8T,lK27,liIupBg,7zLDfnmXee,7pIw,9_Y1,m_h1,VpdQ,haYg,me75fM6ugJ,kIsH,uKAI,L84s,XfqtO3UdzaXh_,XTbPUYD,jCmU,UYBR,OFWH,gOrOjel,oslk,n82Rkup,jySVZNlOJy,WqMG,RAYp,F2FyR07IdsN7I
0,455,7,88,12,15,0,220.08,0,0,0,3.401624,36,74,14,330408,0,55769.1,0,0,8,8,-160834.8,155,0,279,0,331730,0,5,0,0,289107,430588,4,0,0,0,FAJgUH7ejg,RO12,taul,1K8T,USOt,ho_bxgw,LH0BJkjM1L,5Onv,9_Y1,DmlN,09_Q,IYzP,me75fM6ugJ,kIsH,uKAI,Mtgm,NhsEn4L,mAjbk_S,FCErcwy,cJvF,FzaX,AvcOVQC,oslk,r757j0h,LM8l689qOp,w_Ub,RAYp,F2FyR07IdsN7I
0,2058,7,484,200,250,40,290.24,0,6325200,0,4.920743,9,92,203,2045944,0,89389.2,5,8,40,56,507912,635,96,24282,0,3153615,487738,325,0,18,1109948,9980200,34,1426620,0,0,Qu0qrQKzJV,RO12,taul,1K8T,487l,wGQJeCE,o5WT5gy7iu,Gt1c,9_Y1,15m3,09_Q,haYg,me75fM6ugJ,kIsH,uKAI,L84s,XfqtO3UdzaXh_,XTbPUYD,8zcO,UYBR,FzaX,dpuv1FD,oslk,o6f7A2G,LM8l689qOp,FSa2,RAYp,F2FyR07IdsN7I
0,2142,14,3540,172,215,120,220.08,0,1101144,0,2.47618,27,90,126,496040,0,73283.7,10,14,48,32,1297736,900,24,8478,0,2277755,2500120,38885,0,18,682150,10467520,22,3439422,0,0,tr0rEyXktW,RO12,taul,1K8T,487l,ErY4xPh,y2LuFUfSEo,_ZQp,9_Y1,VwCR,VpdQ,Tkho,me75fM6ugJ,kIsH,uKAI,Mtgm,NhsEn4L,kq0aHkC,7alA,cJvF,FzaX,8OZv_hX,oslk,YLmjELi,jySVZNlOJy,Aoh3,RAYp,F2FyR07IdsN7I
0,1484,7,480,252,315,120,66.88,0,0,0,1.531083,9,50,77,74080,0,2124.117,0,10,64,48,-787228,895,0,2232,0,140385,28706,1015,0,0,60242,228692,74,32898,0,0,l7Fq9ayE15,w9ygS99Qp_,taul,1K8T,FgS1,8HgX40b,_03xtaMIkk68B,VKRv,9_Y1,QBpP,VpdQ,IYzP,DHn_WUyBhW_whjA88g9bvA64_,kIsH,uKAI,Mtgm,CrNX,AuSBTw7,XkWv,cJvF,FzaX,ZV0ZpI7,d0EEeJi,V9BDVjt,LM8l689qOp,7P5s,nIGXDli,R4y5gQQWY8OodqDV
0,917,7,56,124,155,0,440.08,0,518400,0,3.390942,9,40,0,6220800,0,210424.2,0,0,32,72,279756.8,510,6,8406,0,8978950,0,230,0,18,0,10639160,42,0,0,0,4e7Wq69R_D,RO12,taul,1K8T,j1T2,6KF0k8W,nQUBcBcErl,bRhl,9_Y1,Px52,VpdQ,IYzP,me75fM6ugJ,kIsH,uKAI,Mtgm,NhsEn4L,mAjbk_S,SfJt,cJvF,FzaX,ot6oLzk,oslk,IIvC99a,LM8l689qOp,PM2D,RAYp,F2FyR07IdsN7I
0,882,7,144,164,205,72,166.56,0,1935090,0,6.059603,9,66,0,233208,0,49277.4,0,8,56,64,30457.56,690,24,30249,0,1167560,113986,155,0,0,14098,2574844,32,9240,0,0,DHeTmBftjz,RO12,taul,1K8T,LFM_,lPrY4q6,sjfJ8ji,bLJj,9_Y1,4N0K,VpdQ,IYzP,me75fM6ugJ,kIsH,uKAI,L84s,NhsEn4L,mAjbk_S,DH2s,cJvF,FzaX,Zc0K5YS,oslk,fGINxGX,LM8l689qOp,Qu4f,RAYp,F2FyR07IdsN7I
0,987,21,2812,56,70,64,300.16,0,123384,0,6.192053,27,142,84,2489232,0,142080.9,0,2,8,8,-167181.2,430,6,1665,0,5193450,24558,255,0,36,3634596,7607680,6,3115368,0,0,8I1TmBtueT,2Knk1KF,taul,1K8T,JLbT,yaOhIvr,9HOPNsJ,et5n,9_Y1,c2JP,09_Q,haYg,7M47J5GA0pTYIFxg5uy,kIsH,uKAI,Mtgm,XfqtO3UdzaXh_,11p4mKe,pv4R,UYBR,FzaX,FM2QKBt,oslk,XXsaRTx,jySVZNlOJy,rgKb,RAYp,55YFVY9
0,1288,7,220,128,160,0,186.64,0,9331200,0,0.8696859,9,34,49,691200,0,141756,40,2,32,8,218044,560,108,21213,0,1728000,0,2435,0,18,0,10769200,8,83412,0,0,uGLq9ayE15,RO12,taul,1K8T,LZs_,IMI3Naj,DKUDUftgA7,Dyk9,9_Y1,vm5R,VpdQ,IYzP,me75fM6ugJ,kIsH,uKAI,L84s,NhsEn4L,mAjbk_S,3BzR,UYBR,FzaX,NI568SY,oslk,kWFEVJ2,LM8l689qOp,7P5s,RAYp,F2FyR07IdsN7I
0,1946,7,1400,448,560,296,253.52,0,0,0,1.154454,18,106,0,255976,12,2972.022,0,34,200,256,-1312864,1175,0,9927,40,101510,61032,560,0,9,167818,398128,52,100302,0,7,CEaBcmz45j,RO12,taul,1K8T,uErj,iJzviRg,hOpRIhsUSP,elPP,9_Y1,yrDU,09_Q,lVqb,7M47J5GA0pTYIFxg5uy,kIsH,uKAI,L84s,4kVnq_T26xq1p,mAjQrLA,1K1m,cJvF,FzaX,ch2oGfM,zCkv,P6pu4Vl,LM8l689qOp,Qcbd,ZI9m,R4y5gQQWY8OodqDV
0,2380,7,4000,184,230,32,253.52,0,8407260,0,5.976928,45,104,406,193728,0,59951.7,30,4,40,24,157488,635,108,70929,0,992120,646570,14520,0,18,0,10500640,26,1036800,0,0,uUdt0G8EIb,RO12,taul,1K8T,lK27,8tQXYqC,yLQX8HOoy1,tIp3,9_Y1,k13i,09_Q,sYC_,me75fM6ugJ,kIsH,uKAI,Mtgm,NhsEn4L,mAjigPo,gCjY,UYBR,qxDb,HJNWJ9Z,oslk,KzPc_rI,jySVZNlOJy,fKCe,RAYp,F2FyR07IdsN7I
0,1414,7,756,152,190,104,166.56,0,0,0,0.8513138,9,40,42,1887560,0,23252.13,5,14,40,48,59026.8,665,0,1467,0,1492990,460642,460,0,9,335055,3711936,22,460320,0,0,l7Fq9ayE15,RO12,taul,1K8T,z32l,vQ_EFli,_H1o1jOhm1,R8Qz,9_Y1,vm5R,sJzTlal,sYC_,me75fM6ugJ,kIsH,uKAI,L84s,NhsEn4L,mAjR0Ac,FbcX,cJvF,FzaX,i9JDnJ7,oslk,NRszGlY,LM8l689qOp,7P5s,RAYp,F2FyR07IdsN7I
0,784,7,240,124,155,8,186.64,0,2592144,0,5.242256,9,84,21,4147192,0,163270.2,10,0,32,48,72103.2,515,36,9000,0,6912000,104078,1575,0,9,0,10230640,32,0,0,0,voArjIXt5a,AERks4l,taul,1K8T,_Clr,3FCrXBz,k10MzgT,eIEU,9_Y1,EKFb,VpdQ,sYC_,7M47J5GA0pTYIFxg5uy,kIsH,uKAI,L84s,L_dnxNc,cUQ_12K,Ze7I,cJvF,FzaX,oatipLp,QKW8DRm,RsCQLlz,LM8l689qOp,5Acm,vJ_w8kB,xwM2aC7IdeMC0
0,1939,7,0,312,390,208,133.12,0,0,0,5.31019,9,52,0,1289184,0,21259.77,10,22,160,168,-21561.72,845,0,162,0,848000,393922,15,0,0,313236,2274908,36,238866,0,0,1nlTmBtueT,RO12,taul,1K8T,AnrR,2Ae7Duj,zA2IZno2NK,1pYR,9_Y1,c2JP,VpdQ,IYzP,me75fM6ugJ,kIsH,uKAI,L84s,NhsEn4L,TDcECyH,WKjf,cJvF,FzaX,snhYH7D,oslk,4EXRt2K,LM8l689qOp,rgKb,RAYp,F2FyR07IdsN7I
0,224,0,0,124,155,0,253.52,0,11396820,0,5.411664,9,20,0,0,0,193626.3,45,0,32,0,159737.6,510,132,0,0,0,0,0,0,9,0,10708280,0,0,0,0,HAoOj1KXzC,RO12,taul,1K8T,0Y9G,X94yoBp,ZkibjLN5VdYQ7,7Ag9,9_Y1,_KXv,VpdQ,zm5i,me75fM6ugJ,kIsH,uKAI,L84s,NhsEn4L,kZJtVhC,SagX,cJvF,FzaX,YXhOtFs,oslk,JAwObSS,LM8l689qOp,kwS7,RAYp,F2FyR07IdsN7I
0,266,0,0,160,200,16,288.16,0,4760310,0,5.004486,27,18,0,1644304,0,147426.9,20,14,56,40,58448,715,66,0,0,4240500,231928,0,0,0,883708,10165360,22,1905522,0,0,VvRt0GoOh3,RO12,taul,1K8T,g6No,YLTY4q6,6uerj6GG35,Q1HP,9_Y1,rGJy,VpdQ,IYzP,me75fM6ugJ,kIsH,uKAI,Mtgm,NhsEn4L,kZJyVg2,DOl6,cJvF,FzaX,wZZm94s,oslk,l9eMpgG,LM8l689qOp,Qu4f,RAYp,F2FyR07IdsN7I
0,4256,7,2996,976,1220,880,200,0,148404,0,4.654775,9,88,406,331504,0,5653.29,5,72,224,216,32106.56,3225,168,27441,0,261615,349564,8645,0,0,209314,1530028,84,521190,0,0,tr0rEyXktW,RO12,taul,1K8T,LLPZ,MErO9Nm,76j2P_OLn0,00AD,9_Y1,SkZj,VpdQ,IYzP,me75fM6ugJ,kIsH,uKAI,L84s,NhsEn4L,beK4AFX,aKH8,cJvF,AU8_WTd,1nA68SY,oslk,mhe7j0h,jySVZNlOJy,Aoh3,RAYp,F2FyR07IdsN7I
0,217,0,0,32,40,8,166.56,0,5371296,0,1.121128,9,20,0,1165840,0,242469.6,0,2,8,8,24506.72,315,12,0,0,5577350,249832,0,0,0,2317,9126680,6,1986,0,0,vNEvyxLp3Z,AERks4l,taul,1K8T,UpNf,JpIGVhK,9YuT4s0Bqf,yNvv,9_Y1,vzJD,VpdQ,IYzP,GjJ35utlTa_GNSvxxpb9ju,kIsH,uKAI,L84s,JBfYVit4g8,TDc_9Yi,AdXP,UYBR,FzaX,7GEt_SW,Al6ZaUT,hFZ_Ukv,LM8l689qOp,xb3V,02N6s8f,xwM2aC7IdeMC0
0,889,0,0,140,175,16,240.16,0,4057722,0,3.272591,9,28,0,2783296,0,140622.9,25,2,48,48,106156.4,640,48,0,8,5339750,237456,0,0,9,49931,10500120,26,42798,0,7,zcROj17IEC,RO12,taul,1K8T,aD1X,bvZAfi7,LH0kFz12FM,7dqt,9_Y1,iVbl,09_Q,zm5i,me75fM6ugJ,kIsH,uKAI,L84s,NhsEn4L,kZJtVhC,BYcp,cJvF,FzaX,9AJOw16,oslk,ZTFAgOW,jySVZNlOJy,7aLG,RAYp,F2FyR07IdsN7I
0,2793,7,28,524,655,176,288.16,0,4334934,0,5.928221,9,70,14,2102752,0,17954.94,50,14,88,80,40273.6,1915,192,7920,0,3916110,384894,685,0,18,897379,10059880,100,1182636,0,0,HYTvyx7ejg,w9ygS99Qp_,taul,1K8T,FgS1,2uRwmdU,sLarhXg,qjVH,9_Y1,RcM7,VpdQ,6JmL,DHn_WUyBhW_whjA88g9bvA64_,kIsH,uKAI,L84s,CrNX,AuSBTw7,i7nA,cJvF,FzaX,agOCNX7,d0EEeJi,Gtj1Ker,LM8l689qOp,szEZ,nIGXDli,R4y5gQQWY8OodqDV
0,1134,7,2680,148,185,16,306.88,0,6947460,0,0.6586199,9,174,336,2073600,0,140544.6,35,2,40,24,287545.6,610,84,17118,0,3588135,7880,2590,0,27,0,10615720,20,3246,0,0,qXh9tYsdof,AERks4l,taul,1K8T,JLbT,fhk21Ss,msIqHk8toE,l7SR,9_Y1,YULl,VpdQ,CoYW,7M47J5GA0pTYIFxg5uy,kIsH,uKAI,L84s,XfqtO3UdzaXh_,beKPUYD,i5sT,UYBR,FzaX,4UxGlow,oslk,catzS2D,jySVZNlOJy,FSa2,ZI9m,ib5G6X1eUxUn6
0,875,14,3544,132,165,8,260.24,0,3067218,0,6.008118,27,60,357,3456000,0,208742.7,15,0,32,40,280469.2,515,36,127035,8,7103900,12144,1950,0,0,0,10517000,36,0,0,7,YddTmBtueT,RO12,taul,1K8T,JLbT,77f44U8,V_KvNzO,SOkz,9_Y1,C6Eu,VpdQ,IYzP,me75fM6ugJ,kIsH,uKAI,L84s,NhsEn4L,mAjbk_S,LduQ,UYBR,FzaX,tzp8jNM,oslk,5nQ7A2G,M_8D,rgKb,RAYp,F2FyR07IdsN7I
0,1470,7,1340,204,255,88,301.6,30,5011326,0,2.683401,27,190,42,328480,0,43629.9,30,2,40,16,-162315.6,790,78,3348,48,1239985,661546,1400,0,36,0,7849720,36,374424,0,0,dRagUHXM47,2Knk1KF,taul,1K8T,487l,fhk21Ss,7ruFuE4,1qtb,9_Y1,STGZ,VpdQ,y6dw,7M47J5GA0pTYIFxg5uy,kIsH,uKAI,L84s,a3CcPDe,CWNLnTo,s9FI,UYBR,FzaX,4UxGlow,QKW8DRm,catzS2D,LM8l689qOp,453m,ZI9m,ib5G6X1eUxUn6
0,175,0,0,20,25,0,220.08,0,1115382,0,2.267037,9,20,0,0,0,301494,0,0,0,0,97554.4,250,6,0,0,12096000,0,0,0,9,0,10420400,8,0,0,0,1GdOj1KXzC,RO12,taul,1K8T,X94c,jZ0kHY6,Y1hfZBm,SMQG,9_Y1,vYXv,VpdQ,zm5i,me75fM6ugJ,kIsH,uKAI,L84s,NhsEn4L,mAjAVZm,ivuM,cJvF,FzaX,PCSKsQe,oslk,TZoq6Bf,LM8l689qOp,kwS7,RAYp,F2FyR07IdsN7I
0,497,0,0,144,180,24,286.96,0,8485860,0,6.697714,9,26,0,510552,0,199784.1,35,8,56,16,60641.6,540,108,0,0,555135,518400,0,0,9,298753,10270720,4,820482,0,0,DHegUHXZeb,RO12,taul,1K8T,7ALb,ho_dR0M,V4EytgJv90,1fxs,9_Y1,STGZ,09_Q,zm5i,me75fM6ugJ,kIsH,uKAI,L84s,NhsEn4L,7Ww66JZ,PySi,UYBR,FzaX,hAX6pd1,oslk,FYyQowC,LM8l689qOp,453m,RAYp,F2FyR07IdsN7I
0,665,7,48,212,265,120,220.08,0,24378,0,0.1258278,18,30,49,524352,0,20448.9,10,10,40,72,47517.2,750,6,585,0,739535,160786,75,0,0,17276,1392444,42,199548,0,0,crIgUHSK8h,RO12,taul,1K8T,kNzO,kjvBmIU,wLOHP_YhcL,Mx5G,9_Y1,RVjC,09_Q,IYzP,me75fM6ugJ,kIsH,uKAI,L84s,NhsEn4L,kZJyVg2,9haV,UYBR,FzaX,1vNmS85,oslk,MkQldxq,LM8l689qOp,FSa2,RAYp,F2FyR07IdsN7I
0,8603,21,4756,2100,2625,704,166.56,0,31110,0,6.720786,27,64,1246,1161816,0,3619.2,25,72,568,952,-552224,7355,30,33057,0,1685880,209838,30310,0,0,396704,2622056,544,346962,0,0,1PnOj1KVEH,RO12,taul,1K8T,0Y9G,A_yBboK,yiXKNUCbD1,U_8b,9_Y1,jdbz,VpdQ,IYzP,me75fM6ugJ,kIsH,uKAI,Mtgm,NhsEn4L,mAjbk_S,NwRz,UYBR,FzaX,3Jmmfvd,oslk,JD1lw9w,LM8l689qOp,kwS7,RAYp,F2FyR07IdsN7I
0,1239,7,2252,204,255,56,280.24,0,826608,0,5.141209,27,118,126,556296,0,40455.6,15,14,64,72,46169.6,700,66,5364,0,932220,126788,2375,0,18,400589,2215068,28,494148,0,0,1qmr4RQxul,2Knk1KF,taul,1K8T,487l,0n5viED,GVWDufEPyV,zrY9,9_Y1,z5Ry,VpdQ,sYC_,DHn_WUyBhW_whjA88g9bvA64_,kIsH,uKAI,L84s,CrNX,pMWQVqj,cqxq,UYBR,FzaX,ooBB0oE,d0EEeJi,p1jtk81,LM8l689qOp,FSa2,nIGXDli,55YFVY9
0,70,7,268,44,55,80,166.56,0,0,0,0.4486221,9,64,0,0,0,5375.55,0,0,0,0,18805.44,155,0,2241,0,4310,80744,205,0,9,0,164936,2,0,0,0,DHevyx7IEC,RO12,taul,1K8T,OTVu,H7Fp6vu,J3fgbi2,G2l2,9_Y1,YGOC,VpdQ,hAFG,me75fM6ugJ,kIsH,uKAI,L84s,XfqtO3UdzaXh_,beKT7LR,ZcUw,cJvF,FzaX,MVOjtxg,oslk,Zwra5gA,LM8l689qOp,szEZ,RAYp,F2FyR07IdsN7I
0,462,7,1048,124,155,104,166.56,0,0,0,1.741508,9,106,14,129064,0,23132.13,0,8,40,64,-162259.6,430,0,2934,0,85060,193618,115,0,18,24080,576092,12,84414,0,0,gE8Wq6edh4,RO12,taul,1K8T,EJC9,koz7asP,9YuYZx0Xsm,qUsF,9_Y1,_xpN,VpdQ,sYC_,me75fM6ugJ,kIsH,uKAI,L84s,NhsEn4L,beK4AFX,Ua0x,UYBR,FzaX,3jaYE38,oslk,9tNR6zD,LM8l689qOp,FSa2,RAYp,F2FyR07IdsN7I
0,3073,7,9480,144,180,8,251.36,0,2840358,0,2.777398,9,82,154,4652592,0,23116.74,5,4,40,64,141852.4,1185,36,5985,0,7449850,28492,2250,0,36,45248,10671240,36,133344,0,0,_v2gUHXZeb,RO12,taul,1K8T,lK27,iJzviRg,1lFJzqR,wJQF,9_Y1,fTh6,VpdQ,haYg,7M47J5GA0pTYIFxg5uy,kIsH,uKAI,L84s,oOT00mkwDoEFW,mAj1Syr,Antz,cJvF,FzaX,ch2oGfM,zCkv,P6pu4Vl,LM8l689qOp,453m,ZI9m,R4y5gQQWY8OodqDV
0,1764,7,0,164,205,32,305.76,0,7381680,0,2.553301,9,76,0,3112904,0,87270.3,20,6,64,48,144790.4,605,96,3348,0,2192340,518644,25,0,27,0,10663280,16,18234,0,0,Mtpt0G8EIb,RO12,taul,1K8T,2Ix5,gwY4NQF,lGXpFd_2Rf,tIp3,9_Y1,k13i,09_Q,IYzP,me75fM6ugJ,kIsH,uKAI,L84s,NhsEn4L,mAjbk_S,gCjY,UYBR,qxDb,t5EoLzk,oslk,ag5iNPX,LM8l689qOp,fKCe,RAYp,F2FyR07IdsN7I
0,1393,7,56,164,205,48,291.84,0,4006344,0,0.7951292,9,36,14,583696,0,104564.4,35,6,48,16,81826.4,695,66,2844,0,3388375,844154,85,0,9,261058,10441360,24,1331166,0,0,npOBcmzkzH,RO12,taul,1K8T,uNkU,IUormCU,ZkibjLN5VdYQ7,hvcn,9_Y1,KubS,VpdQ,zm5i,me75fM6ugJ,kIsH,uKAI,L84s,NhsEn4L,NGZXfGp,eA6P,cJvF,FzaX,8EdDGHt,oslk,eHppVh5,LM8l689qOp,Qcbd,RAYp,F2FyR07IdsN7I
0,259,7,96,72,90,8,66.88,0,0,0,0.6526383,9,126,42,42976,0,2890.11,0,26,72,32,-2011472,105,0,94311,0,0,1046,1080,0,18,41496,59532,0,53928,0,0,DHeq9ayfAo,2Knk1KF,taul,1K8T,487l,PHNvXy8,C_uQoStwYE,AqPG,9_Y1,kJJ7,09_Q,CoYW,NKv3VA1BpP,kIsH,uKAI,L84s,Ie_5MZs,teAjUwW,M11H,cJvF,FzaX,UF16siJ,zCkv,APgdzOv,LM8l689qOp,7P5s,6fzt,Zy3gnGM
0,224,0,4588,52,65,16,253.52,0,5063904,0,5.7069,45,148,49,201600,0,204340.2,10,0,24,16,41951.2,225,24,123867,0,5671800,553508,0,0,18,173033,9859400,6,0,0,0,HrWq9aXt5a,onTuEhrJJQy_H3IHkZku5AFczhYGqxJ890,taul,1K8T,4fje,fqeOwLG,COeL3MnlV_,qm9I,9_Y1,Y9Bl,09_Q,hAFG,7M47J5GA0pTYIFxg5uy,kIsH,uKAI,Mtgm,9pUnzWLbztKTo,pMWMyvY,wu7b,UYBR,OFWH,fxJmel6,zCkv,WfsWw2A,jySVZNlOJy,uWr3,ZI9m,iyHGyLCEkQ
0,2401,7,168,408,510,296,133.12,0,0,0,6.96646,9,58,0,1604544,0,13358.67,0,22,80,200,260077.2,1395,0,354510,0,556405,293658,2670,0,0,548940,2044612,58,314850,0,0,8I1r4RXXnK,RO12,taul,1K8T,0Xwj,cmPXOhW,BIxuwM5,dkxN,HLqf,Zazx,VpdQ,IYzP,me75fM6ugJ,sBgB,uKAI,L84s,NhsEn4L,TDceha3,hPe2,cJvF,FzaX,tjWYlW4,oslk,T_gzrB7,LM8l689qOp,Xa3G,RAYp,F2FyR07IdsN7I
0,175,0,0,36,45,0,186.64,0,323184,0,1.345866,18,18,0,17731920,0,158796.3,0,0,32,32,74364.4,565,6,0,0,206315,0,0,0,0,0,9246480,8,0,0,0,xddq9ayfAo,RO12,taul,1K8T,PJLW,Okg4EwV,UFIdC8I,f9lm,9_Y1,vm5R,VpdQ,IYzP,DHn_WUyBhW_whjA88g9bvA64_,kIsH,uKAI,L84s,CrNX,NGZ_12K,1kGM,cJvF,FzaX,vM80k6U,d0EEeJi,09qhTMv,LM8l689qOp,7P5s,02N6s8f,F2FyR07IdsN7I
0,1323,14,2552,228,285,96,253.52,0,314052,0,2.07947,27,176,154,1291856,0,27411.03,15,14,56,88,466276,730,30,84654,0,2237060,728350,4345,0,27,615027,4629920,38,734664,0,0,EsYq9aX0Db,NMCEYavk0YOlqn2jHeEDjP0xsdXeAZGnZDN0NOfV,taul,1K8T,TyGl,fhk21Ss,r83_sZi,PFV7,9_Y1,6TCl,VpdQ,hAFG,7M47J5GA0pTYIFxg5uy,kIsH,uKAI,L84s,XfqtO3UdzaXh_,_JdH8mF,6.00E+75,cJvF,qxDb,4UxGlow,oslk,catzS2D,LM8l689qOp,uWr3,ZI9m,iyHGyLCEkQ
0,931,7,292,136,170,96,91.28,0,3379674,0,1.516343,9,58,0,2104264,0,182591.7,10,8,32,40,143287.6,520,48,1017,0,1081140,2073600,185,0,0,1209600,10390960,6,2073600,0,0,DHeq9ayfAo,RO12,taul,1K8T,yYar,9GJGgoz,1lFJzqR,gnhB,9_Y1,QBpP,VpdQ,sYC_,Kxdu,kIsH,uKAI,L84s,FMSzZ91zL2,TDcEYQ6,jpg5,cJvF,FzaX,Tvpip6Z,zCkv,hHJsvbM,LM8l689qOp,7P5s,6fzt,SbOd7O8ky1wGNxp0Arj0Xs
0,483,7,2380,212,265,48,200,0,0,0,4.309763,9,110,14,29328,0,2562.738,0,0,24,72,-23573.72,975,0,27954,0,127525,2524,1330,0,0,0,121732,76,0,0,0,v0Nt0Go8Lb,2Knk1KF,taul,1K8T,g6No,PHNvXy8,1lFJzqR,gogv,9_Y1,rGJy,VpdQ,IYzP,NKv3VA1BpP,kIsH,uKAI,L84s,Ie_5MZs,CWNvjgG,LKBP,UYBR,FzaX,UF16siJ,zCkv,APgdzOv,LM8l689qOp,Qu4f,6fzt,Zy3gnGM
0,2289,7,2680,404,505,80,220.08,0,3413868,0,6.340739,9,106,455,2689160,0,69589.2,45,6,72,120,108646,1660,204,15237,0,4737680,759528,210,0,18,1630685,10438280,60,868146,0,0,npOBcmzkzH,2Knk1KF,taul,1K8T,487l,6cUBdMb,NW71gM15FR,deNA,9_Y1,WGOH,VpdQ,Tkho,me75fM6ugJ,kIsH,uKAI,Mtgm,NhsEn4L,kq0aHkC,k_QX,UYBR,FzaX,1FAm94s,oslk,MjtlfsX,LM8l689qOp,Qcbd,RAYp,55YFVY9
0,469,0,0,132,165,72,186.64,5,6420660,0,1.723563,81,26,0,706840,0,212989.5,10,8,40,24,664736,445,78,0,8,450210,1313276,0,0,9,505547,9694160,4,2073600,0,0,DHeTmBftjz,RO12,taul,1K8T,JLbT,ho_heVi,9zAVlc_,QzmS,9_Y1,Z5OU,VpdQ,zm5i,me75fM6ugJ,kIsH,uKAI,L84s,NhsEn4L,mAja5EA,1aiX,cJvF,FzaX,ImpAWQ7,oslk,lcWqFbB,LM8l689qOp,Qu4f,RAYp,F2FyR07IdsN7I
0,840,0,68,88,110,40,166.56,0,724326,0,5.280068,9,88,7,1008768,0,62430.9,0,2,16,40,-1011616,335,12,20637,0,489480,403630,0,0,0,0,2232128,18,69024,0,0,1PnZptzip9,RO12,taul,1K8T,lK27,9GJGgoz,nQUq7hGe64,cSte,9_Y1,t_4G,09_Q,sYC_,Kxdu,kIsH,uKAI,Mtgm,FMSzZ91zL2,kq04MS5,t89X,UYBR,FzaX,Tvpip6Z,zCkv,hHJsvbM,LM8l689qOp,Qu4f,6fzt,SbOd7O8ky1wGNxp0Arj0Xs
0,2303,14,2628,364,455,224,200,0,1023066,0,1.829524,27,74,147,558056,0,37479.9,45,20,128,88,29092.28,1430,108,84564,0,865825,639012,4240,0,36,453817,3420508,30,547800,0,0,dRaq9ayE15,LrdVolaSGUfkVeWC,taul,1K8T,_8YK,jlz3Naj,6omIGCc,8jDy,9_Y1,kJJ7,VpdQ,lVqb,me75fM6ugJ,kIsH,uKAI,L84s,XfqtO3UdzaXh_,OFq9NeO,kpzP,UYBR,FzaX,p4068SY,oslk,c2eEVJ2,LM8l689qOp,7P5s,RAYp,R4y5gQQWY8OodqDV
0,826,14,288,192,240,72,134.48,5,33204,0,1.409101,18,66,154,41400,0,4732.89,45,0,48,128,31514.56,830,12,15111,8,53180,22424,6395,0,0,4921,137152,24,0,0,0,xOXr4RXktW,RO12,taul,1K8T,1TqK,cmPXOhW,CdPgMY1Z52,hOR8,9_Y1,Zazx,VpdQ,IYzP,me75fM6ugJ,kIsH,uKAI,L84s,NhsEn4L,TDceha3,yqOf,cJvF,AU8pNoi,tjWYlW4,oslk,T_gzrB7,LM8l689qOp,Xa3G,RAYp,F2FyR07IdsN7I
0,1701,0,0,336,420,72,220.08,0,4001916,0,3.803888,9,30,0,1566464,0,64532.4,45,12,80,72,70670.8,915,198,0,0,3472880,589036,0,0,0,730408,9563400,36,802686,0,0,AhzOj17IEC,RO12,taul,1K8T,aD1X,cGQw79s,77iN0JezpF,wDT_,9_Y1,zfpA,09_Q,IYzP,me75fM6ugJ,kIsH,uKAI,L84s,NhsEn4L,kZJtVhC,NDdZ,UYBR,FzaX,i9JfSEp,oslk,MERQguc,LM8l689qOp,7aLG,RAYp,F2FyR07IdsN7I
0,3927,7,564,816,1020,512,291.28,0,2175252,0,4.174749,9,58,0,3550040,0,45974.1,115,84,248,88,77000.4,3185,258,15651,0,6635600,394154,1890,0,0,234122,10251800,42,736764,0,0,_v2TmBftjz,RO12,taul,1K8T,0Xwj,lVL4sPt,zhvSTtf,bNKa,HLqf,4N0K,VpdQ,sYC_,me75fM6ugJ,sBgB,7A3j,L84s,NhsEn4L,kq0n8Bj,SiTa,cJvF,FzaX,k5Om0jM,oslk,aIqi7an,M_8D,Qu4f,RAYp,F2FyR07IdsN7I
0,357,0,0,52,65,0,210.48,0,1527558,0,4.147831,9,22,0,1470192,0,225898.2,5,2,16,24,12534.16,395,18,0,0,5675000,0,0,0,9,177541,8614840,10,2182092,0,0,yaKt0Go8Lb,RO12,taul,1K8T,JLbT,u6iViyY,HgLtmECJPp,4bTR,9_Y1,MGOA,sJzTlal,zm5i,me75fM6ugJ,kIsH,uKAI,Mtgm,NhsEn4L,7WwuNea,bHR7,UYBR,FzaX,um1fql_,oslk,pm_TE6Y,LM8l689qOp,Qu4f,RAYp,F2FyR07IdsN7I
0,168,0,0,104,130,80,313.68,0,968610,0,5.001923,9,16,0,120944,0,69161.09,20,8,24,16,-900252,350,12,0,0,341690,322758,0,0,9,0,3399060,8,733872,0,0,75lr4RXktW,RO12,taul,1K8T,z32l,r6c4NQF,lGXpFd_2Rf,K5jj,9_Y1,TFSW,sJzTlal,wMei,me75fM6ugJ,kIsH,uKAI,L84s,NhsEn4L,uZL60aU,um9j,cJvF,FzaX,vtCOZ4E,oslk,uyDQguc,LM8l689qOp,Xa3G,RAYp,F2FyR07IdsN7I
0,840,14,204,136,170,40,267.2,0,4278492,0,4.682119,18,40,182,2534464,0,222006.3,15,4,40,32,120057.2,565,54,369,0,4356110,792020,215,0,9,554414,10499880,22,950424,0,0,ZSNq9aX0Db,RO12,taul,1K8T,4fje,cdAO9Nm,e1XhvTunuD,Y47A,9_Y1,Y9Bl,VpdQ,zm5i,me75fM6ugJ,kIsH,uKAI,L84s,NhsEn4L,NGZxnJM,BCds,UYBR,FzaX,s03jbzC,oslk,laR6FsY,LM8l689qOp,uWr3,RAYp,F2FyR07IdsN7I
0,4865,7,3848,736,920,336,220.08,0,4115712,0,6.591968,9,82,21,3780728,0,28803.69,35,34,152,264,147079.2,2890,222,64881,0,3826165,618792,310,0,36,148022,9946120,96,340644,0,0,avkq9ayfAo,RO12,taul,1K8T,PJLW,HPUGayG,76j2P_OLn0,0oiO,9_Y1,vm5R,VpdQ,TIA9,me75fM6ugJ,kIsH,uKAI,L84s,XfqtO3UdzaXh_,11p4mKe,gD0a,cJvF,FzaX,kTkv10k,oslk,TUP6P29,LM8l689qOp,7P5s,RAYp,F2FyR07IdsN7I
0,1561,14,3952,376,470,224,166.56,0,731406,0,0.2240974,27,74,14,551984,0,65017.5,15,36,96,112,-158114,940,12,14778,0,2482560,567244,315,0,0,576163,5217280,58,858252,0,0,64nWq69R_D,RO12,taul,1K8T,ssAy,6CXYbuk,qorFHOK36A,un8r,9_Y1,0A_v,VpdQ,IYzP,Kxdu,kIsH,uKAI,L84s,9pUnzWLbztKTo,y5FiGpF,PePD,cJvF,qxDb,ROeipLp,zCkv,K2SqEo9,LM8l689qOp,PM2D,6fzt,am14IcfM7tWLrUmRT52KtA
0,700,7,156,140,175,32,263.52,0,7314600,0,0.380047,18,86,0,2097752,0,180935.7,25,2,32,32,154797.6,535,96,981,0,2016065,624740,15,0,18,554414,10574240,10,475218,0,0,1PnOj1KVEH,RO12,taul,1K8T,sj_R,lCphli9,GJiVdTN5VLxy3,WWVS,9_Y1,ID5l,VpdQ,sYC_,me75fM6ugJ,kIsH,uKAI,Mtgm,NhsEn4L,beK4AFX,a3uX,cJvF,FzaX,MVOAHgk,oslk,gkfqCcD,LM8l689qOp,kwS7,RAYp,F2FyR07IdsN7I
0,973,7,1100,92,115,72,737.44,5,5788020,0,4.634266,27,58,0,0,6,165446.1,15,4,16,0,-296816.8,470,48,25146,32,189895,1242294,1315,0,0,0,8223200,2,1036800,0,7,KXMgUH7IEC,RO12,taul,1K8T,JLbT,H3rgrxB,r83_sZi,j4yO,9_Y1,m_h1,VpdQ,IYzP,me75fM6ugJ,kIsH,uKAI,Mtgm,NhsEn4L,mAjbk_S,RsGV,UYBR,FzaX,6VLOhQy,oslk,uxqEsaq,LM8l689qOp,WqMG,RAYp,F2FyR07IdsN7I
0,1204,14,176,128,160,160,253.52,0,0,0,6.128605,45,110,35,65112,0,113401.2,5,16,32,16,268210,595,0,17478,0,3910,3348520,1165,0,27,1091762,9527080,2,3846852,0,0,1PnOj1KVEH,2Knk1KF,taul,1K8T,ZNsX,A_yBboK,ToUSgkq,hbE4,9_Y1,jdbz,sJzTlal,hAFG,me75fM6ugJ,kIsH,uKAI,L84s,XfqtO3UdzaXh_,jawoH6T,yPGF,cJvF,FzaX,3Jmmfvd,oslk,JD1lw9w,jySVZNlOJy,kwS7,RAYp,55YFVY9
0,3906,7,1932,4052,5065,2088,263.52,0,5615304,0,4.853664,9,32,14,1382400,0,22629.42,20,0,16,16,-315911.6,12780,1638,8721,0,2769020,104466,930,0,9,0,8241280,946,0,0,0,DQlrEyXXnK,RO12,taul,1K8T,aD1X,hWvxT1D,itSGh3t,YWc4,9_Y1,VwCR,VpdQ,zm5i,me75fM6ugJ,kIsH,uKAI,L84s,NhsEn4L,mAja5EA,0QjU,cJvF,FzaX,Yo368SY,oslk,u0oAwsZ,LM8l689qOp,Aoh3,RAYp,F2FyR07IdsN7I
0,476,21,340,24,30,0,86.32,0,7257600,0,0.6748558,27,104,35,35152,12,225926.7,0,0,8,8,101897.6,275,12,39384,32,1673980,0,2525,0,9,0,6195160,6,0,0,0,AhzZptzip9,RO12,taul,1K8T,OY2L,15Ol91c,glRbITbnHQ,U7YO,9_Y1,t_4G,VpdQ,sYC_,me75fM6ugJ,kIsH,uKAI,L84s,NhsEn4L,kq0aHkC,gnK3,cJvF,qxDb,3PrRoKG,oslk,8dbaXbj,M_8D,Qu4f,RAYp,F2FyR07IdsN7I
0,1134,28,10712,136,170,64,273.6,0,0,0,4.436872,36,158,21,3027832,0,72340.5,0,0,32,72,-199904,790,0,738,0,3212800,323226,3975,0,27,1278732,4730600,34,0,0,0,KXMgUH7IEC,LrdZy8QqgUfkVShG,taul,1K8T,72yt,fhk21Ss,I1sFbvOhm1,iO_y,9_Y1,bJXB,09_Q,hAFG,7M47J5GA0pTYIFxg5uy,kIsH,uKAI,L84s,E1aAZ0x7vd,XTbZMsg,yiE0Ssq,cJvF,FzaX,4UxGlow,QKW8DRm,catzS2D,LM8l689qOp,w_Ub,ZI9m,ib5G6X1eUxUn6
0,770,7,0,156,195,40,390,0,4433574,0,5.255714,9,32,0,846440,0,204728.1,30,8,40,16,116506.4,535,72,360,0,3624730,691652,20,0,9,634753,10484360,20,1143498,0,0,DQlgUH7IEC,RO12,taul,1K8T,72yt,cJ1rmCU,i2UsG2AuGGwi0,Xz0H,9_Y1,m_h1,VpdQ,zm5i,me75fM6ugJ,kIsH,uKAI,Mtgm,NhsEn4L,kZJBm4P,4Y_B,cJvF,FzaX,q3qDGHt,oslk,USApVh5,LM8l689qOp,WqMG,RAYp,F2FyR07IdsN7I
0,280,0,0,8,10,0,233.44,0,0,0,6.975432,9,46,0,28592,0,108322.8,0,0,0,16,-165944.4,245,0,14661,0,0,0,0,0,18,0,14296,0,0,0,0,2jirEyXktW,RO12,taul,1K8T,lK27,LnrdQSP,nQUq7hGe64,ox3g,9_Y1,SkZj,09_Q,IYzP,me75fM6ugJ,kIsH,uKAI,L84s,NhsEn4L,mAjbk_S,YOvd,cJvF,FzaX,UiC6V3V,oslk,nXOQZmh,LM8l689qOp,Aoh3,RAYp,F2FyR07IdsN7I
0,693,7,392,128,160,48,273.6,0,7737780,0,6.970519,9,86,14,0,0,154175.7,30,4,32,0,145120.4,490,96,15462,0,692735,994884,1220,0,27,604800,10467280,4,1036800,0,0,g5dmfo875g,eSGpMwS8zSGgq_trOpckZ5,taul,1K8T,FPxv,UxqMukw,_jTP8ioIlJ,IoAF,9_Y1,Ew1Q,VpdQ,G_zk,GjJ35utlTa_GNSvxxpb9ju,kIsH,uKAI,L84s,UbxQ8lZ,ORMRote,SxJ2,UYBR,FzaX,lRbwSeH,Al6ZaUT,YaDNFzv,LM8l689qOp,wX53,02N6s8f,R4y5gQQWY8OodqDV
0,966,0,0,136,170,64,186.64,0,6305100,0,3.488571,9,24,0,0,0,89294.09,20,6,24,0,71799.2,585,84,0,0,1532435,1250956,0,0,9,0,10350440,10,1555200,0,0,NESt0G8EIb,RO12,taul,1K8T,PbOJ,zv8TT5i,7vJNLJ0,LbDF,9_Y1,k13i,09_Q,zm5i,DHn_WUyBhW_whjA88g9bvA64_,kIsH,uKAI,L84s,CrNX,NGZ_12K,_7wn,cJvF,FzaX,_v2_G9H,d0EEeJi,96ZVicy,LM8l689qOp,fKCe,nIGXDli,F2FyR07IdsN7I
0,1925,14,436,368,460,224,166.56,0,118848,0,0.7336039,18,72,14,242120,0,4895.4,0,6,32,96,18832.44,1385,90,432,0,474350,98564,505,0,0,18333,788140,68,16860,0,0,2jirEyXktW,RO12,LfvqpCtLOY,1K8T,TyGl,B4go63u,ELRUn57,HSNi,9_Y1,SkZj,VpdQ,sYC_,me75fM6ugJ,kIsH,uKAI,L84s,NhsEn4L,y5FCfxT,YOvd,cJvF,FzaX,ian6s0w,oslk,oGZTQlu,jySVZNlOJy,Aoh3,RAYp,F2FyR07IdsN7I
0,1323,7,704,172,215,184,176.56,0,0,0,4.15659,9,50,21,1033328,0,32238.9,10,12,40,40,101762.8,605,0,94635,0,599880,392728,2095,0,0,351260,2209288,14,280536,0,0,AhzOj17IEC,AERks4l,taul,1K8T,aD1X,PptJSzQ,q2tfFQq,OKlM,9_Y1,zfpA,VpdQ,IYzP,GjJ35utlTa_GNSvxxpb9ju,kIsH,uKAI,Mtgm,JBfYVit4g8,uZLz8Sc,naLW,UYBR,FzaX,EPICXXk,Al6ZaUT,DUSSoTa,LM8l689qOp,7aLG,02N6s8f,xwM2aC7IdeMC0
0,742,7,0,132,165,0,200,5,9502620,0,2.343303,9,130,0,1511760,0,235151.7,30,2,48,24,104745.2,530,114,1872,8,1708105,0,40,0,27,717990,10308000,8,51102,0,0,qXh9tYsdof,onTuEhrJJQy_H3IHkZku5AFczhYGqxJ890,taul,1K8T,WkTj,fqeOwLG,pEL6SpI3e8wSRJHtfvo,uGJd,9_Y1,YULl,VpdQ,6JmL,7M47J5GA0pTYIFxg5uy,kIsH,uKAI,L84s,UbxQ8lZ,beKAhVm,IRjc,UYBR,FzaX,fxJmel6,Al6ZaUT,WfsWw2A,LM8l689qOp,FSa2,ZI9m,iyHGyLCEkQ
0,315,7,272,68,85,24,178.96,0,0,0,2.23307,9,192,21,194424,0,11730.06,5,0,16,24,-1726636,285,0,25074,0,262860,10330,1565,0,18,50085,344476,20,0,0,0,Yn7t0Go8Lb,bYmQ4nc,taul,1K8T,wGW5,fhk21Ss,y4g9XoZ,MxT5,9_Y1,YePk,VpdQ,69fI,7M47J5GA0pTYIFxg5uy,kIsH,uKAI,Mtgm,_5OXC8MSLt,11pMFCG,0L6M,cJvF,FzaX,4UxGlow,oslk,catzS2D,LM8l689qOp,Qu4f,ZI9m,ib5G6X1eUxUn6
0,959,7,2844,168,210,104,166.56,0,0,0,2.117923,9,108,189,347880,0,27946.65,0,12,40,88,31531.72,690,0,13095,0,818455,242178,920,0,27,82726,1396044,24,124476,0,0,8Fdr4RXXnK,RO12,taul,1K8T,ChAX,iJzviRg,7qIEVHeq8Qb64AjqhpU,78Ig,9_Y1,TFSW,VpdQ,6JmL,7M47J5GA0pTYIFxg5uy,kIsH,uKAI,L84s,4kVnq_T26xq1p,NGZ8U9t,GMiK,cJvF,FzaX,ch2oGfM,zCkv,P6pu4Vl,M_8D,Xa3G,ZI9m,R4y5gQQWY8OodqDV
0,805,14,3208,120,150,56,261.2,0,2702748,0,6.958556,27,136,763,1267216,0,212776.5,35,4,40,16,-156,515,36,66771,0,1857405,1123212,615,0,18,0,9019040,12,950412,0,0,oUPBcmzkzH,2Knk1KF,taul,1K8T,tXti,esxkA1P,lGXpFd_2Rf,GF7g,9_Y1,WGOH,09_Q,kxE9,me75fM6ugJ,kIsH,uKAI,L84s,XfqtO3UdzaXh_,11p4mKe,iMtq,UYBR,FzaX,EPImS85,oslk,MI8s5nE,LM8l689qOp,Qcbd,RAYp,55YFVY9
0,679,7,108,88,110,56,166.56,0,1386,0,5.546037,9,60,14,131264,0,6386.85,0,12,32,40,25376.44,350,6,1755,0,27960,57732,5,0,0,35357,236784,6,48594,0,0,1YVvyx7IEC,RO12,taul,1K8T,hM6W,zVsQ9wn,p528EHj,sYOZ,9_Y1,RcM7,VpdQ,IYzP,me75fM6ugJ,kIsH,uKAI,L84s,NhsEn4L,mAjbk_S,xIE9,cJvF,FzaX,uMO1UQz,oslk,DjijeOa,LM8l689qOp,szEZ,RAYp,F2FyR07IdsN7I
0,847,7,28,128,160,0,319.2,0,11404800,0,3.887844,9,92,0,0,0,170788.8,45,0,32,0,225583.6,540,132,5706,0,96135,0,15,0,36,0,10790520,2,0,0,0,2jiWq69cTy,RO12,taul,1K8T,ssAy,6SyRSUd,pCsFbvQJcF,NKTj,9_Y1,0A_v,sJzTlal,Tkho,me75fM6ugJ,kIsH,uKAI,L84s,NhsEn4L,beK4AFX,tunS,UYBR,FzaX,I0k8jNM,oslk,nmYTL5Q,jySVZNlOJy,PM2D,RAYp,F2FyR07IdsN7I
0,847,7,472,164,205,16,253.52,0,9161880,0,2.464858,18,58,42,383152,0,205561.2,45,4,32,32,354971.6,580,108,6975,0,1989595,21656,940,0,0,0,10733840,12,2190,0,0,_v2gUHXZeb,RO12,taul,1K8T,7ALb,ho_dR0M,Nu12GvuTk1,T_K4,9_Y1,STGZ,VpdQ,IYzP,me75fM6ugJ,kIsH,uKAI,L84s,NhsEn4L,kq0n8Bj,K7x4,cJvF,FzaX,hAX6pd1,oslk,FYyQowC,LM8l689qOp,453m,RAYp,F2FyR07IdsN7I
0,1386,14,440,340,425,208,169.92,0,66378,0,5.512497,27,72,119,653552,0,10659,5,12,72,104,-1512232,745,12,31104,0,708010,135850,6745,0,9,251272,1237052,74,21216,0,0,dRaq9ayE15,LrdVolaSGUfkVeWC,taul,1K8T,z32l,RPKu5tB,FnWEFeflbG,pvqR,9_Y1,000J,VpdQ,wMei,me75fM6ugJ,kIsH,uKAI,Mtgm,h0lfDKh52u4GP,ORM0Mzs,5rG6,cJvF,FzaX,WdP1WU5,oslk,05j67Xw,LM8l689qOp,7P5s,RAYp,R4y5gQQWY8OodqDV
0,2268,0,0,4428,5535,2208,253.52,0,6026220,0,6.095492,9,16,0,548608,0,8334.93,35,8,64,432,-636568,9095,810,0,0,3775045,91568,0,0,9,2275,9915480,1262,1950,0,0,LDPq9ayfAo,RO12,taul,1K8T,0Xwj,x8bo8ot,9YuuPSz3BI,jrUy,HLqf,vm5R,VpdQ,zm5i,me75fM6ugJ,sBgB,uKAI,Mtgm,NhsEn4L,7Ww66JZ,9eg8,UYBR,FzaX,tS16hzI,oslk,vHkTy9x,LM8l689qOp,7P5s,RAYp,F2FyR07IdsN7I
0,1148,21,1752,144,180,40,253.52,0,5901234,0,2.764367,27,178,161,1382400,0,170909.7,15,8,32,16,110258,555,72,3681,0,1688860,855656,490,0,36,0,10106960,20,2073600,0,0,xearjIX0Db,RO12,taul,1K8T,dTod,fhk21Ss,ARvzJXx,P57z,9_Y1,nr0d,VpdQ,oZyB,7M47J5GA0pTYIFxg5uy,kIsH,uKAI,L84s,9pUnzWLbztKTo,beKikFY,Lhyt,cJvF,FzaX,4UxGlow,zCkv,catzS2D,LM8l689qOp,5Acm,ZI9m,iyHGyLCEkQ
0,826,14,584,148,185,104,133.12,0,3838326,0,4.766289,18,58,56,307664,0,207684.9,25,10,72,24,67135.6,515,48,5778,0,699155,2246400,405,0,0,661773,10435200,6,2020416,0,0,Yddq9ayE15,RO12,taul,1K8T,hAOr,9GJGgoz,nQUBcBcErl,A9e4,9_Y1,F_Lu,VpdQ,IYzP,Kxdu,kIsH,uKAI,Mtgm,FMSzZ91zL2,TDcEYQ6,AJ7R,cJvF,FzaX,Tvpip6Z,zCkv,hHJsvbM,LM8l689qOp,TNEC,6fzt,SbOd7O8ky1wGNxp0Arj0Xs
0,595,0,0,188,235,48,266.4,15,3802158,0,3.991455,9,22,0,959456,0,68336.7,10,4,32,24,-453784,1500,66,0,24,536125,200518,0,0,9,744303,4785920,46,397908,0,0,voArjIXt5a,RO12,taul,1K8T,487l,pKHsKl9,oZfiYGy20Y,3OjE,9_Y1,xQ2A,09_Q,zm5i,me75fM6ugJ,kIsH,uKAI,Mtgm,NhsEn4L,7WwOAni,gvA6,UYBR,FzaX,8Qv6hzI,oslk,2O2Rt2K,LM8l689qOp,5Acm,RAYp,F2FyR07IdsN7I
0,3822,14,1916,1252,1565,1000,200,0,4686174,0,3.823115,27,126,0,2576152,0,46884,190,132,312,96,135808.8,3270,306,5490,0,4329635,378318,75,0,9,217091,10428840,42,794352,0,0,DQlrEyXXnK,2Knk1KF,taul,1K8T,z32l,BC27GMk,itSGh3t,_21B,9_Y1,SkZj,VpdQ,sYC_,me75fM6ugJ,kIsH,uKAI,L84s,NhsEn4L,beK4AFX,UQjq,cJvF,FzaX,md_v66D,oslk,OMyw_BK,jySVZNlOJy,Aoh3,RAYp,55YFVY9
0,3304,7,1400,668,835,328,176.56,0,116472,0,6.824183,9,156,98,253456,3,7637.1,30,30,160,200,16911.28,2450,72,9846,16,337895,131350,350,0,18,39319,938268,136,257118,0,7,qXhrEy7VR2,2Knk1KF,taul,1K8T,sKnY,ezgR5DT,Oe4E7cR6Kt,MRaU,9_Y1,X8zP,VpdQ,hAFG,me75fM6ugJ,kIsH,uKAI,L84s,XfqtO3UdzaXh_,XTbPUYD,WhOy,UYBR,FzaX,O308iqZ,oslk,eyvTy9x,LM8l689qOp,Aoh3,RAYp,TCU50_Yjmm6GIBZ0lL_
0,518,0,0,140,175,40,253.52,0,4343058,0,1.064943,9,28,0,3168120,0,207297.3,10,2,32,40,194858.4,515,66,0,0,4356170,792030,0,0,18,554421,10498880,22,475218,0,0,P1WvyxLp3Z,AERks4l,taul,1K8T,TyGl,6Wu7zLh,rfkFDkC,UC7i,9_Y1,lXxA,09_Q,zm5i,7M47J5GA0pTYIFxg5uy,kIsH,uKAI,L84s,NhsEn4L,NGZBB0k,UdjJ,UYBR,FzaX,8c8KEbL,oslk,UQenOT8,LM8l689qOp,xb3V,ZI9m,F2FcTt7IdMT_v
0,539,7,816,124,155,0,240.16,0,1584498,0,4.405469,9,30,224,5827712,0,229727.7,0,0,32,72,123405.6,500,24,464085,0,7776000,0,8450,0,0,0,10191000,36,0,0,0,zC_Wq6e2Rv,RO12,taul,1K8T,WkTj,9oSchDb,LH0kFz12FM,APsS,9_Y1,_xpN,09_Q,IYzP,me75fM6ugJ,kIsH,uKAI,L84s,NhsEn4L,mAjbk_S,F5kZ,cJvF,FzaX,LWnzNJS,oslk,CqZQCxq,LM8l689qOp,FSa2,RAYp,F2FyR07IdsN7I
0,1204,7,20,408,510,64,253.52,0,5167188,0,4.795129,9,38,21,2236984,0,136176.9,35,12,88,104,452736,1295,138,87111,0,3587915,720446,535,0,9,1118110,10345800,90,1122858,0,0,1JGr4RKzJV,AERks4l,taul,1K8T,JLbT,5CFXD9A,76j2P_OLn0,8BLx,9_Y1,DtNL,VpdQ,43pnToF,7M47J5GA0pTYIFxg5uy,kIsH,uKAI,L84s,4kVnq_T26xq1p,kZJ60aU,ai8u,UYBR,FzaX,MmsL3hM,zCkv,XdARPDh,LM8l689qOp,FSa2,ZI9m,F2FcTt7IdMT_v
0,1624,7,68,24,30,8,220.08,0,0,0,2.807093,18,34,21,0,0,104187,0,2,0,0,-749940,430,0,162,0,3295925,1209600,100,0,9,0,7475160,8,3628800,0,0,AhzOj17IEC,RO12,taul,1K8T,oXaB,9LEbiah,gG7Uh_O5Ag,cJ3Z,9_Y1,iVbl,09_Q,zm5i,me75fM6ugJ,kIsH,uKAI,L84s,NhsEn4L,mAjAVZm,IySH,cJvF,FzaX,Q5BOZ4E,oslk,Pbo79_c,LM8l689qOp,7aLG,RAYp,F2FyR07IdsN7I
0,1232,7,1212,144,180,56,166.56,0,38130,0,5.714591,27,96,21,50736,0,10001.1,10,8,56,32,-26962.56,735,30,67482,0,244980,24292,55,0,18,32130,388856,28,129990,0,0,gE8Wq6edh4,RO12,taul,1K8T,WkTj,r6ccy5d,P9HTde2,qUsF,9_Y1,_xpN,VpdQ,sYC_,me75fM6ugJ,kIsH,uKAI,L84s,NhsEn4L,beK4AFX,8EVF,UYBR,FzaX,LWkYE38,oslk,8ag7A2G,LM8l689qOp,FSa2,RAYp,F2FyR07IdsN7I
0,1085,14,696,188,235,136,186.64,0,67086,0,2.985687,18,134,14,2044048,0,47854.8,5,14,40,80,-20638.44,780,12,48105,0,682660,311096,1680,0,9,54054,2792360,20,317538,0,0,qFpmfo8zhV,2Knk1KF,taul,1K8T,42Cy,X2G4NDc,LJF4fPp,NUJW,9_Y1,6Kw9,VpdQ,haYg,me75fM6ugJ,kIsH,uKAI,L84s,XfqtO3UdzaXh_,XTbPUYD,kPCU,cJvF,FzaX,DiRY_02,oslk,HiG2C8o,LM8l689qOp,3Cy4,RAYp,55YFVY9
0,1232,7,1468,152,190,128,220.08,0,1859262,0,5.522325,9,60,49,2667112,0,63480.6,0,8,48,64,743928,585,36,100188,0,914785,1956910,2425,0,9,500794,7818400,8,899520,0,0,tr0gUH7ejg,RO12,taul,1K8T,lK27,fLzAmkt,glRBFJT8NN,CeDO,9_Y1,m_h1,VpdQ,sYC_,me75fM6ugJ,kIsH,uKAI,L84s,NhsEn4L,kq0n8Bj,iWSK,UYBR,FzaX,TE7NqhB,oslk,7_Nj7qz,LM8l689qOp,WqMG,RAYp,F2FyR07IdsN7I
0,161,0,0,96,120,24,340.24,0,3979374,0,5.779534,9,16,0,1901024,0,154695.3,10,0,16,24,-143311.6,435,54,0,0,2568440,414170,0,0,9,0,7120160,14,0,0,0,dRagUHXM47,RO12,taul,1K8T,0Xwj,Ml6kiFp,lGXpFd_2Rf,Hnyn,F3hy,8BBI,09_Q,zm5i,me75fM6ugJ,sBgB,uKAI,Mtgm,NhsEn4L,cUQRbBF,U6Hx,UYBR,FzaX,k5O88FJ,oslk,QkgQQMs,LM8l689qOp,453m,RAYp,F2FyR07IdsN7I
0,700,7,124,160,200,32,316.16,0,2865192,0,0.3390301,9,30,28,633624,0,215896.5,35,8,40,8,115568,585,48,4149,0,4616970,633624,65,0,0,1108842,10506400,32,1900872,0,0,639qrQK2Mx,RO12,taul,1K8T,1QqW,ofiZR7x,_jTP8ioIlJ,C0Qv,9_Y1,15m3,VpdQ,IYzP,me75fM6ugJ,kIsH,uKAI,L84s,NhsEn4L,cUQss53,9ytw,cJvF,FzaX,JO03372,oslk,XlgxB9z,LM8l689qOp,FSa2,RAYp,F2FyR07IdsN7I
0,1127,7,5424,60,75,8,210,0,35184,0,3.551592,9,134,7,116320,0,93557.7,5,2,8,16,-659964,475,24,52524,0,52900,5310,395,0,0,0,166588,12,3048,0,0,DHegUHXZeb,2Knk1KF,taul,1K8T,487l,AKbblEW,17VONbZnAuZ90atz,vh2B,9_Y1,STGZ,VpdQ,IYzP,me75fM6ugJ,kIsH,uKAI,L84s,NhsEn4L,beK4AFX,KoYr,UYBR,FzaX,bYA18fN,oslk,aFcwIB5,M_8D,453m,RAYp,55YFVY9
0,2282,14,2860,264,330,88,298.32,0,3136980,0,1.823756,27,104,532,4157536,0,76414.5,50,2,160,112,75206.4,885,78,6525,0,5834400,427202,12600,0,18,2737,10124560,34,101400,0,0,LDPgUHXZeb,RO12,taul,1K8T,USOt,_v3y55C,IEb4YxVagGXZQj7D,6cV2,9_Y1,STGZ,VpdQ,haYg,DHn_WUyBhW_whjA88g9bvA64_,kIsH,uKAI,L84s,CrNX,AuSDRR8,2lUR,cJvF,FzaX,ZLO2phK,d0EEeJi,T63EZJe,LM8l689qOp,453m,nIGXDli,F2FyR07IdsN7I
0,609,7,12,256,320,120,166.56,0,0,0,2.318094,9,106,0,494144,9,20158.2,0,6,8,104,-259470.8,845,0,11709,32,1003610,253158,5,0,18,36617,1593768,66,56238,0,7,DHevyx7IEC,eSGpMwS8zSGgq_trOpckZ5,taul,1K8T,0Xwj,fhk21Ss,ELRUn57,6PI_,HLqf,RcM7,VpdQ,hAFG,7M47J5GA0pTYIFxg5uy,sBgB,uKAI,L84s,UbxQ8lZ,ORMRote,zq0_,cJvF,FzaX,4UxGlow,Al6ZaUT,catzS2D,jySVZNlOJy,szEZ,ZI9m,R4y5gQQWY8OodqDV
0,2401,7,504,1244,1555,720,220.08,0,3113280,0,0.2875454,36,98,56,3418616,0,74375.09,220,74,248,248,142277.6,2240,324,49653,0,5186900,658338,4680,0,18,124488,10595920,110,715392,0,0,vAsvyx7ejg,RO12,taul,1K8T,487l,T7cNGWG,wXYgzHf,et0n,9_Y1,qaiO,VpdQ,sYC_,me75fM6ugJ,kIsH,uKAI,L84s,NhsEn4L,kq0ELEt,FbT7,UYBR,FzaX,ByIfGrO,oslk,Esw7qqc,jySVZNlOJy,szEZ,RAYp,F2FyR07IdsN7I
0,1428,7,228,172,215,32,253.52,10,9577500,0,2.544328,9,56,0,20096,0,56646.9,35,4,72,40,155704.4,545,114,9504,16,213565,520178,1520,0,18,13286,10649160,12,1036800,0,0,euOBcmz45j,RO12,taul,1K8T,tXti,kJ1ERUT,Iibp4Nm3uQ,QBBG,9_Y1,WGOH,09_Q,haYg,7M47J5GA0pTYIFxg5uy,kIsH,uKAI,L84s,leSl,teA09W3,3lLH,UYBR,FzaX,MMTJrCp,QKW8DRm,Rkj9jvX,LM8l689qOp,Qcbd,vJ_w8kB,WfJ2BB2SFSqauljlfOB
0,889,7,192,216,270,240,166.56,0,0,0,4.90408,9,90,28,48904,0,2178.849,0,0,24,48,2869,460,0,5454,0,21785,28828,1360,0,27,5999,99536,36,0,0,0,euOBcmz45j,RO12,taul,1K8T,KXDt,yz3abdC,FoJylxy,VyZ6,9_Y1,WGOH,VpdQ,hAFG,me75fM6ugJ,kIsH,uKAI,L84s,XfqtO3UdzaXh_,11p4mKe,1Obz,cJvF,FzaX,zQ_frxM,oslk,B0WAIRG,LM8l689qOp,Qcbd,RAYp,F2FyR07IdsN7I
0,2002,7,212,132,165,72,220.08,0,5900046,0,0.2663961,9,112,7,1382400,0,56452.8,25,4,32,16,112140,535,78,7209,0,864000,1439574,85,0,27,0,10614120,4,1036800,0,0,DQlrEyXXnK,RO12,taul,1K8T,LLPZ,iJzviRg,_jTP8ioIlJ,Wpx3,9_Y1,SkZj,VpdQ,itlM,7M47J5GA0pTYIFxg5uy,kIsH,uKAI,L84s,XfqtO3UdzaXh_,kq0wo1l,K6CO,cJvF,FzaX,ch2oGfM,oslk,P6pu4Vl,LM8l689qOp,Aoh3,ZI9m,R4y5gQQWY8OodqDV
0,742,14,588,80,100,56,133.12,0,23472,0,0.6434523,18,76,21,35064,0,7251.84,5,18,64,8,-27242.44,335,12,54009,0,0,42200,110,0,0,119987,237288,0,163974,0,0,qXhrEy7VR2,RO12,taul,1K8T,lK27,6CXYbuk,4soGE0N5VZrWb,3Q0L,9_Y1,H9GL,09_Q,IYzP,Kxdu,kIsH,uKAI,L84s,9pUnzWLbztKTo,y5FToZ3,fDPA,UYBR,FzaX,ROeipLp,zCkv,K2SqEo9,LM8l689qOp,Aoh3,6fzt,am14IcfM7tWLrUmRT52KtA
0,805,7,2180,208,260,136,133.12,0,151362,9,0.7256997,18,208,644,28344,6,5317.02,0,6,32,16,33318,990,60,71811,32,184525,105592,7840,6,18,191618,635068,40,241776,0,0,52Iq9ayE15,vuPfq6YcbX,CiJDdr4TQ0rGERIS,1K8T,0Xwj,fhk21Ss,yLQ6qarKpT,A0mG,HLqf,kJJ7,VpdQ,y6dw,7M47J5GA0pTYIFxg5uy,sBgB,uKAI,L84s,_5OXC8MSLt,LxWhDOK,He4R,UYBR,FzaX,4UxGlow,oslk,catzS2D,LM8l689qOp,7P5s,ZI9m,VjDE
0,336,0,0,316,395,192,357.04,0,1186362,0,2.900021,9,16,0,965848,0,116595.6,45,12,80,96,111743.6,670,36,0,0,7893000,270950,0,0,0,407162,10377760,44,533160,0,0,xOXrjIQq3d,RO12,taul,1K8T,WkTj,4rXxfeC,DKUDUftgA7,93co,9_Y1,RVjC,VpdQ,IYzP,me75fM6ugJ,kIsH,uKAI,L84s,NhsEn4L,kq0ncmx,Ioib,UYBR,FzaX,llYv48t,oslk,V51EKx8,LM8l689qOp,FSa2,RAYp,F2FyR07IdsN7I
0,861,7,144,24,30,0,286.96,0,12794400,0,3.005554,18,38,35,0,0,171855.3,0,0,0,0,69863.2,395,30,171,0,2638995,0,70,0,18,0,10640800,2,0,0,0,8I1q9ayE15,RO12,taul,1K8T,0Xwj,GUg04mC,SCF_a2icdl,7qzc,HLqf,AKLO,VpdQ,zm5i,me75fM6ugJ,sBgB,uKAI,Mtgm,NhsEn4L,kZJyVg2,de3b,cJvF,FzaX,6g5Ojel,oslk,UbjqFbB,jySVZNlOJy,TNEC,RAYp,F2FyR07IdsN7I
0,1512,21,2516,356,445,200,166.56,0,450,0,0.3255714,27,130,154,128104,0,4215.96,0,18,56,120,8659,1210,6,36234,0,177935,34518,1835,0,18,20986,330600,78,82296,0,0,5_lq9aXt5a,2Knk1KF,taul,1K8T,lK27,ryQJDqx,BdLTN24,1bhW,9_Y1,Y9Bl,VpdQ,haYg,me75fM6ugJ,kIsH,uKAI,L84s,XfqtO3UdzaXh_,XTbPUYD,EtoB,UYBR,FzaX,tCbv48t,oslk,Exf7DIf,LM8l689qOp,uWr3,RAYp,55YFVY9
0,966,7,144,184,230,16,220.08,0,10095840,0,3.33668,9,58,0,780224,0,171999,35,4,64,56,275257.6,590,120,4410,0,938385,199108,65,0,9,182959,10647840,16,143526,0,0,oBXq9ayfAo,RO12,taul,1K8T,c9jp,t1FzMzM,J3fgbi2,l1zl,9_Y1,pQsY,VpdQ,IYzP,me75fM6ugJ,kIsH,uKAI,L84s,NhsEn4L,mAjbk_S,RmhG,cJvF,FzaX,ue3lefp,oslk,E11cLGo,LM8l689qOp,TNEC,RAYp,F2FyR07IdsN7I
0,616,7,132,104,130,64,91.28,0,0,0,1.35078,9,36,0,64944,0,2644.2,0,6,56,104,3606.428,315,0,7965,0,3095,15806,125,0,0,36547,74280,4,11580,0,0,crIt0Go8Lb,RO12,taul,1K8T,g6No,HGPI38U,ElQylxy,QCbZ,9_Y1,Z5OU,09_Q,IYzP,me75fM6ugJ,kIsH,uKAI,L84s,NhsEn4L,mAjR0Ac,bhTr,cJvF,FzaX,XsgVino,oslk,uBYREAj,LM8l689qOp,Qu4f,RAYp,F2FyR07IdsN7I
0,875,7,1832,112,140,56,200,0,17868,0,4.861782,27,200,0,886352,0,51777.3,0,4,24,40,-188044,495,12,87462,0,1289030,150158,435,0,9,371343,1838420,24,77688,0,0,HYTvyx7ejg,2Knk1KF,CiJDdr4TQ0rGERIS,1K8T,487l,fhk21Ss,o64y9zI,CVJ8,9_Y1,xSqs,VpdQ,haYg,7M47J5GA0pTYIFxg5uy,kIsH,uKAI,L84s,_5OXC8MSLt,11pMFCG,Gkqn,cJvF,AU8pNoi,4UxGlow,oslk,catzS2D,LM8l689qOp,szEZ,ZI9m,VjDE
0,1239,14,412,164,205,72,220.08,0,2413224,0,6.289468,18,58,119,2441088,0,144510.9,25,4,56,56,167708.4,475,36,6399,0,4948985,766290,185,0,0,0,9780680,24,593100,0,0,dRarjIK12c,RO12,taul,1K8T,487l,LJSqkpJ,glRBFJT8NN,Th7L,9_Y1,7WNq,VpdQ,IYzP,me75fM6ugJ,kIsH,uKAI,L84s,NhsEn4L,mAjbk_S,Grjv,cJvF,FzaX,5LLYjZW,oslk,4IrA9vx,jySVZNlOJy,WqMG,RAYp,F2FyR07IdsN7I
0,4606,7,4048,140,175,0,785.84,5,0,0,6.576373,27,168,0,5907984,0,41267.7,5,4,32,72,342675.2,1535,0,33885,8,9936000,0,50,0,54,604800,10946760,46,12,0,0,KXMrEyXXnK,2Knk1KF,taul,1K8T,Wmd1,fhk21Ss,k10MzgT,Osk9,9_Y1,SkZj,VpdQ,giwq,7M47J5GA0pTYIFxg5uy,kIsH,uKAI,L84s,E1aAZ0x7vd,OFqVH0t,gJp0,UYBR,FzaX,4UxGlow,QKW8DRm,catzS2D,LM8l689qOp,Aoh3,ZI9m,ib5G6X1eUxUn6
0,1652,14,412,348,435,56,173.2,0,7632,0,0.3439436,18,108,0,66544,0,2200.938,15,0,48,128,-841.856,1215,42,30420,0,155815,5876,2075,0,9,0,177144,108,0,0,0,2jirEyXktW,2Knk1KF,taul,1K8T,TyGl,T7cp9gW,ARvzJXx,BGzj,9_Y1,SkZj,VpdQ,haYg,me75fM6ugJ,kIsH,uKAI,L84s,XfqtO3UdzaXh_,XTbPUYD,Xup6,UYBR,FzaX,9Hi6hzI,oslk,93cqqb8,LM8l689qOp,Aoh3,RAYp,55YFVY9
0,868,7,16,100,125,32,207.76,0,1929432,0,6.60564,18,56,0,2642000,9,209819.4,10,0,24,32,329425.2,475,24,864,32,3223950,1416320,585,0,9,0,10721320,22,0,0,7,9hRmfo875g,AERks4l,taul,1K8T,0Xwj,PHNvXy8,Hz6CKEGgV0Vbb,72c4,HLqf,Z5OU,09_Q,43pnToF,NKv3VA1BpP,sBgB,uKAI,L84s,Ie_5MZs,y5FEvJ5,zZe6,cJvF,FzaX,UF16siJ,zCkv,APgdzOv,jySVZNlOJy,Qu4f,6fzt,xwM2aC7IdeMC0
0,875,7,48,156,195,16,200,0,1560396,0,6.042085,9,158,7,3456000,0,204538.5,20,2,40,40,66910,600,36,24372,0,7695350,138380,495,0,27,0,10698600,42,518400,0,0,ZSNq9aX0Db,2Knk1KF,taul,1K8T,Uk76,XktJaGu,TbQyCeZ21flwy,d9gL,9_Y1,Y9Bl,VpdQ,giwq,me75fM6ugJ,kIsH,uKAI,L84s,h0lfDKh52u4GP,IoI4mKe,GA8J,cJvF,OFWH,cicv1FD,oslk,jxsQhib,M_8D,uWr3,RAYp,TCU50_Yjmm6GIBZ0lL_
0,1260,7,408,188,235,56,220.08,0,5780736,0,2.700491,9,58,28,1392560,0,158392.2,15,6,32,48,111775.6,765,96,42678,0,3227125,707414,200,0,0,271383,10304360,24,1555200,0,0,qXhPe2ftjz,RO12,taul,1K8T,PGNs,innxbJ3,Hz673939hbJdw,NPMY,9_Y1,mTeA,VpdQ,sYC_,me75fM6ugJ,kIsH,uKAI,L84s,NhsEn4L,jawF83H,Juwm,UYBR,AU8_WTd,ZLOD5lR,oslk,iPWgyXK,jySVZNlOJy,FSa2,RAYp,F2FyR07IdsN7I
0,2303,14,184,944,1180,280,301.12,0,3548154,0,3.209571,18,32,91,1621072,0,55132.5,65,48,296,320,211940.4,2740,144,2619,0,3532475,974178,110,0,9,1039703,10337880,200,1423158,0,0,FAJgUH7ejg,RO12,taul,1K8T,0Xwj,ka3eV8O,GHfL3MpXAX,Rjw5,HLqf,m_h1,VpdQ,zm5i,DHn_WUyBhW_whjA88g9bvA64_,sBgB,uKAI,L84s,CrNX,uZLj9VB,kPer,UYBR,FzaX,UvL_w6z,d0EEeJi,nuwugiB,LM8l689qOp,WqMG,nIGXDli,F2FyR07IdsN7I
0,2212,7,2628,176,220,40,186.64,0,4322412,0,2.970092,9,202,84,3398304,0,27934.95,20,0,32,40,150026.4,690,78,35541,0,5741050,42066,15640,0,54,0,10640160,34,0,0,0,vAsTmBfHUn,ByQdnLRlFnny2k4AJzG,taul,1K8T,JLbT,fhk21Ss,BBhiudN5VwCx3,IEDl,9_Y1,4N0K,VpdQ,oZyB,7M47J5GA0pTYIFxg5uy,kIsH,uKAI,L84s,a3CcPDe,CWNLnTo,YUbb,UYBR,FzaX,4UxGlow,QKW8DRm,catzS2D,LM8l689qOp,Qu4f,ZI9m,NoEd
0,2331,14,4428,124,155,0,220.08,0,0,0,4.55971,18,50,21,6220800,0,79576.8,0,0,32,72,90086.4,605,0,32328,0,9504000,0,640,0,0,0,10713600,44,0,0,0,dRaq9ayE15,RO12,taul,1K8T,JLbT,lCpbiah,n1zVHpT8NN,fp2y,9_Y1,000J,09_Q,IYzP,me75fM6ugJ,kIsH,uKAI,L84s,NhsEn4L,mAja5EA,dGDU,cJvF,FzaX,SppOZ4E,oslk,HDq79_c,M_8D,7P5s,RAYp,F2FyR07IdsN7I
0,1183,7,1388,132,165,16,220.08,0,2623308,0,1.381756,9,146,21,4147200,0,105976.8,10,0,32,48,-54026.4,565,36,12654,0,7040250,214298,4340,0,9,1814400,10574440,34,0,0,0,LDPq9ayfAo,2Knk1KF,taul,1K8T,mAW3,47W4ewH,76j2P_OLn0,vNM8,9_Y1,000J,VpdQ,wMei,me75fM6ugJ,kIsH,uKAI,L84s,h0lfDKh52u4GP,IoI4mKe,azdH,cJvF,qxDb,Eu2Ow16,oslk,TRNQv5o,LM8l689qOp,7P5s,RAYp,55YFVY9
0,2891,7,4372,632,790,208,286.96,0,6100620,0,6.568254,9,154,231,1490112,0,64524,60,36,288,176,103487.6,2530,138,22833,0,2368540,526534,1445,0,36,355978,10311800,114,700452,0,0,6VLvyx7IEC,rEUOq2QD1qfkRr6qpua,taul,1K8T,hM6W,fhk21Ss,msIqHk8toE,lb2I,9_Y1,RcM7,VpdQ,kxE9,7M47J5GA0pTYIFxg5uy,kIsH,uKAI,L84s,lCToAAt,___a3MW,WGwm,UYBR,FzaX,4UxGlow,d0EEeJi,catzS2D,jySVZNlOJy,szEZ,ZI9m,ib5G6X1eUxUn6
0,1057,7,564,156,195,16,200,0,34194,0,0.1142918,18,78,21,4870568,0,185573.4,30,4,80,64,133097.2,690,6,2331,0,8426700,345600,295,0,0,1209600,10570320,40,693180,0,0,FoxgUHSK8h,RO12,taul,1K8T,PGNs,r6ccy5d,3cO76t0,koiU,9_Y1,_xpN,VpdQ,IYzP,me75fM6ugJ,kIsH,uKAI,L84s,NhsEn4L,mAjbk_S,qqJY,cJvF,FzaX,LWkYE38,oslk,8ag7A2G,jySVZNlOJy,FSa2,RAYp,F2FyR07IdsN7I
0,609,0,0,172,215,56,296.72,0,1815816,0,6.81286,9,24,0,10584,0,49753.2,45,10,56,8,249292.8,680,108,0,0,159400,351628,0,0,9,174867,3742016,6,791004,0,0,O8Zr4Rdc_a,RO12,taul,1K8T,bhvQ,fLzCyD5,y2LIM03TrE,aDz6,9_Y1,em8I,09_Q,Tkho,me75fM6ugJ,kIsH,g5HH,L84s,NhsEn4L,TDc4Td_,L6yO,cJvF,FzaX,yO79OJS,oslk,uBooG9v,LM8l689qOp,me1d,RAYp,F2FyR07IdsN7I
0,1967,21,8436,372,465,136,322.08,0,2271648,0,3.696005,27,80,168,4720480,0,79353.91,25,30,200,192,145152,1360,48,35424,0,6832500,211592,7605,0,9,183967,10640840,48,510174,0,0,dRaq9ayE15,RO12,ev6I,1K8T,JLbT,FJDupBg,qwZgmrpuGfpMc8Np,thsq,9_Y1,QBpP,VpdQ,wMei,7M47J5GA0pTYIFxg5uy,kIsH,uKAI,Mtgm,E1aAZ0x7vd,pMWBi3w,U0DT,cJvF,OFWH,OYHoGfM,QKW8DRm,RlTh9x_,M_8D,7P5s,vJ_w8kB,WfJYmPMksSqa1pajvfG
0,0,0,0,20,25,8,214.8,0,5154,0,0.5804316,9,12,0,0,0,12978,0,0,0,0,34311.84,25,6,0,8,82315,8616,0,0,0,0,86520,6,0,0,7,avkq9ayfAo,RO12,taul,1K8T,TyGl,vQ_EFli,P9HTde2,ZMoo,9_Y1,vm5R,VpdQ,IYzP,me75fM6ugJ,kIsH,uKAI,L84s,NhsEn4L,kZJtVhC,3HqK,cJvF,FzaX,i9JDnJ7,oslk,NRszGlY,LM8l689qOp,7P5s,RAYp,F2FyR07IdsN7I
0,945,7,1040,124,155,56,169.28,0,0,0,4.162145,9,80,0,642400,0,71910,0,12,32,24,216082,520,0,423,0,2720835,363370,990,0,9,734909,3927960,30,1055028,0,0,8I1r4RXXnK,RO12,taul,1K8T,1TqK,dpLviRg,BbTxtaMIkk68B,puCt,9_Y1,TFSW,VpdQ,sYC_,me75fM6ugJ,kIsH,uKAI,L84s,NhsEn4L,7WweNKW,wvW8,cJvF,FzaX,1ZRoYtn,oslk,0qNMkpY,LM8l689qOp,Xa3G,RAYp,F2FyR07IdsN7I
0,336,14,184,36,45,16,166.56,0,0,0,0.97116,18,158,56,124384,0,7523.25,0,0,24,40,-5569.56,95,0,22689,0,7665,5940,4130,0,9,95340,80204,4,0,0,0,8I1TmBtueT,2Knk1KF,taul,1K8T,F9g8,R4CMv2s,Tg7jjBB,Q1Bc,9_Y1,C6Eu,VpdQ,haYg,me75fM6ugJ,kIsH,uKAI,L84s,XfqtO3UdzaXh_,XTbPUYD,tCXE,cJvF,FzaX,OOC8jNM,oslk,piPR6zD,jySVZNlOJy,rgKb,RAYp,TCU50_Yjmm6GIBZ0lL_
0,833,7,56,140,175,48,146.48,0,238392,0,0.2234565,27,94,0,1625856,0,86565.91,0,6,32,40,-1122844,510,6,16434,0,2689535,496552,80,0,27,332486,4652200,40,803388,0,0,Qu0TmBQZiT,RO12,LfvqpCtLOY,1K8T,TyGl,GIMuMXJ,k10MzgT,Gkql,9_Y1,TjV7,VpdQ,sYC_,me75fM6ugJ,kIsH,uKAI,Mtgm,NhsEn4L,beK4AFX,c5Fq,UYBR,OFWH,Z6V8Wb4,oslk,ao3PsJz,jySVZNlOJy,FSa2,RAYp,F2FyR07IdsN7I
0,392,7,12,136,170,152,186.64,5,518412,0,4.496902,9,36,49,1404648,0,28618.65,0,8,40,40,-106684.8,400,6,2961,8,687260,895414,445,0,27,802004,3743656,10,532632,0,0,_v2TmBftjz,RO12,taul,1K8T,lK27,6CXYbuk,wXYSEee,49xa,9_Y1,4N0K,09_Q,kxE9,Kxdu,kIsH,uKAI,L84s,9pUnzWLbztKTo,y5FWIFG,ELSA,cJvF,FzaX,ROeipLp,zCkv,K2SqEo9,LM8l689qOp,Qu4f,6fzt,am14IcfM7tWLrUmRT52KtA
0,427,0,0,264,330,88,220.08,0,3315096,0,0.5966673,9,16,0,2102784,0,46678.5,50,6,64,80,-114137.6,980,60,0,0,3464170,169368,0,0,0,91630,7610000,44,222888,0,0,oyGrjIXt5a,RO12,taul,1K8T,vsvk,fIZ2EMp,MypvvoIQqc,DVc6,9_Y1,EKFb,VpdQ,IYzP,7M47J5GA0pTYIFxg5uy,kIsH,uKAI,L84s,NhsEn4L,kZJtVhC,3TAP,UYBR,FzaX,YZ2TNgw,oslk,x3aOgRj,LM8l689qOp,5Acm,ZI9m,F2FyR07IdsN7I
0,343,7,36,36,45,0,176.56,0,0,0,3.838069,9,54,35,166736,0,7488.57,0,0,8,16,-95317.2,200,0,14958,0,136725,0,420,0,0,0,192748,14,0,0,0,J9Vr4RQZiT,RO12,taul,1K8T,yMvB,wGQl2XU,lGXbRju_Hh,HTi9,9_Y1,z5Ry,09_Q,IYzP,me75fM6ugJ,kIsH,uKAI,L84s,NhsEn4L,TDceha3,fVFR,UYBR,FzaX,GOYYjZW,oslk,fEMQguc,LM8l689qOp,FSa2,RAYp,F2FyR07IdsN7I
0,1862,7,1404,344,430,72,286.96,0,535374,0,3.033753,18,82,154,418384,0,9886.11,30,10,104,120,14395.84,1355,72,9396,0,1207915,96680,1510,0,18,99113,2088664,78,356736,0,0,NQ5rEy7Rm6,RO12,taul,1K8T,JLbT,kkNkJwu,msIqHk8toE,wjGa,9_Y1,X8zP,VpdQ,Tkho,me75fM6ugJ,kIsH,uKAI,L84s,NhsEn4L,beK4AFX,pmGm,cJvF,FzaX,TZC87dl,oslk,aN3QowC,jySVZNlOJy,Aoh3,RAYp,F2FyR07IdsN7I
0,546,7,860,84,105,88,200,0,263412,0,5.034181,9,84,42,294856,0,27971.16,5,4,24,16,78307.2,245,24,21708,0,105505,269922,190,0,0,0,1232764,2,151368,0,0,mzKvyx8zhV,RO12,taul,1K8T,Guv5,au1viRg,TukZBG0NR6CEc,XeWN,9_Y1,MBhA,09_Q,sYC_,me75fM6ugJ,kIsH,uKAI,L84s,NhsEn4L,kq0aHkC,UPjY,UYBR,FzaX,iEXOjel,oslk,PgO2Oqu,LM8l689qOp,WqMG,RAYp,F2FyR07IdsN7I
0,35,0,0,28,35,0,405.12,0,0,0,5.555009,9,14,0,8636720,0,835176,0,0,8,16,25480,50,0,0,0,8409300,0,0,0,0,0,11045800,10,0,0,0,yaKt0Go8Lb,RO12,taul,1K8T,ffXs,ZucJDqx,qwGH8BKd1rNGrR3g,D9uL,9_Y1,MGOA,09_Q,IYzP,GjJ35utlTa_GNSvxxpb9ju,kIsH,uKAI,L84s,NhsEn4L,uZLkKGV,4Fqz,UYBR,FzaX,ZVVws81,z4pH,ePQ_x6D,LM8l689qOp,Qu4f,02N6s8f,F2FyR07IdsN7I
0,210,0,0,32,40,0,286.96,0,12399480,0,2.391156,9,18,0,16400,0,231857.4,0,0,0,16,-4964.28,445,24,0,0,2602795,0,0,0,9,0,10356760,4,0,0,0,tr0Wq69cTy,RO12,taul,1K8T,ssAy,cGZ4XxH,26yE7ccErl,78se,9_Y1,0A_v,VpdQ,zm5i,me75fM6ugJ,kIsH,uKAI,L84s,NhsEn4L,NGZxnJM,iwKz,UYBR,qxDb,9Ud87dl,oslk,G6q7kpB,LM8l689qOp,PM2D,RAYp,F2FyR07IdsN7I
0,1274,7,344,188,235,80,266.72,10,2085450,0,1.21363,18,112,7,0,0,28127.34,40,8,48,0,307935.6,575,30,396,16,4033070,954772,30,0,27,554414,9634640,40,1900848,0,0,tr0rEyXktW,2Knk1KF,taul,1K8T,Wmd1,LG0JHBC,1e6A3itvlKVGj2Xa,DFE6,9_Y1,SkZj,sJzTlal,haYg,me75fM6ugJ,kIsH,uKAI,L84s,XfqtO3UdzaXh_,XTbPUYD,PAqM,UYBR,FzaX,ZDjvbB7,oslk,nx1K0JH,LM8l689qOp,Aoh3,RAYp,55YFVY9
0,1547,0,0,288,360,232,166.56,0,211368,0,6.503952,9,64,0,1319528,0,36861.6,40,10,80,40,-113646.4,1205,48,2097,0,2013325,994996,0,0,0,969493,5309800,34,1168620,0,0,YddrjIQ5Ph,RO12,taul,1K8T,Ti2P,fVhJr0F,Q50Ydp0,o5H_,9_Y1,RVjC,09_Q,IYzP,me75fM6ugJ,kIsH,uKAI,L84s,NhsEn4L,mAjbk_S,TQqY,UYBR,FzaX,yMCvEWW,oslk,cwU7qqc,LM8l689qOp,FSa2,RAYp,F2FyR07IdsN7I
0,707,0,0,128,160,16,262.56,0,4814694,0,5.412519,9,26,0,4602448,0,118929.9,10,0,32,56,113248,495,60,0,0,4582705,328478,0,0,9,0,10525360,22,0,0,0,LDPq9ayfAo,RO12,taul,1K8T,0Xwj,K7q6hIp,JBX5lMM,LAvZ,HLqf,vm5R,VpdQ,zm5i,DHn_WUyBhW_whjA88g9bvA64_,sBgB,uKAI,L84s,CrNX,NGZ_12K,8OSE,cJvF,FzaX,2DU0qVH,d0EEeJi,nLpCvKT,LM8l689qOp,7P5s,nIGXDli,F2FyR07IdsN7I
0,1855,7,276,72,90,48,186.64,0,1793652,0,2.210212,9,40,217,4537528,0,21400.14,10,2,8,16,177779.2,1465,24,65304,0,338875,1349848,2275,0,9,4233600,10042960,6,3628800,0,0,euOBcmz45j,RO12,taul,1K8T,tXti,oKsne2L,_UtlxbJ,03q0,9_Y1,WGOH,VpdQ,lVqb,me75fM6ugJ,kIsH,uKAI,L84s,XfqtO3UdzaXh_,11p4mKe,LZL6,cJvF,FzaX,iEXADXQ,oslk,xWWynIC,LM8l689qOp,Qcbd,RAYp,F2FyR07IdsN7I
0,1757,7,252,276,345,104,166.56,0,4500,0,4.255714,9,92,21,2047544,0,10617.12,0,10,80,128,-214946,1825,12,2583,0,2669955,231404,245,0,18,392623,3709760,66,126324,0,0,oBXq9ayfAo,AERks4l,taul,1K8T,c9jp,PHNvXy8,7ruFuE4,7R0A,9_Y1,AKLO,VpdQ,Tkho,NKv3VA1BpP,kIsH,uKAI,L84s,Ie_5MZs,ORMVQS8,pPWX,cJvF,qxDb,UF16siJ,zCkv,APgdzOv,LM8l689qOp,TNEC,6fzt,xwM2aC7IdeMC0
0,539,7,456,324,405,264,166.56,0,30420,0,6.262337,9,116,189,182976,0,7411.26,0,10,48,120,-191050.8,715,6,127908,0,242830,107412,3090,0,9,86695,616876,54,144030,0,0,Y3tqrQKzJV,2Knk1KF,taul,1K8T,JLbT,l4pOT3E,ilrY4YM,ZsAu,9_Y1,15m3,09_Q,sYC_,me75fM6ugJ,kIsH,uKAI,L84s,NhsEn4L,beK4AFX,h1l9,UYBR,FzaX,p403PT5,oslk,C6O0wok,LM8l689qOp,FSa2,RAYp,55YFVY9
0,1701,7,2096,272,340,88,189.92,0,112662,0,6.945524,18,158,0,255104,0,16786.74,0,14,48,136,-358948.8,1060,36,1008,0,1179210,30022,3880,0,27,30646,1235784,54,44568,0,0,GcUBcmz45j,2Knk1KF,taul,1K8T,487l,fhk21Ss,IoHEIyTRj9,G7MT,9_Y1,KubS,09_Q,kxE9,7M47J5GA0pTYIFxg5uy,kIsH,uKAI,L84s,E1aAZ0x7vd,XTbJ4br,haB7,cJvF,FzaX,4UxGlow,QKW8DRm,catzS2D,jySVZNlOJy,Qcbd,ZI9m,ib5G6X1eUxUn6
0,791,7,1640,140,175,24,253.52,0,6488760,0,4.110446,9,144,56,743688,0,225666.6,40,0,48,24,94370.4,530,78,61056,0,3177500,360910,4510,0,18,6111,10334760,16,0,0,0,oBXrjIQq3d,GpoBynXzkxADI7bZBtqvX2IPV5t7o2QCPE,taul,1K8T,PbOJ,fmObfVI,2TwXCiT,VNjO,9_Y1,RVjC,VpdQ,itlM,me75fM6ugJ,kIsH,uKAI,L84s,XfqtO3UdzaXh_,XTbPUYD,p8c0,UYBR,AU8pNoi,OTg4K41,oslk,N9WHLT9,LM8l689qOp,FSa2,RAYp,iyHGyLCEkQ
0,1162,7,392,212,265,40,166.56,5,930,0,0.4979705,9,158,7,1628584,0,46499.1,0,6,56,96,16044,760,6,3546,8,2872885,43944,3610,0,36,151949,3576192,64,562626,0,0,zKnr4RXktW,2Knk1KF,taul,1K8T,lK27,KweCreM,zhvSTtf,yn7Q,9_Y1,TFSW,VpdQ,kxE9,me75fM6ugJ,kIsH,uKAI,L84s,XfqtO3UdzaXh_,XTbPUYD,fODR,cJvF,FzaX,UvLOVQC,oslk,nuwzgmc,LM8l689qOp,Xa3G,RAYp,TCU50_Yjmm6GIBZ0lL_
0,2562,7,940,308,385,168,233.44,0,1392996,0,2.9859,18,154,0,4075472,0,55312.5,30,8,80,88,235239.6,1300,78,22275,0,5487950,468224,545,0,36,173999,9195480,44,287958,0,0,hSovyx7IEC,2Knk1KF,taul,1K8T,Bxva,fhk21Ss,Yi49a6G,rJ9R,9_Y1,qaiO,VpdQ,haYg,7M47J5GA0pTYIFxg5uy,kIsH,uKAI,L84s,Ie_5MZs,CWNY2py,Wc1C,cJvF,FzaX,4UxGlow,zCkv,catzS2D,LM8l689qOp,szEZ,ZI9m,TCU50_Yjmm6GIBZ0lL_
0,224,0,0,108,135,0,699.12,0,9849600,0,3.674001,9,18,0,0,0,212707.2,40,0,32,0,112250,495,114,0,8,0,0,0,6,9,0,9331200,0,0,0,0,2jiWq69cTy,RO12,taul,1K8T,j1T2,GdzFZs5,6UEVDe9,YcLb,9_Y1,Px52,VpdQ,zm5i,me75fM6ugJ,kIsH,uKAI,L84s,NhsEn4L,kZJyVg2,JEC4,UYBR,FzaX,Xsg8XLE,oslk,eIi2qo0,LM8l689qOp,PM2D,RAYp,F2FyR07IdsN7I
0,910,7,220,164,205,40,253.52,0,4276914,0,5.434522,9,40,0,2720320,0,206873.4,15,2,40,96,114789.6,545,54,147762,0,4356120,792124,170,0,18,554421,10456280,22,475212,0,0,Qu0r4RKzJV,RO12,taul,1K8T,WkTj,DZt7Cob,hOpRIhsUSP,nWsk,9_Y1,DtNL,09_Q,IYzP,me75fM6ugJ,sBgB,uKAI,L84s,NhsEn4L,mAjbk_S,Y567,cJvF,OFWH,9F7C8W8,oslk,peicxqP,LM8l689qOp,FSa2,RAYp,F2FyR07IdsN7I
0,2604,7,676,484,605,96,166.56,0,876,0,3.40846,9,46,280,319352,0,3095.22,0,16,120,232,50855.6,1735,6,3186,0,440030,38332,7215,0,0,41482,627976,142,58542,0,0,zcROj17IEC,RO12,taul,1K8T,aD1X,PFWctUb,L9kinJYNO4n0z,_aN1,9_Y1,zfpA,VpdQ,IYzP,me75fM6ugJ,kIsH,uKAI,L84s,NhsEn4L,mAjbk_S,pdWQ,cJvF,FzaX,UjGfc8E,oslk,MKxzgmc,LM8l689qOp,7aLG,RAYp,F2FyR07IdsN7I
0,1834,7,1152,828,1035,136,220.08,5,411144,135,1.211493,9,60,1071,395360,3,6441.06,5,0,104,288,195600.8,2305,24,16488,160,1684680,172766,13195,12,9,64820,2410084,298,0,0,7,hSovyx7IEC,RO12,taul,1K8T,OTVu,cMjcTxR,r83_sZi,vdii,9_Y1,qaiO,VpdQ,IYzP,me75fM6ugJ,kIsH,uKAI,L84s,NhsEn4L,NGZXfGp,C6tG,cJvF,FzaX,fabfGrO,oslk,TT_zF_Q,LM8l689qOp,szEZ,RAYp,F2FyR07IdsN7I
0,574,0,0,148,185,104,526.4,0,3709446,0,2.228797,9,30,0,86752,0,203562.3,30,4,32,16,140032.4,535,54,0,0,1938670,1911558,0,0,0,604800,10498760,10,1036800,0,0,DHeTmBftjz,RO12,taul,1K8T,0Xwj,77fJ9iC,JsluJ5C,w8Au,F3hy,4N0K,VpdQ,IYzP,me75fM6ugJ,kIsH,uKAI,L84s,NhsEn4L,kZJtVhC,Y8jk,cJvF,FzaX,t5EvdH_,oslk,E2dQguc,LM8l689qOp,Qu4f,RAYp,F2FyR07IdsN7I
0,5691,0,0,4048,5060,1048,309.04,0,3704994,0,2.050416,9,26,0,1307928,27,15858.57,280,146,1064,1304,1077644,6315,1566,0,72,1765100,1138916,0,0,9,237482,7724040,656,631386,0,0,ZSNq9aX0Db,RO12,taul,1K8T,oXaB,KKUY1iZ,JlBPeqq,cjat,9_Y1,6TCl,09_Q,zm5i,me75fM6ugJ,kIsH,uKAI,L84s,NhsEn4L,kZJtVhC,oMYR,cJvF,FzaX,1FqRPlm,oslk,PPGDthD,LM8l689qOp,uWr3,RAYp,F2FyR07IdsN7I
0,2674,7,1220,672,840,544,166.56,0,3606,0,1.806879,18,52,434,419600,0,17270.19,15,54,240,288,12488.72,2080,12,5157,0,286515,319134,325,0,9,229747,1313216,64,302706,0,0,9hRmfo875g,RO12,taul,1K8T,LloI,inNvHAP,nQU2P_OLn0,24w0,9_Y1,Bw19,VpdQ,IYzP,me75fM6ugJ,kIsH,uKAI,L84s,NhsEn4L,mAjbk_S,sxzy,cJvF,FzaX,_amoI0_,oslk,ZFsMjkj,LM8l689qOp,wX53,RAYp,F2FyR07IdsN7I
0,994,7,116,168,210,64,253.52,0,3057342,0,0.9459518,9,136,0,2748888,0,204217.8,20,4,80,72,255660.4,570,42,7029,0,4241860,1267232,290,0,27,0,10999480,24,946812,0,0,yaKt0Go8Lb,2Knk1KF,taul,1K8T,487l,8F4NGWG,msIvIpku4g,6UiV,9_Y1,MGOA,VpdQ,sYC_,me75fM6ugJ,kIsH,uKAI,Mtgm,NhsEn4L,beK4AFX,bHR7,UYBR,FzaX,J8TK3rj,oslk,6ZAHToS,LM8l689qOp,Qu4f,RAYp,55YFVY9
0,1106,0,0,268,335,184,342.32,0,1456494,0,0.794702,9,24,0,3922936,0,74395.2,10,8,40,72,56789.2,1190,30,0,0,5835100,658688,0,0,9,0,10005000,48,1137444,0,0,8I1r4RXXnK,RO12,taul,1K8T,TyGl,dpLnqNs,0IWZqtp,bfEN,9_Y1,TFSW,VpdQ,zm5i,me75fM6ugJ,kIsH,uKAI,L84s,NhsEn4L,kZJyVg2,yQew,cJvF,FzaX,9F7m0jM,oslk,jrbDSFl,LM8l689qOp,Xa3G,RAYp,F2FyR07IdsN7I
0,1281,14,2620,28,35,16,178.8,0,7436160,0,2.64922,27,48,21,0,0,140729.7,5,0,8,0,70637.6,325,18,23076,0,11220,1079698,3205,0,18,0,9545000,2,0,0,0,6m0t0G8rTN,RO12,taul,1K8T,0Xwj,B884X3H,VKmQoSsVfi,ThK4,HLqf,e7QV,09_Q,IYzP,me75fM6ugJ,sBgB,uKAI,L84s,NhsEn4L,mAja5EA,4rAd,UYBR,FzaX,Fon8hdx,oslk,bTV7qqc,LM8l689qOp,fKCe,RAYp,F2FyR07IdsN7I
0,266,0,0,68,85,8,220.08,0,4414428,0,5.21662,9,22,0,3700560,0,188702.4,0,0,16,24,365746.8,455,36,0,0,7015650,29104,0,0,9,0,10463960,14,0,0,0,oUPBcmzkzH,RO12,taul,1K8T,lK27,AKGxtq0,X9fK9Q1,Fsql,9_Y1,KubS,09_Q,zm5i,me75fM6ugJ,kIsH,uKAI,Mtgm,NhsEn4L,kZJtVhC,OYqe,cJvF,FzaX,a_g6pd1,oslk,9HlAGfT,LM8l689qOp,Qcbd,RAYp,F2FyR07IdsN7I
0,847,7,220,152,190,16,166.56,0,510738,0,5.984832,9,148,21,5822144,0,86453.09,10,0,32,72,178865.6,545,18,666,0,8814500,98752,2370,0,18,0,10673280,44,0,0,0,Y3tqrQKzJV,onTuEhrJJQy_H3IHkZku5AFczhYGqxJ890,taul,1K8T,AnrR,fqeOwLG,Ttt1Pf7,Rnrq,9_Y1,15m3,VpdQ,haYg,7M47J5GA0pTYIFxg5uy,kIsH,uKAI,L84s,WsRVNrF85oPU_,ORMvFOa,iBGt,UYBR,FzaX,fxJmel6,zCkv,WfsWw2A,jySVZNlOJy,FSa2,ZI9m,iyHGyLCEkQ
0,1281,14,1272,156,195,48,220.08,0,5884404,0,6.229866,36,126,7,691200,0,98240.7,30,6,32,8,-204857.2,570,84,20808,0,1563470,876488,1020,0,36,0,10181520,18,1253454,0,0,HrWq9aXt5a,rEUOq2QD1qfkRr6qpua,taul,1K8T,TyGl,fhk21Ss,YSdoo8_0ec,U3Kj,9_Y1,Y9Bl,VpdQ,hzlB,7M47J5GA0pTYIFxg5uy,kIsH,uKAI,L84s,QsQAxv5,OFqwZ2u,6jIz,cJvF,FzaX,4UxGlow,QKW8DRm,catzS2D,LM8l689qOp,uWr3,ZI9m,ib5G6X1eUxUn6
0,777,7,4,136,170,8,186.64,5,8122440,0,2.177953,9,38,0,1382400,3,230299.2,35,0,32,16,124308,510,96,5643,16,2440900,57168,130,0,18,0,10592440,16,0,0,0,bZkvyxLkBI,RO12,taul,1K8T,ssAy,crMnQZj,A1cgpVI,LYSz,9_Y1,vzJD,09_Q,IYzP,me75fM6ugJ,kIsH,uKAI,Mtgm,NhsEn4L,mAjbk_S,epnc,UYBR,FzaX,4PcK5YS,oslk,bTP9hga,LM8l689qOp,xb3V,RAYp,F2FyR07IdsN7I
0,672,21,1220,136,170,96,310.4,0,4453296,0,3.820337,27,64,133,0,0,105947.7,5,2,8,0,-169282.4,515,66,9891,0,525125,1514708,550,0,0,0,7024880,18,518400,0,0,75lTmBtFkL,RO12,taul,1K8T,KXDt,7GUAEa8,t187Re3NhK,OC0o,9_Y1,c2JP,VpdQ,IYzP,me75fM6ugJ,kIsH,uKAI,L84s,NhsEn4L,mAja5EA,p6ap,cJvF,FzaX,8OZoOXS,oslk,IDn52bd,LM8l689qOp,rgKb,RAYp,F2FyR07IdsN7I
0,455,0,0,148,185,152,166.56,0,111084,0,5.16834,9,40,0,37808,0,71072.09,0,18,40,16,237200,455,42,2979,0,0,238742,0,0,0,0,805020,0,351864,0,0,IXSgUHShse,RO12,taul,1K8T,0Xwj,92zMY82,hOpRIhsUSP,vvGC,F3hy,RVjC,09_Q,IYzP,me75fM6ugJ,kIsH,uKAI,L84s,NhsEn4L,mAja5EA,TgHo,UYBR,FzaX,x6SDFjT,oslk,t5s0V7y,LM8l689qOp,FSa2,RAYp,F2FyR07IdsN7I
0,1806,7,2208,392,490,176,133.12,0,792,0,6.321726,9,80,210,268576,0,3404.94,10,34,184,208,-29560.72,1210,6,4104,0,147865,52768,185,0,0,38381,578512,60,322680,0,0,v0Nt0Go8Lb,RO12,taul,1K8T,X94c,vQ_JaGu,767sa0XN9l,JBoW,9_Y1,MGOA,09_Q,IYzP,me75fM6ugJ,kIsH,uKAI,L84s,NhsEn4L,mAjbk_S,Wihs,cJvF,FzaX,i9JuX8Z,oslk,MRPKMwm,LM8l689qOp,Qu4f,RAYp,F2FyR07IdsN7I
0,581,7,100,176,220,112,253.52,0,1524870,0,6.354198,9,74,7,459328,0,25294.83,15,16,64,48,-230292.4,380,24,8667,0,1238020,643332,15,0,9,28882,3991340,18,525828,0,0,N_vrjIXt5a,RO12,taul,1K8T,hoa9,82ydmQ4,76j2P_OLn0,y7hE,9_Y1,EKFb,VpdQ,6JmL,me75fM6ugJ,kIsH,uKAI,L84s,XfqtO3UdzaXh_,XTbPUYD,_jgc,cJvF,FzaX,FonmS85,oslk,PC0a_vf,LM8l689qOp,5Acm,RAYp,F2FyR07IdsN7I
0,7,0,0,40,50,40,342.88,5,2273556,0,4.910916,18,18,0,2650432,0,225572.4,0,0,0,8,-657908,50,18,0,8,192450,6376,0,0,9,0,3007632,2,0,0,0,KXMrEyXXnK,RO12,taul,1K8T,LLPZ,LG0JHBC,DE7xZXIztwl_Lmpx,VVvI,9_Y1,SkZj,09_Q,zm5i,me75fM6ugJ,kIsH,uKAI,L84s,NhsEn4L,NGZxnJM,1UcV,cJvF,FzaX,ZDjvbB7,oslk,nx1K0JH,LM8l689qOp,Aoh3,RAYp,F2FyR07IdsN7I
0,623,7,8304,112,140,16,133.12,5,0,0,4.966033,9,178,119,291856,0,94739.7,0,0,16,64,164074.8,420,0,4005,8,380545,345318,225,0,18,0,1141000,36,0,0,0,ZSNq9aX0Db,rEUOq2QD1qfkRr6qpua,taul,1K8T,TLkP,fhk21Ss,_03xtaMIkk68B,r_h0,9_Y1,Y9Bl,VpdQ,kxE9,7M47J5GA0pTYIFxg5uy,kIsH,uKAI,L84s,4kVnq_T26xq1p,IoIcawr,o5sT,UYBR,FzaX,4UxGlow,zCkv,catzS2D,LM8l689qOp,uWr3,ZI9m,ib5G6X1eUxUn6
0,133,0,0,136,170,32,278.64,0,4752060,0,1.114292,36,16,0,1900824,3,229490.7,15,6,32,24,303607.2,360,60,0,8,4267535,633608,0,0,0,1108814,10703040,22,1425618,0,0,8I1r4RXXnK,RO12,taul,1K8T,lK27,iXH8HPr,77i2xdu3Aa,cZBg,9_Y1,TFSW,09_Q,IYzP,me75fM6ugJ,kIsH,uKAI,L84s,NhsEn4L,mAja5EA,acYs,cJvF,FzaX,TIBmS85,oslk,eu1AaaM,LM8l689qOp,Xa3G,RAYp,F2FyR07IdsN7I
0,602,7,1716,32,40,8,265.76,0,6615360,0,4.950652,9,130,238,0,0,152802,10,2,0,0,171177.2,295,18,4230,0,640,1014398,1185,0,27,0,9367000,2,61110,0,0,dukmfo8zhV,2Knk1KF,taul,1K8T,7gSz,LTIJsEU,CdPgMY1Z52,5jtm,9_Y1,_48V,VpdQ,6JmL,me75fM6ugJ,kIsH,uKAI,L84s,XfqtO3UdzaXh_,XTbPUYD,bIrf,UYBR,FzaX,PtLvdH_,oslk,wif79_c,LM8l689qOp,3Cy4,RAYp,55YFVY9
0,420,0,0,252,315,96,200,0,26628,0,3.445845,9,22,0,27816,0,2011.104,5,8,56,88,-38588,710,12,0,0,88650,13200,0,0,0,12250,138484,66,12780,0,0,qXh9tYsdof,RO12,taul,1K8T,TyGl,Y6hYfcf,5q1hF23,I4A8,9_Y1,YULl,sJzTlal,IYzP,me75fM6ugJ,kIsH,uKAI,L84s,NhsEn4L,mAja5EA,ZxXI,UYBR,FzaX,gwj3_5u,oslk,APgu8Zv,LM8l689qOp,FSa2,RAYp,F2FyR07IdsN7I
0,812,7,36,180,225,104,166.56,0,2970,0,0.2328562,9,34,49,131072,0,2811.906,5,4,40,184,16413.44,340,12,7452,0,11095,14750,270,0,18,0,118236,8,13302,0,0,zcROj1KVEH,RO12,taul,1K8T,ZNsX,voXPV0c,ELRUn57,FTH1,9_Y1,jdbz,VpdQ,Tkho,me75fM6ugJ,kIsH,uKAI,L84s,NhsEn4L,TDc6N9t,r43m,cJvF,FzaX,5Zxfc8E,oslk,7wLqhZX,LM8l689qOp,kwS7,RAYp,F2FyR07IdsN7I
0,2324,7,136,316,395,144,173.2,0,0,0,4.169836,9,62,0,1659704,0,16143.36,10,34,216,256,-33240.84,1565,0,1998,0,443990,317174,245,0,9,395633,2355048,20,798018,0,0,1KSqrQK2Mx,w9ygS99Qp_,taul,1K8T,487l,cmPFP1r,Gai9lEF2Fr,MTng,9_Y1,15m3,09_Q,hAFG,DHn_WUyBhW_whjA88g9bvA64_,kIsH,uKAI,L84s,CrNX,AuSBTw7,BbEz,cJvF,FzaX,6XEJbH2,d0EEeJi,Ez3b4Lm,LM8l689qOp,FSa2,nIGXDli,R4y5gQQWY8OodqDV
0,2415,7,3632,588,735,128,202.72,0,157140,0,5.719932,18,136,217,600568,0,12223.83,35,14,104,144,14471.44,2030,126,38196,0,1673700,123172,5,0,18,76216,2154248,156,134826,0,0,_v2rjIKQ76,2Knk1KF,taul,1K8T,TyGl,uMA4Shd,_03xtaMIkZsn1,da5V,9_Y1,7WNq,VpdQ,sYC_,me75fM6ugJ,kIsH,uKAI,L84s,NhsEn4L,beK4AFX,2D0a,cJvF,FzaX,meWmFX7,oslk,DQ3iZDY,jySVZNlOJy,WqMG,RAYp,55YFVY9
0,1379,7,0,124,155,8,233.44,0,2073600,0,2.156163,9,92,0,4838400,0,26075.91,10,0,32,56,31057.28,710,24,98262,0,7344000,75504,220,0,18,0,10405880,34,0,0,0,uGLq9ayE15,RO12,taul,1K8T,PJLW,Fnlw8DQ,NW71mrodGH,PWkV,9_Y1,vm5R,VpdQ,haYg,me75fM6ugJ,kIsH,uKAI,L84s,XfqtO3UdzaXh_,XTbPUYD,dXd2,cJvF,FzaX,wIfAM23,oslk,dwbKSUK,LM8l689qOp,7P5s,RAYp,F2FyR07IdsN7I
0,966,0,36,156,195,16,166.56,0,0,0,4.703909,27,52,0,2336520,0,72524.41,0,10,32,88,15947.28,615,0,8451,0,3577135,36080,0,0,0,944013,4276440,42,261462,0,0,dRagUHXM47,RO12,taul,1K8T,rXTS,Ml6kiFp,wqsRhwb,7Mrf,9_Y1,8BBI,VpdQ,IYzP,me75fM6ugJ,kIsH,uKAI,L84s,NhsEn4L,mAja5EA,mF0r,cJvF,FzaX,k5O88FJ,oslk,QkgQQMs,jySVZNlOJy,453m,RAYp,F2FyR07IdsN7I
0,672,7,1892,180,225,104,220.48,0,607542,0,5.120701,9,104,203,100944,0,44124.3,10,10,24,8,128014,830,96,9063,0,409345,310572,2785,0,18,0,1919100,16,557346,0,0,JMGrjIXt5a,RO12,taul,1K8T,0Xwj,iJzviRg,9YuYZx0Xsm,0iyF,HLqf,EKFb,VpdQ,kxE9,7M47J5GA0pTYIFxg5uy,sBgB,uKAI,L84s,4kVnq_T26xq1p,mAjtFPx,jtMm,UYBR,FzaX,ch2oGfM,zCkv,P6pu4Vl,LM8l689qOp,5Acm,ZI9m,R4y5gQQWY8OodqDV
0,2261,7,324,644,805,344,166.56,0,1871382,0,6.741081,9,84,14,73984,0,16084.65,50,8,96,32,257801.6,2135,372,82026,0,540195,237386,2005,0,0,72765,2507980,76,27216,0,0,1YVvyx7IEC,RO12,taul,1K8T,hM6W,gNIaOJ7,msIqHk8toE,sYOZ,9_Y1,RcM7,VpdQ,sYC_,me75fM6ugJ,kIsH,uKAI,L84s,NhsEn4L,kq0aHkC,XceD,cJvF,FzaX,ZLOfc8E,oslk,T63AwsZ,LM8l689qOp,szEZ,RAYp,F2FyR07IdsN7I
0,672,7,1936,64,80,8,230.08,5,2640606,0,0.09421064,9,50,21,1582144,3,207711.3,10,2,40,40,115882,385,36,66258,24,432000,8666,3255,6,0,80696,3625112,2,29256,0,0,_v2rjIKQ76,RO12,taul,1K8T,0Xwj,kS7yoBp,26ys3iG1yb,rLKa,HLqf,7WNq,VpdQ,IYzP,me75fM6ugJ,sBgB,uKAI,L84s,NhsEn4L,mAjbk_S,72OX,cJvF,FzaX,3vmoOXS,oslk,wg_DmEs,LM8l689qOp,WqMG,RAYp,F2FyR07IdsN7I
0,6713,7,120,1388,1735,1056,333.76,0,4387752,0,4.612903,18,30,0,4214184,0,18585.06,220,96,344,88,340605.2,3505,372,756,0,4391175,443410,270,0,0,170380,10273520,100,467508,0,0,1JGqrQKzJV,RO12,taul,1K8T,487l,creg0bq,6SqcMuk,9Zsp,9_Y1,15m3,09_Q,IYzP,me75fM6ugJ,kIsH,uKAI,L84s,NhsEn4L,kZJtVhC,OCr3,cJvF,FzaX,VgKv48t,oslk,nRgz4Af,LM8l689qOp,FSa2,RAYp,F2FyR07IdsN7I
0,497,7,604,132,165,112,133.12,0,0,0,3.321512,9,54,49,218536,0,20650.41,0,14,64,24,-264479.2,410,0,17667,0,426480,116548,320,0,0,168406,822680,18,208698,0,0,CEaBcmz45j,RO12,LfvqpCtLOY,1K8T,487l,EGHM3I9,Z8ZAV8jDl3,QAo7,9_Y1,KubS,VpdQ,IYzP,me75fM6ugJ,kIsH,uKAI,L84s,NhsEn4L,TDceha3,ynEJ,cJvF,ylgWTXl,KbkKsQe,oslk,fbor42M,bCPvVye,Qcbd,RAYp,F2FyR07IdsN7I
0,882,7,292,56,70,24,253.52,0,0,0,6.538346,18,68,7,573816,0,69558,5,6,40,40,-403748,245,0,20610,0,226200,13904,30,0,9,116305,729688,4,90480,0,0,1GdOj17ejg,RO12,taul,1K8T,487l,cnWs43J,ASj4kgY6phhWK,6tlP,9_Y1,iVbl,09_Q,IYzP,me75fM6ugJ,kIsH,uKAI,L84s,NhsEn4L,NGZ_CaA,HmRG,cJvF,FzaX,FgkjbzC,oslk,5gSwS9i,LM8l689qOp,7aLG,RAYp,F2FyR07IdsN7I
0,1967,7,2484,556,695,288,286.96,0,3914466,0,1.441786,9,58,63,3142880,0,67596.91,75,50,120,168,111215.6,1860,132,45288,0,5673400,213524,175,0,0,65422,10512000,40,384372,0,0,AUUt0GoOh3,RO12,taul,1K8T,xgSF,FeTFRco,EXpWEXgaYpMJ7,1poG,9_Y1,MGOA,VpdQ,IYzP,DHn_WUyBhW_whjA88g9bvA64_,kIsH,uKAI,L84s,CrNX,NGZ_12K,rIOw,cJvF,FzaX,PtL3AwP,d0EEeJi,LJOzvPr,jySVZNlOJy,Qu4f,nIGXDli,F2FyR07IdsN7I
0,651,7,740,148,185,72,253.52,0,3801696,0,3.915402,18,30,0,1900848,0,111508.5,30,2,32,24,-260335.2,1785,48,3510,0,3520005,1109254,890,0,0,0,10737040,20,475212,0,0,75lTmBtFkL,RO12,taul,1K8T,487l,LjLo0Nn,aEghjcMgI1QYJu7y,SOkz,9_Y1,C6Eu,VpdQ,IYzP,me75fM6ugJ,kIsH,uKAI,L84s,NhsEn4L,mAjbk_S,qLRt,UYBR,FzaX,_lwCqnG,oslk,n7PqbV5,LM8l689qOp,rgKb,RAYp,F2FyR07IdsN7I
0,994,7,2608,20,25,0,324.24,0,10886400,0,4.42085,9,62,385,0,0,161752.2,0,2,8,0,7695.84,340,18,0,0,1127115,0,5,0,18,0,10359480,2,3300306,0,0,75lTmBtFkL,RO12,taul,1K8T,F9g8,_vkk2Zj,daiGnRstPa,pgw4,9_Y1,c2JP,09_Q,Tkho,me75fM6ugJ,kIsH,uKAI,Mtgm,NhsEn4L,kq0n8Bj,pv4R,UYBR,tdJW_Pm,Lu8QrGj,oslk,f4rQ5_S,bCPvVye,rgKb,RAYp,F2FyR07IdsN7I
0,896,7,12,132,165,8,220.08,0,5027820,0,0.796411,9,52,28,2764800,0,39017.7,25,0,32,32,104707.6,495,60,144783,0,5379900,7876,130,0,9,0,10516880,26,0,0,0,zcROj17IEC,RO12,taul,1K8T,aD1X,cdAO9Nm,yiXKNUCbD1,pPoY,9_Y1,zfpA,VpdQ,sYC_,me75fM6ugJ,kIsH,uKAI,L84s,NhsEn4L,kq0n8Bj,c9st,UYBR,FzaX,s03jbzC,oslk,laR6FsY,LM8l689qOp,7aLG,RAYp,F2FyR07IdsN7I
0,903,14,188,152,190,48,253.52,0,4162782,0,3.209998,18,42,252,3168080,0,207837.9,10,4,32,40,427660,590,54,146457,0,4154395,885838,2990,0,27,1108828,10537280,28,950424,0,0,LDPvyx7IEC,RO12,taul,1K8T,0Xwj,q5ZViyY,ZkibjLN5VdYQ7,FRAm,F3hy,qaiO,VpdQ,zm5i,me75fM6ugJ,kIsH,uKAI,L84s,NhsEn4L,NGZXfGp,550g,UYBR,OFWH,wvSfql_,oslk,pfUTE6Y,LM8l689qOp,szEZ,RAYp,F2FyR07IdsN7I
0,952,14,25488,128,160,72,210,0,7404,0,5.323435,18,194,378,1084992,0,38335.2,0,16,72,80,-118426.4,385,6,7308,0,390830,107576,1215,0,27,266056,1150172,8,112386,0,0,crIt0Go8Lb,LrdZy8QqgUfkVShG,taul,1K8T,lK27,fhk21Ss,OBJ2OgT61I,gLsg,9_Y1,rGJy,VpdQ,y6dw,7M47J5GA0pTYIFxg5uy,kIsH,uKAI,L84s,_5OXC8MSLt,XTbQpf0,IghN,cJvF,FzaX,4UxGlow,oslk,catzS2D,LM8l689qOp,Qu4f,ZI9m,ib5G6X1eUxUn6
0,19635,7,384,2116,2645,1152,437.12,0,7266240,0,2.185217,18,80,0,3267944,0,5938.41,15,28,184,176,164626,42695,1386,4941,0,2096645,568108,535,0,0,569737,10196800,230,166674,0,0,2jigUH7ejg,RO12,taul,1K8T,487l,n0UbeSG,msIqHk8toE,_08E,9_Y1,1Bp0,VpdQ,sYC_,me75fM6ugJ,kIsH,uKAI,Mtgm,NhsEn4L,kq0aHkC,pony,cJvF,FzaX,KA3C5vH,oslk,m1BWuMy,LM8l689qOp,WqMG,RAYp,F2FyR07IdsN7I
0,665,7,2256,232,290,216,233.44,0,0,0,6.375774,9,80,21,398216,0,13863.51,0,32,72,80,-1183232,525,0,1557,0,59305,368816,165,0,0,178612,1339320,10,532704,0,0,xearjIX0Db,RO12,taul,1K8T,dTod,bvZcCja,3cO76t0,hFHS,9_Y1,m7JR,VpdQ,IYzP,me75fM6ugJ,kIsH,uKAI,Mtgm,NhsEn4L,kq0aHkC,15KP,UYBR,FzaX,mTDfR8o,oslk,dEJz4Af,LM8l689qOp,5Acm,RAYp,F2FyR07IdsN7I
0,1001,0,0,220,275,104,293.2,0,588426,0,1.186499,9,28,0,1641640,0,58152.9,0,8,48,80,345631.6,780,12,0,0,3672650,274032,0,0,18,289569,4884280,52,277470,0,0,xddq9ayfAo,RO12,taul,1K8T,mAW3,ka3eV8O,r83_sZi,Q4M3,9_Y1,vm5R,VpdQ,zm5i,DHn_WUyBhW_whjA88g9bvA64_,kIsH,uKAI,L84s,CrNX,jawspbU,yEnX,cJvF,FzaX,UvL_w6z,d0EEeJi,nuwugiB,LM8l689qOp,7P5s,nIGXDli,F2FyR07IdsN7I
0,798,7,1512,244,305,96,502.16,0,0,0,2.996582,9,30,0,498800,0,8697.6,0,12,80,144,573272,1130,0,4518,0,230340,109844,1735,0,9,146230,740600,50,130860,0,0,CxSr4RXktW,RO12,taul,1K8T,uErj,H3rqtNX,zMhaz51,F4f_,9_Y1,Albh,09_Q,43pnToF,me75fM6ugJ,kIsH,uKAI,Mtgm,NhsEn4L,NGZXfGp,4CcN,cJvF,FzaX,cXsYH7D,oslk,VOHAgOW,LM8l689qOp,Xa3G,RAYp,F2FyR07IdsN7I
0,1309,7,4444,124,155,160,166.56,0,992814,0,2.152959,9,128,133,1422072,0,141894,0,8,40,32,-81465.2,510,18,5184,0,0,1105918,110,0,18,687848,4496120,0,1367076,0,0,dukmfo8zhV,2Knk1KF,taul,1K8T,LloI,5Q3Ofm0,zhvSTtf,BLde,9_Y1,6Kw9,VpdQ,hAFG,me75fM6ugJ,kIsH,uKAI,L84s,XfqtO3UdzaXh_,XTbPUYD,Z_dI,cJvF,FzaX,lRbzNJS,oslk,zccfeJ_,LM8l689qOp,3Cy4,RAYp,55YFVY9
0,714,7,156,140,175,0,220.08,0,4665600,0,6.254219,9,50,0,2764800,0,156559.5,30,6,48,32,283736.8,585,54,4221,0,5354150,0,995,0,18,0,10668200,26,643008,0,0,mCGq9ayE15,RO12,taul,1K8T,mAW3,iJzviRg,puVN1KTszPHt3,tEuz,9_Y1,kJJ7,sJzTlal,haYg,7M47J5GA0pTYIFxg5uy,kIsH,uKAI,Mtgm,4kVnq_T26xq1p,kZJ_1s5,29Ro,cJvF,FzaX,ch2oGfM,zCkv,P6pu4Vl,LM8l689qOp,7P5s,ZI9m,R4y5gQQWY8OodqDV
0,3192,28,3864,380,475,288,200,0,51282,0,5.056398,45,46,518,1217520,0,13126.62,5,38,152,80,1258.428,1320,36,16470,0,689795,327752,1835,0,9,280392,2101956,46,375756,0,0,1YVgUHXZeb,RO12,taul,1K8T,0Xwj,Ml6kiFp,S85OeCBjSz,14hG,HLqf,8BBI,09_Q,43pnToF,me75fM6ugJ,sBgB,uKAI,L84s,NhsEn4L,mAjbk_S,RRN_,UYBR,FzaX,k5O88FJ,oslk,QkgQQMs,LM8l689qOp,453m,RAYp,F2FyR07IdsN7I
0,427,7,64,108,135,56,220.48,0,90306,0,5.491562,9,46,14,0,0,16624.29,5,2,8,0,169538.8,405,54,72585,0,1617175,16818,845,0,0,0,1428052,18,11964,0,0,86ct0Gdncc,RO12,taul,1K8T,AnrR,SY4EQZQ,Kx8Bdum,Zxpj,9_Y1,cyKH,09_Q,IYzP,me75fM6ugJ,kIsH,g5HH,L84s,NhsEn4L,TDc4Td_,csgM,cJvF,FzaX,vU6NT4W,oslk,Oh06Kfh,LM8l689qOp,me1d,RAYp,F2FyR07IdsN7I
0,924,7,1460,136,170,104,253.52,0,3716262,0,4.928434,9,48,7,0,0,189960.6,30,12,40,0,91325.2,520,48,10422,0,6295,2246400,9320,0,0,1209600,10336200,2,2913012,0,0,V8lt0G8rTN,RO12,taul,1K8T,Uk76,mMEMUDL,vISMz51,X9BD,9_Y1,e7QV,09_Q,IYzP,me75fM6ugJ,kIsH,uKAI,Mtgm,NhsEn4L,kZJtVhC,8uxy,cJvF,FzaX,TIB8hdx,oslk,u4_Rusu,jySVZNlOJy,fKCe,RAYp,F2FyR07IdsN7I
0,826,7,3616,152,190,48,196.64,0,0,0,3.974151,9,118,1456,3205712,0,99216.59,0,0,32,64,211114.8,545,0,10917,0,5469950,100290,2075,0,9,1069852,6179400,48,0,0,0,zcROj17IEC,2Knk1KF,taul,1K8T,487l,PHNvXy8,Tg7jjBB,Z95q,9_Y1,iVbl,VpdQ,haYg,NKv3VA1BpP,kIsH,uKAI,L84s,Ie_5MZs,CWNY2py,2MJv,UYBR,FzaX,UF16siJ,zCkv,APgdzOv,LM8l689qOp,7aLG,6fzt,Zy3gnGM
0,798,7,808,156,195,32,286.96,0,0,0,4.367443,9,36,0,2245856,0,132543,0,0,32,80,-588772,505,0,14121,0,3464550,64536,5710,0,18,904393,4023640,50,0,0,0,Y3tqrQKzJV,RO12,taul,1K8T,EJC9,uV2WKYv,LJF4fPp,et02,9_Y1,15m3,VpdQ,IYzP,me75fM6ugJ,kIsH,uKAI,Mtgm,NhsEn4L,kZJtVhC,__VZ,cJvF,FzaX,hN838SL,oslk,2wdfIt_,LM8l689qOp,FSa2,RAYp,F2FyR07IdsN7I
0,819,7,512,24,30,0,186.64,0,8663520,0,3.815638,9,54,35,0,0,79042.8,5,2,16,0,-156635.6,310,18,26235,0,318020,0,485,0,18,0,9439040,2,3628800,0,0,crIt0Go8Lb,RO12,taul,1K8T,ujBx,6HL7qwL,o64y9zI,fW3T,9_Y1,C7DI,VpdQ,IYzP,me75fM6ugJ,kIsH,uKAI,L84s,NhsEn4L,mAjbk_S,E80k,UYBR,FzaX,R4hmHfO,oslk,9HlNxGX,LM8l689qOp,Qu4f,RAYp,F2FyR07IdsN7I
0,973,7,224,144,180,8,220.08,0,7432800,0,3.753258,18,88,14,3335520,0,191226,20,2,32,40,287093.6,540,90,48411,0,3103610,30102,25,0,9,0,10582880,20,51684,0,0,NESWq69R_D,RO12,I9xt3GDRhUK7p,1K8T,487l,QMLASYT,0tIIqSe,nyZz,9_Y1,RVjC,VpdQ,Tkho,me75fM6ugJ,kIsH,uKAI,L84s,NhsEn4L,kq0aHkC,bru6,UYBR,FzaX,efgm94s,oslk,OvO5roF,jySVZNlOJy,FSa2,RAYp,F2FyR07IdsN7I
0,1316,7,540,232,290,168,166.56,0,53442,0,4.973723,36,130,7,257824,0,8929.439,10,10,48,48,34686.84,1125,36,648,0,309825,219226,70,0,9,1379,1007684,36,106956,0,0,DHeq9ayfAo,2Knk1KF,taul,1K8T,mAW3,Ml6pXKQ,EXpWEXgaYWQf4,Ub0p,9_Y1,kJJ7,VpdQ,hAFG,me75fM6ugJ,kIsH,uKAI,L84s,XfqtO3UdzaXh_,11p4mKe,cp38,UYBR,FzaX,Y2C68SY,oslk,RJNqhZX,LM8l689qOp,7P5s,RAYp,55YFVY9
0,3129,7,2328,60,75,32,166.56,0,51012,0,4.871609,27,136,14,0,0,12155.76,0,12,48,0,-215724,815,12,40464,0,13835,26836,30,0,45,30149,123976,6,37842,0,0,CEat0G8rTN,2Knk1KF,taul,1K8T,YmZp,O6m1v0l,_jTP8ioIlJ,b3ru,9_Y1,e7QV,VpdQ,hAFG,me75fM6ugJ,kIsH,uKAI,L84s,XfqtO3UdzaXh_,11p4mKe,TAJj,cJvF,FzaX,lQQumXg,oslk,dGnwuDg,LM8l689qOp,fKCe,RAYp,55YFVY9
0,784,7,3092,28,35,8,474.08,0,767004,0,4.621449,18,138,28,18027120,0,238952.7,0,0,8,32,175323.6,310,6,247662,0,372880,3192,13400,0,18,0,9829560,2,0,0,0,a4v9tYsGvO,2Knk1KF,taul,1K8T,0Xwj,FSVXtaU,_03xtaMIkZsn1,LjQz,HLqf,YULl,VpdQ,sYC_,me75fM6ugJ,sBgB,uKAI,L84s,NhsEn4L,beK4AFX,BzVq,UYBR,FzaX,R4hRoKG,oslk,AEKwFs9,LM8l689qOp,FSa2,RAYp,55YFVY9
0,833,7,104,212,265,48,166.56,0,34992,0,0.04037599,9,54,14,33520,0,8298.689,0,6,56,80,-1489272,900,24,23211,0,105585,28836,90,0,0,21735,204096,60,32802,0,0,KXMgUH7IEC,RO12,taul,1K8T,JLbT,60sg0bq,KhDb8PW,jBji,9_Y1,m_h1,VpdQ,IYzP,me75fM6ugJ,kIsH,uKAI,Mtgm,NhsEn4L,mAjbk_S,gAVJ,cJvF,FzaX,ooBv48t,oslk,wtiz4Af,LM8l689qOp,WqMG,RAYp,F2FyR07IdsN7I
0,791,14,1168,156,195,32,320.4,0,3185418,0,3.253151,27,34,497,4836688,0,200327.7,15,2,32,64,220455.2,565,48,33210,0,6047650,399800,745,0,9,554414,10913120,30,170646,0,0,0vimfo8zhV,RO12,taul,1K8T,ssAy,MNwM9_c,FoJylxy,Ee4D,9_Y1,_48V,VpdQ,zm5i,me75fM6ugJ,kIsH,uKAI,Mtgm,NhsEn4L,kZJyVg2,1vJ1,cJvF,FzaX,0MQv48t,oslk,d0BOtEt,LM8l689qOp,3Cy4,RAYp,F2FyR07IdsN7I
0,392,7,2088,124,155,176,260.64,0,0,0,6.270455,18,170,105,0,0,106437.9,0,16,32,0,126817.6,405,0,4806,0,174875,3801600,120,0,18,2419200,10507920,2,4147200,0,0,86ct0Gdncc,NMCEYavk0YOlqn2jHeEDjP0xsdXeAZGnZDN0NOfV,taul,1K8T,4fje,x8bPoJV,KlOa2n0,AFaK,9_Y1,cyKH,09_Q,haYg,me75fM6ugJ,kIsH,g5HH,L84s,_5OXC8MSLt,LxWhDOK,gyCx,cJvF,FzaX,Ik20nTz,oslk,DNvRusu,LM8l689qOp,me1d,RAYp,iyHGyLCEkQ
0,819,7,920,192,240,88,256.96,0,2178324,0,0.2909635,9,126,70,239896,0,11605.74,10,16,96,80,-514908,640,12,17019,0,576445,585676,965,0,27,25543,4156360,30,991176,0,0,Foxt0Go8Lb,rEUOq2QD1qfkRr6qpua,taul,1K8T,lK27,fhk21Ss,nJy8d8N5VniGX,ydov,9_Y1,C7DI,VpdQ,wMei,7M47J5GA0pTYIFxg5uy,kIsH,uKAI,L84s,4kVnq_T26xq1p,kq0NLqc,9prz,cJvF,FzaX,4UxGlow,zCkv,catzS2D,LM8l689qOp,Qu4f,ZI9m,ib5G6X1eUxUn6
0,917,7,804,68,85,16,196.64,0,375738,0,6.297586,9,126,91,1267304,0,84822.91,15,0,8,16,-121166,480,12,10494,0,3186990,164972,4520,0,9,0,3867584,16,0,0,0,gOyq9ayE15,2Knk1KF,taul,1K8T,LZs_,lCpbiah,DKUDUftgA7,gmR3,9_Y1,000J,VpdQ,haYg,me75fM6ugJ,kIsH,uKAI,L84s,XfqtO3UdzaXh_,11p4mKe,KvQU,cJvF,qxDb,SppOZ4E,oslk,HDq79_c,LM8l689qOp,7P5s,RAYp,55YFVY9
0,112,0,0,32,40,0,210.48,0,4964556,0,3.299936,18,16,0,10189280,0,421695,10,0,16,24,261356,215,12,0,0,1901320,0,0,0,0,0,10394240,2,0,0,0,DHeq9ayfAo,RO12,taul,1K8T,z32l,BMnF1xy,LH076SiAyW,Yj5Y,9_Y1,kJJ7,09_Q,IYzP,DHn_WUyBhW_whjA88g9bvA64_,kIsH,uKAI,Mtgm,NhsEn4L,mAjuNea,He4R,UYBR,FzaX,QtoNXQn,z4pH,mL0egO_,LM8l689qOp,7P5s,02N6s8f,F2FyR07IdsN7I
0,742,14,440,204,255,104,166.56,0,7356,0,3.164708,27,148,35,459440,0,17335.74,0,16,32,64,58018.8,720,18,22113,0,347445,196712,1845,0,9,338632,947860,38,62784,0,0,5_lq9aXt5a,GpoBynXzkxADI7bZBtqvX2IPV5t7o2QCPE,taul,1K8T,TyGl,4eO4q6X,daiGnRstPa,Mn2e,9_Y1,6TCl,09_Q,haYg,DHn_WUyBhW_whjA88g9bvA64_,kIsH,uKAI,L84s,UbxQ8lZ,ORMRote,vy2_,cJvF,OFWH,GsdSYVh,Al6ZaUT,oVFnIET,LM8l689qOp,uWr3,nIGXDli,iyHGyLCEkQ
0,1659,7,332,236,295,208,200,0,0,0,2.938475,9,114,0,278848,0,9438.84,0,10,72,128,-13246.56,875,0,657,0,123825,77484,165,0,18,57918,480268,24,130224,0,0,ohYOj1KXzC,RO12,taul,1K8T,TyGl,iJzviRg,y2LIM01bE1,rvR3,9_Y1,jdbz,09_Q,kxE9,7M47J5GA0pTYIFxg5uy,kIsH,uKAI,L84s,9fipLB8rlL,_JdRpOD,NwRz,UYBR,FzaX,ch2oGfM,zCkv,P6pu4Vl,LM8l689qOp,kwS7,ZI9m,R4y5gQQWY8OodqDV
0,2961,7,100,644,805,336,220.08,0,3133422,0,2.690665,9,34,0,1526120,0,47131.8,50,42,216,160,-339996.8,2670,138,594,0,2388000,378564,100,0,9,259889,6404640,90,384786,0,0,FAJgUH7ejg,RO12,taul,1K8T,JLbT,06Xs45W,nQUxgtZEqo,sJPH,9_Y1,m_h1,VpdQ,zm5i,me75fM6ugJ,kIsH,uKAI,L84s,NhsEn4L,kZJtVhC,xgZL,UYBR,FzaX,LwGmro4,oslk,8erPsJz,LM8l689qOp,WqMG,RAYp,F2FyR07IdsN7I
0,119,0,0,132,165,16,263.52,0,7047240,0,5.077761,9,16,0,1610552,0,223671.6,25,2,32,24,3085.716,320,90,0,0,2883670,345600,0,0,0,0,10575160,14,518400,0,0,5_lq9aXt5a,RO12,taul,1K8T,ZSv9,gOh12QB,o64y9zI,4Ueo,9_Y1,Y9Bl,VpdQ,IYzP,me75fM6ugJ,kIsH,uKAI,Mtgm,NhsEn4L,kZJtVhC,tTk8,cJvF,FzaX,JAbv48t,oslk,3OgRt2K,LM8l689qOp,uWr3,RAYp,F2FyR07IdsN7I
0,77,0,0,4,5,0,240.56,0,465042,0,2.528733,9,20,0,0,0,203615.7,0,0,0,0,-1288160,220,6,0,0,0,0,0,0,9,0,310028,0,0,0,0,9rAq9at_88,RO12,taul,1K8T,TIPl,OENRWXF,ilrY4YM,tpgx,9_Y1,KfYH,09_Q,wMei,me75fM6ugJ,kIsH,g5HH,L84s,NhsEn4L,TDc4Td_,wXGg,cJvF,FzaX,rHB9eoy,oslk,1j2Q5_S,LM8l689qOp,me1d,RAYp,F2FyR07IdsN7I
0,392,7,2136,20,25,0,186.64,0,0,0,2.88934,18,168,175,0,0,77170.8,0,0,0,0,-27176.56,190,0,94482,0,13207350,0,780,0,45,0,10565880,10,0,0,0,oUPBcmzkzH,2Knk1KF,taul,1K8T,TyGl,Q9R7qwL,iDskMGe,QhIi,9_Y1,rzbc,09_Q,kxE9,me75fM6ugJ,kIsH,uKAI,L84s,XfqtO3UdzaXh_,_JdcICD,Bm3Z,UYBR,FzaX,Zc06pd1,oslk,SiXzrB7,jySVZNlOJy,Qcbd,RAYp,TCU50_Yjmm6GIBZ0lL_
0,812,7,44,136,170,40,253.52,0,3803394,0,6.815638,9,38,21,1267976,0,213572.1,20,8,32,16,103428.8,510,48,171,0,4357860,792438,30,0,9,554435,10776360,22,1901574,0,0,LDPgUHXZeb,RO12,taul,1K8T,TyGl,d4z7BoT,n8FHjepuG1QYcA5C,ZIlk,9_Y1,STGZ,VpdQ,zm5i,me75fM6ugJ,kIsH,uKAI,L84s,NhsEn4L,NGZXfGp,s9FI,UYBR,FzaX,hYt6V3V,oslk,S76zF_Q,LM8l689qOp,453m,RAYp,F2FyR07IdsN7I
0,630,35,17608,156,195,128,166.56,0,0,0,1.684255,45,202,399,1036392,0,18416.61,5,2,40,40,274595.2,350,0,16551,0,856895,414310,540,0,54,116368,2040548,32,7626,0,0,NESWq69R_D,ByQdnLRlFnny2k4AJzG,CiJDdr4TQ0rGERIS,1K8T,JLbT,fhk21Ss,9HOPNsJ,dHcT,9_Y1,z5Ry,09_Q,y6dw,7M47J5GA0pTYIFxg5uy,kIsH,uKAI,L84s,iwn6,uZLM33k,2aej,UYBR,FzaX,4UxGlow,QKW8DRm,catzS2D,LM8l689qOp,FSa2,ZI9m,NoEd
0,392,14,324,36,45,0,306.88,0,6709020,0,6.490067,18,82,161,0,0,562383,5,2,8,0,382624,90,36,99774,0,281080,0,5030,0,18,0,9478440,2,3585648,0,0,qXhPe2ftjz,RO12,taul,1K8T,4fje,PHNvXy8,rRTn3fZ,sOYL,9_Y1,mTeA,09_Q,43pnToF,NKv3VA1BpP,kIsH,uKAI,Mtgm,Ie_5MZs,kZJhGy4,upnW,UYBR,FzaX,UF16siJ,zCkv,APgdzOv,M_8D,FSa2,6fzt,xwM2aC7IdeMC0
0,763,14,28,120,150,0,220.08,0,9849600,0,5.988678,18,38,14,210832,0,227903.7,45,0,32,8,63464.4,495,114,23841,0,26935,0,40,0,9,0,9776200,2,0,0,0,qXh9tYsdof,RO12,taul,1K8T,TyGl,XX3cFZv,N4xbMThNdK,tTrN,9_Y1,YULl,VpdQ,zm5i,me75fM6ugJ,kIsH,uKAI,L84s,NhsEn4L,kZJtVhC,2VM6,UYBR,FzaX,FMZYH7D,oslk,MHP7DIf,LM8l689qOp,FSa2,RAYp,F2FyR07IdsN7I
0,805,7,4,192,240,16,220.08,0,9114000,0,3.578295,9,30,0,1614448,0,136903.5,35,4,40,72,274112,735,114,243,0,1619035,7574,10,0,0,0,10414960,18,43068,0,0,Foxt0Go8Lb,RO12,taul,1K8T,g6No,XX3vpGW,NFlfMbKIm3,DQ0L,9_Y1,rGJy,09_Q,IYzP,me75fM6ugJ,kIsH,uKAI,L84s,NhsEn4L,kZJtVhC,dimX,UYBR,FzaX,n2dvEWW,oslk,xInqI2t,LM8l689qOp,Qu4f,RAYp,F2FyR07IdsN7I
0,896,14,876,128,160,48,257.44,0,1663920,0,6.557787,18,62,252,3385824,0,186521.1,5,6,32,40,135077.2,530,24,51408,0,5406000,987952,5240,0,9,604800,10243720,26,1192836,0,0,1qmr4RQxul,RO12,taul,1K8T,yMvB,fhk21Ss,wazLfxy0FK,kJs5,9_Y1,z5Ry,09_Q,sYC_,7M47J5GA0pTYIFxg5uy,kIsH,uKAI,L84s,FMSzZ91zL2,TDcEYQ6,GTnh,UYBR,AU8pNoi,4UxGlow,zCkv,catzS2D,M_8D,FSa2,ZI9m,SbOd7O8ky1wGNxp0Arj0Xs
0,413,0,0,128,160,40,186.64,0,4599960,0,3.402692,9,24,0,2764800,0,200913.3,10,4,32,32,98447.6,630,54,0,0,4122175,708472,0,0,9,0,10546120,20,1036800,0,0,DHevyx7IEC,RO12,taul,1K8T,7wJ6,02sXzfW,CdPgMY1Z52,G2l2,9_Y1,YGOC,VpdQ,zm5i,DHn_WUyBhW_whjA88g9bvA64_,kIsH,uKAI,L84s,CrNX,NGZ_12K,04BW,cJvF,FzaX,ooB3IfT,d0EEeJi,wtiuxtu,LM8l689qOp,szEZ,nIGXDli,F2FyR07IdsN7I
0,2065,7,632,324,405,200,166.56,0,308172,0,3.51207,18,44,0,715560,0,32146.2,10,18,120,160,-1227844,1255,54,58536,0,2563085,238394,1385,0,9,393008,3755380,32,792942,0,0,HYTvyx7ejg,RO12,taul,1K8T,SzjZ,DhOeR59,IoHY5y1IUI,CVJ8,9_Y1,xSqs,09_Q,43pnToF,me75fM6ugJ,kIsH,uKAI,L84s,NhsEn4L,mAjbk_S,Gkqn,cJvF,FzaX,EhlR2zc,oslk,8iTp3c_,LM8l689qOp,szEZ,RAYp,F2FyR07IdsN7I
0,70,0,0,84,105,128,206.72,0,0,0,0.2591327,9,24,0,0,0,6187.74,0,2,0,0,6739.72,335,0,0,0,20980,90332,0,0,9,0,203160,8,8568,0,0,2jirEyXktW,RO12,taul,1K8T,AkfA,vYfRSm1,_UtlxbJ,BtmZ,9_Y1,H1uM,VpdQ,zm5i,DHn_WUyBhW_whjA88g9bvA64_,kIsH,uKAI,L84s,CrNX,mAjbq_f,IiU8,cJvF,FzaX,ErG_xdy,d0EEeJi,scGUBjl,jySVZNlOJy,Aoh3,nIGXDli,F2FyR07IdsN7I
0,1204,7,48,244,305,64,213.28,0,552,0,3.900662,9,40,42,112208,0,2550.975,0,4,56,128,64776.4,495,6,4518,0,215525,18236,85,0,9,20993,270076,68,7068,0,0,zKnr4RXktW,RO12,taul,1K8T,uErj,N45nV76,FoJylxy,YUbd,9_Y1,Albh,VpdQ,IYzP,me75fM6ugJ,kIsH,uKAI,L84s,NhsEn4L,mAjbk_S,xGkK,cJvF,FzaX,EpcfrxM,oslk,ynwED8N,LM8l689qOp,Xa3G,RAYp,F2FyR07IdsN7I
0,1855,7,124,268,335,24,186.64,0,91200,0,3.514634,9,50,14,868120,0,18579.39,10,6,80,136,-177661.2,1010,18,31266,0,1175495,19868,920,0,0,80941,1568556,78,101706,0,0,HYTrjIK12c,RO12,taul,1K8T,JLbT,miuXVr0,msIzzNai_Z,jhq_,9_Y1,7WNq,VpdQ,IYzP,me75fM6ugJ,kIsH,uKAI,L84s,NhsEn4L,mAjbk_S,1l90,cJvF,AU8pNoi,bYAYWu3,oslk,hT0zF_Q,M_8D,WqMG,RAYp,F2FyR07IdsN7I
0,7,0,0,68,85,48,166.56,0,4270038,0,4.609485,9,16,0,0,0,402018,0,0,0,0,647788,125,24,0,0,2357075,1175030,0,0,0,0,7082400,14,0,0,0,51rt0G8rTN,RO12,taul,1K8T,hAOr,t1FzMzM,S85q7hLS8P,A6xB,9_Y1,k13i,sJzTlal,IYzP,me75fM6ugJ,kIsH,uKAI,L84s,NhsEn4L,TDcwKda,g2AX,UYBR,FzaX,ue3lefp,oslk,E11cLGo,LM8l689qOp,fKCe,RAYp,F2FyR07IdsN7I
0,882,0,0,360,450,168,210,0,1387026,0,5.093143,18,18,0,1488656,0,56253.3,35,30,160,136,277008.4,1730,60,0,0,4741350,1941300,0,0,9,502453,10663320,40,422382,0,0,_v2vyx7IEC,AERks4l,taul,1K8T,Bxva,wGQGvbj,76j2P_OLn0,FHZg,9_Y1,f4dr,VpdQ,zm5i,GjJ35utlTa_GNSvxxpb9ju,kIsH,uKAI,L84s,JBfYVit4g8,TDc_9Yi,qFp7,cJvF,AU8pNoi,dpuJzaz,Al6ZaUT,U1Bn3Fp,LM8l689qOp,szEZ,02N6s8f,xwM2aC7IdeMC0
0,2681,21,1900,776,970,704,133.76,0,147384,0,2.346934,27,66,0,344384,0,7597.56,5,28,64,240,-379465.2,2200,132,11088,0,312020,259554,2750,0,0,168413,1239212,78,265824,0,0,Foxt0Go8Lb,RO12,taul,1K8T,c9jp,5EpyqQo,_jTP8ioIlJ,3WHJ,9_Y1,YePk,VpdQ,IYzP,me75fM6ugJ,kIsH,uKAI,Mtgm,XfqtO3UdzaXh_,11p4mKe,tjOW,cJvF,OFWH,OTgTUAd,oslk,GeD8gbh,LM8l689qOp,Qu4f,RAYp,F2FyR07IdsN7I
0,721,7,304,124,155,8,166.56,0,3628800,0,6.494766,9,66,721,4147200,0,256014,10,0,32,48,70019.2,450,42,26172,0,6480000,41166,7795,0,0,0,10450320,30,0,0,0,DHevyx7IEC,RO12,taul,1K8T,nAmm,ml5cNhj,hQc1Epv,jv62,9_Y1,RcM7,09_Q,IYzP,me75fM6ugJ,kIsH,uKAI,L84s,NhsEn4L,kZJs2nh,A1VJ,UYBR,AU8pNoi,XbZfrxM,oslk,QfJz_Kt,M_8D,szEZ,RAYp,F2FyR07IdsN7I
0,371,7,120,36,45,24,262.4,0,44064,0,6.714591,9,64,56,0,3,45740.4,5,2,0,0,-183044.8,860,6,3519,8,1273470,2432280,140,0,9,0,10326680,6,2992146,0,0,NESWq69R_D,RO12,taul,1K8T,TyGl,eIf4RJE,msIqHk8toE,6JkR,9_Y1,z5Ry,VpdQ,IYzP,me75fM6ugJ,kIsH,uKAI,L84s,NhsEn4L,mAjbk_S,xW7K,UYBR,FzaX,JgwYjZW,oslk,hrE2qo0,LM8l689qOp,FSa2,RAYp,F2FyR07IdsN7I
0,273,14,4,72,90,48,286.96,5,3110400,0,3.631489,18,80,0,0,0,12620.76,10,4,16,0,-207592.8,375,36,13977,8,2810,1036800,935,0,18,0,5531840,4,1036800,0,0,8I1r4RXXnK,RO12,taul,1K8T,kNzO,dpLviRg,pCsFbvQJcF,Djsx,9_Y1,TFSW,09_Q,Tkho,me75fM6ugJ,kIsH,uKAI,L84s,NhsEn4L,7WweNKW,J46a,UYBR,FzaX,1ZRoYtn,oslk,0qNMkpY,LM8l689qOp,Xa3G,RAYp,F2FyR07IdsN7I
0,2338,7,8,76,95,48,281.28,5,0,9,0.5550096,18,52,14,211480,0,24248.22,0,4,0,16,-398478.4,880,0,3177,32,314625,55568,340,12,0,0,570476,18,152850,0,0,75lTmBtFkL,RO12,taul,1K8T,lK27,_vkk2Zj,Tg7jjBB,f4DE,9_Y1,c2JP,VpdQ,IYzP,me75fM6ugJ,kIsH,uKAI,Mtgm,NhsEn4L,mAjbk_S,dpJ9,cJvF,qxDb,Lu8QrGj,oslk,f4rQ5_S,LM8l689qOp,rgKb,RAYp,F2FyR07IdsN7I
0,1113,7,876,196,245,72,133.12,0,0,0,6.979278,9,54,7,142600,0,4172.88,0,2,16,80,16938.28,890,0,7920,0,226365,22384,3210,0,0,0,319244,58,33126,0,0,0vimfo8zhV,RO12,taul,1K8T,7gSz,2cBvY8M,r83_sZi,15l8,9_Y1,_48V,VpdQ,IYzP,me75fM6ugJ,kIsH,uKAI,L84s,NhsEn4L,TDceha3,Us5R,cJvF,FzaX,V8hvOIl,oslk,oKEqhZX,LM8l689qOp,3Cy4,RAYp,F2FyR07IdsN7I
0,910,7,28,132,165,0,186.64,0,3359850,0,3.253792,9,38,42,4584312,0,184656,10,0,32,56,133996.4,545,42,71109,0,7051850,0,1300,0,9,0,10710760,34,0,0,0,75lr4RXktW,RO12,taul,1K8T,1TqK,B4gu5tB,7ruFuE4,ZnGO,9_Y1,TFSW,VpdQ,zm5i,me75fM6ugJ,kIsH,uKAI,L84s,NhsEn4L,mAjbk_S,auEx,cJvF,AU8_WTd,l8AOtFs,oslk,ZjpR6zD,jySVZNlOJy,Xa3G,RAYp,F2FyR07IdsN7I
0,343,0,0,184,230,56,274,0,717054,0,5.228156,9,22,0,4838400,0,206524.5,15,0,32,56,111391.6,540,12,0,0,8208200,177582,0,0,9,0,10696800,54,0,0,0,O8Zr4Rdc_a,RO12,taul,1K8T,4fje,Yq54XxH,iubE7ciYKR,poJj,9_Y1,em8I,sJzTlal,wMei,me75fM6ugJ,kIsH,g5HH,L84s,NhsEn4L,TDc4Td_,ipbg,cJvF,FzaX,AuG9eoy,oslk,Kn26Kfh,jySVZNlOJy,me1d,RAYp,F2FyR07IdsN7I
0,413,14,3440,128,160,32,253.52,0,3450042,0,0.5588549,36,52,56,2764800,0,100663.5,20,2,32,32,138638.4,490,42,42633,0,4754495,544406,2055,0,9,1209600,10111360,24,231180,0,0,52Iq9ayE15,RO12,taul,1K8T,_8YK,3RqrZ7G,_jTP8ioIlJ,FRv7,9_Y1,kJJ7,VpdQ,43pnToF,me75fM6ugJ,kIsH,uKAI,L84s,NhsEn4L,TDcECyH,HP1U,cJvF,FzaX,JptDSPW,oslk,RkjqJRo,LM8l689qOp,7P5s,RAYp,F2FyR07IdsN7I
0,392,0,0,116,145,40,186.64,0,4499490,0,4.433241,9,18,0,174544,0,95152.5,15,6,16,8,212341.6,975,48,0,0,4692810,218936,0,0,9,935669,9675360,18,1070886,0,0,1GdOj1KXzC,RO12,taul,1K8T,0Y9G,X94yoBp,FoJylxy,pxv3,9_Y1,_KXv,VpdQ,zm5i,me75fM6ugJ,kIsH,uKAI,L84s,NhsEn4L,mAja5EA,yEAU,cJvF,FzaX,YXhOtFs,oslk,JAwObSS,LM8l689qOp,kwS7,RAYp,F2FyR07IdsN7I
0,147,0,0,168,210,56,263.52,0,291126,0,4.139714,9,20,0,912408,0,39539.1,0,6,32,48,-96349.6,700,6,0,0,2271150,104024,0,0,9,542997,3064268,50,583518,0,0,vAsvyx7ejg,RO12,taul,1K8T,hM6W,ZBOJeCE,msIqHk8toE,Bwjm,9_Y1,xSqs,VpdQ,zm5i,me75fM6ugJ,kIsH,uKAI,L84s,NhsEn4L,NGZxnJM,s55p,UYBR,FzaX,SppPaRp,oslk,kklH6zW,LM8l689qOp,szEZ,RAYp,F2FyR07IdsN7I
0,1428,0,0,928,1160,32,404.64,0,932658,0,0.178808,9,12,0,3425440,3,23834.85,360,120,272,576,-164063.2,1160,54,0,16,5485400,46674,0,0,0,111300,7372920,30,239832,0,7,npOBcmzkzH,RO12,taul,1K8T,lK27,nLJsz2a,nQUxgtZEqo,AZl6,9_Y1,yrDU,VpdQ,IYzP,me75fM6ugJ,kIsH,uKAI,L84s,NhsEn4L,7Ww66JZ,UyDu,cJvF,FzaX,9oU6V3V,oslk,00ARusu,LM8l689qOp,Qcbd,RAYp,F2FyR07IdsN7I
0,2387,14,96,140,175,40,166.56,0,5702400,0,6.652211,27,34,28,2076016,0,48522.6,25,6,48,48,234172.8,565,66,1053,0,1297535,353306,135,0,0,2114,8255440,10,100350,0,0,DHeq9ayfAo,AERks4l,taul,1K8T,PJLW,ckdwwSn,JQFeOYK,GRBm,9_Y1,vm5R,VpdQ,IYzP,DHn_WUyBhW_whjA88g9bvA64_,kIsH,uKAI,L84s,JBfYVit4g8,uZLz8Sc,qUA2,cJvF,FzaX,vtC_DXg,Al6ZaUT,hElVI8l,LM8l689qOp,7P5s,02N6s8f,xwM2aC7IdeMC0
0,3388,7,0,224,280,72,264.32,0,5031468,0,1.005554,9,94,0,102056,0,47755.2,35,4,32,8,64543.6,1935,162,31806,0,3054885,163714,115,0,18,0,8742720,20,1036800,0,0,hSogUHXZeb,LrdVolaSGUfkVeWC,taul,1K8T,0kpG,RPKu5tB,_UtlxbJ,F4vN,9_Y1,STGZ,VpdQ,6JmL,me75fM6ugJ,kIsH,uKAI,L84s,XfqtO3UdzaXh_,OFq9NeO,e9fs,UYBR,FzaX,WdP1WU5,oslk,05j67Xw,LM8l689qOp,453m,RAYp,R4y5gQQWY8OodqDV
0,1071,7,5772,500,625,208,300.32,0,3343746,0,5.766716,9,106,791,915568,0,91980.3,45,40,144,136,-347045.2,975,138,49428,0,1282480,361002,2425,0,18,262710,5528960,60,706554,0,0,_v2gUHXZeb,RO12,taul,1K8T,0Xwj,Jn8nx5A,wLOHP_YhcL,4UK5,HLqf,fTh6,09_Q,hAFG,me75fM6ugJ,sBgB,uKAI,L84s,XfqtO3UdzaXh_,XTb10lF,c7Nt,cJvF,FzaX,b0vNgdR,oslk,yOuy5oW,LM8l689qOp,453m,RAYp,F2FyR07IdsN7I
0,840,7,540,144,180,32,337.84,0,6177840,0,1.191198,9,60,21,1463432,0,208480.2,15,4,32,32,93803.2,555,78,486,0,3543990,633624,195,0,27,554421,10536760,20,950436,0,0,HYTrjIK12c,RO12,taul,1K8T,Xa_z,BMnJ89M,k10MzgT,a1rY,9_Y1,7WNq,VpdQ,IYzP,me75fM6ugJ,kIsH,uKAI,Mtgm,NhsEn4L,TDceha3,vQVO,UYBR,FzaX,8d5YWu3,oslk,sXbT3Cb,LM8l689qOp,WqMG,RAYp,F2FyR07IdsN7I
0,630,7,1484,100,125,8,173.2,0,0,0,3.946379,9,80,21,436136,0,20571.93,10,24,72,32,52530.4,395,0,9414,0,259345,41076,9095,0,0,209601,906672,12,593412,0,0,0vimfo8zhV,RO12,taul,1K8T,7gSz,2cBvY8M,sLarhXg,hnhe,9_Y1,_48V,VpdQ,IYzP,me75fM6ugJ,kIsH,uKAI,L84s,NhsEn4L,mAjbk_S,6_U2,cJvF,FzaX,V8hvOIl,oslk,oKEqhZX,LM8l689qOp,3Cy4,RAYp,F2FyR07IdsN7I
0,833,7,664,144,180,0,286.96,0,10065240,0,6.871181,9,40,371,1212696,0,213201.9,35,0,32,16,124428.4,525,120,21159,0,1106050,0,750,0,18,0,10620560,14,0,0,0,oBXq9ayfAo,RO12,taul,1K8T,lK27,ezgcTEF,Hz6CKEGgV0Vbb,TQKf,9_Y1,AKLO,09_Q,IYzP,me75fM6ugJ,kIsH,uKAI,L84s,NhsEn4L,mAjbk_S,o_7n,cJvF,FzaX,xtRfGrO,oslk,N0GRusu,LM8l689qOp,TNEC,RAYp,F2FyR07IdsN7I
0,889,14,260,140,175,16,253.52,0,4187508,0,4.515275,27,166,0,2764800,0,208545.6,25,4,32,32,135392.8,540,60,1035,0,4910035,268640,1355,0,18,455196,10471200,24,516780,0,0,HAoOj1KXzC,2Knk1KF,taul,1K8T,X94c,fhk21Ss,EXpWEXgaYWQf4,Xiex,9_Y1,vYXv,VpdQ,wMei,7M47J5GA0pTYIFxg5uy,kIsH,uKAI,L84s,TVE1uh4F_wOi_,CWN0VD0,6Npy,UYBR,FzaX,4UxGlow,zCkv,catzS2D,LM8l689qOp,kwS7,ZI9m,TCU50_Yjmm6GIBZ0lL_
0,2121,7,608,120,150,48,222.56,0,3807084,0,6.050631,18,78,364,0,0,29897.88,30,4,24,0,-156582,505,48,9882,0,1322670,782688,225,0,0,604800,7723240,16,732120,0,0,HAoOj1KXzC,RO12,taul,1K8T,PGNs,aKBg0iR,r83_sZi,kZle,9_Y1,ID5l,VpdQ,IYzP,me75fM6ugJ,kIsH,uKAI,Mtgm,NhsEn4L,beK4AFX,hRx7,UYBR,FzaX,8GKOjel,oslk,APUE4Qn,LM8l689qOp,kwS7,RAYp,F2FyR07IdsN7I
0,231,0,0,28,35,0,257.04,0,10202340,0,1.951506,9,18,0,174832,0,164769,5,0,16,8,35194.16,585,24,0,0,1779410,0,0,0,9,152978,9267320,2,0,0,0,P1WvyxLp3Z,RO12,taul,1K8T,ssAy,VjLkKKt,yEFIHeU,rF6a,9_Y1,vzJD,VpdQ,zm5i,me75fM6ugJ,kIsH,uKAI,L84s,NhsEn4L,NGZxnJM,i_Ly,cJvF,FzaX,7CP8jNM,oslk,kPWQhib,LM8l689qOp,xb3V,RAYp,F2FyR07IdsN7I
0,1211,0,0,228,285,152,253.52,0,2811084,0,3.476608,9,24,0,1430560,0,54929.1,20,10,80,72,-218614,2065,54,0,0,3603215,445820,0,0,9,611961,7716000,22,361860,0,0,Qu0r4RKzJV,RO12,taul,1K8T,PGNs,7kAZyzC,BIxuwM5,2u2p,9_Y1,DtNL,VpdQ,zm5i,me75fM6ugJ,kIsH,uKAI,Mtgm,NhsEn4L,kZJtVhC,iNnS,UYBR,FzaX,7CPRwBA,oslk,pyZznPS,LM8l689qOp,FSa2,RAYp,F2FyR07IdsN7I
0,1057,7,120,92,115,32,220.08,0,938472,0,3.654134,9,86,42,633648,0,141966.9,10,4,16,8,216650,470,24,1350,0,4093940,1041536,315,0,9,430052,9650280,20,868830,0,0,CxSr4RXktW,RO12,taul,1K8T,1TqK,cMjASpP,8nstQ62E0C,kq0d,9_Y1,TFSW,VpdQ,sYC_,me75fM6ugJ,kIsH,uKAI,L84s,NhsEn4L,kq0aHkC,oniU,cJvF,FzaX,Rf8OhQy,oslk,ncJAKIt,LM8l689qOp,Xa3G,RAYp,F2FyR07IdsN7I
0,1491,7,1012,244,305,104,176.56,0,617844,0,5.711173,18,58,399,1864488,0,55012.5,5,8,48,80,486288,755,54,1161,0,3649085,1186918,1480,0,0,994336,7686440,48,1360524,0,0,oBXq9ayfAo,RO12,taul,1K8T,TyGl,L7tEXGF,FoJylxy,3klS,9_Y1,AKLO,VpdQ,IYzP,me75fM6ugJ,kIsH,uKAI,L84s,NhsEn4L,TDceha3,SFpw,cJvF,FzaX,XeiNqhB,oslk,o9Y6TM2,LM8l689qOp,TNEC,RAYp,F2FyR07IdsN7I
0,6272,7,2656,340,425,160,200,0,2688738,0,2.744072,27,82,140,1247920,0,33007.2,40,12,88,104,-237809.2,4575,66,113580,0,1017680,1933902,2060,0,0,840,8833880,54,2171424,0,0,HYTrjIK12c,RO12,taul,1K8T,pGTb,BMnJ89M,V6XUlxabJ4VaD,G3ru,9_Y1,7WNq,VpdQ,IYzP,me75fM6ugJ,kIsH,uKAI,L84s,NhsEn4L,mAja5EA,7L6l,cJvF,FzaX,8d5YWu3,oslk,sXbT3Cb,LM8l689qOp,WqMG,RAYp,F2FyR07IdsN7I
0,42,7,48,12,15,24,166.56,0,0,0,5.166418,9,118,7,0,0,7369.021,0,0,0,0,-2878.856,130,0,11007,0,0,31996,240,0,18,0,63992,0,0,0,0,N_vrjIXt5a,GpoBynXzkxADI7bZBtqvX2IPV5t7o2QCPE,taul,1K8T,hoa9,dhDnQZj,8lcKgmK,COaT,9_Y1,m7JR,VpdQ,y6dw,DHn_WUyBhW_whjA88g9bvA64_,kIsH,uKAI,L84s,CrNX,AuSBTw7,H50l,cJvF,FzaX,_PxQNBG,d0EEeJi,vUcAczI,LM8l689qOp,5Acm,nIGXDli,iyHGyLCEkQ
0,1610,21,6868,72,90,0,305.12,0,3289890,0,1.079897,27,84,14,2764648,0,59855.1,0,0,16,32,-990592,495,48,43047,0,2201370,0,8895,0,36,0,5336680,12,0,0,0,vNEOj1dtN_,RO12,taul,1K8T,4JaS,UsSY9Q6,I1suYIl9Yv,Pjyv,9_Y1,DFSe,sJzTlal,lVqb,me75fM6ugJ,kIsH,g5HH,L84s,XfqtO3UdzaXh_,11p4mKe,hpGD,cJvF,FzaX,UF10FxM,oslk,BlJqCcD,LM8l689qOp,me1d,RAYp,F2FyR07IdsN7I
0,574,7,52,56,70,48,166.56,0,0,0,0.8250374,9,42,0,7960,0,2751.315,0,4,48,32,-103574,565,0,166554,0,8030,13736,15,0,0,6965,39620,4,2616,0,0,bZk9tYsGvO,RO12,taul,1K8T,TyGl,lKN4RJE,hm7ArlgaYWapX,P4dE,9_Y1,YULl,VpdQ,IYzP,me75fM6ugJ,kIsH,uKAI,L84s,NhsEn4L,mAjbk_S,JPcy,cJvF,FzaX,wxPYjZW,oslk,dXi2qo0,LM8l689qOp,FSa2,RAYp,F2FyR07IdsN7I
0,875,14,2136,132,165,0,253.52,0,0,0,3.743858,27,160,98,6220800,0,213741.3,0,4,32,72,141205.2,510,0,36351,0,9427150,0,7650,0,72,0,10734480,44,123528,0,0,bZkvyxLkBI,2Knk1KF,taul,1K8T,lK27,qCCxtq0,_UtlxbJ,5fvA,9_Y1,vzJD,VpdQ,itlM,me75fM6ugJ,kIsH,uKAI,L84s,XfqtO3UdzaXh_,XTbPUYD,mvOy,cJvF,FzaX,HwFj9cC,oslk,EzSjeOa,LM8l689qOp,xb3V,RAYp,TCU50_Yjmm6GIBZ0lL_
0,1057,7,2876,224,280,248,133.12,0,10302,0,4.689383,9,106,84,232400,0,20413.53,10,20,48,40,114236,660,6,3312,0,97145,603228,95,0,9,285271,1695492,14,405882,0,0,8Knvyx875g,RO12,taul,1K8T,pGTb,VFMyfnR,q2tfFQq,VCaF,9_Y1,3NyY,VpdQ,haYg,DHn_WUyBhW_whjA88g9bvA64_,kIsH,uKAI,L84s,CrNX,AuSDRR8,KNA3,cJvF,FzaX,FM2ykXP,d0EEeJi,XXsh3H4,LM8l689qOp,WqMG,nIGXDli,F2FyR07IdsN7I
0,1372,7,1296,220,275,136,133.12,0,200424,0,0.7126682,18,112,105,322600,0,16128.06,0,10,80,104,-28336.28,780,12,56205,0,267925,300006,325,0,9,160699,1307396,36,297192,0,0,a4vPe2fHUn,2Knk1KF,taul,1K8T,JLbT,rXH4Eny,hOpRIhsUSP,pzvA,9_Y1,mTeA,09_Q,hAFG,me75fM6ugJ,kIsH,uKAI,L84s,XfqtO3UdzaXh_,11p4mKe,upnW,UYBR,FzaX,MgW0FxM,oslk,yktAIRG,LM8l689qOp,FSa2,RAYp,55YFVY9
0,707,0,908,20,25,0,190.64,5,515376,0,2.337535,9,62,14,880232,9,123261.3,0,2,32,24,-992048,125,6,33516,40,0,0,0,0,0,140,783780,0,120,0,7,YddTmBtueT,RO12,taul,1K8T,Uk76,4e3k2Zj,Tg7jjBB,teWE,9_Y1,47ra,VpdQ,IYzP,me75fM6ugJ,kIsH,uKAI,L84s,NhsEn4L,mAjbk_S,pEsm,cJvF,FzaX,IGMAWQ7,oslk,XCFTE6Y,LM8l689qOp,rgKb,RAYp,F2FyR07IdsN7I
0,763,7,996,24,30,8,255.76,0,2034624,0,0.8408459,9,44,119,0,0,213912.6,10,0,16,0,-21593.44,325,12,21384,0,1141975,1209600,5235,0,18,0,9527600,2,0,0,0,0vimfo8zhV,RO12,taul,1K8T,JLbT,tSzCYcI,DKUDUftgA7,47hg,9_Y1,iZJp,VpdQ,IYzP,me75fM6ugJ,kIsH,uKAI,L84s,NhsEn4L,mAjbk_S,pLVp,UYBR,AU8pNoi,ooBoGGc,oslk,hqtMtzo,LM8l689qOp,3Cy4,RAYp,F2FyR07IdsN7I
0,1106,7,1828,176,220,160,133.12,0,346326,0,4.598804,9,178,7,1773488,0,51856.8,10,8,80,56,-66477.6,705,18,16812,0,937615,475164,1145,0,27,753438,2992200,16,251292,0,0,DHevyx7IEC,2Knk1KF,taul,1K8T,FgS1,fhk21Ss,ElQylxy,KXGE,9_Y1,RcM7,09_Q,kxE9,7M47J5GA0pTYIFxg5uy,kIsH,uKAI,L84s,TVE1uh4F_wOi_,CWNdri0,lZBb,cJvF,FzaX,4UxGlow,zCkv,catzS2D,LM8l689qOp,szEZ,ZI9m,iyHGyLCEkQ
0,532,14,608,208,260,104,166.56,0,1323330,0,6.5674,18,88,84,80296,0,11685.84,0,4,24,112,-1377068,385,24,13194,0,583210,91772,2905,0,9,43862,1608156,38,53514,0,0,NESt0G8EIb,AERks4l,taul,1K8T,Uk76,PHNvXy8,9YuYZx0Xsm,tGn4,9_Y1,k13i,VpdQ,6JmL,NKv3VA1BpP,kIsH,uKAI,Mtgm,NjlyLMM,teAsDf5,Dezi,cJvF,wwPEXoilkr,UF16siJ,zCkv,APgdzOv,LM8l689qOp,fKCe,6fzt,xwM2aC7IdeMC0
0,994,7,1304,196,245,120,166.56,0,3638772,0,0.5225379,9,30,273,2208520,0,74872.2,5,2,40,48,353858,865,66,10494,0,2612880,571420,340,0,0,653975,7055840,30,55800,0,0,dRagUHXM47,RO12,taul,1K8T,lK27,RJE7qGc,LJF4fPp,8HL7,9_Y1,8BBI,VpdQ,IYzP,me75fM6ugJ,kIsH,uKAI,L84s,NhsEn4L,uZL60aU,EqwZ,cJvF,FzaX,bYAAQQR,oslk,hT0WUSq,LM8l689qOp,453m,RAYp,F2FyR07IdsN7I
0,637,7,2172,24,30,8,253.52,0,879708,0,6.073702,9,100,371,4838400,0,231708.3,0,2,0,8,-100316.4,365,6,89487,0,1228080,28534,390,0,27,0,6464400,4,3628800,0,0,3HjOj17ejg,RO12,taul,1K8T,TyGl,mfjcTEF,gG7yZNBdAY,pVPi,9_Y1,zfpA,09_Q,kxE9,me75fM6ugJ,kIsH,uKAI,Mtgm,XfqtO3UdzaXh_,11p4mKe,nZL6,UYBR,FzaX,kogfGrO,oslk,uClRusu,LM8l689qOp,7aLG,RAYp,F2FyR07IdsN7I
0,840,7,988,156,195,64,272.72,0,4295604,0,0.1521043,18,106,203,3169320,0,220881.3,25,0,40,40,129093.2,555,72,20142,0,3458720,907914,5090,0,18,554771,10615480,18,0,0,0,qXhPe2ftjz,2Knk1KF,taul,1K8T,EJC9,2AeYbuk,UnPEkD6Pex,dZaL,9_Y1,mTeA,09_Q,Tkho,me75fM6ugJ,kIsH,uKAI,L84s,NhsEn4L,beK4AFX,HySH,UYBR,FzaX,Ojx0nTz,oslk,RGqT3Cb,LM8l689qOp,FSa2,RAYp,55YFVY9
0,812,7,8,96,120,16,166.56,0,0,0,2.038453,9,64,7,386216,3,4294.05,0,4,24,48,11411.16,455,0,68274,16,158935,4238,280,0,0,29960,344380,28,23472,0,7,C2Dvyx875g,RO12,taul,1K8T,487l,2Aed0DS,UnPEkD6Pex,4Afm,9_Y1,MBhA,sJzTlal,IYzP,me75fM6ugJ,kIsH,uKAI,L84s,NhsEn4L,mAjbk_S,F675,UYBR,FzaX,OjxOhQy,oslk,c4PT3Cb,LM8l689qOp,WqMG,RAYp,F2FyR07IdsN7I
0,1736,7,224,188,235,136,211.36,0,2822070,0,2.036103,9,60,7,278384,0,50927.4,0,8,32,32,-54973.6,830,36,14985,0,1318245,348638,65,0,0,195118,4037680,32,397866,0,0,HYTrjIK12c,RO12,taul,1K8T,Guv5,EnSNXZR,75HH_hi,8MF2,9_Y1,7WNq,VpdQ,sYC_,me75fM6ugJ,kIsH,uKAI,L84s,NhsEn4L,kq0n8Bj,VQD8,UYBR,FzaX,KnzzTww,oslk,EbgaySi,LM8l689qOp,WqMG,RAYp,F2FyR07IdsN7I
0,497,7,924,140,175,40,163.68,0,4283046,0,3.406537,9,104,70,1900848,0,122995.8,20,4,32,24,125587.2,395,60,62262,0,4234960,792020,130,0,27,554414,10678640,22,950424,0,0,FoxgUHSK8h,eSGpMwS8zSGgq_trOpckZ5,taul,1K8T,TyGl,rGQtyiI,_jTP8ioIlJ,pAwI,9_Y1,mTeA,VpdQ,6JmL,EBKcR3s6B22tD6gC36gm6S,kIsH,uKAI,Mtgm,UbxQ8lZ,ORMRote,Mt1o,UYBR,FzaX,1CqaMYN,Al6ZaUT,eYJVIKe,jySVZNlOJy,FSa2,nIGXDli,R4y5gQQWY8OodqDV
0,3283,14,3992,412,515,320,233.44,0,156156,0,0.8861354,36,110,707,1944520,0,14222.55,5,8,80,136,-11281.56,1570,78,3033,0,1145530,383818,1035,0,9,1248723,3030276,56,377952,0,0,639r4RK2Mx,2Knk1KF,taul,1K8T,lK27,dBHKZdo,6uerj6GG35,qo5z,9_Y1,DtNL,VpdQ,IYzP,me75fM6ugJ,kIsH,uKAI,L84s,NhsEn4L,kq0aHkC,sVRa,UYBR,FzaX,f560FxM,oslk,lTw2_Lp,LM8l689qOp,FSa2,RAYp,55YFVY9
0,1071,14,9328,184,230,40,482.64,5,5265768,0,2.324076,27,92,203,2244728,15,148550.4,25,6,40,88,124509.2,585,72,17010,56,3250365,837266,1740,6,27,463190,10535840,20,1271418,0,0,eOQt0GoOh3,PomAbFU,taul,1K8T,0Xwj,fqeOwLG,itSGh3t,Y8G_,HLqf,t_4G,VpdQ,Tkho,7M47J5GA0pTYIFxg5uy,sBgB,uKAI,Mtgm,NhsEn4L,jawgvMU,E66C,UYBR,FzaX,fxJmel6,oslk,WfsWw2A,LM8l689qOp,Qu4f,ZI9m,F2FcTt7IdMT_v
0,861,7,596,136,170,0,296.16,0,6857760,0,0.4708396,9,124,182,2631416,0,145667.1,25,2,48,40,144373.6,535,84,24012,0,3888000,0,2455,0,18,161035,10643360,18,2760,0,0,npOBcmzkzH,2Knk1KF,taul,1K8T,uNkU,esxkA1P,C_uQoStwYE,G7MT,9_Y1,KubS,09_Q,haYg,me75fM6ugJ,kIsH,uKAI,L84s,XfqtO3UdzaXh_,OFqmdNV,olyH,cJvF,FzaX,EPImS85,oslk,MI8s5nE,jySVZNlOJy,Qcbd,RAYp,55YFVY9
0,910,7,576,308,385,144,353.52,0,6711240,0,1.216407,9,40,0,3168040,0,170360.4,20,2,40,40,142707.2,1065,108,513,0,3235200,269266,160,0,18,139062,10531560,62,119196,0,0,HYTrjIK12c,RO12,taul,1K8T,TyGl,f_oVB9s,lL9c3pxXdL,8MF2,9_Y1,7WNq,VpdQ,zm5i,DHn_WUyBhW_whjA88g9bvA64_,kIsH,uKAI,L84s,CrNX,jawG8bG,VQD8,UYBR,FzaX,mpBS5vk,d0EEeJi,6r80nr5,LM8l689qOp,WqMG,nIGXDli,F2FyR07IdsN7I
0,2226,7,428,264,330,48,220.48,0,367500,0,0.3441572,9,56,14,32712,0,6154.8,85,0,112,32,-37138.84,1190,126,77472,0,364345,13042,2145,0,9,8162,734640,36,0,0,0,JMGq9at_88,RO12,taul,1K8T,lK27,gjtEWXn,8o3WlGR,EddR,9_Y1,KfYH,09_Q,6JmL,me75fM6ugJ,kIsH,g5HH,L84s,XfqtO3UdzaXh_,mAjKef6,D04_,cJvF,FzaX,JptRsCb,oslk,2wCqs0R,LM8l689qOp,me1d,RAYp,F2FyR07IdsN7I
0,2275,21,1048,1340,1675,992,288.72,0,4911504,0,6.425977,27,150,126,1471208,0,79544.09,45,96,328,280,183876,3800,174,4239,0,3478150,629504,825,0,27,395409,10429640,180,713598,0,0,bZk9tYsGvO,2Knk1KF,taul,1K8T,kwI9,kLfr1U6,ThrnFOQ,r8PL,9_Y1,YULl,09_Q,hAFG,me75fM6ugJ,kIsH,uKAI,Mtgm,XfqtO3UdzaXh_,XTbPUYD,oyio,UYBR,FzaX,4UxvdH_,oslk,0_8A9vx,LM8l689qOp,FSa2,RAYp,55YFVY9
0,1407,14,6224,160,200,16,367.2,0,7663260,0,2.466994,36,68,175,2773320,0,122628.9,20,0,32,80,246730.4,590,96,10476,0,2481245,188070,3245,0,9,0,10239000,16,0,0,0,E3dr4RQxul,RO12,taul,1K8T,PGNs,4e3JKO_,1kxx15H,itBV,9_Y1,z5Ry,VpdQ,IYzP,me75fM6ugJ,kIsH,uKAI,Mtgm,NhsEn4L,mAja5EA,su4O,UYBR,FzaX,IGMYlW4,oslk,IbpTE6Y,M_8D,FSa2,RAYp,F2FyR07IdsN7I
0,987,7,3188,384,480,224,273.6,0,666,0,2.635121,9,112,35,41040,9,5297.19,0,24,40,32,-1245896,1640,6,12789,40,315025,168248,6265,0,9,5327,653132,102,65478,0,14,4e7Wq69R_D,2Knk1KF,taul,1K8T,j1T2,creCyD5,jXIs0KG,btFX,9_Y1,0A_v,VpdQ,hAFG,me75fM6ugJ,kIsH,uKAI,Mtgm,XfqtO3UdzaXh_,11p4mKe,GDbw,cJvF,FzaX,Hlo8hdx,oslk,kYwEsaq,LM8l689qOp,PM2D,RAYp,55YFVY9
0,749,7,8,148,185,24,298.4,0,1889664,0,4.207435,9,30,21,3456000,0,168322.2,20,4,40,40,141172.4,620,24,927,0,7926450,14692,45,0,9,1575,10628080,38,2406,0,0,Foxt0Go8Lb,RO12,taul,1K8T,g6No,8RVBmIU,J3fgbi2,qPq_,9_Y1,rGJy,VpdQ,IYzP,me75fM6ugJ,kIsH,uKAI,L84s,NhsEn4L,cUQdHad,CHvz,UYBR,FzaX,HlomS85,oslk,MMuldxq,LM8l689qOp,Qu4f,RAYp,F2FyR07IdsN7I
0,2198,7,4332,280,350,48,166.56,0,0,0,1.030122,9,72,7,2612184,0,38361.6,0,12,48,136,36644.44,1025,0,6327,0,4058810,148136,215,0,18,1069432,5034480,82,277590,0,0,CEat0G8rTN,RO12,taul,1K8T,2Ix5,EQsMhNR,epjK8S4,2kDj,9_Y1,e7QV,sJzTlal,IYzP,me75fM6ugJ,kIsH,uKAI,L84s,NhsEn4L,mAjbk_S,54Ak,UYBR,FzaX,KVX8iqZ,oslk,3A8Rt2K,LM8l689qOp,fKCe,RAYp,F2FyR07IdsN7I
0,1540,7,1008,164,205,128,200,0,408810,0,1.308481,45,96,0,588344,0,30339.9,10,8,40,64,148924.4,745,30,10503,0,253775,142932,495,0,0,248388,1315876,12,381204,0,0,tr0Wq69cTy,RO12,taul,1K8T,ssAy,qPqr1U6,yLQAOyh7V8,1o8Y,9_Y1,Px52,09_Q,IYzP,DHn_WUyBhW_whjA88g9bvA64_,kIsH,uKAI,L84s,CrNX,kZJigPo,I04_,cJvF,FzaX,XMrP66q,d0EEeJi,KRcy2B0,LM8l689qOp,PM2D,02N6s8f,F2FyR07IdsN7I
0,1085,28,8360,228,285,160,437.68,25,6414480,0,0.5221107,45,108,133,1997024,3,177472.8,25,10,32,32,71990.8,725,90,30051,48,1428855,923578,9250,0,18,0,9879560,16,33162,0,0,a4v9tYsGvO,2Knk1KF,taul,1K8T,TyGl,lKN4RJE,zA2IZno2NK,2tQN,9_Y1,YULl,VpdQ,sYC_,me75fM6ugJ,kIsH,uKAI,L84s,NhsEn4L,beK4AFX,08mk,UYBR,FzaX,wxPYjZW,oslk,dXi2qo0,LM8l689qOp,FSa2,RAYp,55YFVY9
0,602,7,628,96,120,96,200,0,0,0,2.826746,9,56,77,166968,0,8828.13,0,2,32,56,-58963.6,300,0,52992,0,46510,90994,8285,0,9,0,334944,8,48396,0,0,m9SvyxLkBI,RO12,taul,1K8T,lK27,H9TCaks,_UtlxbJ,MtI_,9_Y1,vzJD,VpdQ,sYC_,me75fM6ugJ,kIsH,uKAI,L84s,NhsEn4L,kq0n8Bj,BCN7,UYBR,FzaX,rSN88FJ,oslk,hW4EVJ2,jySVZNlOJy,xb3V,RAYp,F2FyR07IdsN7I
0,952,0,0,148,185,72,241.28,0,4606830,0,1.989318,9,64,0,618000,0,175779.6,40,2,40,16,129075.2,565,60,5895,0,2092595,1359818,0,0,0,0,10625160,14,475206,0,0,lAFr4RQZiT,RO12,taul,1K8T,WkTj,PTPXtaU,YSdHMUWwcx,qLkx,9_Y1,z5Ry,VpdQ,IYzP,me75fM6ugJ,kIsH,uKAI,L84s,NhsEn4L,mAja5EA,ZWZt,UYBR,FzaX,NlJY_02,oslk,_p6zgmc,M_8D,FSa2,RAYp,F2FyR07IdsN7I
0,1085,7,32,152,190,8,969.76,0,3195864,0,5.37727,9,90,0,3139736,0,179580.3,20,2,32,40,96424,585,54,1593,0,6705600,7646,165,0,9,0,10377320,36,115620,0,0,eOQgUHShse,RO12,taul,1K8T,487l,X94uP03,nQUBcBcErl,Y_20,9_Y1,mTeA,VpdQ,IYzP,me75fM6ugJ,sBgB,uKAI,L84s,NhsEn4L,mAjbk_S,QkWE,UYBR,FzaX,YXh0FxM,oslk,s5vObSS,LM8l689qOp,FSa2,RAYp,F2FyR07IdsN7I
0,742,7,1488,68,85,40,200,0,47466,0,3.892331,9,96,42,38584,0,4221.18,0,6,48,40,-18111,270,18,3132,0,9570,14440,65,0,9,5481,110588,2,34674,0,0,639r4RK2Mx,RO12,taul,1K8T,4fje,iJzviRg,cd7z23N8rr,AUPk,9_Y1,DtNL,VpdQ,kxE9,7M47J5GA0pTYIFxg5uy,kIsH,uKAI,L84s,4kVnq_T26xq1p,kq0tcqd,BUau,UYBR,FzaX,ch2oGfM,zCkv,P6pu4Vl,LM8l689qOp,FSa2,ZI9m,R4y5gQQWY8OodqDV
0,1085,7,2412,336,420,120,166.56,0,1432842,0,6.248238,9,182,308,2641664,0,32091.9,10,6,80,120,317781.2,1195,24,119835,0,4582420,83876,18235,0,54,17311,6823360,90,19350,0,0,etYt0G8EIb,AERks4l,taul,1K8T,wOc1,fhk21Ss,q2tfFQq,xklo,9_Y1,e7QV,VpdQ,y6dw,7M47J5GA0pTYIFxg5uy,kIsH,uKAI,L84s,_5OXC8MSLt,11pMFCG,p2M1,UYBR,FzaX,4UxGlow,oslk,catzS2D,LM8l689qOp,fKCe,ZI9m,ib5G6X1eUxUn6
0,497,0,0,376,470,88,236.24,0,6034680,0,0.5904722,9,18,0,779536,0,50831.1,40,2,48,16,-27447.56,1355,96,0,0,1886020,450182,0,0,0,682094,9673320,112,475218,0,0,_v2rjIKQ76,RO12,taul,1K8T,lK27,BMnJ89M,IG_G867,a1rY,9_Y1,7WNq,VpdQ,IYzP,me75fM6ugJ,kIsH,uKAI,Mtgm,NhsEn4L,7WwuNea,vQVO,UYBR,FzaX,8d5YWu3,oslk,sXbT3Cb,LM8l689qOp,WqMG,RAYp,F2FyR07IdsN7I
0,546,7,92,136,170,24,220.08,0,9324000,0,3.795343,9,32,7,225160,0,212944.5,35,0,24,8,88760.4,540,120,44154,0,640990,391262,645,0,9,0,10043120,6,0,0,0,dRaq9ayE15,RO12,taul,1K8T,tzKK,zVsN52f,76jk_MXMyd,7wlo,9_Y1,kJJ7,VpdQ,zm5i,me75fM6ugJ,kIsH,uKAI,L84s,NhsEn4L,mAjbk_S,K4zF,cJvF,FzaX,kM3NN3u,oslk,_4goIp0,LM8l689qOp,7P5s,RAYp,F2FyR07IdsN7I
0,1092,21,2588,264,330,112,253.52,0,4287852,0,5.004913,36,146,28,2987672,0,146779.5,45,18,80,40,119410.4,945,120,14490,0,1892630,1272960,2235,0,36,267561,10516400,18,531894,0,0,qXhvyxLp3Z,AERks4l,taul,1K8T,ssAy,fhk21Ss,nQU2P_OLn0,PxAV,9_Y1,FbIm,VpdQ,haYg,7M47J5GA0pTYIFxg5uy,kIsH,uKAI,L84s,IZwBHOJhfS,OFqBvPq,y16E,cJvF,FzaX,4UxGlow,zCkv,catzS2D,M_8D,xb3V,ZI9m,ib5G6X1eUxUn6
0,840,7,4952,128,160,24,166.56,0,1754874,0,4.710959,18,108,70,0,0,115794.9,15,4,32,0,-877508,620,36,57771,0,3244010,227574,1170,0,9,0,5307040,36,74928,0,0,FoxgUHSK8h,2Knk1KF,taul,1K8T,YVv3,xRePyOH,q2tfFQq,bj2o,9_Y1,mTeA,VpdQ,sYC_,me75fM6ugJ,kIsH,uKAI,L84s,NhsEn4L,beK4AFX,sQQA,UYBR,FzaX,jE90Azj,oslk,QhgRt72,LM8l689qOp,FSa2,RAYp,55YFVY9
0,1246,7,60,208,260,64,166.56,0,3456,0,0.187994,9,34,7,1146896,0,40016.4,10,14,72,112,-783416,820,12,86481,0,3289315,289962,805,0,9,545405,4673200,38,752256,0,0,etYt0G8EIb,RO12,taul,1K8T,2Ix5,qEdASpP,NW71mrodGH,lBH5,9_Y1,k13i,VpdQ,IYzP,me75fM6ugJ,kIsH,uKAI,Mtgm,NhsEn4L,mAjbk_S,LiV4,UYBR,FzaX,0AJo2f2,oslk,2Kb5FSF,LM8l689qOp,fKCe,RAYp,F2FyR07IdsN7I
0,875,7,136,132,165,16,254.8,0,9331200,0,2.070498,9,70,119,1035536,0,109596.3,30,4,32,16,21009.84,505,108,88974,0,1296000,110898,3315,0,0,0,10109600,6,132576,0,0,Iskvyx875g,RO12,taul,1K8T,YVv3,eQgnKxT,II0S8f9,CJGI,9_Y1,MBhA,VpdQ,IYzP,me75fM6ugJ,kIsH,uKAI,L84s,NhsEn4L,mAjbk_S,Rosu,UYBR,FzaX,GpvRJ5l,oslk,i06ocsg,LM8l689qOp,WqMG,RAYp,F2FyR07IdsN7I
0,2219,28,5140,100,125,56,298.96,0,670404,0,6.855372,36,200,98,662416,0,72761.7,5,4,24,16,-796304,1045,24,7011,0,1707480,55322,620,0,9,0,2533464,18,259398,0,0,gOyvyx7ejg,ByQdnLRlFnny2k4AJzG,CiJDdr4TQ0rGERIS,1K8T,7wJ6,fhk21Ss,IG_G867,Ef1y,9_Y1,RcM7,VpdQ,haYg,7M47J5GA0pTYIFxg5uy,kIsH,uKAI,L84s,a3CcPDe,CWNLnTo,A1VJ,UYBR,qxDb,4UxGlow,QKW8DRm,catzS2D,LM8l689qOp,szEZ,ZI9m,NoEd
0,553,7,2396,192,240,80,345.92,5,634806,0,5.80517,9,30,35,1132080,3,30350.7,15,4,32,40,413176,755,12,37080,16,2910535,324748,10470,0,9,505680,4848400,52,150630,0,0,DHeq9ayfAo,RO12,taul,1K8T,PJLW,ka3eV8O,ThrHXVS,6byX,9_Y1,vm5R,09_Q,IYzP,DHn_WUyBhW_whjA88g9bvA64_,kIsH,uKAI,L84s,CrNX,mAjbq_f,3Eje,cJvF,FzaX,UvL_w6z,d0EEeJi,nuwugiB,LM8l689qOp,7P5s,nIGXDli,F2FyR07IdsN7I
0,1113,28,9384,168,210,40,200,0,9034320,0,6.665456,36,184,231,136096,0,129879,45,6,64,40,95380,650,108,63819,0,26615,524838,710,0,36,59563,10279200,4,84888,0,0,avkq9ayfAo,AERks4l,taul,1K8T,_8YK,fhk21Ss,SpV2KCiAKb,Ub0p,9_Y1,kJJ7,sJzTlal,haYg,7M47J5GA0pTYIFxg5uy,kIsH,uKAI,L84s,_5OXC8MSLt,teArcsH,cp38,UYBR,FzaX,4UxGlow,oslk,catzS2D,jySVZNlOJy,7P5s,ZI9m,ib5G6X1eUxUn6
0,980,14,3352,176,220,24,20.08,0,589710,9,2.288186,27,42,70,4912528,6,151491,15,2,40,64,198560.8,775,42,10755,24,8765750,355694,400,0,9,1209600,11111960,44,257838,0,0,H7er4Rdc_a,RO12,taul,1K8T,kNzO,ZRZs43J,76j2P_OLn0,jReB,9_Y1,em8I,VpdQ,Tkho,me75fM6ugJ,kIsH,g5HH,L84s,NhsEn4L,mAjk2hr,kIVy,cJvF,wwPEXoilkr,VA_mahk,oslk,sxHPIsU,LM8l689qOp,me1d,RAYp,F2FyR07IdsN7I
0,1778,7,560,528,660,320,133.12,5,0,0,6.140355,9,154,84,346376,0,7313.16,0,26,208,240,29474.16,1435,0,82764,8,182975,98642,4430,0,9,51828,553056,98,54306,0,0,1PnOj1KVEH,2Knk1KF,taul,1K8T,487l,lCphli9,msIFlLyI91,HAf7,9_Y1,ID5l,VpdQ,haYg,me75fM6ugJ,kIsH,uKAI,L84s,XfqtO3UdzaXh_,XTbPUYD,B4wp,UYBR,FzaX,MVOAHgk,oslk,gkfqCcD,LM8l689qOp,kwS7,RAYp,TCU50_Yjmm6GIBZ0lL_
0,532,14,248,124,155,144,166.56,0,0,0,2.389233,18,56,126,160096,0,7499.79,0,6,24,72,10024.44,395,0,16038,0,11530,47072,105,0,9,0,221304,2,56832,0,0,bZkvyxLkBI,RO12,taul,1K8T,JLbT,gLjbxgw,FoJylxy,8NgO,9_Y1,FbIm,09_Q,lVqb,me75fM6ugJ,kIsH,uKAI,L84s,XfqtO3UdzaXh_,XTb10lF,f1C8,UYBR,FzaX,qcEoI0_,oslk,fXLavGi,LM8l689qOp,xb3V,RAYp,F2FyR07IdsN7I
0,1092,7,4300,136,170,40,320.4,0,6406380,0,6.657125,18,46,294,797152,0,131574.3,20,8,32,16,248688.8,585,78,2007,0,1751515,864000,5035,0,0,0,10332280,12,1726782,0,0,KXMrEyXXnK,RO12,taul,1K8T,YFAj,ZTQvcTJ,9YuuPSz3BI,MOr6,9_Y1,SkZj,VpdQ,IYzP,me75fM6ugJ,kIsH,uKAI,Mtgm,NhsEn4L,kq0n8Bj,BVEE,cJvF,FzaX,9WBDQF4,oslk,OXJytFJ,M_8D,Aoh3,RAYp,F2FyR07IdsN7I
0,343,0,0,164,205,56,291.44,0,4791840,0,0.408887,9,20,0,1267232,0,162156.9,20,6,32,16,248012.4,700,72,0,0,3474600,743296,0,0,9,1108828,10227040,26,1425630,0,0,51rBcmz45j,RO12,taul,1K8T,0Xwj,xUTqnbN,bGUqwlz,i4tG,HLqf,KubS,VpdQ,wMei,me75fM6ugJ,sBgB,uKAI,L84s,NhsEn4L,uZL60aU,dZZm,cJvF,FzaX,LwGVino,oslk,xYH_Q4n,LM8l689qOp,Qcbd,RAYp,F2FyR07IdsN7I
0,1897,7,0,200,250,24,166.56,0,0,0,2.487503,9,74,0,87096,0,12077.97,0,12,56,88,-879648,1380,0,85410,0,248185,10426,115,0,9,40264,293628,60,46020,0,0,vAsgUHXM47,RO12,taul,1K8T,TyGl,9GJGgoz,DeKEQwAQQv,O_hI,9_Y1,LqKm,VpdQ,sYC_,Kxdu,kIsH,uKAI,L84s,FMSzZ91zL2,mAjn8d6,qXxi,cJvF,FzaX,Tvpip6Z,zCkv,hHJsvbM,LM8l689qOp,453m,6fzt,SbOd7O8ky1wGNxp0Arj0Xs
0,1638,7,20,416,520,208,220.08,0,652416,0,2.64153,18,66,0,1726992,0,39468.6,5,14,104,160,-357514.4,1565,96,774,0,1573825,561218,470,0,18,257544,3910668,68,337068,0,0,wRXmfo875g,RO12,taul,1K8T,487l,QMLgCVv,hOpRIhsUSP,jKCZ,9_Y1,7pVf,09_Q,sYC_,me75fM6ugJ,kIsH,uKAI,Mtgm,NhsEn4L,NGZ_CaA,LqRJ,UYBR,FzaX,6XEoI0_,oslk,bSgltRa,LM8l689qOp,wX53,RAYp,F2FyR07IdsN7I
0,91,0,0,112,140,32,220.08,0,2681508,0,3.60564,9,16,0,2764800,0,221160.3,5,4,32,32,-153185.6,285,36,0,0,4457190,691200,0,0,0,0,9155040,22,1036800,0,0,EsYq9aX0Db,RO12,taul,1K8T,0Xwj,esxkA1P,26yE7ccErl,wm3F,F3hy,Y9Bl,VpdQ,IYzP,me75fM6ugJ,kIsH,uKAI,L84s,NhsEn4L,kZJtVhC,nb_c,cJvF,FzaX,EPImS85,oslk,MI8s5nE,LM8l689qOp,uWr3,RAYp,F2FyR07IdsN7I
0,2184,35,8532,24,30,0,186.64,5,17127060,0,0.3093356,45,94,553,0,0,76425.3,0,2,0,0,55225.6,375,30,28719,8,0,0,2350,0,18,0,11425320,0,10878,0,0,C2Dvyx875g,RO12,taul,1K8T,pGTb,aKBg0iR,CbcWkL1DRg48F,oYuU,9_Y1,MBhA,09_Q,sYC_,me75fM6ugJ,kIsH,uKAI,L84s,NhsEn4L,beK4AFX,5smi,UYBR,FzaX,8GKOjel,oslk,APUE4Qn,LM8l689qOp,WqMG,RAYp,F2FyR07IdsN7I
0,231,0,0,124,155,72,246.08,0,74226,0,3.988891,9,20,0,2764800,0,214421.7,0,8,32,32,129512,490,6,0,0,5616000,1555204,0,0,9,0,10404880,26,2054664,0,0,KXMgUH7IEC,RO12,taul,1K8T,vSNn,fmOyUEl,Gai9lEF2Fr,zQEn,9_Y1,1Bp0,sJzTlal,zm5i,me75fM6ugJ,kIsH,uKAI,L84s,NhsEn4L,kq0ncmx,mO3f,UYBR,FzaX,OTgR27Z,oslk,GeDuF_T,LM8l689qOp,WqMG,RAYp,F2FyR07IdsN7I
0,4305,7,476,264,330,168,282.32,5,27798,0,4.526383,27,48,28,78960,12,27184.74,0,4,16,72,-926188,3395,30,65142,40,469710,32430,500,0,9,1050,500204,58,2346,0,0,1KSr4RK2Mx,RO12,taul,1K8T,PGNs,X94uP03,I1sqWRxUAv,oQ0L,9_Y1,DtNL,09_Q,haYg,me75fM6ugJ,kIsH,uKAI,L84s,XfqtO3UdzaXh_,XTbPUYD,nM47,UYBR,FzaX,YXh0FxM,oslk,s5vObSS,LM8l689qOp,FSa2,RAYp,F2FyR07IdsN7I
0,3780,28,1092,292,365,304,200,0,2574,0,6.944456,36,84,63,283064,0,5898.75,0,24,128,144,-232505.6,1200,6,25209,0,70245,182336,7500,0,27,145313,699720,8,203406,0,0,dukmfo8zhV,RO12,taul,1K8T,AKN1,cwyCreM,9g4oaYjoL0,y7Xz,9_Y1,wGwL,VpdQ,lVqb,me75fM6ugJ,kIsH,uKAI,L84s,XfqtO3UdzaXh_,11p4mKe,qRSA,cJvF,FzaX,stpDZvv,oslk,1bwwFs9,jySVZNlOJy,wX53,RAYp,F2FyR07IdsN7I
0,231,0,0,172,215,56,233.92,0,7142880,0,4.032899,18,22,0,1254080,0,158068.8,15,6,40,40,249820,560,72,0,0,5102750,48700,0,0,18,1357104,10578920,26,1071306,0,0,LDPq9ayfAo,RO12,taul,1K8T,z32l,8ij6Lg8,LH0BJkjM1L,A0mG,9_Y1,kJJ7,09_Q,IYzP,me75fM6ugJ,kIsH,uKAI,Mtgm,NhsEn4L,7Wwz9n7,He4R,UYBR,FzaX,7OmVzos,oslk,76DJixu,LM8l689qOp,7P5s,RAYp,F2FyR07IdsN7I
0,161,0,0,36,45,32,43.52,5,240564,0,0.4306772,9,20,0,0,0,269002.8,10,0,0,0,-116370,270,6,0,8,3384590,1093186,0,0,9,0,9892840,4,0,0,0,E3dr4RQxul,RO12,taul,1K8T,JLbT,_ybO0dd,n1zVHpT8NN,itBV,9_Y1,z5Ry,sJzTlal,zm5i,me75fM6ugJ,kIsH,uKAI,Mtgm,NhsEn4L,7Wwz9n7,su4O,UYBR,FzaX,L91KIiz,oslk,CE7uk3u,LM8l689qOp,FSa2,RAYp,F2FyR07IdsN7I
0,105,0,0,140,175,24,253.52,0,10368060,0,3.242683,9,16,0,119528,0,200626.5,40,0,32,8,160818.4,365,120,0,0,992530,144250,0,0,0,0,10819160,6,0,0,0,6m0t0G8rTN,RO12,taul,1K8T,TyGl,7kAl2XU,L6vYzHSqr2,X9BD,9_Y1,e7QV,VpdQ,IYzP,me75fM6ugJ,kIsH,uKAI,L84s,NhsEn4L,7Ww66JZ,8uxy,cJvF,FzaX,7CPRCiV,oslk,CTlKvPi,LM8l689qOp,fKCe,RAYp,F2FyR07IdsN7I
0,945,0,0,116,145,136,266.88,0,0,0,5.762444,9,30,0,2301152,0,40144.8,0,4,32,56,-170607.2,405,0,0,0,514610,459358,0,0,0,1169917,2754612,6,410448,0,0,v0Nt0Go8Lb,RO12,taul,1K8T,lK27,fbD9_Ds,xunBDW1,qHmE,9_Y1,7JiV,VpdQ,IYzP,DHn_WUyBhW_whjA88g9bvA64_,kIsH,uKAI,L84s,CrNX,y5FOAoI,j32N,cJvF,FzaX,CFUkPS6,d0EEeJi,c1XEZJe,LM8l689qOp,453m,nIGXDli,F2FyR07IdsN7I
0,2338,7,0,340,425,96,186.64,0,69486,0,1.363384,9,174,0,91864,0,2074.185,40,22,112,96,6109.72,1140,138,261,0,32995,21574,205,0,27,6671,197080,38,28932,0,0,51rt0G8rTN,2Knk1KF,I9xt3GMcxUnBZ,1K8T,lK27,4rXn9NE,V_KvNzO,jdlp,9_Y1,e7QV,VpdQ,y6dw,me75fM6ugJ,kIsH,uKAI,L84s,_5OXC8MSLt,XTbj5PX,zSF6,cJvF,FzaX,dqL8hdx,oslk,MnYAKIt,LM8l689qOp,fKCe,RAYp,TCU50_Yjmm6GIBZ0lL_
0,3227,7,0,480,600,112,220.08,0,5295990,0,5.493698,9,42,0,2138240,0,52672.5,45,6,56,48,-44866,1040,354,61956,0,2576075,977108,635,0,9,1363684,10582880,58,1168872,0,0,2jirEyXktW,RO12,taul,1K8T,TyGl,fqedTJr,pCsFbvQJcF,ndT0,9_Y1,H1uM,09_Q,zm5i,me75fM6ugJ,kIsH,uKAI,L84s,NhsEn4L,kZJtVhC,2lkY,UYBR,FzaX,fxJ68SY,oslk,SyxQQMs,M_8D,Aoh3,RAYp,F2FyR07IdsN7I
0,567,0,0,136,170,56,186.64,0,2073600,0,6.95001,9,28,0,2764800,0,212679.9,15,8,40,32,244509.6,505,24,0,0,4050015,1209600,0,0,18,1209600,10357880,24,1844880,0,0,bZk9tYsGvO,RO12,taul,1K8T,487l,31DqtNX,BBhiudN5VdgIL,zvti,9_Y1,YULl,VpdQ,IYzP,me75fM6ugJ,kIsH,uKAI,Mtgm,NhsEn4L,7WwX8Ya,E9NI,UYBR,FzaX,dMzYH7D,oslk,_wyAgOW,LM8l689qOp,FSa2,RAYp,F2FyR07IdsN7I
0,1211,7,1392,144,180,144,166.56,0,162720,0,6.077975,18,78,35,476216,0,15041.07,0,4,24,56,-67517.2,460,30,5796,0,74520,181782,185,0,0,23086,928548,8,238170,0,0,Yn7t0Go8Lb,e6CkoqApVR,taul,1K8T,0Xwj,PHNvXy8,y2LuFUfSEo,pOba,HLqf,rGJy,VpdQ,IYzP,NKv3VA1BpP,sBgB,uKAI,L84s,I6KzrtUCei,y5Fn3nQ,U1Do,UYBR,FzaX,UF16siJ,zCkv,APgdzOv,LM8l689qOp,Qu4f,6fzt,xwM2aC7IdeMC0
0,1344,7,796,148,185,24,301.6,0,3808338,0,3.141423,18,44,0,3168184,0,116254.8,10,4,40,40,-82899.2,490,60,441,0,5624400,374206,450,0,18,662032,10382880,30,567486,0,0,75lr4RXktW,RO12,taul,1K8T,487l,a6hhurh,LWyxgtXeJL,oAnL,9_Y1,jakt,VpdQ,IYzP,me75fM6ugJ,kIsH,uKAI,Mtgm,NhsEn4L,mAjbk_S,VNIv,UYBR,FzaX,WPfKVq0,oslk,XQvdByr,LM8l689qOp,7FJQ,RAYp,F2FyR07IdsN7I
0,1988,0,4,104,130,32,20.08,0,1510734,0,3.20893,9,64,0,2073600,9,76438.2,5,2,16,24,-1094788,2160,42,31464,40,3821940,108808,0,0,0,604800,5582480,20,333660,0,14,64nWq69R_D,RO12,taul,1K8T,TyGl,60OrkF8,PAsv0xf,eKTQ,9_Y1,Px52,sJzTlal,IYzP,me75fM6ugJ,sBgB,uKAI,Mtgm,NhsEn4L,mAja5EA,JEC4,UYBR,AU8_WTd,nQmuhvP,oslk,un2j7qz,jySVZNlOJy,PM2D,RAYp,F2FyR07IdsN7I
0,1274,21,11716,160,200,32,233.44,0,537978,0,0.901944,36,206,364,5240280,0,133570.8,10,0,40,72,86901.2,650,24,52767,0,8541750,113882,11405,0,27,2418094,10353920,42,0,0,0,Iskvyx875g,_7J0OGNN8s6gFzbM,ev6I,z3mO,TyGl,fhk21Ss,V6XUlxabJ4VaD,CJGI,9_Y1,MBhA,VpdQ,haYg,7M47J5GA0pTYIFxg5uy,kIsH,uKAI,L84s,hFuvTXnQzBljb,y5FS9RD,Rosu,UYBR,FzaX,4UxGlow,zCkv,catzS2D,jySVZNlOJy,WqMG,ZI9m,ZeaF
0,1491,28,3628,136,170,32,220.08,0,6513060,0,3.883358,36,194,1057,754856,0,144444.6,30,6,40,32,-9401.44,515,78,151866,0,1318590,691200,5320,0,36,0,9696040,8,1063362,0,0,euOBcmz45j,AERks4l,taul,1K8T,0Xwj,fhk21Ss,lGXpFd_2Rf,VyZ6,HLqf,WGOH,VpdQ,y6dw,7M47J5GA0pTYIFxg5uy,sBgB,uKAI,L84s,4kVnq_T26xq1p,11pL0mp,Er4s,cJvF,FzaX,4UxGlow,zCkv,catzS2D,LM8l689qOp,Qcbd,ZI9m,ib5G6X1eUxUn6
0,2114,14,8140,220,275,24,220.08,0,3868650,0,4.296518,27,218,189,818272,0,77071.2,15,0,16,48,-234787.2,2775,240,20655,0,792745,851368,900,0,63,418775,7952800,6,0,0,0,V8lBcmz45j,2Knk1KF,CiJDdr4TQ0rGERIS,1K8T,487l,fhk21Ss,r83_sZi,2oRB,9_Y1,EwzD,VpdQ,y6dw,7M47J5GA0pTYIFxg5uy,kIsH,uKAI,L84s,62ZfA6x0SiWOX,7N74Q2u,IXW8,cJvF,OFWH,4UxGlow,JIiEFBU,catzS2D,M_8D,Qcbd,ZI9m,r_7E
0,819,7,0,40,50,16,186.64,0,3627978,0,2.682974,9,58,0,523400,0,201025.5,5,2,16,8,-134255.6,405,12,3618,0,4850130,673920,295,0,9,203273,9420720,6,174234,0,0,a4v9tYsGvO,RO12,taul,1K8T,pJUk,3d67Duj,lGXpFd_2Rf,GUtV,9_Y1,YULl,09_Q,IYzP,me75fM6ugJ,kIsH,uKAI,L84s,NhsEn4L,mAja5EA,qvFk,UYBR,FzaX,6b1YH7D,oslk,tEkRt2K,LM8l689qOp,FSa2,RAYp,F2FyR07IdsN7I
0,189,0,0,132,165,32,266.4,0,6222540,0,5.224097,9,18,0,2764800,0,203168.7,20,0,32,32,106963.2,570,78,0,0,3043275,625208,0,0,0,0,10598200,16,0,0,0,DOvq9ayfAo,RO12,taul,1K8T,TyGl,2a37BoT,QMx9sNd,fUt8,9_Y1,vm5R,09_Q,IYzP,me75fM6ugJ,kIsH,uKAI,Mtgm,NhsEn4L,7Ww61kb,DRjN,UYBR,FzaX,Zcz6V3V,oslk,MmHzF_Q,LM8l689qOp,7P5s,RAYp,F2FyR07IdsN7I
0,3059,7,496,276,345,224,166.56,0,0,0,5.302073,27,104,21,485440,0,17346.03,0,14,104,120,-102260,1265,0,4689,0,352055,457900,215,0,0,145201,1764720,38,486834,0,0,a4vvyxLkBI,RO12,taul,1K8T,Fq5T,f_onF0C,e1XhvTunuD,Jh2k,9_Y1,_r21,VpdQ,sYC_,me75fM6ugJ,kIsH,uKAI,L84s,NhsEn4L,kq05rcx,v6ov,cJvF,FzaX,8_rYWu3,oslk,rT1Esaq,jySVZNlOJy,xb3V,RAYp,F2FyR07IdsN7I
0,217,7,468,116,145,144,133.12,0,0,0,5.724205,9,138,21,18008,0,4973.82,15,6,48,16,18862.16,375,0,201771,0,18255,67176,690,0,9,0,172524,6,12246,0,0,oUPBcmzkzH,g62hiBSaKg,taul,1K8T,487l,fhk21Ss,k10MzgT,OIrG,9_Y1,WGOH,VpdQ,haYg,7M47J5GA0pTYIFxg5uy,kIsH,uKAI,L84s,9fipLB8rlL,_JdRpOD,uVrs,UYBR,FzaX,4UxGlow,zCkv,catzS2D,jySVZNlOJy,Qcbd,ZI9m,ib5G6X1eUxUn6
0,1442,7,792,172,215,64,286.96,0,5789556,0,2.024354,9,56,168,2550296,0,138998.4,10,18,88,48,94877.2,905,78,92817,0,1980105,1109132,635,0,18,1309861,10533160,10,1443474,0,0,DHeq9ayfAo,RO12,taul,1K8T,z32l,6SycSKu,CsjH_hi,thsq,9_Y1,QBpP,VpdQ,hAFG,me75fM6ugJ,kIsH,uKAI,L84s,XfqtO3UdzaXh_,11p4mKe,5xPr,cJvF,FzaX,vz9fSEp,oslk,CW6RDbC,jySVZNlOJy,7P5s,RAYp,F2FyR07IdsN7I
0,2289,14,2476,252,315,32,233.44,0,5518530,0,3.285409,36,178,427,1240800,0,58018.5,40,6,64,96,164938.4,1260,84,11124,0,2922475,274592,385,0,18,51058,9528560,44,501948,0,0,vAsTmBfHUn,qqimvRzsp8ZZdKRPgzLg68joSn_k,taul,1K8T,OY2L,fhk21Ss,FoJylxy,L_h0,9_Y1,4N0K,VpdQ,hAFG,7M47J5GA0pTYIFxg5uy,kIsH,uKAI,L84s,XfqtO3UdzaXh_,_JdH8mF,j_dB,cJvF,FzaX,4UxGlow,oslk,catzS2D,LM8l689qOp,Qu4f,ZI9m,iyHGyLCEkQ
0,469,7,268,80,100,8,166.56,0,13398,0,1.8417,9,58,63,18232,0,2269.257,0,2,16,16,-98.7144,225,18,432,0,59715,108,105,0,0,2310,70920,26,7326,0,0,avkq9ayfAo,AERks4l,taul,1K8T,tzKK,ckdwwSn,9HOPNsJ,6byX,9_Y1,vm5R,09_Q,IYzP,DHn_WUyBhW_whjA88g9bvA64_,kIsH,uKAI,L84s,JBfYVit4g8,NGZTVtA,Oo7i,cJvF,FzaX,vtC_DXg,Al6ZaUT,hElVI8l,LM8l689qOp,7P5s,02N6s8f,xwM2aC7IdeMC0
0,1491,7,236,248,310,200,166.56,0,14928,0,4.777611,18,50,119,239432,0,42647.7,15,18,144,152,-1353608,655,18,5706,0,21785,139452,3985,0,0,55846,1095144,6,92316,0,0,oUPBcmzkzH,RO12,taul,1K8T,tXti,SHXXmCB,II0S8f9,kFm4,9_Y1,WGOH,VpdQ,IYzP,DHn_WUyBhW_whjA88g9bvA64_,kIsH,uKAI,Mtgm,CrNX,NGZ_12K,Ff5M,cJvF,FzaX,7GEtXTf,d0EEeJi,6K95Jj9,LM8l689qOp,Qcbd,nIGXDli,F2FyR07IdsN7I
0,4564,7,1000,1148,1435,88,220.08,0,3727098,0,3.728691,9,60,70,1893112,0,41652.6,300,176,416,376,150200,5920,156,7029,0,2707375,1350490,230,0,0,127764,10248160,110,2381286,0,0,V8lBcmz45j,JXVE,taul,1K8T,uErj,gmq88LT,NYIYBGy_wwl_HL2B,Xmim,9_Y1,yrDU,09_Q,IYzP,me75fM6ugJ,kIsH,uKAI,L84s,NhsEn4L,mAjbk_S,ozF7,cJvF,FzaX,gbo1rOn,oslk,Pml6FsY,LM8l689qOp,Qcbd,RAYp,F2FcTt7IdMT_v
0,728,7,520,140,175,24,220.08,0,5878338,0,1.791925,9,32,217,101976,0,176876.4,40,4,72,24,-237048,565,72,45486,0,1760070,111186,135,0,9,92743,8386080,14,182550,0,0,qXhrEy7VR2,RO12,taul,1K8T,KJW5,M0FFFda,X25aUoGe_XBYo,B41I,9_Y1,X8zP,09_Q,IYzP,me75fM6ugJ,kIsH,uKAI,L84s,NhsEn4L,kZJtVhC,khMo,cJvF,FzaX,Zno88FJ,oslk,nyX2C8o,jySVZNlOJy,Aoh3,RAYp,F2FyR07IdsN7I
0,3024,7,88,584,730,400,166.56,0,377952,0,4.211707,9,60,0,350136,0,24450.66,30,24,256,136,-250620.4,1680,120,5427,0,621935,303258,125,0,0,136850,1680704,82,204642,0,0,P1WvyxLp3Z,RO12,taul,1K8T,ssAy,8Nsn57c,r83_sZi,IhWw,9_Y1,vzJD,VpdQ,IYzP,me75fM6ugJ,kIsH,uKAI,L84s,NhsEn4L,mAjbk_S,ZYNK,UYBR,FzaX,07m8iqZ,oslk,VjJAgOW,LM8l689qOp,xb3V,RAYp,F2FyR07IdsN7I
0,1862,21,5548,200,250,176,200,0,0,0,5.33903,45,122,406,1636168,0,34835.7,0,8,64,104,-74342.8,665,0,59373,0,933245,558792,1120,0,9,706230,3074032,22,587652,0,0,Yn7t0Go8Lb,2Knk1KF,taul,1K8T,7gSz,PccnqNs,RpS5J9aIVf,lT2l,9_Y1,Z5OU,VpdQ,hAFG,me75fM6ugJ,kIsH,uKAI,L84s,XfqtO3UdzaXh_,11p4mKe,cFnI,UYBR,FzaX,aoBA1m8,oslk,6iNOEra,LM8l689qOp,Qu4f,RAYp,55YFVY9
0,1064,7,600,152,190,24,321.04,10,9634980,0,0.2636189,9,128,21,475008,0,201184.2,40,0,32,16,79917.6,565,120,31860,16,411970,518400,1515,0,9,0,10701440,10,0,0,0,1GdOj17ejg,2Knk1KF,taul,1K8T,aD1X,wntAfi7,VxuxiGP8uO,18f6,9_Y1,zfpA,VpdQ,lVqb,me75fM6ugJ,sBgB,7A3j,L84s,XfqtO3UdzaXh_,11pm6dL,qUbj,cJvF,qxDb,tHIoGGc,oslk,J7y5Ui8,M_8D,7aLG,RAYp,55YFVY9
0,364,0,0,160,200,56,253.52,0,3810960,0,3.230934,9,22,0,3343856,0,210906,15,2,64,72,239929.6,485,54,0,0,3766925,950520,0,0,9,44527,10275560,22,475212,0,0,HAoOj1KXzC,e6CkoqApVR,taul,1K8T,ZNsX,AIO9x15,qj0efbgZb2VDpkoH,SXkR,9_Y1,vYXv,09_Q,zm5i,Kxdu,kIsH,uKAI,L84s,9pUnzWLbztKTo,kq0yLAK,pnvi,cJvF,AU8pNoi,iokiSQE,zCkv,hYsWQhn,LM8l689qOp,kwS7,6fzt,F2FcTt7IdMT_v
0,910,7,512,148,185,16,253.52,0,5706414,0,1.704123,18,38,14,1267288,0,189699.3,35,6,48,16,128095.6,575,72,423,0,3545610,316820,290,0,9,688282,10594160,22,702540,0,0,tr0rEyXktW,RO12,taul,1K8T,YFAj,Gbz7P96,Hz673939hbJdw,rAZq,9_Y1,SkZj,VpdQ,zm5i,me75fM6ugJ,sBgB,uKAI,L84s,NhsEn4L,mAjbk_S,LU4T,cJvF,FzaX,aL0TUAd,oslk,vVLXJAQ,LM8l689qOp,Aoh3,RAYp,F2FyR07IdsN7I
0,833,7,40,148,185,24,286.96,0,6470100,0,4.96411,9,38,0,2977560,0,212343,20,10,56,40,115093.6,550,78,42624,0,2673420,505852,740,0,18,335636,10477240,14,664320,0,0,1qmr4RQxul,RO12,taul,1K8T,ssAy,_ybO0dd,nQUq7hGe64,TPea,9_Y1,z5Ry,09_Q,IYzP,me75fM6ugJ,kIsH,uKAI,L84s,NhsEn4L,NGZXfGp,Z0Bf,UYBR,FzaX,L91KIiz,oslk,CE7uk3u,LM8l689qOp,FSa2,RAYp,F2FyR07IdsN7I
0,1211,7,2856,292,365,184,166.56,0,0,0,5.06473,18,146,609,625624,0,11056.29,0,18,56,104,105823.6,875,0,1728,0,681610,285516,860,0,18,325997,1833756,56,606936,0,0,py5rEyXktW,2Knk1KF,taul,1K8T,LLPZ,LKy47iP,r83_sZi,HKNH,9_Y1,VwCR,VpdQ,kxE9,me75fM6ugJ,kIsH,uKAI,L84s,XfqtO3UdzaXh_,11p4mKe,BH8d,cJvF,FzaX,ZLrmfvd,oslk,khtiNPX,jySVZNlOJy,Aoh3,RAYp,55YFVY9
0,1211,0,0,828,1035,400,200,10,284664,0,6.111301,9,18,0,930152,0,5264.43,50,26,208,200,281718,2895,210,0,16,758645,252638,0,0,0,149247,2001824,148,293196,0,0,DHerjIKQ76,RO12,taul,1K8T,pGTb,Z4Gl7sm,ZkibjLN5VdYQ7,jKPY,9_Y1,7WNq,VpdQ,IYzP,DHn_WUyBhW_whjA88g9bvA64_,kIsH,uKAI,Mtgm,PWD40mS,y5FXE8F,AVM6,UYBR,FzaX,IJRnwPS,Al6ZaUT,p_xIJIM,LM8l689qOp,WqMG,02N6s8f,F2FyR07IdsN7I
0,455,7,444,48,60,32,133.12,0,660,0,5.440077,9,96,0,44232,0,5407.77,0,2,24,48,-41954.4,130,6,26514,0,0,14764,5,0,9,0,56284,0,6300,0,0,eOQgUHShse,RO12,taul,1K8T,0Xwj,B88Jj6r,8xqsKsAwUv,85IW,F3hy,RVjC,09_Q,haYg,me75fM6ugJ,kIsH,uKAI,L84s,XfqtO3UdzaXh_,11p4mKe,ETNp,UYBR,FzaX,Bxfv48t,oslk,yVBQv5o,LM8l689qOp,FSa2,RAYp,F2FyR07IdsN7I
0,896,7,108,144,180,56,272.56,0,4361664,0,0.9871823,9,78,7,1600048,0,177859.2,25,2,32,24,354428.8,500,60,549,0,3240245,1108814,175,0,27,0,10417240,20,475206,0,0,AUUt0GoOh3,RO12,taul,1K8T,7gSz,LzuViyY,CdPgMY1Z52,s8Z0,9_Y1,C7DI,VpdQ,haYg,DHn_WUyBhW_whjA88g9bvA64_,kIsH,uKAI,L84s,CrNX,AuSDRR8,_Cls,cJvF,FzaX,Nh__mKJ,d0EEeJi,Q4JAZJe,LM8l689qOp,Qu4f,nIGXDli,F2FyR07IdsN7I
0,511,0,0,544,680,312,166.56,0,250788,0,0.2766503,9,16,0,1240416,0,16196.28,45,36,152,112,-99042.4,1055,96,0,0,979840,573478,0,0,0,478352,3135284,80,464562,0,0,m9SvyxLkBI,RO12,taul,1K8T,ssAy,jF6Moat,CdPgMY1Z52,ChRG,9_Y1,vzJD,VpdQ,IYzP,me75fM6ugJ,kIsH,uKAI,L84s,NhsEn4L,mAja5EA,TcjF,UYBR,FzaX,LwG8XLE,oslk,_XSRDbC,LM8l689qOp,xb3V,RAYp,F2FyR07IdsN7I
0,3213,7,252,52,65,0,186.64,0,8237640,0,2.610767,18,88,0,136048,0,63711.6,5,0,8,8,329214.8,395,30,10017,0,5650250,0,255,0,18,0,10371840,12,0,0,0,qXhPe2ftjz,RO12,taul,1K8T,JLbT,uqsysxi,9HOPNsJ,pzvA,9_Y1,mTeA,09_Q,sYC_,me75fM6ugJ,kIsH,uKAI,L84s,NhsEn4L,kq0aHkC,upnW,UYBR,FzaX,bhM8mx2,oslk,E3j9lNX,LM8l689qOp,FSa2,RAYp,F2FyR07IdsN7I
0,2303,14,624,292,365,104,253.52,10,5091138,0,6.601581,18,112,35,4272136,0,73606.5,5,6,8,40,124988.8,975,48,42939,16,1850895,132470,870,0,27,1101751,9642160,86,3197520,0,0,xOXTmBtFkL,2Knk1KF,taul,1K8T,4fje,MPSM0nx,C_uQoStwYE,lSLu,9_Y1,47ra,09_Q,hAFG,me75fM6ugJ,kIsH,uKAI,Mtgm,XfqtO3UdzaXh_,XTbPUYD,MVAJ,cJvF,FzaX,UDVAAox,oslk,uOV2fT4,LM8l689qOp,rgKb,RAYp,55YFVY9
0,1316,0,88,180,225,56,166.56,0,6733380,0,1.820551,18,132,14,1524912,9,99644.41,30,2,40,32,181230,755,120,97209,40,2728425,461824,0,0,9,0,10637000,14,308418,0,14,py5gUH7ejg,2Knk1KF,taul,1K8T,pw40,wXmANjt,WICZqsx,jyqZ,9_Y1,bJXB,VpdQ,6JmL,me75fM6ugJ,kIsH,uKAI,L84s,XfqtO3UdzaXh_,XTbPUYD,yiE0Ssq,cJvF,FzaX,ClzmFX7,oslk,PCW5Ui8,jySVZNlOJy,w_Ub,RAYp,55YFVY9
0,1190,7,60,172,215,152,320.16,0,0,0,3.760735,27,154,7,1415072,12,77352.3,5,8,32,64,-489016,645,0,62820,48,1202585,1594666,40,0,18,754054,5616240,22,617532,0,14,a4v9tYsGvO,2Knk1KF,taul,1K8T,TyGl,XX3cFZv,lGXpFd_2Rf,uGJd,9_Y1,YULl,09_Q,haYg,me75fM6ugJ,kIsH,uKAI,Mtgm,XfqtO3UdzaXh_,XTbPUYD,Ri0b,UYBR,FzaX,FMZYH7D,oslk,MHP7DIf,LM8l689qOp,FSa2,RAYp,TCU50_Yjmm6GIBZ0lL_
0,637,7,4020,148,185,104,143.12,0,1844394,0,4.868404,9,120,847,1382400,0,30140.1,0,8,24,16,-338158,895,24,32805,0,1566405,2246440,6870,0,18,0,9049200,28,2073600,0,0,KXMgUH7IEC,rEUOq2QD1qfkRr6qpua,taul,1K8T,TyGl,fhk21Ss,76j2P_OLn0,0kg1,9_Y1,1Bp0,VpdQ,haYg,7M47J5GA0pTYIFxg5uy,kIsH,uKAI,L84s,4ylQpLr46xum2hHQ,7Wwo8pg,v3jB,cJvF,FzaX,4UxGlow,z4pH,catzS2D,LM8l689qOp,WqMG,ZI9m,ib5G6X1eUxUn6
0,147,7,3312,188,235,0,257.28,0,261618,0,6.043794,9,96,0,0,0,3542.97,0,0,0,0,-10922.56,650,162,65439,0,121895,0,365,0,9,0,271928,40,0,0,0,9rAq9at_88,RO12,taul,1K8T,sbZD,SkIJ4lp,nD7Tc3CbD1,GGnX,9_Y1,KfYH,VpdQ,kxE9,me75fM6ugJ,kIsH,g5HH,L84s,XfqtO3UdzaXh_,11p4mKe,4cib,cJvF,FzaX,wIf0IU9,oslk,atnQv5o,LM8l689qOp,me1d,RAYp,F2FyR07IdsN7I
0,1358,7,900,268,335,96,166.56,0,549540,0,4.107455,27,90,35,1753520,3,69783.3,0,8,72,112,335394.4,680,30,27972,16,4164245,183458,1535,0,0,364903,5197000,64,383352,0,7,DHegUHXZeb,RO12,taul,1K8T,0Xwj,9GJGgoz,UFIdC8I,g_hI,F3hy,LqKm,VpdQ,sYC_,Kxdu,kIsH,uKAI,L84s,FMSzZ91zL2,kq04MS5,Hfjb,cJvF,FzaX,Tvpip6Z,zCkv,hHJsvbM,jySVZNlOJy,453m,6fzt,SbOd7O8ky1wGNxp0Arj0Xs
0,6132,7,2212,1700,2125,504,220.08,0,4541280,0,6.219184,9,106,266,2411592,0,19260.6,260,66,520,488,210589.6,3595,672,32373,0,4111355,528762,200,0,18,435204,10548120,208,801210,0,0,V8lt0G8rTN,2Knk1KF,taul,1K8T,wOc1,q9gARMl,LH0kFz12FM,KBdR,9_Y1,k13i,09_Q,hzlB,me75fM6ugJ,kIsH,uKAI,L84s,XfqtO3UdzaXh_,XTbPUYD,MmXb,UYBR,FzaX,zQ_4jrS,oslk,3L2y2B0,LM8l689qOp,fKCe,RAYp,55YFVY9
0,959,7,308,156,195,32,289.12,0,6802920,0,0.1568041,18,34,224,1022448,3,126243,20,4,24,16,115885.2,595,90,1890,8,2594585,544076,730,0,9,0,10059120,24,1036800,0,0,9hRmfo875g,RO12,taul,1K8T,LloI,1ucchDb,n1zVHpT8NN,1RFo,9_Y1,Ew1Q,09_Q,zm5i,me75fM6ugJ,kIsH,uKAI,L84s,NhsEn4L,kZJyVg2,I6L1,cJvF,FzaX,LWnfSEp,oslk,CqZz20V,LM8l689qOp,wX53,RAYp,F2FyR07IdsN7I
0,525,0,0,164,205,64,220.08,0,6061080,0,1.401196,9,28,0,1107560,0,209926.8,20,6,40,16,203275.2,550,90,0,0,2371280,787452,0,0,18,620452,10075680,18,1050216,0,0,npOt0G8EIb,RO12,taul,1K8T,0Xwj,5EpXqGp,LH0BJkjM1L,dLuJ,HLqf,k13i,09_Q,IYzP,me75fM6ugJ,sBgB,uKAI,L84s,NhsEn4L,mAja5EA,jjhg,UYBR,FzaX,OTgQ8OA,oslk,Vo68gbh,LM8l689qOp,fKCe,RAYp,F2FyR07IdsN7I
0,1897,7,0,124,155,24,265.76,0,8091000,0,6.045717,9,56,0,1656472,0,16033.62,10,4,32,24,156748,895,72,495,0,3264390,370930,460,0,9,554407,10842840,18,950412,0,0,1fZWq6e2Rv,AERks4l,taul,1K8T,JLbT,LUVno_n,LJF4fPp,pjVo,9_Y1,_xpN,VpdQ,IYzP,GjJ35utlTa_GNSvxxpb9ju,kIsH,uKAI,Mtgm,JBfYVit4g8,NGZTVtA,vnrw,UYBR,FzaX,9Z9r1Q8,Al6ZaUT,GDJGkwT,LM8l689qOp,FSa2,02N6s8f,xwM2aC7IdeMC0
0,763,7,208,36,45,0,400.64,0,6386760,0,0.2050844,9,86,0,4838400,0,103188.9,0,0,0,8,414124,365,30,504,0,4169005,0,650,0,18,0,10012240,6,0,0,0,AhzOj17IEC,eSGpMwS8zSGgq_trOpckZ5,taul,1K8T,7M9D,prohIvr,V6XUlxabJ4VaD,eoAl,9_Y1,zfpA,VpdQ,hAFG,GjJ35utlTa_GNSvxxpb9ju,kIsH,uKAI,L84s,UbxQ8lZ,ORMRote,gasq,cJvF,FzaX,Z1nSz1e,Al6ZaUT,DQ3PflC,LM8l689qOp,7aLG,02N6s8f,R4y5gQQWY8OodqDV
0,882,7,2504,132,165,8,392.56,0,2073600,0,5.914548,9,170,154,4731376,0,202767.6,5,0,32,64,105705.6,525,24,12888,8,7892150,33216,355,6,9,604800,10473840,38,0,0,0,gE8Wq6edh4,2Knk1KF,taul,1K8T,AHgj,fhk21Ss,_jTP8ioIlJ,JxMC,9_Y1,_xpN,09_Q,6JmL,7M47J5GA0pTYIFxg5uy,kIsH,uKAI,L84s,E1aAZ0x7vd,XTbJ4br,Mv2B,UYBR,FzaX,4UxGlow,QKW8DRm,catzS2D,jySVZNlOJy,FSa2,ZI9m,ib5G6X1eUxUn6
0,665,0,724,124,155,0,220.08,0,996372,0,6.05234,9,106,0,4147200,0,194109.9,10,2,40,48,141040.8,395,18,169344,0,8127550,0,0,0,9,1814400,10190360,38,475224,0,0,crIgUHSK8h,2Knk1KF,taul,1K8T,487l,mfUAcBg,4JIO4P_R8f,gMVu,9_Y1,RVjC,VpdQ,sYC_,me75fM6ugJ,kIsH,uKAI,L84s,NhsEn4L,kq0aHkC,YihF,UYBR,FzaX,nqSL1fY,oslk,yp2id2k,LM8l689qOp,FSa2,RAYp,55YFVY9
0,343,7,12,68,85,16,293.36,0,0,0,1.745781,9,40,21,135072,0,14472.48,0,0,24,32,-70835.6,230,0,19791,0,385025,37188,900,0,0,0,449932,22,0,0,0,dRaTmBfHUn,RO12,taul,1K8T,LFM_,65yJUS7,I1sFbv_0IT,98Q2,9_Y1,4N0K,09_Q,IYzP,me75fM6ugJ,kIsH,uKAI,L84s,NhsEn4L,mAjbk_S,FGrW,cJvF,AU8_WTd,qcEvOIl,oslk,INp7j0h,jySVZNlOJy,Qu4f,RAYp,F2FyR07IdsN7I
0,4802,7,1424,412,515,256,133.12,0,529398,0,1.234138,9,52,105,2003720,0,17797.98,10,16,120,168,144734,1955,18,33165,0,2294045,348958,2990,0,0,882203,4251520,74,284400,0,0,wRXmfo875g,RO12,taul,1K8T,0Xwj,HPUhM2I,5CtupK8,KTop,HLqf,_48V,09_Q,IYzP,me75fM6ugJ,sBgB,uKAI,L84s,NhsEn4L,TDcECyH,CQMO,UYBR,FzaX,hP0Q2YB,oslk,ioNa5gA,LM8l689qOp,3Cy4,RAYp,F2FyR07IdsN7I
0,896,7,48,136,170,96,166.56,0,2468682,0,2.461226,9,50,0,541568,0,103034.1,25,12,88,32,398236,500,30,19944,0,28645,310074,50,0,0,510692,4404240,4,358092,0,0,HYTvyx7ejg,RO12,taul,1K8T,7M9D,9GJGgoz,76j2P_OLn0,giKM,9_Y1,f4dr,VpdQ,IYzP,Kxdu,kIsH,uKAI,L84s,FMSzZ91zL2,kq067VR,uKV7,cJvF,FzaX,Tvpip6Z,zCkv,hHJsvbM,LM8l689qOp,szEZ,6fzt,SbOd7O8ky1wGNxp0Arj0Xs
0,1036,14,4136,156,195,40,286.96,0,2075190,0,1.060457,18,54,1232,2591624,0,81622.2,10,2,56,72,-129829.2,520,30,3996,0,4399945,635820,1990,0,9,294917,8141560,34,55572,0,0,npOt0G8EIb,RO12,taul,1K8T,PbOJ,gwY4NQF,jt3xMpI_cxIIW,qktG,9_Y1,k13i,09_Q,IYzP,me75fM6ugJ,kIsH,uKAI,L84s,NhsEn4L,TDceha3,Czqd,UYBR,FzaX,t5EoLzk,oslk,ag5iNPX,LM8l689qOp,fKCe,RAYp,F2FyR07IdsN7I
0,1407,7,1580,360,450,152,283.2,0,287346,0,3.539415,9,58,126,321416,0,5572.98,0,20,40,152,80775.2,1030,12,12627,0,267445,51116,4550,0,0,35168,789728,80,181902,0,0,HrWrjIXt5a,RO12,taul,1K8T,IvdZ,6CXYbuk,nQUq7hGe64,JzyG,9_Y1,WIr3,09_Q,IYzP,Kxdu,kIsH,uKAI,L84s,9pUnzWLbztKTo,TDc92TK,Zhaf,cJvF,FzaX,ROeipLp,zCkv,K2SqEo9,LM8l689qOp,5Acm,6fzt,am14IcfM7tWLrUmRT52KtA
0,1988,7,0,140,175,24,190.88,0,9839340,0,2.893826,9,38,0,348872,0,108224.4,30,4,48,16,146194.8,540,120,270,0,399540,518400,290,0,9,243320,10527840,4,545700,0,0,75lq9ayfAo,RO12,taul,1K8T,hAOr,7GUAEa8,3clyC8L,DOKR,9_Y1,F_Lu,VpdQ,zm5i,me75fM6ugJ,kIsH,uKAI,L84s,NhsEn4L,mAjbk_S,yO1n,cJvF,FzaX,8OZoOXS,oslk,IDn52bd,LM8l689qOp,TNEC,RAYp,F2FyR07IdsN7I
0,791,7,504,152,190,40,186.64,0,4122006,0,0.7827387,9,42,7,2764800,0,169949.7,25,0,32,32,4007.56,860,78,10125,0,4716025,101010,1295,0,9,0,9698000,22,0,0,0,V8lBcmz45j,RO12,taul,1K8T,TyGl,OJdcVcA,76j2P_OLn0,QBBG,9_Y1,WGOH,VpdQ,43pnToF,me75fM6ugJ,kIsH,uKAI,L84s,NhsEn4L,mAjbk_S,3lLH,UYBR,FzaX,rPpfql_,oslk,d1cRkup,LM8l689qOp,Qcbd,RAYp,F2FyR07IdsN7I
0,1421,0,0,136,170,8,166.56,0,322068,0,6.355266,9,98,0,6216880,0,58415.1,0,0,32,72,161397.2,400,18,13167,0,8798050,22654,0,0,18,0,10406920,42,0,0,0,1YVvyx7IEC,RO12,taul,1K8T,FgS1,t6TtIjH,k10MzgT,lb2I,9_Y1,RcM7,VpdQ,sYC_,me75fM6ugJ,kIsH,uKAI,L84s,NhsEn4L,beK4AFX,WGwm,UYBR,AU8_WTd,YBhNqhB,oslk,xKMwIB5,jySVZNlOJy,szEZ,RAYp,F2FyR07IdsN7I
0,1162,14,1680,268,335,56,275.84,0,7025760,0,3.61034,27,104,0,1145960,0,114318.3,45,2,48,72,-24549.84,860,108,22095,8,2102565,65230,710,0,9,27538,9571360,46,25776,0,7,UCDvyx8zhV,2Knk1KF,taul,1K8T,0Xwj,w7CdCxx,_UtlxbJ,JM2c,HLqf,MBhA,VpdQ,sYC_,me75fM6ugJ,sBgB,uKAI,L84s,NhsEn4L,IoIkyHo,5smi,UYBR,OFWH,VBuAAox,oslk,smo7DIf,jySVZNlOJy,WqMG,RAYp,55YFVY9
0,574,7,412,152,190,32,320.4,5,4459746,0,2.540697,9,34,28,4445344,0,193304.7,5,2,32,56,185319.6,530,66,5292,8,4760235,372342,1225,0,9,0,10288160,28,290772,0,0,Yddq9ayE15,RO12,taul,1K8T,GYbZ,GUg04mC,3A8iudN5VL6tw,W3Ka,9_Y1,AKLO,VpdQ,zm5i,me75fM6ugJ,kIsH,uKAI,L84s,NhsEn4L,kZJtVhC,ssNC,UYBR,FzaX,6g5Ojel,oslk,UbjqFbB,LM8l689qOp,TNEC,RAYp,F2FyR07IdsN7I
0,2212,7,32,148,185,40,253.52,0,3845058,0,2.503952,18,62,0,3801856,0,94922.09,20,0,32,48,429600,765,54,360,0,5184350,572684,20,0,0,554435,10562960,26,0,0,0,a4vrEy7Rm6,RO12,taul,1K8T,JLbT,NfltJoj,Tg7jjBB,PupZ,9_Y1,X8zP,VpdQ,IYzP,me75fM6ugJ,kIsH,uKAI,L84s,NhsEn4L,mAjbk_S,7GLv,UYBR,FzaX,kogTKvt,oslk,uClYONy,LM8l689qOp,Aoh3,RAYp,F2FyR07IdsN7I
0,5243,7,36,676,845,112,300.24,0,5148552,0,6.494766,18,56,0,3396824,0,36695.1,50,20,248,248,97134.8,3020,228,79785,0,4449700,286428,15,0,0,359156,10550360,132,497016,0,0,P1WvyxLp3Z,RO12,taul,1K8T,lK27,b4AviRg,JQFeOYK,zgGb,9_Y1,vzJD,VpdQ,IYzP,me75fM6ugJ,kIsH,7A3j,L84s,NhsEn4L,kZJaHc_,dzk3,UYBR,FzaX,KNX8yXf,oslk,PYurS2Y,M_8D,xb3V,RAYp,F2FyR07IdsN7I
0,588,7,260,136,170,16,186.64,0,789480,0,5.36082,36,102,0,4838400,0,28872.69,5,2,24,56,-5915.84,730,18,103689,0,8561150,18482,5,0,27,0,10178040,40,1596,0,0,NQ5vyxLkBI,RO12,taul,1K8T,R4_H,604SYUX,o5WT5gy7iu,yNvv,9_Y1,vzJD,VpdQ,sYC_,me75fM6ugJ,kIsH,uKAI,L84s,NhsEn4L,beK4AFX,gCXP,UYBR,FzaX,kH58iqZ,oslk,dc9OtEt,LM8l689qOp,xb3V,RAYp,F2FyR07IdsN7I
0,1295,7,416,200,250,104,166.56,0,91926,0,1.227088,9,68,147,188280,0,7589.97,10,10,16,56,65964.8,1210,24,19674,0,127195,63886,4895,0,9,0,465684,38,118542,0,0,BQa9tYsdof,RO12,taul,1K8T,PGNs,_rJMbg2,y4g9XoZ,WfTZ,9_Y1,YULl,VpdQ,43pnToF,me75fM6ugJ,kIsH,uKAI,L84s,NhsEn4L,kZJs2nh,ZbGN,cJvF,FzaX,wQXm0jM,oslk,UewMjkj,LM8l689qOp,FSa2,RAYp,F2FyR07IdsN7I
0,1841,14,28,220,275,192,200,0,2562,0,2.694937,27,124,7,1724008,0,36349.8,0,12,56,56,-421352,975,6,9351,0,732095,848594,45,0,9,735028,4018680,34,1308144,0,0,LDPq9ayfAo,AERks4l,taul,1K8T,LZs_,fhk21Ss,k10MzgT,iUwD,9_Y1,000J,VpdQ,wMei,7M47J5GA0pTYIFxg5uy,kIsH,uKAI,L84s,4kVnq_T26xq1p,jawUpuI,31TX,UYBR,FzaX,4UxGlow,zCkv,catzS2D,LM8l689qOp,7P5s,ZI9m,ib5G6X1eUxUn6
0,525,7,360,40,50,24,220.08,0,0,0,2.166417,9,90,70,772320,0,75630.3,5,4,24,24,47894.8,165,0,6075,0,23025,12526,65,0,18,0,721364,2,395880,0,0,6VLvyx7IEC,RO12,taul,1K8T,X9_k,T2ennDZ,76j2P_OLn0,Wgq2,9_Y1,qaiO,VpdQ,sYC_,me75fM6ugJ,kIsH,uKAI,L84s,NhsEn4L,beK4AFX,U5hQ,UYBR,FzaX,8EdfrxM,oslk,VNj2_Lp,LM8l689qOp,szEZ,RAYp,F2FyR07IdsN7I
0,651,7,36,200,250,88,233.44,0,12156,0,1.450545,18,56,0,1141976,0,39127.5,0,44,160,40,-1090272,500,6,207,0,2080485,459098,60,0,0,300342,3357836,22,294240,0,0,vAsTmBfHUn,RO12,taul,1K8T,LFM_,jZ0kHY6,VKm8_AwS48,AjR9,9_Y1,4N0K,09_Q,IYzP,me75fM6ugJ,kIsH,uKAI,Mtgm,NhsEn4L,TDceha3,g1Tg,cJvF,FzaX,PCSKsQe,oslk,TZoq6Bf,jySVZNlOJy,Qu4f,RAYp,F2FyR07IdsN7I
0,1666,14,440,116,145,72,253.52,0,2682840,0,6.352489,36,74,140,1075840,0,57073.5,5,4,24,32,-52294,805,36,666,0,2383770,1394750,175,0,18,0,8059800,14,1036800,0,0,KXMgUH7IEC,RO12,taul,1K8T,vSNn,s7tnKvq,98kUPa9,cHhV,9_Y1,m_h1,09_Q,43pnToF,DHn_WUyBhW_whjA88g9bvA64_,kIsH,uKAI,L84s,CrNX,7WwM33k,8JTE,UYBR,FzaX,hFp4fIi,d0EEeJi,t3TPLOe,LM8l689qOp,WqMG,nIGXDli,F2FyR07IdsN7I
0,581,7,68,168,210,16,133.12,0,0,0,1.977782,9,60,42,362928,0,18382.59,0,2,40,56,-54024,680,0,98730,0,1371500,3020,1545,0,0,100940,1297668,64,19446,0,0,ypNt0Go8Lb,RO12,taul,1K8T,yMvB,6CXYbuk,Pkku4gO,PmFc,9_Y1,Z5OU,VpdQ,IYzP,Kxdu,kIsH,uKAI,L84s,9pUnzWLbztKTo,TDc92TK,kIiW,cJvF,FzaX,ROeipLp,zCkv,K2SqEo9,LM8l689qOp,Qu4f,6fzt,am14IcfM7tWLrUmRT52KtA
0,798,35,20340,144,180,24,253.52,0,4482810,0,4.179449,45,216,1113,2754048,0,221787.3,25,4,40,40,170516.4,525,60,26136,0,3994345,475250,3990,0,36,191996,10531400,22,950466,0,0,2jirEyXktW,2Knk1KF,CiJDdr4TQ0rGERIS,1K8T,JLbT,fhk21Ss,yiXKNUCbD1,e0B8,9_Y1,VwCR,VpdQ,y6dw,7M47J5GA0pTYIFxg5uy,kIsH,uKAI,Mtgm,iwn6,TDcSrRM,d02P,cJvF,FzaX,4UxGlow,QKW8DRm,catzS2D,jySVZNlOJy,Aoh3,ZI9m,VjDE
0,1330,7,784,264,330,208,166.56,0,0,0,5.984405,9,80,14,656376,0,17541.27,0,12,64,80,77769.6,815,0,873,0,1296165,379980,255,0,9,260393,2445360,48,480420,0,0,euOBcmz45j,eSGpMwS8zSGgq_trOpckZ5,taul,1K8T,tXti,4UK7GMk,GVWDufEPyV,z_XI,9_Y1,4nnx,VpdQ,hAFG,GjJ35utlTa_GNSvxxpb9ju,kIsH,uKAI,L84s,UbxQ8lZ,beKAhVm,6_ju,cJvF,OFWH,md_tpkh,Al6ZaUT,OMy378S,LM8l689qOp,Qcbd,02N6s8f,R4y5gQQWY8OodqDV
0,882,35,6040,160,200,56,220.08,0,718668,0,0.4678488,45,108,770,3060288,0,144832.8,5,12,32,40,181870.4,880,30,35352,0,6678200,1051652,2410,0,18,604800,10704800,32,1607376,0,0,8I1r4RXXnK,2Knk1KF,taul,1K8T,TyGl,B4gu5tB,aEghjcMgI1QYJu7y,Djsx,9_Y1,TFSW,VpdQ,sYC_,me75fM6ugJ,kIsH,uKAI,L84s,NhsEn4L,kq0aHkC,J46a,UYBR,FzaX,l8AOtFs,oslk,ZjpR6zD,LM8l689qOp,Xa3G,RAYp,55YFVY9
0,1176,7,4272,276,345,64,200,0,6547140,0,3.818842,9,114,147,1004688,0,144233.1,40,4,72,72,144419.6,865,132,41391,0,3342090,337898,17065,0,9,0,10745080,40,528774,0,0,8Fdr4RXXnK,2Knk1KF,taul,1K8T,TyGl,cYcsKl9,r83_sZi,Phiv,9_Y1,TFSW,VpdQ,sYC_,me75fM6ugJ,kIsH,uKAI,L84s,NhsEn4L,beK4AFX,uAgP,UYBR,FzaX,sx5j5jp,oslk,BUAwEWL,M_8D,Xa3G,RAYp,55YFVY9
0,2828,14,2104,192,240,64,254.96,0,5303472,0,5.606494,27,54,217,779632,0,51543,20,12,40,40,-95968.4,1025,90,32535,0,1731115,958430,1745,0,9,1007041,9701960,20,2181984,0,0,vAsvyx7ejg,RO12,taul,1K8T,lK27,6CXYbuk,GHfL3MpXAX,7hXF,9_Y1,RcM7,VpdQ,43pnToF,Kxdu,kIsH,uKAI,L84s,9pUnzWLbztKTo,TDc92TK,KIpy,UYBR,FzaX,ROeipLp,zCkv,K2SqEo9,LM8l689qOp,szEZ,6fzt,am14IcfM7tWLrUmRT52KtA
0,763,7,4,124,155,168,320.4,0,950430,0,5.557573,9,62,0,0,0,234482.4,0,16,32,0,106767.2,490,12,189,0,0,3595920,10,0,0,2419200,10590240,0,4147200,0,0,75lr4RXktW,RO12,taul,1K8T,dWQK,dpLnqNs,7vJsB75,cZBg,9_Y1,TFSW,09_Q,IYzP,me75fM6ugJ,kIsH,uKAI,L84s,NhsEn4L,kq0n8Bj,acYs,cJvF,FzaX,9F7m0jM,oslk,jrbDSFl,LM8l689qOp,Xa3G,RAYp,F2FyR07IdsN7I
0,903,7,132,104,130,104,400.8,0,0,0,4.940184,18,110,21,1352960,0,17957.67,0,6,48,56,-11657.56,390,0,8181,0,217135,179438,55,0,18,564830,1355000,6,218904,0,0,BQa9tYsdof,2Knk1KF,taul,1K8T,Y2P0,fqel91c,nQUBcBcErl,5dqF,9_Y1,YULl,VpdQ,hAFG,me75fM6ugJ,kIsH,uKAI,L84s,XfqtO3UdzaXh_,11p4mKe,Qr3L,cJvF,FzaX,UISY_02,oslk,DGsqhZX,LM8l689qOp,FSa2,RAYp,55YFVY9
0,875,7,4028,152,190,88,286.96,0,1776366,0,3.006195,18,114,322,1646080,0,203062.5,10,10,40,40,75053.2,555,30,48843,0,3725100,1695914,10,0,18,1160852,10304440,20,2480436,0,0,1KSqrQK2Mx,2Knk1KF,taul,1K8T,JLbT,_QtPU77,o5WT5gy7iu,clmT,9_Y1,15m3,VpdQ,sYC_,me75fM6ugJ,kIsH,uKAI,L84s,NhsEn4L,beK4AFX,mne3,cJvF,FzaX,6VJ0Q3K,oslk,aLpRkup,LM8l689qOp,FSa2,RAYp,55YFVY9
0,2219,7,316,320,400,192,166.56,0,829746,0,2.334116,18,88,0,1562328,0,27208.98,5,28,96,88,142351.6,1255,24,6984,0,889185,655204,95,0,0,297920,3961664,52,498216,0,0,DHeTmBftjz,RO12,taul,1K8T,487l,tQe7P96,Wv99ZtTcIB4I2jER,QzmS,9_Y1,Z5OU,VpdQ,sYC_,DHn_WUyBhW_whjA88g9bvA64_,kIsH,uKAI,L84s,CrNX,kZJigPo,p7z8,cJvF,FzaX,1ZRaMYN,d0EEeJi,wJukA4C,LM8l689qOp,Qu4f,nIGXDli,F2FyR07IdsN7I
0,756,7,188,120,150,16,253.52,0,45120,0,3.183294,9,62,0,5407688,0,220029,0,0,32,64,55366,475,6,441,0,8208000,29302,120,0,9,0,9358920,38,0,0,0,wRXmfo875g,RO12,taul,1K8T,42Cy,VWnXzAw,ARvzJXx,sPMi,9_Y1,6Kw9,VpdQ,lVqb,me75fM6ugJ,kIsH,uKAI,L84s,XfqtO3UdzaXh_,11p4mKe,vicn,cJvF,FzaX,2WbYjZW,oslk,p2sz20V,jySVZNlOJy,3Cy4,RAYp,F2FyR07IdsN7I
0,336,7,276,44,55,24,200,5,3471900,0,4.383893,9,62,21,0,0,299931.9,5,4,16,0,-68547.6,290,18,69894,8,65905,8920,1945,0,9,0,7715960,4,4581042,0,0,KXMgUH7IEC,RO12,taul,1K8T,72yt,TSdlkJq,9YuuPSz3BI,xybR,9_Y1,1Bp0,VpdQ,sYC_,me75fM6ugJ,kIsH,uKAI,L84s,NhsEn4L,cUQ3StG,1y8s,cJvF,FzaX,ALJYlW4,oslk,8dbQowC,M_8D,WqMG,RAYp,F2FyR07IdsN7I
0,2191,7,0,304,380,104,441.76,0,595980,0,3.272805,9,36,0,197944,0,6053.58,35,40,192,96,81245.6,1380,90,504,8,146935,769598,35,0,9,197778,2847092,18,809412,0,7,86ct0Gdncc,LrdVolaSGUfkVeWC,taul,1K8T,pJUk,RPKu5tB,DKUDUftgA7,zMap,9_Y1,cyKH,VpdQ,kxE9,me75fM6ugJ,kIsH,g5HH,L84s,h0lfDKh52u4GP,ORM0Mzs,WPHx,cJvF,FzaX,WdP1WU5,oslk,05j67Xw,LM8l689qOp,me1d,RAYp,R4y5gQQWY8OodqDV
0,1414,14,1636,140,175,0,220.08,0,3360174,0,2.686819,45,74,0,2966544,0,136748.1,25,0,32,48,143542.4,510,42,11358,0,6999550,0,395,0,9,0,10633840,34,0,0,0,8I1r4RXXnK,RO12,taul,1K8T,487l,mLYOTMK,hOpRIhsUSP,NI5U,9_Y1,Zazx,VpdQ,IYzP,me75fM6ugJ,kIsH,uKAI,L84s,NhsEn4L,mAjbk_S,4Uis,cJvF,FzaX,8_r18fN,oslk,6ZOocsg,LM8l689qOp,Xa3G,RAYp,F2FyR07IdsN7I
0,791,7,208,132,165,136,352.08,0,2376066,0,1.955992,9,54,259,0,0,220559.4,0,16,32,0,156048,505,30,675,0,617885,2937600,145,0,9,2368814,10660760,6,4060824,0,0,0vimfo8zhV,RO12,taul,1K8T,xgSF,mxsbiah,CdPgMY1Z52,Z2nO,9_Y1,_48V,VpdQ,43pnToF,me75fM6ugJ,kIsH,uKAI,L84s,NhsEn4L,mAjbk_S,2VHx,cJvF,FzaX,PtLoLzk,oslk,LJOa8ZG,M_8D,3Cy4,RAYp,F2FyR07IdsN7I
0,0,0,0,20,25,16,286.72,0,0,0,3.444563,9,12,0,0,0,893982,0,0,0,0,-239985.2,25,0,0,0,7324700,50068,0,0,0,0,5959880,6,0,0,0,gOyq9ayE15,RO12,taul,1K8T,0Xwj,P3bxW2B,ohKlg1a,kVZt,F3hy,vm5R,09_Q,IYzP,me75fM6ugJ,kIsH,uKAI,Mtgm,NhsEn4L,mAja5EA,XqfQ,UYBR,FzaX,hN86hzI,oslk,h2ZOtEt,LM8l689qOp,7P5s,RAYp,F2FyR07IdsN7I
0,91,0,0,220,275,0,166.56,5,39762,0,3.853878,9,16,0,68400,3,4011.33,5,0,8,64,10847.28,450,42,0,16,276070,0,0,0,0,0,286300,78,0,0,0,xOXr4RXktW,RO12,taul,1K8T,lK27,2cBcOqO,itSGh3t,J6vL,9_Y1,Zazx,VpdQ,IYzP,me75fM6ugJ,kIsH,uKAI,L84s,NhsEn4L,mAja5EA,LJ6D,cJvF,AU8pNoi,IJRYlW4,oslk,_vt7kpB,LM8l689qOp,Xa3G,RAYp,F2FyR07IdsN7I
0,1526,21,10052,208,260,152,133.12,0,122952,0,5.886136,45,174,1652,806000,0,10134.96,20,6,40,32,-31703,625,18,31320,0,320295,547182,2965,0,36,0,1948528,38,153270,0,0,2jirEyXktW,AERks4l,taul,1K8T,AkfA,fhk21Ss,EzGRGIP,Fp4O,9_Y1,H1uM,VpdQ,hAFG,7M47J5GA0pTYIFxg5uy,kIsH,uKAI,L84s,TVE1uh4F_wOi_,CWNdri0,yhWn,cJvF,qxDb,4UxGlow,zCkv,catzS2D,LM8l689qOp,Aoh3,ZI9m,ib5G6X1eUxUn6
0,623,7,440,92,115,24,133.12,0,0,0,4.241828,9,84,119,1129712,0,69509.09,0,4,40,64,-166302.4,350,0,1260,0,869005,12718,160,0,0,66087,1631472,20,518964,0,0,kMJt0GoOh3,RO12,taul,1K8T,lK27,PTPnCPt,S85klZI_wB,nIfG,9_Y1,rGJy,09_Q,sYC_,me75fM6ugJ,kIsH,uKAI,L84s,NhsEn4L,kq0aHkC,aFWT,UYBR,FzaX,t0r88FJ,oslk,CqxAwsZ,LM8l689qOp,Qu4f,RAYp,F2FyR07IdsN7I
0,742,7,2108,132,165,40,286.96,0,5227332,0,2.610981,9,120,301,1900848,0,197600.1,20,2,24,24,318780.4,575,66,5625,0,3564090,702054,3390,0,45,554414,10274720,18,475212,0,0,dTGmfo8zhV,2Knk1KF,taul,1K8T,487l,ryQJDqx,CdPgMY1Z52,5jtm,9_Y1,_48V,VpdQ,kxE9,me75fM6ugJ,kIsH,uKAI,L84s,XfqtO3UdzaXh_,11p4mKe,9bLO,UYBR,OFWH,tCbv48t,oslk,Exf7DIf,LM8l689qOp,3Cy4,RAYp,55YFVY9
0,476,0,0,136,170,112,286.96,10,3921438,0,6.879513,9,26,0,0,0,200352,10,10,32,0,56305.6,555,48,0,16,354670,2419200,0,0,9,1209600,10155640,10,2592000,0,0,dRavyx7ejg,RO12,taul,1K8T,lK27,WkHngaa,r83_sZi,Ylb9,9_Y1,xSqs,VpdQ,IYzP,me75fM6ugJ,kIsH,uKAI,L84s,NhsEn4L,NGZxnJM,RNpj,cJvF,FzaX,gg7Y_02,oslk,tzhEVJ2,LM8l689qOp,szEZ,RAYp,F2FyR07IdsN7I
0,679,7,24,140,175,120,20.08,0,0,0,2.109592,9,32,7,303552,0,38558.7,0,16,48,24,-149991.6,570,0,17964,8,1089245,447998,245,0,9,285131,2312212,18,589566,0,7,Foxt0Go8Lb,RO12,taul,1K8T,g6No,voXPV0c,MXlhT5l,Q1HP,9_Y1,rGJy,sJzTlal,IYzP,me75fM6ugJ,kIsH,uKAI,L84s,NhsEn4L,mAjbk_S,tIqp,cJvF,FzaX,5Zxfc8E,oslk,7wLqhZX,LM8l689qOp,Qu4f,RAYp,F2FyR07IdsN7I
0,1449,7,492,80,100,40,20.08,0,919068,0,6.965178,9,30,700,184992,9,83040,5,0,8,8,-732140,850,42,319320,32,799425,349934,8575,6,0,0,2390216,12,0,0,0,MtpBcmzkzH,RO12,taul,1K8T,ssAy,6JE1QFM,zA2IZno2NK,GFW9,9_Y1,yrDU,VpdQ,IYzP,me75fM6ugJ,kIsH,uKAI,L84s,NhsEn4L,mAjbk_S,eqwF,cJvF,FzaX,ie2v1FD,oslk,k19R6zD,LM8l689qOp,Qcbd,RAYp,F2FyR07IdsN7I
0,1211,7,2608,184,230,72,166.56,0,355590,0,1.976074,9,124,35,1262952,0,87757.2,40,6,48,128,-453932,565,30,70191,0,669995,396688,170,0,18,118034,3089228,10,450630,0,0,g5dmfo875g,2Knk1KF,taul,1K8T,LloI,PHNvXy8,6uerj6GG35,1RFo,9_Y1,Ew1Q,VpdQ,sYC_,NKv3VA1BpP,kIsH,uKAI,L84s,Ie_5MZs,_JdDVUG,6bYN,cJvF,FzaX,UF16siJ,zCkv,APgdzOv,LM8l689qOp,wX53,6fzt,Zy3gnGM
0,798,21,2292,348,435,104,0,0,480,9,1.04529,45,214,441,54944,0,1237.758,0,8,64,96,-1171884,1215,6,702,8,127265,13682,910,0,27,23471,184680,114,41568,0,0,1YVvyx7IEC,TW8dXluYzKpktZjuY8kSPBaZa,CiJDdr4TQ0rGERIS,1K8T,hM6W,fhk21Ss,bGUqwlz,K44e,9_Y1,RcM7,VpdQ,sYC_,7M47J5GA0pTYIFxg5uy,kIsH,uKAI,Mtgm,MeOIHRG3F9,LxW_pWV,_wfZ,UYBR,FzaX,4UxGlow,zCkv,catzS2D,LM8l689qOp,szEZ,ZI9m,VjDE
0,1505,0,0,628,785,376,253.52,0,5959422,0,3.364879,9,28,0,1229216,0,80061.59,45,22,136,104,802736,2255,264,0,0,2580835,389010,0,0,9,303149,9988720,66,147786,0,0,CxSr4RXktW,RO12,taul,1K8T,0YIT,_gMXOhW,yiXTc3CbD1,mdNY,9_Y1,ZKJc,VpdQ,zm5i,me75fM6ugJ,kIsH,uKAI,L84s,NhsEn4L,kZJtVhC,PGmj,UYBR,FzaX,r5hYlW4,oslk,CWizrB7,LM8l689qOp,7FJQ,RAYp,F2FyR07IdsN7I
0,448,7,464,88,110,64,327.6,0,71118,0,0.4616535,9,70,7,134088,0,17947.83,0,6,24,16,-683836,400,12,7101,0,127270,52702,425,0,0,97090,375184,14,80262,0,0,E2Yq9atbb6,RO12,taul,1K8T,lK27,WkH7nZN,FoJylxy,S_MH,9_Y1,KfYH,VpdQ,giwq,me75fM6ugJ,sBgB,g5HH,L84s,NhsEn4L,kq0V58O,y8W_,cJvF,FzaX,scZ0Q3K,oslk,zmvzrB7,LM8l689qOp,me1d,RAYp,F2FyR07IdsN7I
0,2177,7,864,640,800,424,133.12,0,225456,0,1.08417,9,74,21,160864,0,21247.08,40,26,40,112,-269294.8,1240,102,111924,0,519455,180030,2610,0,0,0,1160276,110,150084,0,0,oyGrjIXt5a,RO12,taul,1K8T,JLbT,aWx9MxI,JlBPeqq,WgO3,9_Y1,EKFb,09_Q,IYzP,6C53VA1kCv,kIsH,uKAI,L84s,fSKKIQdIPDXgw,kZJUo2m,cuCo,UYBR,OFWH,EFki84d,zCkv,T5HWwhx,LM8l689qOp,5Acm,6fzt,xwM2aC7IdeMC0
0,1043,7,31212,228,285,176,133.12,0,1206,0,6.362102,18,146,2835,730672,0,40059.6,5,10,64,56,-458216,755,6,80325,0,2113560,372616,375,0,9,160636,3211584,42,607716,0,0,Qu0qrQKzJV,2Knk1KF,taul,1K8T,0Xwj,47WvARv,r83_sZi,OLXK,HLqf,15m3,VpdQ,haYg,me75fM6ugJ,sBgB,uKAI,L84s,XfqtO3UdzaXh_,XTb4AFX,K2hx,UYBR,AU8pNoi,wq0v48t,oslk,AXLqqb8,LM8l689qOp,FSa2,RAYp,55YFVY9
0,1043,7,80,136,170,64,133.12,0,464670,0,2.519761,9,52,0,146896,0,13548.81,15,4,48,24,-27385.84,465,48,77283,0,104010,54824,2720,0,0,854,695788,20,2178,0,0,tr0rEyXktW,RO12,taul,1K8T,487l,Z4GY4Me,V_KvNzO,Xeg6,9_Y1,SkZj,VpdQ,IYzP,me75fM6ugJ,kIsH,uKAI,L84s,NhsEn4L,TDcECyH,hMUM,cJvF,FzaX,V8hvbB7,oslk,NWMaF5M,LM8l689qOp,Aoh3,RAYp,F2FyR07IdsN7I
0,819,7,1228,128,160,48,253.52,0,4896192,0,4.119632,9,158,35,0,0,174859.8,35,8,48,0,703520,415,60,2745,0,1879055,589784,2155,0,18,706720,8859680,10,1124160,0,0,vAsTmBfHUn,2Knk1KF,taul,1K8T,7gSz,ho_heVi,IG_G867,o9u3,9_Y1,Z5OU,VpdQ,wMei,me75fM6ugJ,kIsH,uKAI,L84s,h0lfDKh52u4GP,IoI4mKe,pQHo,cJvF,FzaX,ImpAWQ7,oslk,lcWqFbB,jySVZNlOJy,Qu4f,RAYp,TCU50_Yjmm6GIBZ0lL_
0,1022,7,268,176,220,160,196.08,0,1112262,0,3.721427,9,58,7,408664,0,38935.2,10,6,48,48,-229172.4,710,36,4014,0,400905,222626,85,0,9,268247,2602304,14,448224,0,0,HrWrjIXt5a,RO12,taul,1K8T,IvdZ,ClIoukx,e1XhvTunuD,mdOS,9_Y1,WIr3,VpdQ,IYzP,me75fM6ugJ,kIsH,uKAI,L84s,NhsEn4L,mAjbk_S,o32f,cJvF,FzaX,KjR6w_1,oslk,nKcTL5Q,LM8l689qOp,5Acm,RAYp,F2FyR07IdsN7I
0,854,14,5140,108,135,64,166.56,0,0,0,5.303995,18,80,105,163080,0,33363.3,5,4,24,32,38016.56,405,0,38844,0,586340,131624,8065,0,0,357406,954640,24,209004,0,0,NQ5vyxLkBI,RO12,taul,1K8T,Xa_z,TgqARMl,xunBDW1,tnfT,9_Y1,vzJD,VpdQ,IYzP,me75fM6ugJ,kIsH,uKAI,L84s,NhsEn4L,mAjbk_S,5EWB,cJvF,FzaX,P2HDiZ1,oslk,JcMjELi,LM8l689qOp,xb3V,RAYp,F2FyR07IdsN7I
0,826,21,5352,224,280,152,200,0,0,0,3.277505,45,204,140,27792,0,20088.06,15,12,48,16,-495520,900,0,2205,0,1150320,123254,625,0,18,330127,1469792,52,419682,0,0,lAFr4RQZiT,vuPfq6YcbX,CiJDdr4TQ0rGERIS,1K8T,JLbT,fhk21Ss,nQU2P_OLn0,eJPt,9_Y1,z5Ry,VpdQ,haYg,7M47J5GA0pTYIFxg5uy,kIsH,uKAI,Mtgm,Ie_5MZs,11pSJME,lSf_,UYBR,FzaX,4UxGlow,zCkv,catzS2D,LM8l689qOp,FSa2,ZI9m,NoEd
0,1421,7,8296,428,535,112,110.88,20,6350640,9,6.370434,45,144,2282,2020512,0,96820.2,55,16,160,184,350322,1105,138,47412,40,2850890,482504,6670,0,45,259707,10247920,56,343416,0,0,CEat0G8rTN,g62hiBSaKg,taul,1K8T,487l,fhk21Ss,bGUqwlz,agam,9_Y1,e7QV,VpdQ,itlM,7M47J5GA0pTYIFxg5uy,kIsH,7A3j,L84s,XfqtO3UdzaXh_,XTbPUYD,HEX_,UYBR,FzaX,4UxGlow,oslk,catzS2D,LM8l689qOp,fKCe,ZI9m,ib5G6X1eUxUn6
0,2296,7,24,280,350,88,255.6,0,1664922,0,1.491134,9,38,0,399808,0,12497.04,45,4,64,48,-448504,1060,168,168678,0,306395,101470,260,0,0,207837,2382880,28,310140,0,0,M5vt0Gdc_a,RO12,taul,1K8T,19FS,x8bPoJV,NFlfMbKIm3,Bp6l,9_Y1,cyKH,09_Q,IYzP,me75fM6ugJ,kIsH,g5HH,L84s,NhsEn4L,TDc4Td_,bCpn,cJvF,FzaX,Ik20nTz,oslk,DNvRusu,LM8l689qOp,me1d,RAYp,F2FyR07IdsN7I
0,1155,7,1028,216,270,32,166.56,0,780432,0,3.961761,9,120,259,1134720,0,63745.2,5,0,40,144,194042,685,12,39519,0,2270275,644480,1550,0,36,0,4469160,58,0,0,0,vAsvyx7ejg,AERks4l,taul,1K8T,dWQK,fhk21Ss,EXpWEXgaYpMJ7,BeKD,9_Y1,xSqs,VpdQ,wMei,7M47J5GA0pTYIFxg5uy,kIsH,uKAI,L84s,4ylQpLr46xum2hHQ,7WwRlzF,WZS9,cJvF,FzaX,4UxGlow,z4pH,catzS2D,LM8l689qOp,szEZ,ZI9m,ib5G6X1eUxUn6
0,378,7,756,92,115,32,166.56,5,3088830,0,4.040803,18,58,238,1541808,0,132522,5,2,24,16,447828,305,30,18585,8,1545345,367506,4020,0,9,1348956,6277440,20,1553100,0,0,LDPgUHXZeb,RO12,taul,1K8T,0Xwj,cGQO1UP,Z8ZAV8jDl3,sDah,HLqf,STGZ,VpdQ,IYzP,me75fM6ugJ,sBgB,uKAI,L84s,NhsEn4L,TDceha3,hvGZ,UYBR,FzaX,ZhB6w_1,oslk,ptT7A2G,LM8l689qOp,453m,RAYp,F2FyR07IdsN7I
0,1057,7,3072,132,165,88,168.56,0,0,0,6.353984,9,62,112,61776,3,11051.04,0,10,24,32,-1646456,535,0,13689,16,96900,33288,7415,0,9,30219,195144,26,30240,0,7,Qu0TmBQZiT,eSGpMwS8zSGgq_trOpckZ5,taul,1K8T,TyGl,Yg0x8SZ,daiGnRstPa,lcdK,9_Y1,TjV7,09_Q,haYg,GjJ35utlTa_GNSvxxpb9ju,kIsH,uKAI,L84s,UbxQ8lZ,beKAhVm,nPRR,UYBR,FzaX,2FeNkvV,Al6ZaUT,NngG5NW,jySVZNlOJy,FSa2,02N6s8f,R4y5gQQWY8OodqDV
0,350,0,0,120,150,176,241.04,0,0,9,4.257423,9,22,0,0,0,191154.9,0,16,32,0,65424,540,0,0,8,0,3801600,0,0,18,0,10368000,0,4147200,0,0,ZSNq9atbb6,RO12,taul,1K8T,lK27,WkH7nZN,QV1rP5OS34Poaiku,5hez,9_Y1,KfYH,VpdQ,69fI,me75fM6ugJ,kIsH,g5HH,L84s,XfqtO3UdzaXh_,mAjGvmL,y8W_,cJvF,FzaX,scZ0Q3K,oslk,zmvzrB7,LM8l689qOp,me1d,RAYp,F2FyR07IdsN7I
0,483,7,464,108,135,112,133.12,0,0,0,6.794488,9,60,14,20200,0,6886.979,0,10,24,24,-81034.8,280,0,107586,0,32125,68816,575,0,9,7784,191736,10,27456,0,0,3HjOj17ejg,RO12,taul,1K8T,aD1X,cGQw79s,9xA3TJW,SJ5r,9_Y1,zfpA,09_Q,hAFG,me75fM6ugJ,kIsH,uKAI,L84s,XfqtO3UdzaXh_,11p4mKe,fujg,cJvF,FzaX,i9JfSEp,oslk,MERQguc,LM8l689qOp,7aLG,RAYp,F2FyR07IdsN7I
0,798,7,4152,176,220,120,166.56,0,4010376,0,5.894894,9,120,658,514976,0,71151.3,20,8,32,32,638764,630,54,7362,0,2469910,237038,1175,0,9,155799,6917640,16,231204,0,0,NQ5rEy7Rm6,2Knk1KF,taul,1K8T,IvdZ,4JEMGuV,Tg7jjBB,IudG,9_Y1,X8zP,VpdQ,wMei,me75fM6ugJ,kIsH,uKAI,L84s,h0lfDKh52u4GP,IoI4mKe,Ijmq,cJvF,FzaX,VA_88FJ,oslk,0JeRt72,LM8l689qOp,Aoh3,RAYp,55YFVY9
0,126,0,0,32,40,8,306.56,0,4626612,0,2.491134,9,20,0,0,0,313068,0,2,0,0,186072.8,310,12,0,0,6136400,60140,0,0,9,0,9333240,8,1829112,0,0,u6tWq6edh4,RO12,taul,1K8T,EJC9,r6ccy5d,V6XUlxabJ4VaD,VBkQ,9_Y1,_xpN,VpdQ,zm5i,me75fM6ugJ,kIsH,uKAI,Mtgm,NhsEn4L,7WwuNea,FNzv,UYBR,qxDb,LWkYE38,oslk,8ag7A2G,LM8l689qOp,FSa2,RAYp,F2FyR07IdsN7I
0,896,7,3448,124,155,0,286.96,0,2340966,0,1.560778,9,158,560,567968,0,142683.3,40,2,40,16,-280829.6,790,66,10818,0,3726880,0,910,0,18,374913,6117000,18,321354,0,0,jg69tYsGvO,onTuEhrJJQy_H3IHkZku5AFczhYGqxJ890,taul,1K8T,kNzO,fqeOwLG,msIFlLyI91,I4A8,9_Y1,YULl,VpdQ,sYC_,7M47J5GA0pTYIFxg5uy,kIsH,7A3j,L84s,NhsEn4L,teAyFc5,ZxXI,UYBR,FzaX,fxJmel6,oslk,WfsWw2A,LM8l689qOp,FSa2,ZI9m,iyHGyLCEkQ
0,315,0,0,180,225,64,253.52,0,5266080,0,3.64217,9,18,0,2375240,0,149592.9,15,2,48,48,-11169,725,90,0,0,3196575,938264,0,0,9,1209600,10252440,24,518400,0,0,tr0Wq69cTy,RO12,taul,1K8T,0Xwj,gwY4NQF,_jTP8ioIlJ,Y8Xa,HLqf,Px52,VpdQ,zm5i,me75fM6ugJ,sBgB,uKAI,L84s,NhsEn4L,kZJtVhC,mDWm,UYBR,FzaX,t5EoLzk,oslk,ag5iNPX,LM8l689qOp,PM2D,RAYp,F2FyR07IdsN7I
0,280,0,0,156,195,48,253.52,0,6213240,0,3.003418,18,18,0,2872496,0,191702.7,20,2,40,40,3143.572,570,96,0,0,2656855,631760,0,0,9,0,10551480,14,475224,0,0,oyGrjIXt5a,RO12,taul,1K8T,vsvk,B5nc5gJ,zpdKTlu,j9zo,9_Y1,Nbbb,VpdQ,zm5i,me75fM6ugJ,kIsH,uKAI,Mtgm,NhsEn4L,mAja5EA,RCih,cJvF,FzaX,CJTY_02,oslk,ygD7j0h,LM8l689qOp,5Acm,RAYp,F2FyR07IdsN7I
0,392,0,44,32,40,8,33.44,0,1884,0,0.7175817,18,42,0,4592,0,150115.5,0,0,8,8,-118164,140,6,11475,0,21790,592,0,0,18,0,22168,10,0,0,0,vAsgUHXM47,AERks4l,taul,1K8T,TyGl,B2XaVTy,Oe4E7cR6Kt,cTJ8,9_Y1,LqKm,VpdQ,409L,GjJ35utlTa_GNSvxxpb9ju,kIsH,uKAI,L84s,JBfYVit4g8,TDc_9Yi,jVu3,cJvF,FzaX,lLL_PXH,Al6ZaUT,MKx4zTk,LM8l689qOp,453m,02N6s8f,xwM2aC7IdeMC0
0,770,7,344,100,125,48,133.12,0,8568,0,2.508652,18,178,70,62816,0,6710.49,0,0,24,48,-1741.716,515,6,15120,0,97980,25594,220,0,9,0,166692,24,0,0,0,voArjIXt5a,2Knk1KF,taul,1K8T,TyGl,fhk21Ss,jXIs0KG,vHWR,9_Y1,WIr3,VpdQ,y6dw,7M47J5GA0pTYIFxg5uy,kIsH,uKAI,L84s,H4p93_uThXwSG,OFq1JJC,_OUP,cJvF,qxDb,4UxGlow,Al6ZaUT,catzS2D,LM8l689qOp,5Acm,ZI9m,iyHGyLCEkQ
0,238,0,0,36,45,8,241.6,0,1180410,0,3.292245,9,22,0,0,0,288446.7,5,2,16,0,209269.2,300,18,0,0,4944935,1209600,0,0,9,0,10432520,6,1276854,0,0,4e7gUH7IEC,RO12,taul,1K8T,USOt,jCepSrJ,ubNsRkB,wNw1,9_Y1,m_h1,VpdQ,zm5i,me75fM6ugJ,kIsH,uKAI,Mtgm,NhsEn4L,7WwuNea,ElCB,UYBR,FzaX,Oy_RPEi,oslk,FS4qjNq,LM8l689qOp,WqMG,RAYp,F2FyR07IdsN7I
0,3024,0,0,1564,1955,464,262.08,0,4197354,0,6.521897,27,20,0,4810928,0,19847.73,275,60,512,296,101120,6095,588,0,0,3985705,364968,0,0,9,491862,10565560,226,266790,0,0,oyGrjIXt5a,RO12,taul,1K8T,TyGl,82ydmQ4,pS4BYwM,8nUC,9_Y1,VILw,09_Q,zm5i,me75fM6ugJ,kIsH,uKAI,L84s,NhsEn4L,NGZxnJM,yVvM,cJvF,FzaX,FonmS85,oslk,PC0a_vf,LM8l689qOp,5Acm,RAYp,F2FyR07IdsN7I
0,42,0,0,132,165,56,318.08,15,2548746,0,0.7622303,9,14,0,1895720,0,182583.9,15,0,16,24,240792.8,165,60,0,24,4575860,387756,0,0,0,0,8033680,20,0,0,0,_v2rjIKQ76,RO12,taul,1K8T,xgSF,3fI4jEC,Vxu_jOIy4u,da5V,9_Y1,7WNq,sJzTlal,IYzP,me75fM6ugJ,kIsH,uKAI,L84s,NhsEn4L,NGZxnJM,Q_Iv,UYBR,FzaX,pHXYlW4,oslk,wYv2Oqu,LM8l689qOp,WqMG,RAYp,F2FyR07IdsN7I
0,441,7,2636,56,70,24,66.88,0,0,0,3.0188,9,142,28,110240,0,3903.81,0,0,32,48,-1879704,225,0,20124,0,22675,13814,845,0,0,25830,100888,10,0,0,0,npOBcmzkzH,2Knk1KF,taul,1K8T,tXti,GUg88LT,bGUqwlz,wDlb,9_Y1,WGOH,VpdQ,IYzP,me75fM6ugJ,kIsH,uKAI,Mtgm,XfqtO3UdzaXh_,XTbPUYD,bwDU,cJvF,FzaX,AuG6jyF,oslk,64B7j0h,LM8l689qOp,Qcbd,RAYp,55YFVY9
0,427,0,0,72,90,32,286.96,0,5661366,0,2.843623,9,26,0,0,0,243927,10,0,8,0,28653.56,435,36,0,0,4215365,1295100,0,0,9,0,10370360,12,0,0,0,CEaWq69cTy,RO12,taul,1K8T,487l,jwhtMxl,QwfOXKnXeN,nyZz,9_Y1,RVjC,VpdQ,zm5i,me75fM6ugJ,kIsH,uKAI,L84s,NhsEn4L,mAjAVZm,bru6,UYBR,FzaX,fabLnWA,oslk,EPqQcw6,LM8l689qOp,FSa2,RAYp,F2FyR07IdsN7I
0,539,7,48,328,410,120,220.48,0,1597746,0,2.871822,9,36,14,127328,0,48471.6,50,14,96,24,635820,650,234,513,0,219435,454112,50,0,18,279090,3043564,16,609384,0,0,86ct0Gdncc,RO12,taul,1K8T,4fje,VmNCzkM,X_doaYZ38G,WOzZ,9_Y1,cyKH,sJzTlal,IYzP,me75fM6ugJ,kIsH,g5HH,L84s,NhsEn4L,TDc4Td_,UFjB,cJvF,FzaX,lHHoOXS,oslk,3L2Mnus,LM8l689qOp,me1d,RAYp,F2FyR07IdsN7I
0,462,7,12,112,140,16,99.68,0,0,0,2.314036,18,152,0,12656,0,1405.683,0,0,0,32,-7640.44,560,0,62784,0,44990,4774,100,0,9,0,51868,44,0,0,0,75lr4RXktW,2Knk1KF,taul,1K8T,sj_R,d4zgFRq,8nstQ62E0C,CG3F,9_Y1,jakt,VpdQ,hAFG,me75fM6ugJ,kIsH,uKAI,L84s,XfqtO3UdzaXh_,XTbPUYD,mCwI,cJvF,qxDb,A8TOw16,oslk,dINEKx8,LM8l689qOp,7FJQ,RAYp,55YFVY9
0,1260,7,148,132,165,72,166.56,0,0,0,1.834651,9,168,0,144576,0,4021.23,0,12,48,72,10804.44,485,0,2790,0,56535,24202,550,0,9,39249,206020,18,60150,0,0,avkq9ayfAo,2Knk1KF,taul,1K8T,JLbT,z8FO0dd,nJy8d8N5V7yiy,y14C,9_Y1,QBpP,VpdQ,haYg,me75fM6ugJ,kIsH,uKAI,L84s,XfqtO3UdzaXh_,_JdcICD,f0K1,UYBR,FzaX,ZoXfR8o,oslk,IKPOtEt,LM8l689qOp,7P5s,RAYp,TCU50_Yjmm6GIBZ0lL_
0,581,7,144,132,165,24,268.16,0,5227266,0,6.142918,9,30,7,2534432,0,230281.8,10,4,32,32,114068.4,515,66,828,0,4356055,475206,105,0,0,554407,10454520,22,950412,0,0,DHegUHXZeb,RO12,taul,1K8T,pE9z,MErwv86,_jTP8ioIlJ,3s6t,9_Y1,7JiV,VpdQ,IYzP,me75fM6ugJ,kIsH,uKAI,L84s,NhsEn4L,mAjbk_S,qHpE,cJvF,FzaX,azMfql_,oslk,egEQowC,LM8l689qOp,453m,RAYp,F2FyR07IdsN7I
0,1204,7,128,164,205,24,220.08,0,2353500,0,4.901944,9,32,0,3384272,0,126384.3,15,4,32,40,110309.6,590,60,8829,0,6422750,353454,1395,0,9,604800,10019360,36,173562,0,0,voArjIXt5a,RO12,taul,1K8T,0Xwj,n0tQn2A,P9HTde2,05qY,HLqf,m7JR,VpdQ,IYzP,me75fM6ugJ,sBgB,uKAI,L84s,NhsEn4L,kZJtVhC,HUbS,cJvF,FzaX,Qui18fN,oslk,ep2j7qz,LM8l689qOp,5Acm,RAYp,F2FyR07IdsN7I
0,980,7,416,196,245,24,166.56,0,346644,0,5.035249,9,168,154,1319440,0,12417.81,0,8,48,48,215928.8,830,102,28251,0,1437330,23280,4335,0,18,386057,2200080,38,169260,0,0,hSogUHXZeb,2Knk1KF,taul,1K8T,0Xwj,6oGvcTJ,X9fK9Q1,YbGL,F3hy,fTh6,09_Q,haYg,me75fM6ugJ,kIsH,uKAI,L84s,XfqtO3UdzaXh_,XTbqizz,yZpJ,cJvF,FzaX,MiSOw16,oslk,alU2fT4,jySVZNlOJy,453m,RAYp,TCU50_Yjmm6GIBZ0lL_
0,2037,7,2052,156,195,80,200,0,55584,0,6.161291,9,106,105,433160,0,15599.88,5,8,32,72,-92911.2,585,12,68283,0,265095,66246,995,0,0,0,771388,26,237852,0,0,LDPq9ayfAo,RO12,taul,1K8T,tzKK,lCpbiah,76j2P_OLn0,JIsO,9_Y1,000J,VpdQ,sYC_,me75fM6ugJ,kIsH,uKAI,L84s,NhsEn4L,kq0aHkC,TvhO,cJvF,FzaX,SppOZ4E,oslk,HDq79_c,LM8l689qOp,7P5s,RAYp,F2FyR07IdsN7I
0,1057,7,988,148,185,192,258.8,0,475218,0,2.170049,9,86,35,0,0,154048.8,10,16,40,0,1158464,665,6,19701,0,620295,3326000,5715,0,18,2419200,10369280,4,3710076,0,0,P1WvyxLp3Z,RO12,taul,1K8T,ssAy,8Nsn57c,S85YZxYiez,R3JF,9_Y1,vzJD,09_Q,sYC_,me75fM6ugJ,kIsH,uKAI,L84s,NhsEn4L,beK4AFX,fkwZ,cJvF,FzaX,07m8iqZ,oslk,VjJAgOW,LM8l689qOp,xb3V,RAYp,F2FyR07IdsN7I
0,2191,7,1360,124,155,24,121.76,0,3911436,0,1.78872,18,32,35,2764800,0,113124.3,15,4,32,32,78038,500,48,7776,0,4637565,518400,50,0,9,1209600,10287480,22,770700,0,0,mCGq9ayE15,RO12,taul,1K8T,TyGl,qmXYbuk,zA2IZno2NK,2jWM,9_Y1,kJJ7,VpdQ,zm5i,me75fM6ugJ,kIsH,uKAI,L84s,NhsEn4L,kZJtVhC,NN9L,cJvF,FzaX,hDRv66D,oslk,2JfQ3DB,LM8l689qOp,7P5s,RAYp,F2FyR07IdsN7I
0,35,0,0,32,40,8,616.64,0,0,0,2.761803,9,14,0,5760,0,442.125,0,0,0,40,-974060,40,0,0,0,1545,300,0,0,0,0,4716,4,0,0,0,FoxgUHSK8h,RO12,taul,1K8T,EJC9,r6oXgvp,N4xbMThNdK,qUsF,9_Y1,_xpN,VpdQ,IYzP,me75fM6ugJ,kIsH,uKAI,Mtgm,NhsEn4L,kq0Oeud,8EVF,UYBR,FzaX,8UAYE38,oslk,rJxz_Kt,LM8l689qOp,FSa2,RAYp,F2FyR07IdsN7I
0,721,0,0,160,200,48,253.52,0,5215494,0,3.39671,18,28,0,3730296,0,170366.4,10,0,48,64,192492.8,630,66,0,0,3353490,893170,0,0,9,606088,10502480,26,0,0,0,_v2TmBftjz,RO12,taul,1K8T,487l,F0CcSKu,4Drs0iOPG5,1o7d,9_Y1,Gx0B,sJzTlal,wMei,me75fM6ugJ,kIsH,uKAI,L84s,NhsEn4L,cUQRbBF,wPYF,UYBR,FzaX,Z6VzNJS,oslk,503jKAP,LM8l689qOp,Qu4f,RAYp,F2FyR07IdsN7I
0,1323,14,3524,448,560,144,173.2,0,0,0,6.767785,18,158,49,485408,0,12647.1,0,18,224,328,34347.84,955,0,67770,0,304610,52220,3795,0,9,238231,672756,88,122886,0,0,GcUBcmz45j,2Knk1KF,taul,1K8T,JLbT,GfcdCxx,oiZv97L,eEh1,9_Y1,WGOH,09_Q,hAFG,7M47J5GA0pTYIFxg5uy,kIsH,uKAI,L84s,XfqtO3UdzaXh_,XTbPUYD,8t3L,UYBR,OFWH,0OMmFX7,oslk,41aaI_R,LM8l689qOp,Qcbd,RAYp,TCU50_Yjmm6GIBZ0lL_
0,637,7,0,36,45,16,133.12,0,750,0,3.165776,9,50,0,50168,0,27267.12,0,2,0,8,-178130.4,205,6,2277,0,117605,44990,20,0,0,0,247612,8,56946,0,0,avkq9ayfAo,RO12,taul,1K8T,Rn7z,H9TGiDY,ZkibjLN5VwJ2V,LXwX,9_Y1,vm5R,VpdQ,IYzP,Kxdu,kIsH,uKAI,L84s,FMSzZ91zL2,kq067VR,HXlX,cJvF,FzaX,rSNKYdx,zCkv,O8sb4Lm,LM8l689qOp,7P5s,6fzt,SbOd7O8ky1wGNxp0Arj0Xs
0,1372,7,660,320,400,216,166.56,0,96180,0,6.823328,9,68,0,761184,0,27405.63,10,22,112,80,-3186.284,1180,18,15048,0,2113440,465752,1330,0,0,202797,3336800,54,403542,0,0,u6tWq6edh4,RO12,taul,1K8T,TyGl,VcW4jEC,JlBPeqq,RhgR,9_Y1,_xpN,sJzTlal,IYzP,me75fM6ugJ,kIsH,uKAI,L84s,NhsEn4L,mAja5EA,ePSE,UYBR,FzaX,BV9YlW4,oslk,2fF2Oqu,LM8l689qOp,FSa2,RAYp,F2FyR07IdsN7I
0,560,7,16,88,110,64,200,0,0,0,2.534501,9,80,14,54544,0,7336.29,0,2,0,16,-1953464,170,0,70722,0,177190,8706,705,0,9,0,194092,22,11484,0,0,yaKt0Go8Lb,RO12,taul,1K8T,7gSz,Wtcc5gJ,gX8Soty_wwl_3bh3,5mcQ,9_Y1,rGJy,sJzTlal,hAFG,me75fM6ugJ,kIsH,uKAI,Mtgm,XfqtO3UdzaXh_,11p4mKe,X9PT,UYBR,FzaX,_McRoKG,oslk,pWu6FsY,LM8l689qOp,Qu4f,RAYp,F2FyR07IdsN7I
0,2184,0,0,484,605,248,166.56,0,3586974,0,3.520401,9,44,0,3339632,0,66504.91,35,24,104,72,-303454,1815,66,153,0,2917045,91674,0,0,9,131530,7926120,102,96054,0,0,DQlrEyXXnK,RO12,taul,1K8T,YFAj,LKy47iP,8nstQ62E0C,_21B,9_Y1,SkZj,VpdQ,IYzP,me75fM6ugJ,kIsH,uKAI,L84s,NhsEn4L,mAjbk_S,UQjq,cJvF,FzaX,ZLrmfvd,oslk,khtiNPX,LM8l689qOp,Aoh3,RAYp,F2FyR07IdsN7I
0,735,7,276,124,155,0,266.88,0,29406,0,6.872463,9,40,0,5529600,0,91635.91,0,0,32,64,5314120,505,6,8811,0,9504000,0,2020,0,27,0,10387600,44,0,0,0,1GdOj1KXzC,RO12,taul,1K8T,TyGl,dpLnqNs,76j2P_OLn0,U_8b,9_Y1,jdbz,VpdQ,lVqb,me75fM6ugJ,kIsH,uKAI,L84s,XfqtO3UdzaXh_,11p4mKe,NwRz,UYBR,FzaX,9F7m0jM,oslk,jrbDSFl,LM8l689qOp,kwS7,RAYp,F2FyR07IdsN7I
0,945,7,1324,148,185,136,166.56,0,531864,0,6.871609,9,54,112,942088,0,35946.3,0,10,32,24,226845.2,455,24,87570,0,1202115,313248,2720,0,9,824327,2862908,16,673650,0,0,HrWq9aXt5a,RO12,taul,1K8T,TyGl,pt5nqNs,MV4DUjA,RKPY,9_Y1,6TCl,VpdQ,giwq,me75fM6ugJ,kIsH,uKAI,L84s,NhsEn4L,TDceha3,8NE6,UYBR,FzaX,1Fqm0jM,oslk,6NrDSFl,LM8l689qOp,uWr3,RAYp,F2FyR07IdsN7I
0,315,0,0,128,160,8,252.64,0,4019094,0,4.604999,9,18,0,3456000,0,135768.9,10,0,24,40,23133,565,54,0,0,5704950,14506,0,0,9,1209600,9691560,30,0,0,0,9rAq9at_88,RO12,taul,1K8T,4fje,IfKEQZy,oRauSoq,i6Ct,9_Y1,KfYH,VpdQ,hAFG,me75fM6ugJ,kIsH,g5HH,L84s,XfqtO3UdzaXh_,mAjGvmL,ltFT,cJvF,FzaX,bDIDFjT,oslk,gsLzpoz,LM8l689qOp,me1d,RAYp,F2FyR07IdsN7I
0,1050,7,3672,192,240,56,273.6,0,0,0,1.567827,9,108,196,597440,9,21512.88,0,4,32,80,-667704,685,0,14535,32,584190,42534,330,0,0,0,859712,58,12858,0,7,1nlTmBtueT,2Knk1KF,taul,1K8T,2Ix5,au1CPws,zA2IZno2NK,g9Vj,9_Y1,c2JP,VpdQ,sYC_,me75fM6ugJ,kIsH,uKAI,L84s,NhsEn4L,kq0aHkC,IzZE,cJvF,FzaX,_PxY_02,oslk,r7xOEra,LM8l689qOp,rgKb,RAYp,55YFVY9
0,1148,7,2612,176,220,72,133.12,0,21966,0,0.8998077,9,150,49,141344,0,12535.26,10,6,48,48,-268683.6,815,24,66069,0,539025,63358,3815,0,27,207004,775056,40,185118,0,0,Qu0TmBQZiT,2Knk1KF,taul,1K8T,JLbT,Q9Rq8UC,FoJylxy,wzsU,9_Y1,TjV7,VpdQ,haYg,me75fM6ugJ,kIsH,uKAI,L84s,XfqtO3UdzaXh_,XTbqizz,5qYB,UYBR,FzaX,NRwYlW4,oslk,zwFAGfT,LM8l689qOp,FSa2,RAYp,55YFVY9
0,14,0,0,56,70,24,283.36,0,118938,0,0.2305063,9,12,0,1382400,0,171703.5,0,0,8,16,-638860,70,6,0,8,2991740,20624,0,0,0,0,3205132,16,0,0,7,Qu0qrQKzJV,RO12,taul,1K8T,TyGl,MPSMkpB,3s_klZQyvF,vhRN,9_Y1,15m3,sJzTlal,IYzP,me75fM6ugJ,kIsH,uKAI,L84s,NhsEn4L,kZJtVhC,kaQP,UYBR,qxDb,ezqvEWW,oslk,f1AO_7b,LM8l689qOp,FSa2,RAYp,F2FyR07IdsN7I
0,308,0,0,24,30,8,233.2,0,0,0,6.611622,18,22,0,0,0,254398.5,0,2,0,0,-298588.8,290,0,0,0,9503250,329044,0,0,9,0,9931320,8,2505930,0,0,Yn7t0Go8Lb,RO12,taul,1K8T,g6No,H9Tg2A0,ELRUn57,t7tD,9_Y1,rGJy,VpdQ,zm5i,me75fM6ugJ,kIsH,uKAI,Mtgm,NhsEn4L,uZLuNea,XZu1,UYBR,FzaX,stpv4zN,oslk,YE7zrB7,LM8l689qOp,Qu4f,RAYp,F2FyR07IdsN7I
0,1540,14,180,244,305,176,220.08,0,1992834,0,1.272591,18,58,0,944480,0,48503.1,20,14,48,88,-153071.6,780,42,1548,0,463480,370938,125,0,0,566552,3943340,20,626448,0,0,DHegUHXZeb,RO12,taul,1K8T,7ALb,3pg460p,NKax3On,xYU6,9_Y1,STGZ,VpdQ,sYC_,me75fM6ugJ,kIsH,uKAI,L84s,NhsEn4L,kq0n8Bj,j9kV,UYBR,FzaX,Qf2vbB7,oslk,jZZjeOa,LM8l689qOp,453m,RAYp,F2FyR07IdsN7I
0,728,7,856,24,30,0,289.28,0,10886400,0,6.239265,27,86,35,454016,0,186955.8,0,2,8,8,-11446.16,280,18,18567,0,478070,0,130,0,45,0,7921560,2,81732,0,0,vAsTmBfHUn,RO12,taul,1K8T,JLbT,0ufARMl,P9HTde2,tTqs,9_Y1,Gx0B,09_Q,haYg,me75fM6ugJ,kIsH,uKAI,L84s,XfqtO3UdzaXh_,11p4mKe,zEFr,UYBR,AU8pNoi,4UxoLzk,oslk,FX15_cM,LM8l689qOp,Qu4f,RAYp,F2FyR07IdsN7I
0,1316,7,936,176,220,64,200,0,25386,0,5.007477,18,196,98,743096,0,22635.45,0,4,48,80,-305052,830,6,1170,0,987225,58950,275,0,18,33201,1299540,46,5082,0,0,mzKvyx8zhV,bYmQ4nc,taul,1K8T,Guv5,fhk21Ss,hchOtTihZIxiF,XeWN,9_Y1,MBhA,VpdQ,y6dw,7M47J5GA0pTYIFxg5uy,kIsH,uKAI,Mtgm,4kVnq_T26xq1p,11pL0mp,UPjY,UYBR,FzaX,4UxGlow,zCkv,catzS2D,LM8l689qOp,WqMG,ZI9m,ib5G6X1eUxUn6
0,2282,7,20,132,165,8,20.08,0,8563320,0,3.868831,18,56,0,1382400,0,116400.9,35,0,32,16,240450.4,585,102,18378,8,2101835,5460,60,0,18,0,10511680,12,0,0,7,75lr4RXktW,RO12,taul,1K8T,TyGl,mLYOTMK,00J8E9a,zZ9V,9_Y1,Albh,VpdQ,haYg,me75fM6ugJ,kIsH,uKAI,L84s,XfqtO3UdzaXh_,11p4mKe,ReRb,cJvF,FzaX,8_r18fN,oslk,6ZOocsg,LM8l689qOp,Xa3G,RAYp,F2FyR07IdsN7I
0,595,7,48,148,185,32,286.96,0,5251674,0,3.106387,9,30,7,1900848,0,218564.7,25,4,40,24,101627.2,545,72,92385,0,3443735,633616,715,0,0,554414,10691400,22,950424,0,0,vAsvyx7ejg,RO12,taul,1K8T,lK27,jlzcpQc,bC2ThpsgtXBYo,tyay,9_Y1,f4dr,09_Q,IYzP,me75fM6ugJ,kIsH,uKAI,L84s,NhsEn4L,mAjbk_S,FaHP,UYBR,FzaX,OgVfql_,oslk,BXGzrB7,LM8l689qOp,szEZ,RAYp,F2FyR07IdsN7I
0,917,7,132,148,185,64,262.48,0,3962184,0,0.241615,9,70,126,1900848,0,193042.5,25,2,40,24,294188,545,54,2538,0,3172690,1219028,240,0,9,554414,10468920,22,475212,0,0,qFpmfo8zhV,RO12,taul,1K8T,JLbT,9GJGgoz,CdPgMY1Z52,V3ru,9_Y1,_48V,VpdQ,43pnToF,Kxdu,kIsH,uKAI,L84s,FMSzZ91zL2,y5FemRG,yuDQ,cJvF,FzaX,Tvpip6Z,zCkv,hHJsvbM,LM8l689qOp,3Cy4,6fzt,SbOd7O8ky1wGNxp0Arj0Xs
0,1001,7,224,132,165,64,186.64,5,4702650,0,5.842341,9,64,98,57392,0,192173.7,15,6,40,24,-252652.8,540,60,87516,8,195520,961378,2785,0,0,0,7185080,12,1555200,0,0,py5gUH7ejg,RO12,taul,1K8T,dm89,tc74lx4,9YuYZx0Xsm,s637,9_Y1,m_h1,VpdQ,IYzP,me75fM6ugJ,kIsH,uKAI,L84s,NhsEn4L,mAja5EA,LxDU,cJvF,FzaX,EncOVQC,oslk,8AGQQMs,LM8l689qOp,WqMG,RAYp,F2FyR07IdsN7I
0,777,7,3724,108,135,32,331.04,0,41892,0,5.749626,9,154,84,51000,0,10732.5,30,6,40,40,25903.72,740,18,102087,0,80015,82168,55,0,9,0,338984,12,13152,0,0,M5vt0Gdc_a,2Knk1KF,taul,1K8T,lK27,x8bPoJV,kULuPSHIm3,9xzW,9_Y1,cyKH,VpdQ,lVqb,me75fM6ugJ,kIsH,g5HH,L84s,XfqtO3UdzaXh_,_JdcICD,t3be,cJvF,FzaX,Ik20nTz,oslk,DNvRusu,LM8l689qOp,me1d,RAYp,TCU50_Yjmm6GIBZ0lL_
0,833,28,92,124,155,136,133.12,0,0,0,5.56975,36,72,7,1811048,0,61986.6,0,8,40,64,-51511.6,450,0,3519,0,225500,268322,75,0,0,409388,1845048,4,333720,0,0,m9SrEy7Rm6,RO12,taul,1K8T,IvdZ,M0FFFda,TP5upuVUHIwLuWf8pjH,NDoX,9_Y1,X8zP,VpdQ,IYzP,me75fM6ugJ,kIsH,uKAI,L84s,NhsEn4L,TDceha3,6er3,cJvF,FzaX,Zno88FJ,oslk,nyX2C8o,jySVZNlOJy,Aoh3,RAYp,F2FyR07IdsN7I
0,1197,7,7728,380,475,56,285.28,0,3329124,0,1.548173,27,80,14,1930248,0,148784.7,80,16,128,48,621728,1035,264,351,0,5103150,159326,1295,0,18,1038919,9418080,28,785538,0,0,1qmgUHEuty,RO12,taul,1K8T,0aHy,dDKMhNR,NW71mrodGH,ycAW,9_Y1,em8I,VpdQ,6JmL,me75fM6ugJ,kIsH,g5HH,L84s,XfqtO3UdzaXh_,11p4mKe,Ijs4,cJvF,FzaX,gSt93Yc,oslk,iYrwEWL,jySVZNlOJy,me1d,RAYp,F2FyR07IdsN7I
0,546,7,2888,148,185,152,220.08,0,570234,0,2.723777,9,92,112,1049944,0,55072.5,0,10,32,40,113899.2,500,18,10674,0,576585,612120,75,0,36,599543,2868292,10,416484,0,0,xOXr4RXktW,RO12,taul,1K8T,0Y9G,4M5uMXJ,glRbITbnHQ,S0AX,9_Y1,5euo,VpdQ,hAFG,me75fM6ugJ,kIsH,uKAI,L84s,XfqtO3UdzaXh_,XTbPUYD,qZh0,UYBR,FzaX,IvCOZ4E,oslk,FjXRDbC,LM8l689qOp,7FJQ,RAYp,F2FyR07IdsN7I
0,1008,21,2800,124,155,56,166.56,0,2671674,0,0.5881222,27,60,70,1033752,6,64651.8,0,6,24,24,339737.2,680,6,17514,24,3355645,236662,17470,0,0,802214,5934240,34,717612,0,7,1nlTmBtueT,RO12,taul,1K8T,PbOJ,jfP4Shd,zxarPvc,NzyG,9_Y1,c2JP,sJzTlal,IYzP,me75fM6ugJ,kIsH,uKAI,L84s,NhsEn4L,TDcECyH,fzrR,cJvF,FzaX,yBuQKBt,oslk,XQvKSaP,LM8l689qOp,rgKb,RAYp,F2FyR07IdsN7I
0,371,0,0,56,70,24,198.08,0,0,0,0.7833796,9,28,0,0,0,4624.68,0,6,24,0,38419.84,360,0,0,0,77640,9708,0,0,9,0,124540,16,64518,0,0,1YVvyx7IEC,RO12,taul,1K8T,hM6W,x3IebWM,II0S8f9,AjnJ,9_Y1,xSqs,VpdQ,43pnToF,DHn_WUyBhW_whjA88g9bvA64_,kIsH,uKAI,L84s,CrNX,NGZ_12K,7bqF,UYBR,FzaX,snhBCuo,d0EEeJi,4EXY9dP,LM8l689qOp,szEZ,nIGXDli,F2FyR07IdsN7I
0,833,7,3096,156,195,8,253.52,0,2114160,0,0.497116,9,122,399,4620040,0,209437.2,10,2,32,56,154981.2,580,30,319068,0,7751900,87530,3260,0,36,0,10829120,46,62844,0,0,1YVvyx7IEC,2Knk1KF,taul,1K8T,FgS1,cYcsKl9,26ys3iG1yb,Ge28,9_Y1,RcM7,VpdQ,6JmL,me75fM6ugJ,kIsH,uKAI,L84s,XfqtO3UdzaXh_,XTbPUYD,6Qtk,cJvF,FzaX,sx5j5jp,oslk,BUAwEWL,LM8l689qOp,szEZ,RAYp,55YFVY9
0,161,0,0,56,70,8,186.64,0,3171594,0,5.679342,18,20,0,1040,0,240987.3,15,0,16,8,79342,375,36,0,0,5493500,247668,0,0,9,910,7819480,6,0,0,0,vAsTmBfHUn,RO12,taul,1K8T,LFM_,oInR0xd,i34G2jb,yslf,9_Y1,Z5OU,VpdQ,zm5i,DHn_WUyBhW_whjA88g9bvA64_,kIsH,uKAI,L84s,PWD40mS,kZJDcQU,vF2x,cJvF,FzaX,PtLj2Rv,Al6ZaUT,LJOsrs0,LM8l689qOp,Qu4f,02N6s8f,F2FyR07IdsN7I
0,343,0,0,124,155,56,200,0,30696,0,0.8763084,9,112,0,31680,0,2796.999,10,12,24,56,-1095.428,360,54,10395,0,0,8888,0,0,9,9583,77628,0,30960,0,0,Iskvyx875g,2Knk1KF,taul,1K8T,487l,w7CdCxx,76j2P_OLn0,JM2c,9_Y1,MBhA,VpdQ,sYC_,me75fM6ugJ,kIsH,uKAI,L84s,NhsEn4L,cUQBu6y,5smi,UYBR,AU8_WTd,VBuAAox,oslk,smo7DIf,jySVZNlOJy,WqMG,RAYp,55YFVY9
0,1106,7,2112,252,315,232,291.2,0,353388,0,5.056398,27,152,196,159200,9,11214.15,10,18,48,40,-901692,930,66,55071,40,31770,218190,270,0,18,37625,932680,14,191112,0,14,BQa9tYsdof,2Knk1KF,taul,1K8T,D68y,_A3lbGp,wXYgzHf,I4A8,9_Y1,YULl,VpdQ,haYg,me75fM6ugJ,kIsH,uKAI,Mtgm,XfqtO3UdzaXh_,XTbPUYD,ZxXI,UYBR,FzaX,ErGY_02,oslk,a4oQQMs,LM8l689qOp,FSa2,RAYp,TCU50_Yjmm6GIBZ0lL_
0,749,7,188,84,105,56,114.32,0,6436920,9,2.377911,9,30,35,1283752,0,128690.1,0,2,16,32,-97036.4,520,30,34821,8,1702775,1128842,1645,0,18,2452604,9377880,8,1237242,0,0,tr0gUH7ejg,RO12,taul,1K8T,lK27,7UBxJVj,glRBFJT8NN,gdpa,9_Y1,DmlN,VpdQ,IYzP,me75fM6ugJ,kIsH,uKAI,L84s,NhsEn4L,cUQss53,T7F9lGb,cJvF,qxDb,07mmflk,oslk,NNyRUH6,LM8l689qOp,w_Ub,RAYp,F2FyR07IdsN7I
0,1624,21,692,252,315,168,99.92,0,129948,0,0.7934202,36,120,21,111200,0,3701.34,0,20,96,88,-31360,1245,78,37566,0,29585,42422,525,0,0,0,292824,16,63120,0,0,dRavyx7ejg,2Knk1KF,taul,1K8T,TyGl,60sg0bq,e1XhvTunuD,kKp4,9_Y1,YGOC,VpdQ,IYzP,me75fM6ugJ,kIsH,uKAI,L84s,XfqtO3UdzaXh_,11p4mKe,SMDf,UYBR,Lmli,ooBv48t,oslk,wtiz4Af,LM8l689qOp,szEZ,RAYp,55YFVY9
0,1358,7,1372,556,695,200,233.44,0,353028,0,3.55501,27,160,35,526664,0,73348.5,45,36,112,120,-1136808,995,54,12690,0,1853580,202004,6595,0,27,141190,2933284,126,288444,0,0,Iskvyx875g,g62hiBSaKg,taul,1K8T,lK27,fhk21Ss,YKgs2B0Igg,vIoF,9_Y1,QMes,VpdQ,haYg,7M47J5GA0pTYIFxg5uy,kIsH,uKAI,L84s,UbxQ8lZ,CWNR4Vi,OJkH,UYBR,FzaX,4UxGlow,Al6ZaUT,catzS2D,LM8l689qOp,WqMG,ZI9m,ib5G6X1eUxUn6
0,2604,7,2704,192,240,144,133.12,0,1059798,0,0.7030549,9,148,238,623848,0,20224.05,35,10,96,72,517856,815,30,91782,0,295520,305328,9040,0,9,61663,4063800,8,286224,0,0,V8lt0G8rTN,2Knk1KF,taul,1K8T,YmZp,EQsMhNR,hOpMh7dRpW,2kDj,9_Y1,e7QV,09_Q,hAFG,me75fM6ugJ,kIsH,uKAI,L84s,XfqtO3UdzaXh_,11p4mKe,54Ak,UYBR,FzaX,KVX8iqZ,oslk,3A8Rt2K,LM8l689qOp,fKCe,RAYp,55YFVY9
0,812,7,2324,132,165,88,253.52,0,816504,0,0.9188208,9,130,63,2764800,0,222776.4,5,6,32,32,156209.2,520,18,7326,0,4342060,1900800,45,0,36,1563723,10441160,22,1340334,0,0,S8dr4RQxul,2Knk1KF,taul,1K8T,TyGl,PTPXtaU,J3fgbi2,OKKG,9_Y1,z5Ry,VpdQ,6JmL,me75fM6ugJ,kIsH,uKAI,L84s,XfqtO3UdzaXh_,XTbPUYD,xq8c,UYBR,FzaX,NlJY_02,oslk,_p6zgmc,LM8l689qOp,FSa2,RAYp,55YFVY9
0,1204,7,972,128,160,24,189.6,0,50610,0,6.115146,9,106,0,762784,0,10672.53,5,6,72,128,-68601.6,475,18,7200,0,59845,29582,290,0,9,86478,538504,12,17802,0,0,bZkvyxLkBI,2Knk1KF,taul,1K8T,2Ix5,Ml6pXKQ,J3fgbi2,ziey,9_Y1,_r21,VpdQ,haYg,me75fM6ugJ,kIsH,uKAI,L84s,XfqtO3UdzaXh_,11p4mKe,iNnW,cJvF,FzaX,Y2C68SY,oslk,RJNqhZX,LM8l689qOp,xb3V,RAYp,55YFVY9
0,84,0,0,200,250,40,290.08,0,3825018,0,4.614826,9,18,0,2108040,0,136149.9,25,2,32,32,174478.8,365,60,0,0,4364805,586006,0,0,9,554435,10168840,50,475230,0,0,eOQt0GoOh3,RO12,taul,1K8T,TyGl,rsmctTK,glRBFJT8NN,w94Q,9_Y1,t_4G,VpdQ,zm5i,me75fM6ugJ,kIsH,uKAI,Mtgm,NhsEn4L,NGZxnJM,myLB,cJvF,FzaX,Kgofc8E,oslk,S46Rt72,LM8l689qOp,Qu4f,RAYp,F2FyR07IdsN7I
0,2429,21,944,524,655,272,220.08,0,1991592,0,2.084384,27,42,105,1171728,0,38471.1,20,32,88,96,-464120,1405,48,24660,0,1994200,452342,5910,0,18,246491,5152120,114,600930,0,0,AhzOj17IEC,eSGpMwS8zSGgq_trOpckZ5,taul,1K8T,TIPl,NldASpP,_UtlxbJ,Ex8V,9_Y1,eQTr,VpdQ,43pnToF,DHn_WUyBhW_whjA88g9bvA64_,kIsH,uKAI,L84s,UbxQ8lZ,y5FPsys,9rxm,cJvF,FzaX,JFM1BiF,Al6ZaUT,NKv4yOc,LM8l689qOp,7aLG,02N6s8f,R4y5gQQWY8OodqDV
0,1428,7,12,436,545,72,288.8,0,4780170,0,0.3798334,9,30,0,926224,0,69986.09,20,6,504,488,-230745.2,1265,84,7029,0,2631030,203246,265,0,0,132510,6734200,36,199572,0,0,1KSqrQK2Mx,RO12,taul,1K8T,AnrR,7XmCQHY,EXpWEXgaYpMJ7,hAK3,9_Y1,15m3,VpdQ,IYzP,me75fM6ugJ,kIsH,uKAI,L84s,NhsEn4L,NGZXfGp,Aet7,UYBR,FzaX,pU93slO,oslk,1ZpjKAP,LM8l689qOp,FSa2,RAYp,F2FyR07IdsN7I
0,1078,7,2548,184,230,24,356.24,0,9447720,0,6.675283,9,84,28,1062944,0,137475,40,2,48,64,121623.2,685,120,19908,0,656985,248398,375,0,36,202692,10524920,12,132810,0,0,TfiBcmzkzH,LrdVolaSGUfkVeWC,taul,1K8T,lK27,RPKu5tB,ilrY4YM,21LC,9_Y1,yrDU,sJzTlal,CoYW,me75fM6ugJ,kIsH,uKAI,L84s,XfqtO3UdzaXh_,OFq9NeO,VXju,cJvF,FzaX,WdP1WU5,oslk,05j67Xw,LM8l689qOp,Qcbd,RAYp,R4y5gQQWY8OodqDV
0,728,7,4,108,135,40,166.56,0,5302926,0,6.25721,9,134,0,2073600,0,188308.8,25,2,40,24,45060.8,460,66,1386,0,52520,419234,40,0,9,0,7356080,4,421734,0,0,P1WvyxLp3Z,2Knk1KF,taul,1K8T,ssAy,jF6Moat,o64y9zI,eess,9_Y1,vzJD,VpdQ,wMei,me75fM6ugJ,kIsH,uKAI,L84s,h0lfDKh52u4GP,IoI4mKe,dBti,UYBR,FzaX,LwG8XLE,oslk,_XSRDbC,LM8l689qOp,xb3V,RAYp,55YFVY9
0,735,7,16,160,200,64,253.52,0,4526040,0,4.187353,9,34,0,2412064,0,211609.5,20,4,32,40,74612.4,595,72,47025,0,2216525,1267262,300,0,9,0,10432040,18,950448,0,0,zcROj1KVEH,RO12,taul,1K8T,ZNsX,2aYMQeW,UFIdC8I,hXQA,9_Y1,jdbz,VpdQ,zm5i,DHn_WUyBhW_whjA88g9bvA64_,kIsH,uKAI,L84s,CrNX,jawspbU,vtcT,cJvF,FzaX,6VJ7k0_,d0EEeJi,aLp7nTQ,LM8l689qOp,kwS7,nIGXDli,F2FyR07IdsN7I
0,49,0,0,108,135,144,166.56,0,0,0,4.626362,9,14,0,52992,0,4930.77,0,8,32,8,24853.28,365,0,0,0,36470,165714,0,0,0,62874,412324,8,37836,0,0,puvq9aX0Db,RO12,taul,1K8T,487l,ryQJDqx,8xqsKsAwUv,lOcC,9_Y1,Y9Bl,09_Q,IYzP,me75fM6ugJ,kIsH,uKAI,L84s,NhsEn4L,mAja5EA,604y,UYBR,FzaX,tCbv48t,oslk,Exf7DIf,LM8l689qOp,uWr3,RAYp,F2FyR07IdsN7I
0,1855,7,2716,84,105,32,144.96,0,2539170,0,6.161077,9,130,21,2424664,9,93894.3,10,0,32,40,135149.6,2130,36,37881,32,1515360,626996,30,0,18,554428,10209800,8,0,0,7,75lTmBtFkL,LrdZy8QqgUfkVShG,taul,1K8T,AnrR,fhk21Ss,_jTP8ioIlJ,laA9,9_Y1,c2JP,VpdQ,haYg,7M47J5GA0pTYIFxg5uy,kIsH,uKAI,L84s,4kVnq_T26xq1p,kZJy9Cq,2T9V,cJvF,AU8pNoi,4UxGlow,zCkv,catzS2D,LM8l689qOp,rgKb,ZI9m,ib5G6X1eUxUn6
0,119,0,0,152,190,136,260.96,0,18,0,2.279427,9,12,0,146912,0,3462.72,20,2,56,96,-9387.56,190,6,0,8,14295,35288,0,0,0,102697,175444,6,14568,0,7,1JGr4RKzJV,RO12,taul,1K8T,JLbT,vfNGyn_,jzURkmM,NXA4,9_Y1,DtNL,VpdQ,IYzP,me75fM6ugJ,kIsH,uKAI,L84s,NhsEn4L,mAja5EA,krHX,UYBR,FzaX,Xei0nTz,oslk,4sF7qqc,LM8l689qOp,FSa2,RAYp,F2FyR07IdsN7I
0,833,7,96,152,190,48,220.08,0,5433960,0,0.994232,9,40,14,452232,0,217623,40,2,48,8,93645.6,545,78,1566,0,2789320,548060,485,0,9,0,9605080,18,518400,0,0,4bwt0GoOh3,RO12,taul,1K8T,7gSz,PccnqNs,glRbITbnHQ,Xom4,9_Y1,Z5OU,VpdQ,zm5i,me75fM6ugJ,kIsH,uKAI,Mtgm,NhsEn4L,NGZXfGp,CbrY,cJvF,FzaX,aoBA1m8,oslk,6iNOEra,LM8l689qOp,Qu4f,RAYp,F2FyR07IdsN7I
0,938,21,3212,244,305,64,220.08,25,2916564,0,4.672933,36,118,315,4147200,0,169737,10,0,32,48,71375.6,990,48,14895,40,6597700,107096,2800,0,27,1814400,10201520,74,0,0,0,_v2gUHXZeb,2Knk1KF,taul,1K8T,JLbT,bSjN8e1,_03xtaMIkk68B,4P5r,9_Y1,LqKm,VpdQ,sYC_,me75fM6ugJ,kIsH,uKAI,Mtgm,NhsEn4L,teAyFc5,kE86,cJvF,FzaX,ZN3zNJS,oslk,DrAaKr9,LM8l689qOp,453m,RAYp,55YFVY9
0,602,0,0,112,140,48,257.2,0,7776000,0,6.323435,18,28,0,0,0,190642.2,25,4,24,0,69019.2,520,90,0,0,0,1036800,0,0,18,0,9676800,0,1036800,0,0,xddq9ayfAo,RO12,taul,1K8T,LZs_,jCeGyn_,n2YfB05aPZ,QAcM,9_Y1,000J,09_Q,IYzP,me75fM6ugJ,kIsH,uKAI,L84s,NhsEn4L,mAjbQbU,jf6k,cJvF,FzaX,tCbv66D,oslk,bcU6icy,LM8l689qOp,7P5s,RAYp,F2FyR07IdsN7I
0,917,7,3088,156,195,48,255.36,0,6067800,0,1.76458,18,80,112,3408160,0,144718.2,15,2,32,48,216560.8,615,78,26856,0,2013250,950426,1855,0,9,0,10527960,20,475212,0,0,dRagUHXM47,RO12,taul,1K8T,pE9z,VcWp_2L,iuanuma7LI,0G18,9_Y1,fTh6,VpdQ,haYg,7M47J5GA0pTYIFxg5uy,kIsH,uKAI,L84s,fnfcPDe,_JdiVIu,ejnV,cJvF,FzaX,dBlJbH2,QKW8DRm,Z2_IPGf,jySVZNlOJy,453m,vJ_w8kB,WfJ2BB2SFSqauljlfOB
0,4144,14,7116,144,180,32,253.52,0,5291826,0,6.570178,27,134,224,1468432,0,37470,20,8,56,24,67218,1290,72,19332,0,3888000,691200,3510,0,18,604800,10541640,18,606516,0,0,lAFr4RQZiT,2Knk1KF,taul,1K8T,PGNs,fhk21Ss,DKUDUftgA7,qLkx,9_Y1,z5Ry,VpdQ,sYC_,7M47J5GA0pTYIFxg5uy,kIsH,uKAI,L84s,NhsEn4L,beK4AFX,ZWZt,UYBR,FzaX,4UxGlow,oslk,catzS2D,LM8l689qOp,FSa2,ZI9m,55YFVY9
0,2261,21,3596,468,585,192,211.92,0,3943152,0,4.3025,36,116,14,4997728,0,87478.8,100,22,240,96,140287.6,2605,186,9837,0,5660850,218690,665,0,9,43029,10634120,38,312774,0,0,P1WvyxLp3Z,2Knk1KF,taul,1K8T,Xa_z,gLjbxgw,Ye6oaY3Yeg,jYtK,9_Y1,vzJD,09_Q,sYC_,me75fM6ugJ,kIsH,uKAI,L84s,NhsEn4L,beK4AFX,tILm,cJvF,FzaX,qcEoI0_,oslk,fXLavGi,M_8D,xb3V,RAYp,55YFVY9
0,693,14,3496,16,20,0,253.2,5,1170282,0,6.575305,27,158,21,0,0,202698.6,0,0,0,0,-373898.4,285,6,93465,8,9072000,0,1815,0,18,0,8037800,6,0,0,0,1YVvyx7IEC,AERks4l,taul,1K8T,SzjZ,fhk21Ss,nQUBcBcErl,tyQn,9_Y1,RcM7,VpdQ,wMei,7M47J5GA0pTYIFxg5uy,kIsH,uKAI,L84s,9fipLB8rlL,IoIfPEr,ZmtI,UYBR,FzaX,4UxGlow,zCkv,catzS2D,LM8l689qOp,szEZ,ZI9m,ib5G6X1eUxUn6
0,609,0,0,128,160,64,266.88,0,5184000,0,3.761162,27,22,0,2074224,0,150837.6,15,8,32,32,42531.2,635,60,0,0,629895,1382400,0,0,9,0,10097760,6,2073600,0,0,vAsvyx7ejg,RO12,taul,1K8T,TyGl,60sg0bq,ARvzJXx,kKp4,9_Y1,YGOC,VpdQ,zm5i,me75fM6ugJ,kIsH,uKAI,Mtgm,NhsEn4L,kZJyVg2,SMDf,UYBR,FzaX,ooBv48t,oslk,wtiz4Af,LM8l689qOp,szEZ,RAYp,F2FyR07IdsN7I
0,665,14,84,128,160,0,200,0,11330280,0,3.657338,18,34,245,0,0,209968.2,45,0,32,0,200926,445,132,3708,0,17500,0,115,0,9,0,10677920,2,0,0,0,1GdOj17ejg,RO12,taul,1K8T,TyGl,NFUOC71,0DIU6wSVfPOnxAZs,IXTB,9_Y1,iVbl,VpdQ,zm5i,DHn_WUyBhW_whjA88g9bvA64_,kIsH,uKAI,L84s,CrNX,uZLj9VB,fpcf,cJvF,FzaX,UF11s8_,d0EEeJi,8Ejtcip,jySVZNlOJy,7aLG,nIGXDli,F2FyR07IdsN7I
0,1708,7,24,264,330,224,166.56,0,12882,0,3.478744,9,48,0,136024,0,2876.97,0,16,96,112,-42015.6,610,12,1683,0,77505,61474,5,0,9,104559,309476,28,71886,0,0,mzKvyx8zhV,RO12,taul,1K8T,lK27,6HL7qwL,MSmOHlx,FAsf,9_Y1,fTh6,09_Q,IYzP,me75fM6ugJ,kIsH,uKAI,L84s,NhsEn4L,mAjbk_S,8d2Q,cJvF,FzaX,R4hmHfO,oslk,9HlNxGX,LM8l689qOp,453m,RAYp,F2FyR07IdsN7I
0,609,7,36,128,160,40,166.56,0,0,0,5.236274,18,178,0,97872,0,4535.46,0,4,24,40,14363,385,0,60210,0,235330,9920,115,0,18,71008,266556,40,14274,0,0,75lTmBtFkL,AERks4l,taul,1K8T,0Xwj,fhk21Ss,hOpRIhsUSP,AYyz,HLqf,47ra,VpdQ,y6dw,7M47J5GA0pTYIFxg5uy,sBgB,uKAI,L84s,a3CcPDe,CWNLnTo,49R1,cJvF,FzaX,4UxGlow,QKW8DRm,catzS2D,LM8l689qOp,rgKb,ZI9m,ib5G6X1eUxUn6
0,2268,14,1116,576,720,280,166.56,0,0,0,0.9581286,18,84,665,134312,0,2532.309,5,30,136,216,-17647.72,2090,0,2556,0,246525,61168,470,0,18,34881,417496,132,43338,0,0,crIgUHSK8h,RO12,taul,1K8T,kNzO,5Iyt8zn,77iN0JezpF,nyZz,9_Y1,RVjC,sJzTlal,haYg,me75fM6ugJ,kIsH,uKAI,L84s,XfqtO3UdzaXh_,11p4mKe,bru6,UYBR,FzaX,fOgLFbQ,oslk,pvhfxhv,LM8l689qOp,FSa2,RAYp,F2FyR07IdsN7I
0,812,7,2020,148,185,80,166.56,0,42384,0,3.053835,9,102,133,828368,0,32659.8,10,14,40,128,-330482.8,185,12,103482,8,0,115740,235,0,18,0,904216,0,316848,0,7,dRaTmBfHUn,RO12,taul,1K8T,LFM_,R4C9W2K,Ap8NcjxiOM,IEDl,9_Y1,4N0K,VpdQ,sYC_,me75fM6ugJ,kIsH,uKAI,L84s,NhsEn4L,beK4AFX,ynbO,UYBR,FzaX,zqsvdH_,oslk,jhrTQlu,LM8l689qOp,Qu4f,RAYp,F2FyR07IdsN7I
0,2114,7,2204,400,500,248,220.08,0,6165180,0,4.655202,54,38,154,2506272,0,69435.3,35,18,80,72,-165493.2,1800,156,2097,0,2926905,658558,32280,0,9,137697,10666920,36,637680,0,0,AUUt0GoOh3,RO12,taul,1K8T,lK27,dgtng1z,bGUqwlz,B5DQ,9_Y1,t_4G,VpdQ,zm5i,me75fM6ugJ,kIsH,uKAI,L84s,NhsEn4L,NGZxnJM,XJ_K,UYBR,FzaX,CWefR8o,oslk,_8WEKx8,LM8l689qOp,Qu4f,RAYp,F2FyR07IdsN7I
0,700,7,4,128,160,8,223.52,0,10368000,0,4.246101,9,32,0,0,0,226445.7,45,0,32,0,77674,505,120,1251,0,241225,172800,165,0,9,0,10502720,4,0,0,0,1qmr4RQxul,RO12,taul,1K8T,EJC9,_ybO0dd,RuVy67M,HTi9,9_Y1,z5Ry,VpdQ,IYzP,me75fM6ugJ,kIsH,uKAI,L84s,NhsEn4L,kZJtVhC,fVFR,UYBR,FzaX,L91KIiz,oslk,CE7uk3u,LM8l689qOp,FSa2,RAYp,F2FyR07IdsN7I
0,133,0,0,128,160,32,186.64,0,0,0,0.6778466,9,16,0,888568,3,101541.9,0,6,40,48,381898.8,340,0,0,8,3836520,188664,0,0,0,40817,4077920,38,280650,0,0,8I1TmBtueT,RO12,taul,1K8T,lK27,Nn3SLMn,Vxu_jOIy4u,M_Kq,9_Y1,C6Eu,sJzTlal,IYzP,me75fM6ugJ,kIsH,uKAI,L84s,NhsEn4L,mAja5EA,8_M8,cJvF,FzaX,3OJ8hdx,oslk,nezO_7b,LM8l689qOp,rgKb,RAYp,F2FyR07IdsN7I
0,1134,7,540,232,290,72,293.68,0,5048028,0,2.664602,9,52,287,2025064,0,147146.7,40,8,56,40,162156.4,620,102,26613,0,3582655,725530,11810,0,0,520282,10556840,30,1140204,0,0,64nWq69R_D,RO12,taul,1K8T,FPxv,creCyD5,VaRIHjGfkK,WsSX,9_Y1,0A_v,09_Q,IYzP,me75fM6ugJ,kIsH,7A3j,L84s,NhsEn4L,TDcECyH,w4dF,UYBR,AU8pNoi,Hlo8hdx,oslk,kYwEsaq,M_8D,PM2D,RAYp,F2FyR07IdsN7I
0,1400,7,16,320,400,88,504.8,0,5402688,0,0.06280709,9,34,14,1447536,3,66497.41,50,10,128,112,724636,1010,114,1638,16,3884470,411930,95,0,18,235004,10601800,42,488520,0,7,vNEOj1dtN_,RO12,taul,1K8T,lK27,UsSY9Q6,NW71gM15FR,pU4J,9_Y1,DFSe,VpdQ,69fI,me75fM6ugJ,kIsH,g5HH,L84s,XfqtO3UdzaXh_,mAjKef6,Zg_l,cJvF,FzaX,UF10FxM,oslk,BlJqCcD,jySVZNlOJy,me1d,RAYp,F2FyR07IdsN7I
0,833,7,140,144,180,24,220.08,0,9863880,0,1.436445,18,32,182,1382400,0,154321.5,35,2,40,16,379029.6,585,120,92187,0,265210,70622,2510,0,0,0,10147560,6,445014,0,0,_v2rjIKQ76,e6CkoqApVR,taul,1K8T,YVv3,0Vr7wZ4,VKm8_AwS48,8hgR,9_Y1,7WNq,09_Q,IYzP,Kxdu,kIsH,uKAI,L84s,FMSzZ91zL2,mAjj1AH,rHSd,cJvF,FzaX,XbZitea,zCkv,DHPNgqU,jySVZNlOJy,WqMG,6fzt,F2FcTt7IdMT_v
0,1582,7,1540,384,480,136,186.64,0,2109072,0,5.469558,18,50,63,861984,0,69953.09,80,6,64,208,699640,985,84,530271,0,3305915,1465950,4530,0,18,446684,10100560,40,417084,0,0,dukmfo8zhV,RO12,taul,1K8T,AKN1,9GJGgoz,k10MzgT,y56T,9_Y1,wGwL,VpdQ,kxE9,Kxdu,kIsH,uKAI,L84s,FMSzZ91zL2,NGZokw4,jj2w,cJvF,FzaX,Tvpip6Z,zCkv,hHJsvbM,LM8l689qOp,wX53,6fzt,SbOd7O8ky1wGNxp0Arj0Xs
0,854,14,328,316,395,240,286.96,0,4368972,0,0.4887844,18,60,21,633624,0,187878.9,45,2,40,8,323970,750,78,99414,0,2707310,969098,1220,0,0,0,10559200,50,475224,0,0,Ie5gUH7IEC,RO12,taul,1K8T,487l,QWnq5m3,CRwkRNVRGo,shC2,9_Y1,m_h1,VpdQ,IYzP,me75fM6ugJ,kIsH,uKAI,L84s,NhsEn4L,mAjbk_S,1kIB,UYBR,FzaX,mPS6hzI,oslk,bLV2fT4,jySVZNlOJy,WqMG,RAYp,F2FyR07IdsN7I
0,1078,14,3732,132,165,48,291.52,0,6177660,0,0.6810511,18,76,378,1078912,0,162013.8,35,0,32,24,91421.2,500,72,120249,0,2160000,839978,565,0,27,0,10239320,10,0,0,0,qXhvyxLp3Z,RO12,taul,1K8T,GYbZ,f_onF0C,Iibp4Nm3uQ,jV3I,9_Y1,_r21,09_Q,IYzP,me75fM6ugJ,kIsH,uKAI,L84s,NhsEn4L,kZJs2nh,ISLC,UYBR,FzaX,8_rYWu3,oslk,rT1Esaq,jySVZNlOJy,xb3V,RAYp,F2FyR07IdsN7I
0,770,14,912,208,260,128,321.04,0,4727694,0,6.991027,18,186,427,633600,0,190683.9,35,2,32,8,268856.8,600,72,16623,0,3273045,485098,10070,0,54,554400,9649280,30,475200,0,0,Foxt0Go8Lb,LrdZy8QqgUfkVShG,taul,1K8T,ssAy,fhk21Ss,daiGnRstPa,XcYz,9_Y1,rGJy,09_Q,y6dw,7M47J5GA0pTYIFxg5uy,kIsH,uKAI,L84s,_5OXC8MSLt,LxWMvcL,Hl_U,UYBR,FzaX,4UxGlow,oslk,catzS2D,jySVZNlOJy,Qu4f,ZI9m,ib5G6X1eUxUn6
0,749,7,0,148,185,80,166.56,0,649086,0,3.249519,9,40,0,262600,0,40123.2,15,6,32,40,192145.2,625,36,200052,0,466540,360112,40,0,9,100226,1897928,20,248346,0,0,xearjIX0Db,RO12,taul,1K8T,TyGl,GRl7qwL,88EhRq8,Fa9X,9_Y1,xQ2A,sJzTlal,sYC_,me75fM6ugJ,kIsH,uKAI,L84s,NhsEn4L,7Ww_Xqy,gvA6,UYBR,FzaX,xDj6pd1,oslk,VQZzrB7,LM8l689qOp,5Acm,RAYp,F2FyR07IdsN7I
0,1078,7,2120,132,165,56,264.32,0,7821780,0,1.250801,9,132,91,0,0,133479,20,4,24,0,27550,550,102,68202,0,61155,1153674,8750,0,36,0,9644360,6,1036800,0,0,_v2rjIKQ76,2Knk1KF,taul,1K8T,yMvB,65ylkJq,nJy8d8N5V7yiy,NnfT,9_Y1,7WNq,VpdQ,hAFG,me75fM6ugJ,kIsH,uKAI,L84s,XfqtO3UdzaXh_,XTbPUYD,JLzq,cJvF,FzaX,x_lYlW4,oslk,3B1QowC,LM8l689qOp,WqMG,RAYp,55YFVY9
0,196,0,0,100,125,24,220.08,0,4884342,0,4.01709,9,18,0,1267264,0,240631.2,5,8,24,16,79098.8,465,36,0,0,4108035,475224,0,0,0,554428,9723120,18,1919340,0,0,crIt0Go8Lb,RO12,taul,z3mO,0Xwj,vL0nV76,laBIaGO4YM,QWao,HLqf,MGOA,VpdQ,IYzP,me75fM6ugJ,sBgB,uKAI,L84s,NhsEn4L,mAja5EA,rtN4,cJvF,FzaX,TPHfrxM,oslk,D7cED8N,LM8l689qOp,Qu4f,RAYp,F2FyR07IdsN7I
0,525,0,0,124,155,88,316.24,0,0,0,5.794916,9,26,0,2016040,0,221571.6,5,10,32,24,121693.2,510,0,0,0,4752000,1900800,0,0,9,1159235,10473480,22,2548830,0,0,crIgUHSK8h,RO12,taul,1K8T,80HR,0tvQgIh,8nstQ62E0C,gMVu,9_Y1,RVjC,VpdQ,zm5i,me75fM6ugJ,kIsH,uKAI,Mtgm,NhsEn4L,kZJyVg2,YihF,UYBR,FzaX,EPIs6v_,oslk,XtGtFwR,LM8l689qOp,FSa2,RAYp,F2FyR07IdsN7I
0,168,0,0,20,25,16,144.48,0,3628812,0,1.203375,9,20,0,0,0,280296.9,5,0,0,0,424432,280,6,0,0,576020,1900262,0,0,9,0,7488680,2,0,0,0,C2Dvyx875g,RO12,taul,1K8T,72yt,UsS0iwa,I1sqWRxUAv,JM2c,9_Y1,MBhA,09_Q,zm5i,me75fM6ugJ,kIsH,uKAI,Mtgm,NhsEn4L,7WwSAlP,5smi,UYBR,FzaX,UF1OtFs,oslk,O45qCcD,jySVZNlOJy,WqMG,RAYp,F2FyR07IdsN7I
0,2604,7,0,200,250,48,253.52,0,3126762,0,0.7840205,9,134,0,2768296,0,71211.91,15,6,40,48,168194,1690,42,1251,0,4472540,950446,5,0,27,1108849,10673120,50,1425660,0,0,Foxt0Go8Lb,AERks4l,taul,1K8T,TyGl,fhk21Ss,RuVy67M,XbuC,9_Y1,C7DI,VpdQ,haYg,7M47J5GA0pTYIFxg5uy,kIsH,uKAI,L84s,WsRVNrF85oPU_,y5F7FtR,TzSh,cJvF,FzaX,4UxGlow,zCkv,catzS2D,jySVZNlOJy,Qu4f,ZI9m,ib5G6X1eUxUn6
0,3346,7,688,396,495,232,166.56,0,335256,0,1.05533,9,106,77,1220368,0,18396.12,20,18,112,168,-24200.16,1435,66,3105,0,716770,741552,575,0,18,260274,3326276,50,488250,0,0,hSogUHXZeb,2Knk1KF,taul,1K8T,JLbT,cQXMhNR,r83_sZi,vh2B,9_Y1,STGZ,VpdQ,6JmL,me75fM6ugJ,kIsH,uKAI,L84s,XfqtO3UdzaXh_,11p4mKe,KoYr,UYBR,FzaX,9oU93Yc,oslk,zdCwEWL,LM8l689qOp,453m,RAYp,55YFVY9
0,1708,7,976,108,135,8,133.12,0,48822,0,6.026917,18,62,224,1134624,0,14071.86,5,2,24,40,-1117428,520,30,567,0,2134625,112694,440,0,0,78610,2591180,28,85932,0,0,_v2TmBftjz,RO12,taul,1K8T,0Xwj,gNIgCYR,V4E_TU9097,lJO3,HLqf,4N0K,09_Q,IYzP,me75fM6ugJ,sBgB,uKAI,L84s,NhsEn4L,TDceha3,nKzj,UYBR,FzaX,aD1vOIl,oslk,NnYzgmc,jySVZNlOJy,Qu4f,RAYp,F2FyR07IdsN7I
0,1659,7,492,188,235,104,118.88,5,4179978,9,2.945952,9,58,84,4436736,6,95266.2,5,4,48,56,104299.2,620,72,15111,32,3289525,1294020,1890,0,18,0,10455200,24,65784,0,0,51rt0G8rTN,RO12,taul,1K8T,wOc1,q8tYKaW,CdPgMY1Z52,tx06,9_Y1,e7QV,VpdQ,IYzP,Kxdu,sBgB,uKAI,L84s,FMSzZ91zL2,TDcEYQ6,yp7n,cJvF,FzaX,joSK4WV,zCkv,PF4uXM_,LM8l689qOp,fKCe,6fzt,SbOd7O8ky1wGNxp0Arj0Xs
0,5558,7,220,256,320,8,20.08,0,8266860,0,4.223884,9,104,21,1578360,3,39231.3,35,24,160,40,125055.2,765,132,2340,8,2454510,62282,960,0,18,729197,10186880,34,90702,0,0,hSovyx7IEC,2Knk1KF,taul,1K8T,X9_k,tGK44U8,bGUqwlz,S2RO,9_Y1,qaiO,VpdQ,wMei,me75fM6ugJ,kIsH,uKAI,L84s,h0lfDKh52u4GP,IoI4mKe,UiZq,cJvF,FzaX,_Pu9sBz,oslk,5il6P29,LM8l689qOp,szEZ,RAYp,55YFVY9
0,2142,7,292,288,360,152,133.12,0,4266,0,4.091647,18,62,28,1314256,0,6599.521,0,14,128,232,43449.6,1545,6,17235,0,398405,188138,570,0,0,185787,1509836,32,232296,0,0,HrWrjIXt5a,RO12,taul,1K8T,lK27,vK5pXKQ,Pkp8AVd9jw2zY,Y7X1,9_Y1,xQ2A,sJzTlal,IYzP,me75fM6ugJ,kIsH,uKAI,L84s,NhsEn4L,kq0emRG,gvA6,UYBR,FzaX,3xM68SY,oslk,ZbRqhZX,LM8l689qOp,5Acm,RAYp,F2FyR07IdsN7I
0,1470,7,988,372,465,288,166.56,0,13260,0,3.417005,9,58,77,2756072,0,67287.91,0,12,56,104,34519.16,1400,18,37557,0,2148095,509368,4880,0,18,457800,4459720,70,503466,0,0,DHegUHXZeb,RO12,taul,1K8T,pE9z,b8EJ4lp,76j2P_OLn0,qyCs,9_Y1,LqKm,VpdQ,43pnToF,me75fM6ugJ,kIsH,uKAI,L84s,NhsEn4L,TDceha3,4_kv,UYBR,FzaX,Hofvwg4,oslk,mKmKSaP,LM8l689qOp,453m,RAYp,F2FyR07IdsN7I
0,455,0,0,308,385,112,233.44,10,596694,0,1.530442,9,24,0,297136,0,79256.09,65,10,64,120,-894872,385,84,0,16,89850,17826,0,0,0,73374,1061232,32,545196,0,0,JMGrjIXt5a,RO12,taul,1K8T,TyGl,JVFLDAi,oRauSoq,m08k,9_Y1,nr0d,VpdQ,IYzP,me75fM6ugJ,kIsH,uKAI,L84s,NhsEn4L,kZJtVhC,GTeH,cJvF,FzaX,YTCRPlm,oslk,nXK9h3w,LM8l689qOp,5Acm,RAYp,F2FyR07IdsN7I
0,763,14,728,148,185,48,337.28,0,4670424,0,3.594531,18,130,231,4435328,0,195077.7,10,4,48,56,170745.2,625,66,239148,0,2901495,901706,8630,0,18,0,10442080,18,528852,0,0,yaKt0Go8Lb,2Knk1KF,taul,1K8T,X94c,8F4NGWG,76j2P_OLn0,phJA,9_Y1,MGOA,VpdQ,haYg,me75fM6ugJ,kIsH,uKAI,L84s,XfqtO3UdzaXh_,11p4mKe,qUEG,UYBR,FzaX,J8TK3rj,oslk,6ZAHToS,LM8l689qOp,Qu4f,RAYp,55YFVY9
0,1190,14,4300,160,200,176,233.44,0,0,0,5.459517,18,80,7,332688,0,14060.58,0,14,48,56,83913.2,875,0,7533,0,42890,358958,335,0,9,229593,1157160,8,357882,0,0,CEat0G8rTN,RO12,taul,1K8T,TyGl,EQsMhNR,W3kLbc3,2kDj,9_Y1,e7QV,VpdQ,IYzP,me75fM6ugJ,kIsH,uKAI,L84s,NhsEn4L,beK4AFX,54Ak,UYBR,FzaX,KVX8iqZ,oslk,3A8Rt2K,LM8l689qOp,fKCe,RAYp,F2FyR07IdsN7I
0,1169,7,200,196,245,96,347.12,0,254280,0,1.506516,9,54,77,2073064,0,69366.3,0,6,56,64,-103178.4,705,24,57132,0,3765410,490880,2885,0,27,355656,5483440,44,424956,0,0,NESWq69R_D,RO12,taul,1K8T,EJC9,9GJGgoz,hOpRIhsUSP,0xFv,9_Y1,RVjC,VpdQ,IYzP,Kxdu,kIsH,uKAI,Mtgm,FMSzZ91zL2,TDcfmHS,Kz6e,UYBR,FzaX,Tvpip6Z,zCkv,hHJsvbM,LM8l689qOp,FSa2,6fzt,SbOd7O8ky1wGNxp0Arj0Xs
0,1414,7,568,172,215,40,344.96,0,3034002,0,2.466567,18,64,7,4146968,0,58381.5,15,2,32,48,134163.6,610,42,4572,0,6526400,110056,375,0,18,604772,10593000,42,28272,0,0,vNEOj1dtN_,RO12,taul,1K8T,W5sH,gTitFlZ,NFeIdppttuZ9yxh1,RIRW,9_Y1,DFSe,VpdQ,6JmL,me75fM6ugJ,kIsH,g5HH,L84s,XfqtO3UdzaXh_,mAjKef6,iN2w,cJvF,FzaX,vz9R15G,oslk,CW67lZj,LM8l689qOp,me1d,RAYp,F2FyR07IdsN7I
0,1029,7,660,200,250,40,268.4,0,7950120,9,5.558001,9,50,35,1156344,3,147139.8,45,4,80,56,265380.4,680,102,882,16,1764210,340596,340,0,9,230888,10701200,20,48660,0,0,NQ5rEy7Rm6,RO12,taul,1K8T,0Xwj,kkNkJwu,YQcPlrpk3WNO0,614C,F3hy,X8zP,VpdQ,IYzP,me75fM6ugJ,kIsH,uKAI,L84s,NhsEn4L,mAjbk_S,QdY_,cJvF,qxDb,TZC87dl,oslk,aN3QowC,LM8l689qOp,Aoh3,RAYp,F2FyR07IdsN7I
0,3682,14,400,544,680,320,166.56,0,963000,0,4.741936,27,126,42,2122896,0,32146.2,0,14,144,224,-217341.2,2560,150,44577,0,1629515,402870,810,0,36,522606,4138600,72,488700,0,0,cFHt0GoOh3,2Knk1KF,taul,1K8T,0Xwj,fhk21Ss,DKUDUftgA7,hXmF,HLqf,t_4G,VpdQ,giwq,7M47J5GA0pTYIFxg5uy,sBgB,uKAI,L84s,E1aAZ0x7vd,_JdsQN0,yfrI,cJvF,FzaX,4UxGlow,QKW8DRm,catzS2D,LM8l689qOp,Qu4f,ZI9m,ib5G6X1eUxUn6
0,266,7,1992,128,160,0,166.56,0,0,0,4.203375,9,158,35,105776,0,19832.73,0,0,0,32,78191.2,450,0,26244,0,1203365,0,1305,0,18,0,1015580,56,0,0,0,DHeTmBftjz,2Knk1KF,taul,1K8T,0Xwj,Nn3wY8e,SpVKBrJv90,dadT,HLqf,4N0K,sJzTlal,kxE9,me75fM6ugJ,sBgB,uKAI,L84s,XfqtO3UdzaXh_,_JdcICD,HsM8,UYBR,FzaX,75wv48t,oslk,xKQ2fT4,LM8l689qOp,Qu4f,RAYp,TCU50_Yjmm6GIBZ0lL_
0,791,14,6068,128,160,8,200,0,8763420,0,1.851955,36,118,357,1901824,0,226245.3,30,0,32,24,141847.6,545,102,21186,0,2160000,69114,5995,0,0,0,10731720,10,0,0,0,jg69tYsGvO,2Knk1KF,taul,1K8T,Fq5T,fayYfhR,N4xbMThNdK,BeqF,9_Y1,YULl,VpdQ,IYzP,DHn_WUyBhW_whjA88g9bvA64_,kIsH,uKAI,L84s,JBfYVit4g8,_Jdo1RM,UKBR,UYBR,FzaX,KbkKEj0,Al6ZaUT,QqVuch3,LM8l689qOp,FSa2,02N6s8f,Zy3gnGM
0,1036,7,3108,396,495,112,253.52,5,918210,0,5.68981,18,132,231,1321040,0,158646.9,35,22,104,136,-678864,840,48,101772,8,733090,52852,315,0,18,631932,2506516,84,70584,0,0,1GdOj17ejg,2Knk1KF,taul,1K8T,aD1X,GRlgCVv,o64y9zI,nraI,9_Y1,iVbl,VpdQ,hzlB,me75fM6ugJ,kIsH,uKAI,L84s,XfqtO3UdzaXh_,XTbPUYD,HG3r,cJvF,FzaX,9wyOVQC,oslk,EiGEVJ2,LM8l689qOp,7aLG,RAYp,55YFVY9
0,630,0,0,152,190,8,220.08,0,4063242,0,5.585773,9,26,0,4003568,0,189009.6,20,0,32,48,110898,520,72,0,0,5469200,63812,0,0,9,0,10373480,30,0,0,0,51rBcmz45j,RO12,taul,1K8T,OTVu,GUg88LT,LJF4fPp,674V,9_Y1,WGOH,VpdQ,zm5i,me75fM6ugJ,kIsH,uKAI,L84s,NhsEn4L,mAja5EA,HCvy,cJvF,FzaX,AuG6jyF,oslk,64B7j0h,LM8l689qOp,Qcbd,RAYp,F2FyR07IdsN7I
0,476,7,1040,124,155,24,133.12,0,0,0,5.226447,9,130,0,732728,0,11590.32,0,2,16,88,-49199.6,370,0,1548,0,1024050,46102,3255,0,9,19096,1351496,32,110532,0,0,FAJgUH7ejg,2Knk1KF,taul,1K8T,ekye,PHNvXy8,767sa0XN9l,u8XF,9_Y1,DmlN,09_Q,haYg,NKv3VA1BpP,kIsH,uKAI,L84s,Ie_5MZs,teAjUwW,9vxiVmn,cJvF,FzaX,UF16siJ,zCkv,APgdzOv,LM8l689qOp,w_Ub,6fzt,Zy3gnGM
0,595,7,304,112,140,48,166.56,0,4314,0,6.561419,18,134,0,0,0,3634.74,0,0,0,0,2321.144,510,6,2952,0,270770,17052,2205,0,27,0,253596,42,0,0,0,75lr4RXktW,rEUOq2QD1qfkRr6qpua,taul,1K8T,EzKK,bdX5V1L,gFV9gGDeQrNGnQZy,3vtR,9_Y1,TFSW,09_Q,hAFG,DHn_WUyBhW_whjA88g9bvA64_,kIsH,uKAI,L84s,CrNX,AuSBTw7,5ztD,UYBR,FzaX,r5h4mDg,d0EEeJi,TX2CCC2,LM8l689qOp,Xa3G,nIGXDli,ib5G6X1eUxUn6
0,8113,14,2660,420,525,120,323.12,0,7720740,0,0.261269,36,70,301,1555552,0,22769.76,45,12,96,152,77721.6,3110,114,47295,0,2002360,427534,8820,0,9,295092,10526240,74,143016,0,0,jg69tYsGvO,RO12,taul,1K8T,JLbT,iBKkTQ1,zA2IZno2NK,uGJd,9_Y1,YULl,VpdQ,IYzP,me75fM6ugJ,kIsH,uKAI,Mtgm,NhsEn4L,mAjbk_S,Ri0b,UYBR,FzaX,rLfmFX7,oslk,KiEskzO,M_8D,FSa2,RAYp,F2FyR07IdsN7I
0,1106,7,48,308,385,104,220.08,0,4582068,0,1.192907,9,66,0,1596856,9,154473.6,30,12,80,56,-554164,915,150,549,24,4016945,744186,315,0,9,267092,10597240,40,343908,0,0,qFpmfo8zhV,RO12,taul,1K8T,AKN1,INosKl9,8o3HXVS,_pgx,9_Y1,wGwL,sJzTlal,sYC_,me75fM6ugJ,kIsH,uKAI,Mtgm,NhsEn4L,kq0n8Bj,4ZpJ,cJvF,FzaX,7XC6hzI,oslk,wH3Rt2K,LM8l689qOp,wX53,RAYp,F2FyR07IdsN7I
0,5173,28,7852,136,170,8,179.92,5,10248360,0,3.410383,45,136,3010,0,3,27934.68,45,2,40,0,186382.4,3135,120,15165,32,292150,172800,4055,6,0,0,10784920,6,394440,0,7,eOQt0GoOh3,2Knk1KF,taul,1K8T,xgSF,604wEl4,9YuuPSz3BI,bqg3,9_Y1,rGJy,VpdQ,IYzP,me75fM6ugJ,kIsH,uKAI,L84s,NhsEn4L,beK4AFX,O0hw,UYBR,FzaX,9WBvEWW,oslk,UsL2pc5,M_8D,Qu4f,RAYp,55YFVY9
0,35,0,0,184,230,88,259.44,15,2650722,0,6.599872,9,14,0,7392,3,86436.59,10,2,32,16,-461096,230,48,0,32,387245,1219526,0,0,0,6468,5301440,44,306,0,0,DQlrEyXXnK,RO12,taul,1K8T,vsvk,7nPy3El,8nstQ62E0C,Mdl8,9_Y1,H1uM,VpdQ,IYzP,me75fM6ugJ,kIsH,uKAI,L84s,NhsEn4L,NGZxnJM,M7gC,cJvF,FzaX,3JmRJnY,oslk,EROH7Cg,LM8l689qOp,Aoh3,RAYp,F2FyR07IdsN7I
0,1582,7,132,368,460,192,167.68,0,148050,0,1.212134,9,56,0,697952,0,26876.22,40,18,112,144,-214162.4,1035,24,10287,0,752105,321624,485,0,0,351372,1889188,58,222690,0,0,4e7gUH7IEC,RO12,taul,1K8T,vSNn,FSDtKRt,FoJylxy,0she,9_Y1,1Bp0,VpdQ,IYzP,me75fM6ugJ,kIsH,uKAI,L84s,NhsEn4L,mAja5EA,pzSh,cJvF,FzaX,dNsNN3u,oslk,PrQYAUb,LM8l689qOp,WqMG,RAYp,F2FyR07IdsN7I
0,315,0,0,152,190,40,334.56,0,5227338,0,1.701773,18,18,0,1900848,0,178121.7,20,4,32,24,162675.6,620,66,0,0,3345505,788236,0,0,9,0,10589040,26,950424,0,0,4e7gUH7IEC,RO12,taul,1K8T,IIni,fN3QU8E,Iibp4Nm3uQ,DWdr,9_Y1,1Bp0,09_Q,zm5i,DHn_WUyBhW_whjA88g9bvA64_,kIsH,uKAI,L84s,CrNX,y5FewfI,dWB6,cJvF,FzaX,wQXrWXm,d0EEeJi,xt_X7SZ,LM8l689qOp,WqMG,02N6s8f,F2FyR07IdsN7I
0,854,21,464,120,150,96,186.64,0,251748,0,4.143773,27,40,154,349864,0,22964.91,0,4,24,40,-1152228,380,18,19071,0,447430,126272,2635,0,9,89754,1004540,16,76932,0,0,TfiBcmzkzH,RO12,taul,1K8T,kwI9,r34vTzP,nJy8d8N5VniGX,uwwf,9_Y1,yrDU,VpdQ,zm5i,me75fM6ugJ,kIsH,uKAI,L84s,NhsEn4L,mAja5EA,ykzL,UYBR,FzaX,fabDFjT,oslk,JtcUsvC,LM8l689qOp,Qcbd,RAYp,F2FyR07IdsN7I
0,1841,7,52,308,385,24,166.56,0,0,0,1.770775,9,110,0,256008,0,7665.271,0,16,64,176,-1802876,1400,0,11502,0,45445,6908,155,0,9,2618,321108,88,214398,0,0,64ngUH7IEC,2Knk1KF,taul,1K8T,TyGl,uqsq_S5,VaHM4jshVcp7ywA0u56,5HEu,9_Y1,m_h1,VpdQ,sYC_,me75fM6ugJ,kIsH,uKAI,L84s,NhsEn4L,beK4AFX,ktRU,UYBR,FzaX,pIAmJge,oslk,f76ryQi,LM8l689qOp,WqMG,RAYp,55YFVY9
0,756,0,20,140,175,72,233.44,0,506328,0,6.586413,9,54,0,931240,0,81989.7,5,2,16,40,412852,585,6,9729,0,2331990,348462,0,0,0,0,3473236,36,92724,0,0,xearjIX0Db,RO12,taul,1K8T,sKnY,82ydmQ4,FoJylxy,c_SS,9_Y1,xQ2A,VpdQ,IYzP,me75fM6ugJ,kIsH,uKAI,L84s,NhsEn4L,kq0n8Bj,gvA6,UYBR,FzaX,FonmS85,oslk,PC0a_vf,LM8l689qOp,5Acm,RAYp,F2FyR07IdsN7I
0,3304,7,248,160,200,8,288.64,0,0,0,1.182867,18,74,7,4653656,0,35646.6,5,12,48,72,187527.6,1160,0,7821,0,9844950,3440,1160,0,9,8148,10623600,46,102486,0,0,DHevyx7IEC,RO12,taul,1K8T,TyGl,iJzviRg,V6XUlxabJ4VaD,jv62,9_Y1,RcM7,VpdQ,wMei,7M47J5GA0pTYIFxg5uy,kIsH,uKAI,L84s,4kVnq_T26xq1p,TDc0Lys,A1VJ,UYBR,FzaX,ch2oGfM,zCkv,P6pu4Vl,LM8l689qOp,szEZ,ZI9m,R4y5gQQWY8OodqDV
0,791,7,548,180,225,88,382.4,0,2509728,0,1.029267,18,76,112,1320792,0,136497.6,15,6,40,48,30028.56,645,60,10188,0,3885135,1089088,375,0,36,0,8999640,24,612726,0,0,xOXrjIQq3d,RO12,taul,1K8T,487l,_aFGbZy,lGXpFd_2Rf,kWfE,9_Y1,RVjC,09_Q,sYC_,DHn_WUyBhW_whjA88g9bvA64_,kIsH,uKAI,Mtgm,CrNX,pMWQVqj,4a9J,UYBR,AU8_WTd,t5E1nxQ,d0EEeJi,hYsQjK1,jySVZNlOJy,FSa2,nIGXDli,F2FyR07IdsN7I
0,224,7,1544,20,25,40,186.64,0,0,0,4.879299,9,54,14,0,0,3950.64,0,0,0,0,-3131.084,120,0,80739,0,0,10356,485,0,18,0,20712,0,0,0,0,TfiBcmzkzH,RO12,CuXi4je,1K8T,AHrt,qmXYbuk,jnKgql5du4,JbA0,9_Y1,rzbc,sJzTlal,IYzP,me75fM6ugJ,sBgB,uKAI,L84s,NhsEn4L,mAjbk_S,z6Cq,cJvF,FzaX,hDRv66D,oslk,2JfQ3DB,LM8l689qOp,Qcbd,RAYp,F2FyR07IdsN7I
0,1344,7,264,268,335,16,166.56,0,0,0,2.818628,9,30,28,159328,0,4353.09,0,24,72,96,21241.44,1115,0,128223,0,332680,1906,2065,0,0,24073,442520,82,139350,0,0,C2Dvyx875g,RO12,taul,1K8T,0Xwj,3d6d0DS,_UtlxbJ,VCaF,F3hy,3NyY,VpdQ,IYzP,me75fM6ugJ,kIsH,uKAI,L84s,NhsEn4L,uZL60aU,VC97,cJvF,FzaX,T6wOhQy,oslk,c78T3Cb,LM8l689qOp,WqMG,RAYp,F2FyR07IdsN7I
0,399,7,3520,80,100,80,76.88,0,19908,0,2.345653,9,116,147,0,0,4359.51,15,0,24,0,-1524160,265,42,43191,0,0,34618,560,0,9,0,89248,0,0,0,0,3HjOj17ejg,2Knk1KF,taul,1K8T,4fje,PHNvXy8,CdPgMY1Z52,N7Xz,9_Y1,iVbl,VpdQ,IYzP,NKv3VA1BpP,kIsH,uKAI,Mtgm,Ie_5MZs,OFqdri0,NRsw,cJvF,FzaX,UF16siJ,zCkv,APgdzOv,LM8l689qOp,7aLG,6fzt,Zy3gnGM
0,12341,28,3068,784,980,664,186.64,0,35106,0,5.49498,36,106,413,2736752,12,8250.75,40,56,192,144,-1117252,5075,108,12177,40,2472495,279928,520,0,18,347291,4383200,82,626958,0,7,KXMgUH7IEC,2Knk1KF,taul,1K8T,USOt,tc74lx4,nQUBcBcErl,7jsr,9_Y1,m_h1,VpdQ,sYC_,me75fM6ugJ,kIsH,uKAI,L84s,NhsEn4L,beK4AFX,zK5X,cJvF,wwPEXoilkr,EncOVQC,oslk,8AGQQMs,LM8l689qOp,WqMG,RAYp,55YFVY9
0,616,7,1756,72,90,64,200,0,0,0,3.299509,18,92,7,1535712,3,31701.3,0,4,24,56,-169765.6,285,0,6930,8,3345,49216,15,0,9,487606,1005232,2,204402,0,0,dTGmfo8zhV,RO12,taul,1K8T,lK27,G2z0yiU,KyxX4chnKM,V3JF,9_Y1,gnEy,sJzTlal,sYC_,me75fM6ugJ,kIsH,uKAI,L84s,NhsEn4L,beK4AFX,opdm,cJvF,FzaX,ShVOw16,oslk,DHWqqb8,LM8l689qOp,3Cy4,RAYp,F2FyR07IdsN7I
0,3024,7,52,316,395,128,166.56,0,141930,0,2.789361,9,36,21,172856,0,6669.21,40,18,104,160,12513.56,1250,96,378,0,171250,83108,65,0,0,30793,666936,20,130596,0,0,piFq9aujxk,RO12,taul,1K8T,JLbT,0Vr7wZ4,LJF4fPp,wSr0,9_Y1,kJJ7,VpdQ,IYzP,Kxdu,kIsH,uKAI,L84s,FMSzZ91zL2,kq0IHVu,u8Ss,cJvF,FzaX,XbZitea,zCkv,DHPNgqU,LM8l689qOp,7P5s,6fzt,SbOd7O8ky1wGNxp0Arj0Xs
0,1484,7,1424,96,120,56,253.52,0,455484,0,5.409955,9,178,0,1382400,0,122016.6,0,8,24,16,-711912,625,12,73350,0,3729100,1209600,320,0,27,1209600,7779720,18,2073600,0,0,1GdOj1KXzC,AERks4l,taul,1K8T,sj_R,fhk21Ss,ELRUn57,0gRx,9_Y1,jdbz,VpdQ,y6dw,7M47J5GA0pTYIFxg5uy,kIsH,uKAI,L84s,_5OXC8MSLt,XTbj5PX,G_E3,cJvF,FzaX,4UxGlow,oslk,catzS2D,LM8l689qOp,kwS7,ZI9m,ib5G6X1eUxUn6
0,616,0,0,128,160,80,120.4,0,3326484,9,1.207221,9,30,0,981896,6,218724.6,15,4,32,16,320905.6,485,42,0,32,3168080,1584042,0,0,0,554414,9995200,16,950424,0,7,LDPgUHXZeb,RO12,taul,1K8T,pE9z,TsqM639,4JICyV1KTs,TU4J,9_Y1,8BBI,VpdQ,IYzP,me75fM6ugJ,kIsH,uKAI,Mtgm,NhsEn4L,7Ww_Xqy,lxi4,cJvF,FzaX,bDf87dl,oslk,BeDRkup,jySVZNlOJy,453m,RAYp,F2FyR07IdsN7I
0,2646,7,5232,1104,1380,616,253.52,0,1606026,0,6.863918,9,104,889,1647488,0,13378.5,60,38,176,160,-406936,3060,156,34263,0,3575615,772908,27585,0,45,189819,7497880,244,680478,0,0,crIt0Go8Lb,eSGpMwS8zSGgq_trOpckZ5,taul,1K8T,0Xwj,rHoM9_c,V4E_TU9097,50wi,HLqf,C7DI,09_Q,hAFG,GjJ35utlTa_GNSvxxpb9ju,sBgB,uKAI,L84s,UbxQ8lZ,ORMRote,zetE,cJvF,FzaX,agOP04D,Al6ZaUT,1Ojuk3u,LM8l689qOp,Qu4f,02N6s8f,R4y5gQQWY8OodqDV
0,917,7,200,292,365,232,166.56,5,173400,0,5.145695,9,40,14,357088,0,4805.31,5,20,144,176,-33427.72,745,18,15930,8,33990,96080,1150,0,9,143850,594100,16,60204,0,0,DHegUHXZeb,RO12,taul,1K8T,TyGl,mBr7wZ4,9YuuPSz3BI,bgwy,9_Y1,LqKm,VpdQ,lVqb,me75fM6ugJ,kIsH,uKAI,L84s,XfqtO3UdzaXh_,XTbPUYD,sqqG,cJvF,FzaX,_oSv10k,oslk,kK6wBif,LM8l689qOp,453m,RAYp,F2FyR07IdsN7I
0,3171,7,184,124,155,152,166.56,0,1906116,0,5.371288,9,192,0,0,0,44731.8,10,12,32,0,108911.6,635,24,8640,0,0,3283200,195,0,18,0,10601960,0,3110400,0,0,YddTmBtueT,LrdZy8QqgUfkVShG,taul,1K8T,PbOJ,fhk21Ss,BBhiudN5VwCx3,NZ2t,9_Y1,C6Eu,VpdQ,y6dw,7M47J5GA0pTYIFxg5uy,kIsH,uKAI,L84s,_5OXC8MSLt,LxWMvcL,TR9A,cJvF,AU8_WTd,4UxGlow,oslk,catzS2D,jySVZNlOJy,rgKb,ZI9m,ib5G6X1eUxUn6
0,385,0,0,76,95,16,166.56,0,0,0,6.976714,9,26,0,71616,0,6039.72,0,4,8,40,14685.44,410,0,0,0,74845,5382,0,0,0,0,116392,20,14916,0,0,DHegUHXZeb,RO12,taul,1K8T,7ALb,au1K0yW,o5WT5gy7iu,ZZSJ,9_Y1,fTh6,VpdQ,IYzP,me75fM6ugJ,kIsH,uKAI,L84s,NhsEn4L,mAja5EA,LI0l,UYBR,FzaX,iEX0Q3K,oslk,LPD2Oqu,LM8l689qOp,453m,RAYp,F2FyR07IdsN7I
0,924,7,1164,160,200,24,133.12,0,20160,0,1.864559,9,182,7,110400,0,3638.04,0,12,96,104,-621100,355,18,88542,0,64185,4956,585,0,27,50463,139792,30,14838,0,0,LDPgUHXZeb,qqimvRzsp8ZZdKRPgzLg68joSn_k,taul,1K8T,JLbT,fhk21Ss,P9HTde2,io2h,9_Y1,STGZ,sJzTlal,y6dw,7M47J5GA0pTYIFxg5uy,kIsH,uKAI,L84s,_5OXC8MSLt,LxWhDOK,H4T6,UYBR,FzaX,4UxGlow,oslk,catzS2D,LM8l689qOp,453m,ZI9m,iyHGyLCEkQ
0,1211,0,24,96,120,48,200,0,0,0,6.778039,9,58,0,1324016,0,27508.98,0,10,80,80,27579.72,450,0,14832,0,95680,152978,0,0,0,536830,1272580,6,342108,0,0,cFHt0GoOh3,RO12,taul,1K8T,487l,604wEl4,Tg7jjBB,6YaA,9_Y1,rGJy,VpdQ,IYzP,me75fM6ugJ,kIsH,uKAI,L84s,NhsEn4L,mAjbk_S,y0AL,cJvF,FzaX,9WBvEWW,oslk,UsL2pc5,LM8l689qOp,Qu4f,RAYp,F2FyR07IdsN7I
0,2331,7,104,612,765,192,229.04,0,68646,0,1.200171,18,106,35,777768,0,12217.65,0,34,192,312,-29501.44,1855,60,1503,0,1582280,141484,25,0,9,133574,2126516,126,214614,0,0,J9Vr4RQZiT,2Knk1KF,taul,1K8T,TyGl,dBHKZdo,FoJylxy,9BLB,9_Y1,z5Ry,VpdQ,sYC_,me75fM6ugJ,kIsH,uKAI,L84s,NhsEn4L,beK4AFX,cNcr,UYBR,FzaX,f560FxM,oslk,lTw2_Lp,LM8l689qOp,FSa2,RAYp,55YFVY9
0,2149,7,2940,420,525,248,234.56,0,427566,0,2.600085,9,56,49,1151608,0,28974.33,15,28,128,152,-94620,1015,18,9504,0,1474500,434572,6360,0,0,90888,3236128,70,435822,0,0,tr0rEyXktW,RO12,taul,1K8T,YFAj,q5Zs43J,t187Re3NhK,VVvI,9_Y1,SkZj,VpdQ,IYzP,me75fM6ugJ,kIsH,uKAI,L84s,NhsEn4L,mAja5EA,WU1X,cJvF,FzaX,zJh68SY,oslk,ZdsRt72,LM8l689qOp,Aoh3,RAYp,F2FyR07IdsN7I
0,399,7,1436,140,175,16,253.52,0,5702496,0,0.1779534,9,124,14,1900824,0,209999.4,30,2,40,24,82475.2,380,72,47727,0,3165590,316804,1090,0,9,554407,10135800,22,475206,0,0,JMGq9aXt5a,AERks4l,taul,1K8T,ZSv9,fhk21Ss,m52R0vCbTYfMWoyr_8r,zFWP,9_Y1,6TCl,VpdQ,wMei,7M47J5GA0pTYIFxg5uy,kIsH,uKAI,L84s,h0lfDKh52u4GP,ORM0Mzs,vo1R,UYBR,FzaX,4UxGlow,oslk,catzS2D,LM8l689qOp,uWr3,ZI9m,ib5G6X1eUxUn6
0,210,0,0,32,40,16,286.96,0,4736496,0,0.01901303,9,18,0,0,0,263955,10,0,0,0,65559.2,375,18,0,0,1716495,1019424,0,0,0,0,11408120,2,0,0,0,FAJWq69cTy,RO12,taul,1K8T,j1T2,jJ_nXHo,d4Gf64d6X6,OFh8,9_Y1,Px52,sJzTlal,IYzP,me75fM6ugJ,kIsH,uKAI,L84s,NhsEn4L,NGZxnJM,vqAh,cJvF,FzaX,uyr88FJ,oslk,FlVqhZX,LM8l689qOp,PM2D,RAYp,F2FyR07IdsN7I
0,315,7,2292,168,210,32,371.44,0,4795320,0,2.380901,9,138,392,1900848,0,47510.7,25,4,24,24,204483.6,345,60,34470,0,2438260,489612,13325,0,18,554414,9100040,36,615078,0,0,LDPvyx7IEC,2Knk1KF,taul,1K8T,mAW3,X7nMnpH,DKUDUftgA7,niur,9_Y1,YGOC,VpdQ,haYg,me75fM6ugJ,kIsH,uKAI,Mtgm,XfqtO3UdzaXh_,XTbPUYD,b8A9,UYBR,qxDb,WFguwyX,oslk,pXhYV0N,LM8l689qOp,szEZ,RAYp,55YFVY9
0,749,7,8708,124,155,0,253.52,0,11360520,0,6.472976,9,136,525,0,0,219282,45,0,32,0,31210,495,132,53271,0,0,0,2820,0,18,0,10684080,0,0,0,0,1GdOj17ejg,rEUOq2QD1qfkRr6qpua,taul,1K8T,aD1X,fhk21Ss,76j2P_OLn0,66di,9_Y1,zfpA,VpdQ,haYg,7M47J5GA0pTYIFxg5uy,kIsH,uKAI,Mtgm,4kVnq_T26xq1p,NGZE639,7Hkk,cJvF,FzaX,4UxGlow,zCkv,catzS2D,LM8l689qOp,7aLG,ZI9m,ib5G6X1eUxUn6
0,2569,7,148,192,240,168,166.56,0,0,0,6.250801,18,170,28,1083632,0,13155.45,5,16,96,72,-23272.28,890,0,55143,0,301215,469530,5,0,18,525490,1978612,18,384792,0,0,npOBcmzkzH,2Knk1KF,taul,1K8T,TyGl,fhk21Ss,P9HTde2,uOba,9_Y1,yrDU,VpdQ,wMei,7M47J5GA0pTYIFxg5uy,kIsH,uKAI,L84s,E1aAZ0x7vd,OFqVH0t,hBnc,cJvF,FzaX,4UxGlow,QKW8DRm,catzS2D,LM8l689qOp,Qcbd,ZI9m,ib5G6X1eUxUn6
0,3080,7,0,280,350,216,310.4,0,164520,0,4.852809,9,40,0,1570328,0,25318.08,5,22,104,88,-1179600,1685,12,171,0,947255,623242,5,0,18,560175,3431552,36,436788,0,0,FAJgUH7ejg,RO12,taul,1K8T,JLbT,foC0EW7,OMwz6rf2so,ioG2,9_Y1,m_h1,VpdQ,zm5i,me75fM6ugJ,kIsH,uKAI,Mtgm,NhsEn4L,kZJyVg2,DV2t,UYBR,FzaX,_95OhQy,oslk,AFqqI2t,LM8l689qOp,WqMG,RAYp,F2FyR07IdsN7I
0,1414,14,812,180,225,32,186.64,0,949068,0,5.486648,18,100,651,1989352,0,58374.9,10,8,32,72,-14607,475,30,11286,0,4367940,393882,250,0,9,550620,6296840,42,564384,0,0,C2Dvyx875g,RO12,taul,1K8T,487l,SHXbfVI,k10MzgT,XqdY,9_Y1,MBhA,VpdQ,sYC_,me75fM6ugJ,kIsH,uKAI,L84s,NhsEn4L,kq0aHkC,Xpz5,UYBR,FzaX,7GEoYtn,oslk,4QlaK89,jySVZNlOJy,WqMG,RAYp,F2FyR07IdsN7I
0,672,7,44,116,145,40,220.08,0,0,0,1.902585,9,88,14,29456,0,3342.69,0,2,32,48,15671,355,0,1800,0,135670,9204,35,0,0,469,148532,34,10290,0,0,avkq9ayfAo,RO12,taul,1K8T,z32l,qsC9_Ds,77iJmpaB0e,hwEL,9_Y1,vm5R,VpdQ,IYzP,DHn_WUyBhW_whjA88g9bvA64_,kIsH,uKAI,L84s,CrNX,kZJigPo,4Lz9,cJvF,FzaX,e8BCipi,d0EEeJi,VAZSzUK,LM8l689qOp,7P5s,nIGXDli,F2FyR07IdsN7I
0,581,0,0,164,205,24,259.68,0,8743020,0,1.988464,9,24,0,1523304,0,151388.4,30,0,32,32,196790,615,108,0,0,1621320,282372,0,0,9,0,10525720,20,0,0,0,wRXmfo875g,RO12,taul,1K8T,ssAy,lwEMqCt,e1XhvTunuD,GyLz,9_Y1,Bw19,VpdQ,zm5i,DHn_WUyBhW_whjA88g9bvA64_,kIsH,uKAI,Mtgm,CrNX,mAjbq_f,RWnu,cJvF,FzaX,13jsOLB,d0EEeJi,uCiLIUv,LM8l689qOp,wX53,nIGXDli,F2FyR07IdsN7I
0,616,7,656,4,5,0,260.24,0,0,0,5.220679,18,172,49,0,6,19663.56,0,0,0,0,89889.6,130,0,102141,16,17310,0,1970,0,45,0,13848,2,0,0,0,KXMWq69R_D,2Knk1KF,taul,1K8T,lK27,fhk21Ss,Gai9lEF2Fr,eKTQ,9_Y1,Px52,09_Q,giwq,7M47J5GA0pTYIFxg5uy,kIsH,uKAI,Mtgm,E1aAZ0x7vd,OFqVH0t,JEC4,UYBR,qxDb,4UxGlow,QKW8DRm,catzS2D,LM8l689qOp,PM2D,ZI9m,ib5G6X1eUxUn6
0,588,7,232,228,285,88,169.92,0,0,0,0.2172613,9,58,70,5720,0,1061.058,0,0,16,32,-2920.144,815,0,82737,8,71395,5370,2350,0,27,0,70716,84,0,0,7,hSovyx7IEC,RO12,taul,1K8T,487l,kJ1ERUT,tuCIAZpmXESNT,vTpZ,9_Y1,qaiO,09_Q,wMei,7M47J5GA0pTYIFxg5uy,kIsH,uKAI,L84s,leSl,CWNHJ27,cWcg,cJvF,FzaX,MMTJrCp,QKW8DRm,Rkj9jvX,LM8l689qOp,szEZ,vJ_w8kB,WfJ2BB2SFSqauljlfOB
0,812,35,15032,180,225,40,237.52,10,5378880,0,3.474044,45,206,455,3456000,6,212205,25,2,32,40,67148.8,610,78,8163,48,2672535,669074,1065,0,18,0,10313320,32,210036,0,14,52Iq9ayE15,_7J0OGNN8s6gFzbM,CiJDdr4TQ0rGERIS,1K8T,OTVu,fhk21Ss,yEFIHeU,A72Q,9_Y1,vm5R,VpdQ,y6dw,7M47J5GA0pTYIFxg5uy,kIsH,uKAI,L84s,hFuvTXnQzBljb,y5FS9RD,0iqk,cJvF,FzaX,4UxGlow,zCkv,catzS2D,LM8l689qOp,7P5s,ZI9m,ZeaF
0,1106,7,32,204,255,32,325.84,0,8754060,0,4.568468,9,30,0,701168,0,59062.5,20,2,32,72,1439564,575,138,37269,0,1211165,590474,365,0,0,353549,9817600,20,303042,0,0,eOQgUHShse,RO12,taul,1K8T,Y2P0,OKQ4Lhq,Jb2X7bw,85IW,9_Y1,RVjC,VpdQ,IYzP,me75fM6ugJ,kIsH,uKAI,Mtgm,NhsEn4L,kZJyVg2,ETNp,UYBR,FzaX,K9B4K41,oslk,L8yRgaQ,jySVZNlOJy,FSa2,RAYp,F2FyR07IdsN7I
0,1848,7,2192,1300,1625,424,233.44,0,6218160,0,6.253151,18,228,28,1210224,0,112188.6,195,16,592,624,139104.4,2115,126,15381,0,2465845,326936,2745,0,27,251300,9822240,252,213888,0,0,oyGrjIXt5a,TW8dXluYzKpktZjuY8kSPBaZa,CiJDdr4TQ0rGERIS,1K8T,80HR,fhk21Ss,9YucVgBYRN,ps76,9_Y1,Nbbb,VpdQ,y6dw,7M47J5GA0pTYIFxg5uy,kIsH,uKAI,L84s,dGiN9qj1jEYX9,y5FDfSp,r5s6,cJvF,qxDb,4UxGlow,Al6ZaUT,catzS2D,M_8D,5Acm,ZI9m,VjDE
0,1050,21,1748,140,175,16,220.08,0,5710800,0,0.3986328,36,146,7,3385336,0,173643.6,15,0,32,40,117773.2,520,78,8127,0,5045550,105334,4160,0,27,0,10654760,24,0,0,0,1nlTmBtueT,2Knk1KF,taul,1K8T,PbOJ,2Ae7Duj,aEghjcMgI1QYJu7y,C_68,9_Y1,c2JP,VpdQ,hAFG,me75fM6ugJ,kIsH,uKAI,L84s,XfqtO3UdzaXh_,XTbIt4R,_Jlj,cJvF,FzaX,snhYH7D,oslk,4EXRt2K,LM8l689qOp,rgKb,RAYp,55YFVY9
0,1274,0,44,192,240,112,166.56,0,0,0,1.951292,27,110,0,380288,0,14884.83,5,12,72,104,26141.44,660,0,43110,0,620960,325920,0,0,18,443345,1906916,28,388944,0,0,Yn7t0Go8Lb,2Knk1KF,taul,1K8T,yMvB,PHNvXy8,DKUDUftgA7,6UiV,9_Y1,MGOA,VpdQ,CoYW,NKv3VA1BpP,kIsH,uKAI,L84s,Ie_5MZs,teAjUwW,bHR7,UYBR,FzaX,UF16siJ,zCkv,APgdzOv,LM8l689qOp,Qu4f,6fzt,Zy3gnGM
0,560,7,196,112,140,64,220.08,0,3645546,0,2.674215,9,108,0,735048,0,144818.1,35,2,8,40,161664.4,430,12,1278,0,3600155,2522960,170,0,27,1176406,11557600,10,1008348,0,0,FAJgUH7ejg,2Knk1KF,taul,1K8T,vSNn,4rXXVr0,KhDb8PW,DWdr,9_Y1,1Bp0,VpdQ,sYC_,me75fM6ugJ,kIsH,uKAI,L84s,NhsEn4L,beK4AFX,Mq74,cJvF,FzaX,I3fYWu3,oslk,ERyzF_Q,LM8l689qOp,WqMG,RAYp,55YFVY9
0,700,7,112,144,180,48,253.52,0,4674030,0,1.93292,9,32,357,3723584,0,217164,20,0,48,56,459168,535,66,59004,0,3170645,950460,1370,0,0,698271,10504160,16,0,0,0,oyGrjIXt5a,RO12,taul,1K8T,80HR,UpI8v8b,NFlfMbKIm3,Y7X1,9_Y1,xQ2A,09_Q,IYzP,me75fM6ugJ,kIsH,uKAI,Mtgm,NhsEn4L,cUQss53,gvA6,UYBR,FzaX,bDfm94s,oslk,rBxAyXX,LM8l689qOp,5Acm,RAYp,F2FyR07IdsN7I
0,1484,7,2860,812,1015,632,233.44,0,28140,0,6.648579,9,90,322,188080,0,4855.29,50,48,232,240,66099.6,2255,102,2511,0,274630,303852,680,0,18,21406,1115180,86,236574,0,0,yaKt0Go8Lb,RO12,taul,1K8T,ffXs,rsmctTK,c8IisFQ,m_ym,9_Y1,t_4G,sJzTlal,6JmL,me75fM6ugJ,kIsH,uKAI,L84s,XfqtO3UdzaXh_,XTbPUYD,UiFH,cJvF,FzaX,Kgofc8E,oslk,S46Rt72,LM8l689qOp,Qu4f,RAYp,F2FyR07IdsN7I
0,2520,7,376,376,470,208,133.12,0,322734,0,0.708182,9,98,0,86496,0,3355.26,15,20,56,72,-75594.4,2120,144,2088,0,121815,203382,1885,0,18,5138,1031788,44,309444,0,0,jg69tYsGvO,AERks4l,taul,1K8T,MeKL,PHNvXy8,7aPEU2f,lcXs,9_Y1,YULl,VpdQ,haYg,NKv3VA1BpP,sBgB,uKAI,L84s,Ie_5MZs,CWNY2py,eD99,UYBR,FzaX,UF16siJ,zCkv,APgdzOv,LM8l689qOp,FSa2,6fzt,xwM2aC7IdeMC0
0,2002,0,468,156,195,24,206.72,0,3450546,0,1.398633,27,80,70,4147200,0,52245,20,0,32,48,154886.8,1150,54,133650,0,6544700,50726,0,0,9,0,10843160,34,0,0,0,xOXr4RXktW,w9ygS99Qp_,taul,1K8T,AHrt,b_gE5qr,C_u8_AlBK7,0utj,9_Y1,ZKJc,09_Q,lVqb,EBKcR3s6B22tD6gC36gm6S,kIsH,uKAI,L84s,CrNX,kZJwF2i,hSQF,cJvF,FzaX,QnxJP2u,d0EEeJi,Hhvhq3J,LM8l689qOp,7FJQ,nIGXDli,R4y5gQQWY8OodqDV
0,504,7,0,144,180,40,9.648,0,5436,0,1.270455,9,58,21,32,0,464.145,0,22,40,8,-1615620,330,6,101160,0,13750,662,380,0,0,9401,28944,36,19470,0,0,oyGrjIXt5a,RO12,taul,1K8T,0Xwj,iJzviRg,IoHM2QgSEI,FdKq,HLqf,mTeA,09_Q,IYzP,7M47J5GA0pTYIFxg5uy,sBgB,uKAI,Mtgm,4kVnq_T26xq1p,kq0S9XY,FWJL,UYBR,FzaX,ch2oGfM,zCkv,P6pu4Vl,LM8l689qOp,FSa2,ZI9m,R4y5gQQWY8OodqDV
0,987,7,12,264,330,40,235.28,0,6465120,0,5.690451,9,34,0,187248,0,168385.8,55,6,48,56,119859.2,780,96,198,0,2070015,53238,15,0,0,0,9243240,48,291318,0,0,8I1r4RXXnK,ND3t9Yro9U,taul,1K8T,lK27,SwT_9E2,r83_sZi,oo2r,9_Y1,Albh,VpdQ,IYzP,GjJ35utlTa_GNSvxxpb9ju,kIsH,uKAI,L84s,DmYOBF5GfjJxb,kq05frD,K9tf,cJvF,FzaX,Nr9NTdm,Al6ZaUT,vn0s3yQ,LM8l689qOp,Xa3G,02N6s8f,F2FcTt7IdMT_v
0,175,0,0,128,160,72,300.32,5,7069320,0,4.129459,9,18,0,0,0,185520.9,20,8,32,0,574884,300,84,0,8,23930,1489382,0,0,9,0,10475600,2,2073600,0,0,npOBcmzkzH,RO12,taul,1K8T,tXti,4jFRSUd,nQUuPS5U1c,BTwt,9_Y1,4nnx,sJzTlal,IYzP,me75fM6ugJ,kIsH,uKAI,L84s,NhsEn4L,kZJyVg2,q25W,cJvF,FzaX,IS78jNM,oslk,MgSTL5Q,LM8l689qOp,Qcbd,RAYp,F2FyR07IdsN7I
0,847,7,3904,132,165,8,295.12,0,1379886,0,2.709891,9,88,196,4147200,0,189046.8,10,4,40,48,158025.2,535,24,17010,0,7646000,137758,970,0,54,1814400,10357800,36,791790,0,0,HYTrjIK12c,RO12,taul,1K8T,yMvB,kJ1ERUT,nQUxgtZEqo,jKPY,9_Y1,7WNq,VpdQ,hzlB,7M47J5GA0pTYIFxg5uy,kIsH,uKAI,L84s,leSl,pMW9Htj,AVM6,UYBR,FzaX,MMTJrCp,QKW8DRm,Rkj9jvX,jySVZNlOJy,WqMG,vJ_w8kB,WfJ2BB2SFSqauljlfOB
0,938,0,44,152,190,16,166.56,0,7952400,0,4.992736,9,54,0,2290368,0,140411.4,30,0,40,32,106001.6,610,108,28323,0,1976700,98456,0,0,0,189672,10298640,16,0,0,0,MtpBcmzkzH,RO12,taul,1K8T,AHgj,SHmaA9U,ErM0Vcg68N,i4tG,9_Y1,KubS,VpdQ,IYzP,me75fM6ugJ,kIsH,uKAI,L84s,NhsEn4L,mAja5EA,jvkx,UYBR,FzaX,nQmfGrO,oslk,A1pAKIt,LM8l689qOp,Qcbd,RAYp,F2FyR07IdsN7I
0,854,7,60,176,220,32,288.56,0,2326962,0,0.03076266,9,30,0,4263904,0,146107.8,15,6,104,104,155308.8,780,36,171,0,5113950,676812,780,0,9,148722,10355960,30,535056,0,0,crIt0Go8Lb,RO12,taul,1K8T,ffXs,XX3vpGW,7ruKm4v,DQ0L,9_Y1,rGJy,VpdQ,43pnToF,me75fM6ugJ,kIsH,uKAI,Mtgm,NhsEn4L,mAjbk_S,dimX,UYBR,FzaX,n2dvEWW,oslk,xInqI2t,LM8l689qOp,Qu4f,RAYp,F2FyR07IdsN7I
0,847,14,2048,148,185,40,166.56,0,5381694,0,5.002563,18,76,0,25768,0,179926.8,35,8,64,8,-106311.2,610,78,1206,0,2501485,171328,140,0,0,45759,8581120,14,658038,0,0,a4v9tYsGvO,RO12,taul,1K8T,lK27,_fIAa0F,yLQX8HOoy1,CHuM,9_Y1,YULl,09_Q,IYzP,me75fM6ugJ,kIsH,uKAI,L84s,NhsEn4L,TDceha3,GXbp,UYBR,FzaX,XsgCME0,oslk,eIiXg6w,jySVZNlOJy,FSa2,RAYp,F2FyR07IdsN7I
0,399,0,0,320,400,40,260.08,0,6767700,0,5.572741,9,18,0,421856,0,77842.2,30,16,64,80,770376,1025,120,0,0,2588680,303848,0,0,0,1172696,10034080,62,1954980,0,0,8Fdr4RXXnK,RO12,taul,1K8T,EzKK,lUp7x5J,R8MGBE0NRjQOv,EF7s,9_Y1,Albh,09_Q,IYzP,me75fM6ugJ,kIsH,uKAI,L84s,NhsEn4L,uZL60aU,3vKE,cJvF,FzaX,qxvYjZW,oslk,ddLRDbC,LM8l689qOp,Xa3G,RAYp,F2FyR07IdsN7I
0,567,7,304,36,45,8,320.4,0,1949418,0,3.713309,9,112,0,4292696,0,200018.7,0,2,16,16,29913.28,300,24,981,0,1170410,1079286,1010,0,18,0,8519680,2,2968230,0,0,oyGrjIXt5a,LrdVolaSGUfkVeWC,taul,1K8T,hoa9,RPKu5tB,ilrY4YM,8rWl,9_Y1,m7JR,09_Q,haYg,me75fM6ugJ,kIsH,uKAI,Mtgm,XfqtO3UdzaXh_,OFq9NeO,bhGx,cJvF,AU8pNoi,WdP1WU5,oslk,05j67Xw,LM8l689qOp,5Acm,RAYp,R4y5gQQWY8OodqDV
0,1071,7,44,124,155,0,286.96,0,5528148,0,6.824824,9,44,0,3456000,0,146460.6,20,0,32,40,454532,610,66,14589,0,4752000,0,40,0,18,0,10597440,22,0,0,0,doHWq69cTy,AERks4l,taul,1K8T,ssAy,sXO967o,4XQlM85,flZG,9_Y1,0A_v,VpdQ,IYzP,GjJ35utlTa_GNSvxxpb9ju,kIsH,uKAI,L84s,JBfYVit4g8,uZLz8Sc,cbJ9,cJvF,FzaX,nf9FyVq,Al6ZaUT,XkHVLoM,LM8l689qOp,PM2D,02N6s8f,xwM2aC7IdeMC0
0,1967,7,32,400,500,248,210,0,0,0,0.7066866,9,46,56,1297896,0,24079.26,0,16,64,160,-84196.8,1200,0,5040,0,1879300,213014,1320,0,0,311997,2643804,82,98082,0,0,dRagUHXM47,RO12,taul,1K8T,7ALb,6oGvcTJ,_kEpMB_FYl,yLzr,9_Y1,fTh6,09_Q,IYzP,me75fM6ugJ,kIsH,uKAI,L84s,NhsEn4L,mAjbk_S,Lkne,cJvF,FzaX,MiSOw16,oslk,alU2fT4,LM8l689qOp,453m,RAYp,F2FyR07IdsN7I
0,805,14,2140,140,175,56,81.12,0,4349502,0,2.994018,18,74,21,2439056,3,207798.3,10,10,32,32,-135800.8,550,54,37746,8,2494275,958920,1470,0,0,554421,9679600,16,1992978,0,0,JMGq9aXt5a,RO12,taul,1K8T,0Xwj,jJ_J26Z,3cO76t0,Asx5,HLqf,Y9Bl,VpdQ,IYzP,me75fM6ugJ,sBgB,uKAI,L84s,NhsEn4L,mAjbk_S,BCds,UYBR,FzaX,EMvv4zN,oslk,RDY7kpB,LM8l689qOp,uWr3,RAYp,F2FyR07IdsN7I
0,2240,7,644,248,310,232,167.2,0,0,0,5.541978,9,82,0,296080,0,10190.13,5,16,80,120,-1782776,1400,0,5265,0,142690,204524,5,0,9,70980,819380,18,184650,0,0,gOyq9ayE15,RO12,taul,1K8T,yYar,iJzviRg,glRbITbnHQ,7bQH,9_Y1,QBpP,VpdQ,69fI,7M47J5GA0pTYIFxg5uy,kIsH,uKAI,L84s,4kVnq_T26xq1p,7WwxJeo,gmxR,cJvF,FzaX,ch2oGfM,zCkv,P6pu4Vl,LM8l689qOp,7P5s,ZI9m,R4y5gQQWY8OodqDV
0,4060,7,288,168,210,96,290.24,0,2499090,0,5.319803,27,106,49,4838400,0,35289,5,4,32,56,306371.6,2975,36,1449,0,3533720,1093596,105,0,9,604800,9848400,28,1036800,0,0,oUPBcmzkzH,RO12,taul,1K8T,AkfA,kozdzR5,q2tfFQq,EZSk,9_Y1,4nnx,VpdQ,sYC_,me75fM6ugJ,kIsH,uKAI,Mtgm,NhsEn4L,kq0aHkC,mJ0B,UYBR,FzaX,sd2OZ4E,oslk,spyTQlu,LM8l689qOp,Qcbd,RAYp,F2FyR07IdsN7I
0,798,14,2192,132,165,40,447.76,0,2154972,0,4.374706,36,128,364,1267240,0,160580.1,20,6,40,16,247832,525,30,7272,0,4798410,792030,785,0,18,1108842,9710760,28,1425702,0,0,1GdOj17ejg,RO12,taul,1K8T,0Xwj,6CXYbuk,n2YUCtC7cP,rerZ,HLqf,iVbl,VpdQ,haYg,Kxdu,sBgB,uKAI,L84s,FMSzZ91zL2,11pG9ir,8FNr,cJvF,FzaX,ROeipLp,zCkv,K2SqEo9,LM8l689qOp,7aLG,6fzt,4rd_
0,854,0,0,244,305,112,384.24,0,5275074,0,5.439009,18,26,0,410816,0,122554.5,40,4,64,24,54964,775,114,0,8,1517985,1056820,0,0,9,165620,9475640,30,525264,0,7,FAJWq69cTy,RO12,taul,1K8T,j1T2,wEJSdMg,n1zVHpT8NN,D1Er,9_Y1,Px52,09_Q,zm5i,me75fM6ugJ,kIsH,uKAI,L84s,NhsEn4L,kZJyVg2,WxAt,UYBR,FzaX,aMa88FJ,oslk,tM4OEra,LM8l689qOp,PM2D,RAYp,F2FyR07IdsN7I
0,2975,7,1492,480,600,40,173.28,5,180798,0,2.635334,9,134,140,229552,3,2693.331,30,0,56,192,-161783.6,1275,78,29529,32,318140,5804,2295,0,27,9961,551076,144,0,0,14,dRaTmBfHUn,2Knk1KF,taul,1K8T,ssAy,PHNvXy8,ElQylxy,E4f_,9_Y1,4N0K,09_Q,lVqb,NKv3VA1BpP,kIsH,uKAI,L84s,Ie_5MZs,OFqdri0,pmMS,cJvF,OFWH,UF16siJ,zCkv,APgdzOv,LM8l689qOp,Qu4f,6fzt,Zy3gnGM
0,805,14,3856,256,320,112,177.36,0,978474,0,2.913907,18,78,280,66392,0,12341.37,20,8,56,48,117448,955,66,19998,0,648415,72568,2090,0,9,119336,1525352,50,167058,0,0,AUUt0GoOh3,eSGpMwS8zSGgq_trOpckZ5,taul,1K8T,wGW5,QMVnxCu,aEghjcMgI1QYJu7y,vgiU,9_Y1,t_4G,VpdQ,wMei,GjJ35utlTa_GNSvxxpb9ju,kIsH,uKAI,L84s,UbxQ8lZ,teAAe2o,wF_j,UYBR,FzaX,Y2CFaW0,Al6ZaUT,QkgqMJU,LM8l689qOp,Qu4f,02N6s8f,R4y5gQQWY8OodqDV
0,735,14,420,148,185,128,167.2,0,0,0,1.290109,18,52,14,152784,0,4279.74,0,2,8,64,-1846972,430,0,6840,0,104135,58456,1940,0,0,16303,289192,24,18870,0,0,Yddq9ayE15,RO12,taul,1K8T,TyGl,kkNNXZR,n2YfB05aPZ,NqQi,9_Y1,F_Lu,sJzTlal,IYzP,me75fM6ugJ,kIsH,uKAI,Mtgm,XfqtO3UdzaXh_,11p4mKe,SQnj,cJvF,FzaX,OTgfc8E,oslk,GeD7j0h,LM8l689qOp,TNEC,RAYp,F2FyR07IdsN7I
0,1638,14,2368,272,340,136,168.96,0,912366,0,4.814783,27,106,182,2566040,0,37991.4,5,16,40,88,95091.6,995,12,47052,0,3141565,236832,485,0,0,459123,5014960,58,191286,0,0,MtpBcmzkzH,2Knk1KF,taul,1K8T,uNkU,6cUBdMb,sTHil3I,QBBG,9_Y1,WGOH,09_Q,sYC_,me75fM6ugJ,kIsH,uKAI,L84s,NhsEn4L,kq0aHkC,VeIQ,cJvF,FzaX,1FAm94s,oslk,MjtlfsX,LM8l689qOp,Qcbd,RAYp,55YFVY9
0,875,7,40,136,170,32,259.04,0,4531746,0,0.5541551,9,38,0,2534456,0,209021.1,15,4,32,32,92331.2,545,60,450,0,3932200,633614,205,0,18,554428,10285400,22,950430,0,0,DQlrEyXXnK,RO12,taul,1K8T,LLPZ,abRsKl9,KlOa2n0,YKtP,9_Y1,SkZj,09_Q,IYzP,me75fM6ugJ,sBgB,uKAI,L84s,NhsEn4L,mAjbk_S,S1Do,UYBR,FzaX,mXL6hzI,oslk,BT6Rt2K,LM8l689qOp,Aoh3,RAYp,F2FyR07IdsN7I
0,854,21,3636,136,170,56,186.64,0,4021968,0,3.254005,27,150,252,919368,0,193127.7,25,4,40,24,193613.6,530,48,14859,0,2420760,1209600,1025,0,27,325948,9507280,18,552714,0,0,tr0Wq69cTy,2Knk1KF,taul,1K8T,ssAy,GdzFZs5,Gai9lEF2Fr,JGVU,9_Y1,Px52,sJzTlal,haYg,me75fM6ugJ,kIsH,uKAI,L84s,XfqtO3UdzaXh_,OFqmdNV,OAOz,UYBR,FzaX,Xsg8XLE,oslk,eIi2qo0,M_8D,PM2D,RAYp,55YFVY9
0,462,0,4,112,140,96,233.44,0,1981488,0,5.976287,9,82,0,1419760,0,83317.2,20,0,32,24,314022,385,30,1215,0,1304365,227290,0,0,0,119063,4911360,8,0,0,0,75lTmBtFkL,RO12,taul,1K8T,JLbT,b9lODwF,V6XUlxabJ4VaD,VvDf,9_Y1,c2JP,VpdQ,IYzP,me75fM6ugJ,kIsH,uKAI,L84s,NhsEn4L,kq0aHkC,pv4R,UYBR,FzaX,gboeT2p,oslk,LnLaK89,LM8l689qOp,rgKb,RAYp,F2FyR07IdsN7I
0,777,14,1572,168,210,24,186.64,0,10367760,0,3.175604,27,188,343,1060416,3,183442.8,35,2,56,40,280283.2,590,120,60102,8,731605,20604,630,0,63,0,10173360,12,34824,0,0,V8lBcmz45j,bYmQ4nc,taul,1K8T,tXti,fhk21Ss,Hz673939hSRjL,t_lo,9_Y1,4nnx,VpdQ,oZyB,7M47J5GA0pTYIFxg5uy,kIsH,uKAI,L84s,_5OXC8MSLt,XTbQpf0,eICp,cJvF,FzaX,4UxGlow,oslk,catzS2D,LM8l689qOp,Qcbd,ZI9m,ib5G6X1eUxUn6
0,749,14,776,224,280,88,414,0,4908090,0,5.766716,18,40,189,2278496,0,125185.2,20,8,48,64,-101763.6,840,90,473877,0,3319625,658620,4840,0,18,835695,9939600,28,352914,0,0,kMJt0GoOh3,RO12,taul,1K8T,pdks,ka_ns41,NW71mrodGH,t7tD,9_Y1,rGJy,VpdQ,IYzP,me75fM6ugJ,kIsH,uKAI,L84s,NhsEn4L,mAja5EA,XZu1,UYBR,FzaX,1YVfGrO,oslk,fXVEsaq,LM8l689qOp,Qu4f,RAYp,F2FyR07IdsN7I
0,588,14,2372,84,105,32,133.12,0,68826,0,6.023927,18,106,105,0,0,10658.43,5,6,24,0,-72575.2,305,30,6453,0,218930,54184,130,0,0,0,480848,16,160698,0,0,DHeq9ayfAo,RO12,taul,1K8T,tzKK,z8FO0dd,8xqsKsAwUv,1DKK,9_Y1,QBpP,09_Q,sYC_,me75fM6ugJ,kIsH,uKAI,L84s,NhsEn4L,kq0aHkC,WLSG,UYBR,FzaX,ZoXfR8o,oslk,IKPOtEt,LM8l689qOp,7P5s,RAYp,F2FyR07IdsN7I
0,546,0,0,112,140,0,350.32,0,164862,0,5.188421,9,28,0,4147200,3,185123.4,0,0,24,48,78664.4,475,6,0,8,9072000,0,0,0,27,0,9441120,42,0,0,0,6m0t0G8rTN,RO12,taul,1K8T,Uk76,cmPnuwV,nQUxgtZEqo,8A2d,9_Y1,k13i,VpdQ,zm5i,me75fM6ugJ,kIsH,uKAI,L84s,NhsEn4L,mAja5EA,M0Ix,UYBR,FzaX,efg87dl,oslk,_JxAGfT,LM8l689qOp,fKCe,RAYp,F2FyR07IdsN7I
0,812,0,112,288,360,176,200,0,2597958,0,6.421278,18,60,0,403776,0,37798.2,5,22,72,48,355817.2,1115,90,3078,0,909485,290344,0,0,0,0,3317184,34,105558,0,0,9hRmfo875g,RO12,taul,1K8T,0Xwj,9GJGgoz,77iJmpaB0e,RgLo,F3hy,iZJp,09_Q,IYzP,Kxdu,kIsH,uKAI,L84s,FMSzZ91zL2,TDcEYQ6,4n7d,cJvF,FzaX,Tvpip6Z,zCkv,hHJsvbM,LM8l689qOp,3Cy4,6fzt,SbOd7O8ky1wGNxp0Arj0Xs
0,574,7,1548,48,60,0,166.56,0,4948488,0,6.166204,9,84,14,89664,0,244666.8,10,4,24,8,-194998.4,200,24,56502,0,2235840,0,805,0,27,3514,8879880,6,3631812,0,0,8Fdr4RXXnK,RO12,taul,1K8T,dWQK,JAVclh7,n1zVHpT8NN,MkUW,9_Y1,TFSW,09_Q,6JmL,DHn_WUyBhW_whjA88g9bvA64_,kIsH,uKAI,L84s,CrNX,AuSDRR8,uhg2,cJvF,FzaX,mXL2WyU,d0EEeJi,KSA0WQG,LM8l689qOp,Xa3G,nIGXDli,F2FyR07IdsN7I
0,35,0,0,68,85,48,198.88,0,61722,0,6.065584,9,14,0,0,0,6825,5,8,32,0,-930960,85,30,0,0,15075,32690,0,0,0,0,154700,2,21174,0,0,voArjIXt5a,RO12,taul,1K8T,vsvk,LHrpdAf,hOpMh7dRpW,LqEz,9_Y1,m7JR,09_Q,IYzP,me75fM6ugJ,kIsH,uKAI,Mtgm,NhsEn4L,kq0IYu6,TJp0,UYBR,FzaX,rSNVGQ9,oslk,O8szlpr,LM8l689qOp,5Acm,RAYp,F2FyR07IdsN7I
0,84,0,0,280,350,40,166.56,5,0,0,5.21427,9,14,0,521816,0,11554.98,0,8,16,64,-51620,350,0,0,8,1006385,3046,0,0,0,17962,1078464,106,9534,0,0,AUUt0GoOh3,RO12,taul,1K8T,lK27,My6r5B6,r83_sZi,Ed7R,9_Y1,rGJy,VpdQ,IYzP,me75fM6ugJ,kIsH,uKAI,L84s,NhsEn4L,mAja5EA,WxLD,UYBR,FzaX,WWmDBnE,oslk,CR7p_o3,LM8l689qOp,Qu4f,RAYp,F2FyR07IdsN7I
0,497,0,0,124,155,176,286.96,0,0,0,3.87524,9,28,0,109800,0,220506.3,0,16,40,8,143891.2,490,0,0,0,0,3801600,0,0,9,1814400,10422920,0,4147200,0,0,P1WvyxLp3Z,RO12,taul,1K8T,487l,ka3eV8O,5XbxVv0,oN4H,9_Y1,vzJD,VpdQ,zm5i,DHn_WUyBhW_whjA88g9bvA64_,kIsH,uKAI,L84s,CrNX,uZLj9VB,cCbz,UYBR,FzaX,UvL_w6z,d0EEeJi,nuwugiB,LM8l689qOp,xb3V,nIGXDli,F2FyR07IdsN7I
0,1470,0,0,960,1200,184,186.64,0,1361994,0,0.8117924,9,44,0,3826696,0,131742.3,135,40,528,352,-194856.4,1535,90,5877,0,5272900,780106,0,0,0,108535,9566520,222,1162176,0,0,tr0gUH7ejg,RO12,taul,1K8T,0Xwj,_93bEE0,DKUDUftgA7,cHhV,HLqf,m_h1,VpdQ,IYzP,me75fM6ugJ,sBgB,uKAI,L84s,NhsEn4L,mAjbk_S,8JTE,UYBR,FzaX,wZZCLWs,oslk,9iFWDFK,M_8D,WqMG,RAYp,F2FyR07IdsN7I
0,343,7,260,92,115,72,166.56,0,0,0,5.844478,18,80,14,408280,0,23870.73,0,2,32,24,37816,520,0,5148,0,260870,100458,2420,0,9,355971,629188,20,23154,0,0,v0Nt0Go8Lb,RO12,taul,1K8T,PbOJ,fnPWNDD,ELqaUgs,gqB4,9_Y1,rGJy,09_Q,sYC_,Kxdu,kIsH,uKAI,L84s,FMSzZ91zL2,jawaJhY,5mMR,UYBR,FzaX,ACmK9Wu,zCkv,VMoAgU3,LM8l689qOp,Qu4f,6fzt,SbOd7O8ky1wGNxp0Arj0Xs
0,147,0,0,180,225,56,220.08,0,6903660,0,4.290964,9,16,0,1267272,0,190209,30,2,32,16,654484,465,90,0,0,1270680,979586,0,0,9,0,10544640,28,475230,0,0,1GdOj1KXzC,RO12,taul,1K8T,xgSF,kJ14Htb,JQFeOYK,qRBg,9_Y1,jdbz,VpdQ,zm5i,me75fM6ugJ,kIsH,uKAI,L84s,NhsEn4L,kZJtVhC,kh7x,cJvF,FzaX,WTK88FJ,oslk,YKu7j0h,LM8l689qOp,kwS7,RAYp,F2FyR07IdsN7I
0,1183,0,4,144,180,16,200,0,8331540,0,4.139287,9,64,0,0,0,135567.9,35,0,24,0,259670.4,605,108,1368,0,1591585,119406,0,0,0,0,9485640,18,0,0,0,639r4RK2Mx,RO12,taul,1K8T,kNzO,dBHKZdo,q2tfFQq,sk6B,9_Y1,YePk,VpdQ,sYC_,me75fM6ugJ,kIsH,uKAI,Mtgm,NhsEn4L,kq0n8Bj,fU79,cJvF,wwPEXoilkr,f560FxM,oslk,lTw2_Lp,LM8l689qOp,Qu4f,RAYp,F2FyR07IdsN7I
0,1092,7,2476,148,185,80,320.4,0,1614936,0,6.494553,18,92,119,1927296,0,147149.1,0,12,32,24,134115.2,600,24,85014,0,3700960,1720862,5,0,0,604800,10473760,28,3046512,0,0,DQlgUH7IEC,RO12,taul,1K8T,ujBx,G6aMVop,jgyr5WV,HOYQ,9_Y1,1Bp0,VpdQ,IYzP,me75fM6ugJ,kIsH,uKAI,L84s,NhsEn4L,kq0aHkC,KQdt,cJvF,FzaX,Xsgmfvd,oslk,uBYMak1,LM8l689qOp,WqMG,RAYp,F2FyR07IdsN7I
0,266,0,0,112,140,104,186.64,0,2299086,0,4.357189,9,18,0,1547008,0,136161.6,15,2,16,16,33747.28,835,24,0,0,272560,1211284,0,0,9,919114,10001720,10,842076,0,0,Tfit0G8EIb,RO12,taul,1K8T,YmZp,4rXn9NE,EXpWEXgaYpMJ7,agam,9_Y1,e7QV,VpdQ,zm5i,me75fM6ugJ,kIsH,uKAI,L84s,NhsEn4L,mAja5EA,HEX_,UYBR,FzaX,dqL8hdx,oslk,MnYAKIt,LM8l689qOp,fKCe,RAYp,F2FyR07IdsN7I
0,875,14,3112,144,180,64,327.28,0,298470,0,1.966887,27,80,7,4053240,0,195786.6,10,2,32,56,79393.2,605,18,28944,0,5956700,1332380,1575,0,9,623210,10040160,30,518400,0,0,hSogUHXZeb,RO12,taul,1K8T,JLbT,au1K0yW,8xqsKsAwUv,ZZSJ,9_Y1,fTh6,09_Q,sYC_,me75fM6ugJ,kIsH,uKAI,L84s,NhsEn4L,kq0aHkC,LI0l,UYBR,qxDb,iEX0Q3K,oslk,LPD2Oqu,LM8l689qOp,453m,RAYp,F2FyR07IdsN7I
0,777,7,3272,144,180,24,487.84,10,0,0,6.227302,9,78,287,1820008,12,55493.7,0,4,32,64,-209598,450,0,4635,72,2931655,41060,2710,6,0,756063,3342576,46,7692,0,14,NQ5rEy7Rm6,RO12,taul,1K8T,kNzO,t8rvpGW,jt3xMpI_cxIIW,614C,9_Y1,X8zP,09_Q,IYzP,DHn_WUyBhW_whjA88g9bvA64_,kIsH,uKAI,L84s,CrNX,mAjbq_f,lYKD,cJvF,FzaX,ShVPaCw,d0EEeJi,QfSP2q2,LM8l689qOp,Aoh3,nIGXDli,F2FyR07IdsN7I
0,4865,7,352,2408,3010,480,20.08,5,7303980,9,1.864345,18,50,21,1784552,15,38066.1,455,26,320,800,84395.2,9800,756,3105,56,1772965,628738,475,0,0,88053,9833600,424,68418,0,0,6VLvyx7IEC,RO12,taul,1K8T,OTVu,0Vr7wZ4,KhDb8PW,dJON,9_Y1,RcM7,VpdQ,IYzP,Kxdu,kIsH,uKAI,Mtgm,FMSzZ91zL2,kq0q2tw,A97F,cJvF,FzaX,XbZitea,zCkv,DHPNgqU,LM8l689qOp,szEZ,6fzt,SbOd7O8ky1wGNxp0Arj0Xs
0,1876,7,236,220,275,192,166.56,0,18222,0,2.989318,9,64,21,1506064,0,35151.3,0,12,64,72,103460,930,12,1485,0,667200,516998,60,0,0,319207,2547628,28,322038,0,0,CEat0G8rTN,RO12,taul,1K8T,NF63,gwY4NQF,kULNHtA1Zt,NvGS,9_Y1,k13i,VpdQ,IYzP,me75fM6ugJ,kIsH,uKAI,L84s,NhsEn4L,mAjbk_S,WVOn,UYBR,FzaX,t5EoLzk,oslk,ag5iNPX,LM8l689qOp,fKCe,RAYp,F2FyR07IdsN7I
0,602,7,4952,176,220,128,238.8,0,85134,0,5.170263,9,174,14,30136,12,3055.47,20,14,80,32,35672.56,565,48,2430,80,19485,86166,1180,0,54,33831,334136,10,85332,4,28,npOBcmzkzH,LrdZy8QqgUfkVShG,taul,1K8T,tXti,fhk21Ss,1kxx15H,r0ro,9_Y1,4nnx,VpdQ,kxE9,7M47J5GA0pTYIFxg5uy,kIsH,uKAI,L84s,XfqtO3UdzaXh_,XTbPUYD,ul5D,cJvF,FzaX,4UxGlow,oslk,catzS2D,LM8l689qOp,Qcbd,ZI9m,ib5G6X1eUxUn6
0,798,7,200,132,165,8,253.52,0,2841588,0,5.848536,9,110,126,4147200,0,132329.4,10,0,32,48,220856,560,36,39285,0,7371950,35578,2695,0,18,0,10627880,36,0,0,0,52Iq9ayE15,ND3t9Yro9U,taul,1K8T,z32l,5Vbp9gW,bGUqwlz,EnqP,9_Y1,kJJ7,VpdQ,haYg,DHn_WUyBhW_whjA88g9bvA64_,kIsH,uKAI,L84s,UbxQ8lZ,beKAhVm,W37U,cJvF,FzaX,9HiE13f,Al6ZaUT,93ccvxe,jySVZNlOJy,7P5s,02N6s8f,iyHGyLCEkQ
0,1141,35,4024,124,155,32,263.52,5,3492342,0,6.869472,45,154,140,2973816,0,141519.6,15,2,40,40,20103.28,535,42,9153,8,4752005,581374,15790,0,54,2240,9817560,22,1920,0,0,dTGmfo8zhV,g62hiBSaKg,taul,1K8T,LloI,fhk21Ss,yEFIHeU,0Zsp,9_Y1,Ew1Q,VpdQ,itlM,7M47J5GA0pTYIFxg5uy,kIsH,uKAI,Mtgm,4kVnq_T26xq1p,teAaNR4,pWAf,cJvF,FzaX,4UxGlow,zCkv,catzS2D,LM8l689qOp,wX53,ZI9m,ib5G6X1eUxUn6
0,308,7,80,164,205,40,295.44,0,5709588,0,6.867336,9,58,140,1638256,0,183136.8,35,4,48,48,-52761.2,620,72,3321,0,3056800,493486,460,0,9,734307,10492760,18,559002,0,0,8I1TmBtueT,RO12,taul,1K8T,EPHy,6CXYbuk,9xA3TJW,VvDf,9_Y1,c2JP,09_Q,wMei,Kxdu,kIsH,uKAI,L84s,FMSzZ91zL2,11pMkO_,pv4R,UYBR,FzaX,ROeipLp,zCkv,K2SqEo9,LM8l689qOp,rgKb,6fzt,SbOd7O8ky1wGNxp0Arj0Xs
0,2156,7,192,20,25,0,186.64,0,0,0,6.525956,9,86,0,0,0,38312.7,20,0,32,0,134839.6,760,0,9207,8,2655,0,1430,0,36,0,9678920,2,0,0,7,dRaq9ayE15,RO12,taul,1K8T,mAW3,iJzviRg,9YuFlLzSEv,xmlr,9_Y1,vm5R,VpdQ,haYg,7M47J5GA0pTYIFxg5uy,kIsH,uKAI,L84s,4kVnq_T26xq1p,kq09oz2,yZtY,cJvF,FzaX,ch2oGfM,zCkv,P6pu4Vl,LM8l689qOp,7P5s,ZI9m,R4y5gQQWY8OodqDV
0,3703,7,1728,136,170,72,260.64,0,3172038,0,6.730613,9,58,42,1267264,0,19630.56,10,6,32,16,257632.4,920,42,15957,0,3495975,1425696,365,0,9,554435,9980600,22,1425684,0,0,dRaq9ayE15,RO12,taul,1K8T,_8YK,zVsN52f,daiGnRstPa,7KTQ,9_Y1,kJJ7,09_Q,IYzP,me75fM6ugJ,kIsH,uKAI,L84s,NhsEn4L,mAjbk_S,qzuC,cJvF,FzaX,kM3NN3u,oslk,_4goIp0,LM8l689qOp,7P5s,RAYp,F2FyR07IdsN7I
0,693,7,360,72,90,96,166.56,0,10008,0,2.753258,9,30,0,0,0,22280.37,0,6,8,0,72857.6,330,12,1737,0,265,373436,80,0,0,0,827432,2,110514,0,0,8I1r4RXXnK,RO12,taul,1K8T,dWQK,6CXYbuk,EXpWEXgaYWQf4,IKeG,9_Y1,TFSW,VpdQ,IYzP,Kxdu,kIsH,uKAI,L84s,9pUnzWLbztKTo,TDcBmwK,tGAA,cJvF,FzaX,ROeipLp,zCkv,K2SqEo9,LM8l689qOp,Xa3G,6fzt,am14IcfM7tWLrUmRT52KtA
0,56,0,0,72,90,40,961.76,0,3001980,0,1.398633,9,16,0,703392,3,335973,15,0,24,8,-213852.4,185,30,0,8,3048190,1017512,0,0,0,0,9334560,8,0,0,0,FoxgUHSK8h,RO12,taul,1K8T,JLbT,3cunsla,P9HTde2,vWxY,9_Y1,mTeA,VpdQ,IYzP,me75fM6ugJ,kIsH,uKAI,L84s,NhsEn4L,kq0IYu6,ILNF,UYBR,FzaX,kH5mFX7,oslk,BNrD3Yd,LM8l689qOp,FSa2,RAYp,F2FyR07IdsN7I
0,2597,7,52,120,150,8,220.08,0,2125014,0,4.238838,9,116,7,2774176,0,25964.52,10,4,32,8,-364387.2,860,12,342,0,4025790,423004,245,0,27,2454053,7679600,44,41880,0,0,NESt0G8EIb,2Knk1KF,taul,1K8T,Uk76,Po5CXtX,e1XhvTunuD,7mRT,9_Y1,e7QV,VpdQ,hAFG,me75fM6ugJ,kIsH,uKAI,L84s,XfqtO3UdzaXh_,XTbPUYD,nU7t,UYBR,FzaX,2X58jNM,oslk,CNdED8N,LM8l689qOp,fKCe,RAYp,55YFVY9
0,2254,28,7560,560,700,280,166.56,0,400962,0,5.588763,36,88,476,619432,0,8678.551,10,18,80,200,-688896,1860,42,5589,0,639100,244264,280,0,0,62685,2087364,124,294606,0,0,Foxt0Go8Lb,RO12,taul,1K8T,JLbT,jF69B7S,_03xtaMIkZsn1,vPeK,9_Y1,rGJy,VpdQ,sYC_,me75fM6ugJ,kIsH,uKAI,L84s,NhsEn4L,kq0aHkC,DJaG,UYBR,FzaX,7Jxv1FD,oslk,je1TL5Q,LM8l689qOp,Qu4f,RAYp,F2FyR07IdsN7I
0,98,0,0,24,30,0,220.08,0,18144000,0,3.311472,9,16,0,0,0,233326.8,0,0,0,0,526356,275,30,0,0,1764055,0,0,0,0,0,13507240,2,0,0,0,BQavyxLp3Z,RO12,taul,1K8T,0Xwj,gLjbxgw,xfuopIP,u3H9,F3hy,FbIm,sJzTlal,IYzP,me75fM6ugJ,kIsH,uKAI,L84s,NhsEn4L,mAja5EA,MnRe,cJvF,FzaX,qcEoI0_,oslk,fXLavGi,LM8l689qOp,xb3V,RAYp,F2FyR07IdsN7I
0,826,14,2020,20,25,0,261.44,0,0,0,2.418714,18,62,294,4102784,0,178145.4,10,0,0,8,312432.4,305,0,2655,0,3502145,0,505,0,27,0,9691520,4,0,0,0,Qu0r4RKzJV,AERks4l,taul,1K8T,pJUk,PHNvXy8,NW71mrodGH,16lv,9_Y1,DtNL,VpdQ,kxE9,NKv3VA1BpP,kIsH,uKAI,L84s,Ie_5MZs,teAY_NX,SzSo,cJvF,FzaX,UF16siJ,zCkv,APgdzOv,LM8l689qOp,FSa2,6fzt,xwM2aC7IdeMC0
0,4508,7,3188,940,1175,416,166.56,0,58110,0,4.107455,9,162,385,450440,0,2394.873,25,38,240,424,-52926.4,3730,132,2655,0,505035,48874,1485,0,54,25795,824732,168,71688,0,0,639qrQK2Mx,MJdP52puUMWhmExsNdlkGDbNTFln2Eg,taul,1K8T,EJC9,fqeOwLG,4hMlgkf58mhwh,2TeA,9_Y1,15m3,VpdQ,hAFG,7M47J5GA0pTYIFxg5uy,kIsH,uKAI,L84s,XfqtO3UdzaXh_,XTbqizz,vMQp,UYBR,FzaX,fxJmel6,oslk,WfsWw2A,jySVZNlOJy,FSa2,ZI9m,iyHGyLCEkQ
0,553,7,96,156,195,40,173.2,0,0,0,6.565264,9,102,35,77544,0,4499.58,0,0,40,56,9141.44,485,0,72828,0,154430,7568,1370,0,18,0,177452,54,0,0,0,euOBcmz45j,RO12,taul,1K8T,lK27,iJzviRg,CdPgMY1Z52,c641,9_Y1,WGOH,VpdQ,hAFG,7M47J5GA0pTYIFxg5uy,kIsH,uKAI,L84s,4kVnq_T26xq1p,cUQAUEG,4XmA,cJvF,FzaX,ch2oGfM,zCkv,P6pu4Vl,LM8l689qOp,Qcbd,ZI9m,R4y5gQQWY8OodqDV
0,217,7,180,16,20,8,186.64,5,1686,0,2.593036,18,42,0,0,0,18888.15,5,0,8,0,954280,135,6,17253,8,3024000,977576,1375,0,18,0,4593480,2,0,0,0,oyGrjIXt5a,RO12,taul,1K8T,IvdZ,n0tQn2A,R2M2syy,bMww,9_Y1,VILw,sJzTlal,IYzP,me75fM6ugJ,kIsH,uKAI,L84s,NhsEn4L,mAjbk_S,jdEN,cJvF,FzaX,Qui18fN,oslk,ep2j7qz,LM8l689qOp,5Acm,RAYp,F2FyR07IdsN7I
0,98,0,0,204,255,48,186.64,0,9511560,0,6.212988,9,14,0,1412776,0,147866.1,35,2,32,24,186945.6,350,126,0,0,1020395,191228,0,0,0,0,10224840,26,138630,0,0,Foxt0Go8Lb,RO12,taul,1K8T,USOt,QWnq5m3,QigzTRD,X9xa,9_Y1,YePk,09_Q,IYzP,me75fM6ugJ,kIsH,uKAI,L84s,NhsEn4L,kZJtVhC,xVIP,cJvF,FzaX,mPS6hzI,oslk,bLV2fT4,LM8l689qOp,Qu4f,RAYp,F2FyR07IdsN7I
0,3843,21,5656,124,155,64,288.16,0,6739200,0,0.1264687,27,202,651,0,0,45790.5,25,6,32,0,63490,495,78,18837,0,128805,1317038,2655,0,27,0,9994720,4,1555200,0,0,vAsvyx7ejg,2Knk1KF,BNjsq81k1tWAYigY,1K8T,0Xwj,fhk21Ss,q2tfFQq,FRAm,HLqf,qaiO,VpdQ,69fI,7M47J5GA0pTYIFxg5uy,sBgB,uKAI,L84s,nTbNAHh,AuS6w3G,550g,UYBR,FzaX,4UxGlow,oslk,catzS2D,LM8l689qOp,szEZ,ZI9m,VjDE
0,455,7,2160,24,30,8,133.12,0,0,0,3.753258,9,118,0,52320,0,5015.55,0,0,0,8,-2438.856,105,0,95004,0,37790,7138,2745,0,9,0,70668,8,0,0,0,5_lq9aXt5a,2Knk1KF,taul,1K8T,487l,ryQJDqx,hOpRIhsUSP,rsON,9_Y1,Y9Bl,VpdQ,kxE9,me75fM6ugJ,kIsH,uKAI,L84s,XfqtO3UdzaXh_,XTbPUYD,TJaG,cJvF,FzaX,tCbv48t,oslk,Exf7DIf,LM8l689qOp,uWr3,RAYp,55YFVY9
0,1218,7,8,152,190,40,220.08,0,5532924,0,6.684896,18,34,0,3826816,0,136690.5,10,0,40,64,131349.2,525,72,2637,0,3743425,658060,145,0,9,0,10575280,22,0,0,0,1JGr4RKzJV,RO12,taul,1K8T,kNzO,6Z7ERUT,YJZSix2dgv,4ESR,9_Y1,DtNL,VpdQ,zm5i,me75fM6ugJ,kIsH,uKAI,L84s,NhsEn4L,kZJyVg2,iD0T,UYBR,FzaX,K9BD5lR,oslk,JeNz_Hx,LM8l689qOp,FSa2,RAYp,F2FyR07IdsN7I
0,168,0,0,60,75,16,230.56,0,13962300,0,6.691092,9,20,0,0,9,292126.2,10,0,8,0,285962.8,345,42,0,24,88505,3796,0,0,9,0,10020240,8,0,0,0,yaKt0Go8Lb,RO12,taul,1K8T,487l,604wEl4,Yi4Pkbj,nIfG,9_Y1,rGJy,sJzTlal,zm5i,me75fM6ugJ,kIsH,uKAI,Mtgm,NhsEn4L,7WwuNea,TqZP,UYBR,FzaX,9WBvEWW,oslk,UsL2pc5,LM8l689qOp,Qu4f,RAYp,F2FyR07IdsN7I
0,1183,7,304,128,160,56,99.68,0,9750,0,4.635548,9,186,14,150144,0,3713.43,0,4,72,104,-1778168,370,6,18459,0,102745,13792,950,0,27,73486,204524,18,19758,0,0,4e7gUH7IEC,2Knk1KF,taul,1K8T,72yt,fhk21Ss,ZkibjLN5VwJ2V,sJPH,9_Y1,m_h1,VpdQ,y6dw,7M47J5GA0pTYIFxg5uy,kIsH,uKAI,Mtgm,iwn6,CWNSYfx,xgZL,UYBR,FzaX,4UxGlow,QKW8DRm,catzS2D,LM8l689qOp,WqMG,ZI9m,iyHGyLCEkQ
0,1771,0,0,416,520,104,325.2,0,7714560,0,6.97885,9,28,0,717512,0,72108.3,40,4,48,72,215810.8,1600,126,0,0,1977670,442640,0,0,9,0,10584960,102,583056,0,0,8I1q9ayE15,RO12,taul,1K8T,Xa_z,ezgcTEF,qZsAqpg,gsgF,9_Y1,pQsY,09_Q,zm5i,me75fM6ugJ,kIsH,uKAI,L84s,NhsEn4L,kZJtVhC,zPvi,UYBR,FzaX,xtRfGrO,oslk,N0GRusu,LM8l689qOp,TNEC,RAYp,F2FyR07IdsN7I
0,455,7,0,136,170,48,253.52,0,4752120,0,0.8096561,9,32,0,1521408,0,225978.6,20,4,32,24,424896,485,60,216,0,3319065,950424,15,0,0,554414,10385720,18,950424,0,0,xOXrjIQq3d,RO12,taul,1K8T,ssAy,lXBVhVN,9YuuPSz3BI,YBGC,9_Y1,RVjC,VpdQ,IYzP,me75fM6ugJ,kIsH,uKAI,L84s,NhsEn4L,NGZXfGp,1Zzr,UYBR,FzaX,OgVTe_2,oslk,BXGuEQ2,LM8l689qOp,FSa2,RAYp,F2FyR07IdsN7I
0,721,7,8,112,140,56,233.44,0,4139220,0,0.5767999,9,42,0,633616,0,128622.3,15,2,16,8,214166.8,475,60,540,0,1130670,756630,100,0,18,554414,6687040,12,475212,0,0,8Iqt0G8rTN,RO12,taul,1K8T,487l,gwY4NQF,hOpMh7dRpW,7mRT,9_Y1,e7QV,09_Q,TIA9,me75fM6ugJ,kIsH,uKAI,L84s,XfqtO3UdzaXh_,11p4mKe,uGwF,UYBR,FzaX,t5EoLzk,oslk,ag5iNPX,LM8l689qOp,fKCe,RAYp,F2FyR07IdsN7I
0,3836,7,216,656,820,256,166.56,0,0,0,4.913907,9,40,21,682064,0,5813.19,0,8,72,328,-95622.8,2135,0,8190,0,917280,168792,2525,0,0,167636,1471500,174,88590,0,0,639r4RK2Mx,RO12,taul,1K8T,TyGl,vfNGyn_,9HOPNsJ,L0UM,9_Y1,DtNL,09_Q,IYzP,me75fM6ugJ,kIsH,uKAI,L84s,NhsEn4L,mAja5EA,Olhi,UYBR,FzaX,Xei0nTz,oslk,4sF7qqc,LM8l689qOp,FSa2,RAYp,F2FyR07IdsN7I
0,1043,21,3244,140,175,96,257.44,0,1813662,0,6.977569,45,128,252,1113896,3,166558.8,20,14,32,16,72528,560,30,5373,8,2160000,2065340,6220,0,18,369859,10400680,10,2793690,0,0,1PnOj1KVEH,2Knk1KF,taul,1K8T,ONrL,kJ14Htb,Pkku4gO,iyZy,9_Y1,jdbz,VpdQ,hzlB,me75fM6ugJ,kIsH,uKAI,L84s,XfqtO3UdzaXh_,11p4mKe,tuM5,cJvF,FzaX,WTK88FJ,oslk,YKu7j0h,LM8l689qOp,kwS7,RAYp,55YFVY9
0,511,7,104,116,145,96,167.2,0,212952,0,0.2845546,18,102,14,30376,0,29512.17,0,6,24,24,-1910916,310,12,15759,0,74355,86992,75,0,9,57043,436116,18,68238,0,0,4bwt0GoOh3,RO12,taul,1K8T,g6No,tAqBboK,cWaqaVA,4jM7,9_Y1,Z5OU,VpdQ,CoYW,me75fM6ugJ,kIsH,uKAI,L84s,NhsEn4L,beK4AFX,HCih,cJvF,FzaX,B0LABPr,oslk,UP3EVaf,LM8l689qOp,Qu4f,RAYp,F2FyR07IdsN7I
0,3808,7,520,488,610,128,133.12,0,86286,0,4.481735,18,98,77,522200,0,6808.71,15,40,104,288,39460.84,1545,12,32553,0,336890,71484,5490,0,18,112518,935192,90,179052,0,0,V8lBcmz45j,RO12,taul,1K8T,OTVu,iJzviRg,IG_G867,c641,9_Y1,WGOH,VpdQ,haYg,7M47J5GA0pTYIFxg5uy,kIsH,uKAI,L84s,cOJGGr4F_wga1,kq0qf1d,TnBW,cJvF,FzaX,ch2oGfM,zCkv,P6pu4Vl,LM8l689qOp,Qcbd,ZI9m,R4y5gQQWY8OodqDV
0,742,7,772,124,155,24,166.56,0,0,0,1.750694,9,66,217,1030808,0,27790.38,0,0,24,64,152376,495,0,41859,0,1036870,35174,7385,0,0,82628,1415248,40,0,0,0,vAsgUHXM47,RO12,taul,1K8T,487l,TwRo8uU,767sa0XN9l,ntN7,9_Y1,STGZ,09_Q,IYzP,me75fM6ugJ,kIsH,uKAI,L84s,NhsEn4L,mAjbk_S,ulpO,cJvF,FzaX,Oa96V3V,oslk,zFwT3Cb,LM8l689qOp,453m,RAYp,F2FyR07IdsN7I
0,1519,7,252,188,235,176,166.56,0,0,0,4.270241,18,60,14,1123680,0,37090.5,0,8,24,56,-61338.4,770,0,36036,0,593185,556042,215,0,0,497686,2544000,28,593292,0,0,MtpBcmzkzH,RO12,taul,1K8T,lK27,Z4ho8ot,pekoai1,i4tG,9_Y1,KubS,sJzTlal,IYzP,me75fM6ugJ,kIsH,uKAI,L84s,NhsEn4L,mAjbk_S,jvkx,UYBR,FzaX,pqU6hzI,oslk,XKaTy9x,LM8l689qOp,Qcbd,RAYp,F2FyR07IdsN7I
0,273,0,0,16,20,0,220.08,0,0,0,2.215552,27,20,0,0,0,217744.8,5,0,8,0,125398,440,0,0,0,9072000,0,0,0,18,0,9351080,6,0,0,0,u6tWq6edh4,RO12,taul,1K8T,JLbT,gOhJ89M,94Fxx5vMc8,Qera,9_Y1,_xpN,09_Q,IYzP,me75fM6ugJ,kIsH,uKAI,L84s,NhsEn4L,mAja5EA,cjoD,UYBR,FzaX,_viYWu3,oslk,OugT3Cb,LM8l689qOp,FSa2,RAYp,F2FyR07IdsN7I
0,679,7,2248,120,150,168,133.12,0,0,0,4.785089,9,78,7,0,0,252251.4,0,16,32,0,1132024,475,0,0,0,335615,3628800,15,0,0,2419200,10290880,2,4147200,0,0,51rBcmz45j,RO12,taul,1K8T,TyGl,oKsne2L,w7xqo1bbYG,qMww,9_Y1,EwzD,09_Q,IYzP,me75fM6ugJ,kIsH,uKAI,L84s,NhsEn4L,TDceha3,86WA,cJvF,FzaX,iEXADXQ,oslk,xWWynIC,LM8l689qOp,Qcbd,RAYp,F2FyR07IdsN7I
0,2709,7,1388,128,160,16,33.44,5,7532460,0,4.287973,9,64,77,1382400,3,62247.6,35,0,32,16,117371.2,960,90,22635,16,2316250,337754,90,0,9,0,10660560,12,0,0,0,oBXq9ayfAo,RO12,taul,1K8T,c9jp,qbzaVTy,RuVy67M,5L53,9_Y1,pQsY,VpdQ,IYzP,me75fM6ugJ,kIsH,uKAI,L84s,NhsEn4L,mAja5EA,Aiel,cJvF,FzaX,Oj6fql_,oslk,_rKAGfT,LM8l689qOp,TNEC,RAYp,F2FyR07IdsN7I
0,693,7,128,132,165,8,220.08,0,3131478,0,0.3249305,9,62,294,4147200,0,187262.7,10,0,32,48,265119.6,510,48,675,0,6912000,80432,2235,0,27,0,10542920,32,0,0,0,JMGrjIXt5a,RO12,taul,1K8T,iJ4u,8Kc4q6X,94Fxx5vMc8,gF6a,9_Y1,Nbbb,09_Q,itlM,me75fM6ugJ,kIsH,uKAI,L84s,XfqtO3UdzaXh_,kq0IkyT,MwSn,cJvF,FzaX,TZCm94s,oslk,ofmiST9,LM8l689qOp,5Acm,RAYp,F2FyR07IdsN7I
0,1274,14,7864,40,50,16,245.68,0,4252452,0,2.69451,36,108,329,3328600,0,92609.09,0,0,8,8,-66760,385,30,22995,0,1965095,1444094,3845,0,27,2912525,8959520,4,0,0,0,J9Vr4RQZiT,PomAbFU,taul,1K8T,0Xwj,9GJGgoz,V6XUlxabJ4VaD,qLkx,HLqf,z5Ry,VpdQ,sYC_,Kxdu,sBgB,uKAI,Mtgm,FMSzZ91zL2,7Wwclc7,ZWZt,UYBR,FzaX,Tvpip6Z,zCkv,hHJsvbM,LM8l689qOp,FSa2,6fzt,iyHGyLCEkQ
0,714,7,1392,36,45,32,253.52,0,244020,0,6.523819,9,128,0,65240,0,9607.65,0,4,24,16,10708.28,200,6,53802,0,0,27478,500,0,18,72555,292412,0,63234,0,0,voArjIXt5a,AERks4l,taul,1K8T,vsvk,fhk21Ss,Gai9lEF2Fr,8cN6,9_Y1,nr0d,sJzTlal,giwq,7M47J5GA0pTYIFxg5uy,kIsH,uKAI,Mtgm,QsQAxv5,OFqApen,rGkX,cJvF,FzaX,4UxGlow,QKW8DRm,catzS2D,jySVZNlOJy,5Acm,ZI9m,ib5G6X1eUxUn6
0,721,0,0,84,105,88,253.52,0,1404426,0,2.575091,9,50,0,1382400,0,126870,5,2,24,16,-581132,355,18,8982,0,1092910,500838,0,0,0,0,3596796,6,65556,0,0,FAJWq69cTy,RO12,taul,1K8T,pdks,GdzFZs5,4M9VSvC,YcLb,9_Y1,Px52,VpdQ,IYzP,me75fM6ugJ,kIsH,uKAI,L84s,NhsEn4L,kq0n8Bj,JEC4,UYBR,FzaX,Xsg8XLE,oslk,eIi2qo0,jySVZNlOJy,PM2D,RAYp,F2FyR07IdsN7I
0,357,0,0,192,240,56,220.08,0,9220860,0,4.799402,9,20,0,0,0,152065.5,45,0,32,0,141937.2,725,120,0,0,1309130,59252,0,0,9,0,10412840,24,0,0,0,puvq9aX0Db,RO12,taul,1K8T,JLbT,gRirkF8,oI3dOfoZBD,Yrkx,9_Y1,Y9Bl,VpdQ,zm5i,me75fM6ugJ,kIsH,uKAI,L84s,NhsEn4L,kZJtVhC,FJFO,UYBR,FzaX,vcuv48t,oslk,OTXAgOW,LM8l689qOp,uWr3,RAYp,F2FyR07IdsN7I
0,588,7,24,112,140,120,166.56,0,0,0,2.684683,9,36,0,327928,0,32113.8,0,10,24,16,100097.6,420,0,108,0,188000,263922,15,0,0,112336,975784,12,200364,0,0,2jirEyXktW,RO12,taul,1K8T,487l,yxqRSm1,wazNWEjf9i,_21B,9_Y1,SkZj,09_Q,IYzP,DHn_WUyBhW_whjA88g9bvA64_,kIsH,uKAI,L84s,CrNX,mAjbq_f,vKE4,cJvF,FzaX,ALJM8GC,d0EEeJi,yrDHjWw,LM8l689qOp,Aoh3,nIGXDli,F2FyR07IdsN7I
0,728,0,52,164,205,136,307.04,0,0,0,4.434736,9,80,0,503256,0,47519.7,10,10,32,72,-283450,520,0,17973,0,741495,317584,0,0,0,393890,1994348,16,737958,0,0,qXhPe2ftjz,RO12,taul,1K8T,EJC9,aKBrLEy,KxlEVHeq8Qb64AjqSKD,dnwD,9_Y1,mTeA,VpdQ,IYzP,me75fM6ugJ,kIsH,uKAI,L84s,NhsEn4L,beK4AFX,qLXr,UYBR,FzaX,8GK0Q3K,oslk,4JiE4Qn,jySVZNlOJy,FSa2,RAYp,F2FyR07IdsN7I
0,784,7,680,124,155,88,220.08,0,475236,0,3.003632,9,58,0,1382400,0,228389.7,0,12,32,16,-125346.4,490,6,20205,0,4532505,1804104,95,0,9,604800,10315840,22,3110400,0,0,wx50AqAqGL,RO12,taul,1K8T,0Xwj,5Iyt8zn,N4xbMThNdK,nyZz,HLqf,RVjC,VpdQ,sYC_,me75fM6ugJ,sBgB,uKAI,L84s,NhsEn4L,kq0n8Bj,bru6,UYBR,FzaX,fOgLFbQ,oslk,pvhfxhv,LM8l689qOp,FSa2,RAYp,F2FyR07IdsN7I
0,8729,7,1424,3232,4040,1216,220.08,0,4095576,0,0.7043366,18,88,28,3343424,0,22359.87,605,146,1184,472,117831.6,7010,1722,30546,0,4614150,426854,535,0,18,345954,10442040,232,680256,0,0,8I1q9ayE15,RO12,taul,1K8T,lK27,iJzviRg,wqsRhwb,xXf4,9_Y1,NFMt,VpdQ,wMei,7M47J5GA0pTYIFxg5uy,kIsH,uKAI,L84s,9fipLB8rlL,7WwJBR1,0D1R,cJvF,FzaX,ch2oGfM,zCkv,P6pu4Vl,LM8l689qOp,TNEC,ZI9m,R4y5gQQWY8OodqDV
0,994,7,592,320,400,104,200,0,2412,0,2.92523,9,134,182,119496,0,3286.65,0,0,48,128,29619,1710,6,34632,0,273795,37966,1925,0,18,7469,356324,100,0,0,0,_v2TmBftjz,LrdZy8QqgUfkVShG,taul,1K8T,LFM_,fhk21Ss,76j2P_OLn0,9eex,9_Y1,4N0K,VpdQ,wMei,7M47J5GA0pTYIFxg5uy,kIsH,uKAI,L84s,ZtujLmj9uJdIkLfg,pMWWNnD,F1ih,cJvF,FzaX,4UxGlow,QKW8DRm,catzS2D,LM8l689qOp,Qu4f,ZI9m,ib5G6X1eUxUn6
0,3864,14,564,176,220,32,220.08,0,4814070,0,5.262764,18,106,70,2487592,0,54268.5,30,2,48,40,79386.8,1870,84,4671,0,2908635,526568,135,0,9,593033,9648960,28,167028,0,0,voArjIXt5a,RO12,taul,1K8T,dTod,UMZX9K8,B2gS,WR0y,9_Y1,WIr3,09_Q,sYC_,DHn_WUyBhW_whjA88g9bvA64_,kIsH,uKAI,L84s,CrNX,kZJigPo,oP2G,UYBR,FzaX,5LLaJ0u,d0EEeJi,N_fSuXZ,LM8l689qOp,5Acm,nIGXDli,F2FyR07IdsN7I
0,63,7,0,20,25,16,66.88,0,0,0,1.121128,9,84,14,0,0,2777.142,0,0,0,0,-1586532,40,0,3609,0,17610,2184,330,0,0,0,18456,6,0,0,0,MtpBcmzkzH,RO12,taul,1K8T,JLbT,iJzviRg,98kUPa9,uwwf,9_Y1,yrDU,sJzTlal,IYzP,7M47J5GA0pTYIFxg5uy,kIsH,uKAI,Mtgm,9fipLB8rlL,kq0Cca5,ykzL,UYBR,qxDb,ch2oGfM,zCkv,P6pu4Vl,LM8l689qOp,Qcbd,ZI9m,R4y5gQQWY8OodqDV
0,371,7,756,148,185,40,260.24,0,7200960,0,5.32023,18,76,168,691200,0,166528.8,45,2,40,8,131956.4,535,96,39753,0,633965,787648,4285,0,18,0,10362120,10,195786,0,0,DHevyx7IEC,RO12,taul,1K8T,dWQK,_3J0EW7,byFNzV_,Bwjm,9_Y1,xSqs,VpdQ,43pnToF,me75fM6ugJ,kIsH,uKAI,L84s,NhsEn4L,kZJs2nh,4Trf,UYBR,FzaX,Q_h871e,oslk,7zTdByr,LM8l689qOp,szEZ,RAYp,F2FyR07IdsN7I
0,791,7,332,136,170,0,296.96,0,9892860,0,6.395429,9,194,49,871312,0,224186.1,35,0,48,24,255020,510,120,2718,0,1422720,0,200,0,36,0,10588240,8,0,0,0,MwmgUHShse,2Knk1KF,b_3Q,1K8T,TyGl,fhk21Ss,cMk79Rs,nyZz,9_Y1,RVjC,09_Q,y6dw,7M47J5GA0pTYIFxg5uy,kIsH,uKAI,Mtgm,MeOIHRG3F9,EknepHi,bru6,UYBR,FzaX,4UxGlow,zCkv,catzS2D,jySVZNlOJy,FSa2,ZI9m,b9qbUNk0dML_Mvi2
0,798,7,60,136,170,48,264.8,0,6791760,0,3.663961,18,48,0,144328,0,224486.1,30,8,32,8,41697.6,610,84,11061,0,1102085,976280,120,0,0,0,10692760,6,2073600,0,0,m9SvyxLkBI,RO12,taul,1K8T,FPxv,H9TCaks,LH076SiAyW,DLyg,9_Y1,vzJD,09_Q,IYzP,me75fM6ugJ,kIsH,uKAI,L84s,NhsEn4L,mAja5EA,IiyD,UYBR,FzaX,rSN88FJ,oslk,hW4EVJ2,LM8l689qOp,xb3V,RAYp,F2FyR07IdsN7I
0,721,7,64,104,130,48,166.56,0,0,0,4.344371,9,84,98,34688,0,27586.26,0,6,24,24,-65231.6,305,0,50031,0,851515,169992,1500,0,9,50932,1074764,28,54336,0,0,bZkvyxLkBI,RO12,taul,1K8T,ssAy,Pvu4X3H,6fjWg9a,3KBV,9_Y1,vzJD,VpdQ,sYC_,me75fM6ugJ,kIsH,uKAI,L84s,NhsEn4L,kq05rcx,Ctkb,cJvF,FzaX,95r8hdx,oslk,Pk67qqc,jySVZNlOJy,xb3V,RAYp,F2FyR07IdsN7I
0,1281,7,436,120,150,0,220.08,0,3804162,0,3.660115,27,76,77,4147200,0,118835.7,10,0,32,48,64304.4,515,48,4104,0,6048000,0,430,0,9,604800,10139320,28,0,0,0,1JGqrQKzJV,RO12,taul,1K8T,TyGl,ofiZR7x,q2tfFQq,6lcF,9_Y1,15m3,VpdQ,IYzP,me75fM6ugJ,kIsH,uKAI,L84s,NhsEn4L,kZJs2nh,d4ij,cJvF,FzaX,JO03372,oslk,XlgxB9z,LM8l689qOp,FSa2,RAYp,F2FyR07IdsN7I
0,560,0,0,132,165,0,411.6,0,9617640,0,2.92053,18,28,0,0,0,210201.6,45,2,32,0,161884,485,114,0,0,945730,0,0,0,9,0,10493080,8,518400,0,0,_v2gUHXZeb,RO12,taul,1K8T,7ALb,TwRo8uU,Gai9lEF2Fr,T_K4,9_Y1,STGZ,sJzTlal,zm5i,me75fM6ugJ,kIsH,uKAI,Mtgm,NhsEn4L,kZJtVhC,nNlU,cJvF,FzaX,Oa96V3V,oslk,zFwT3Cb,LM8l689qOp,453m,RAYp,F2FyR07IdsN7I
0,2191,0,0,532,665,384,200,0,70950,0,0.7280496,9,28,0,1374960,0,9560.551,0,50,248,224,-5873.44,2055,12,0,0,578515,319640,0,0,9,420161,2079232,60,363540,0,0,tr0gUH7ejg,RO12,taul,1K8T,lK27,J8SDj08,75HH_hi,8Kyr,9_Y1,m_h1,VpdQ,43pnToF,me75fM6ugJ,kIsH,uKAI,L84s,NhsEn4L,mAja5EA,ILZp,cJvF,FzaX,azMRsCb,oslk,egEmC_N,LM8l689qOp,WqMG,RAYp,F2FyR07IdsN7I
0,2100,28,3608,696,870,432,166.56,0,124374,0,1.339885,36,52,1435,468256,0,11884.14,10,40,184,232,66388.4,2465,36,13239,0,1327985,456362,2070,0,9,187250,2566808,126,382524,0,0,51rBcmz45j,RO12,taul,1K8T,kwI9,eIf4RJE,9YuYZx0Xsm,21LC,9_Y1,yrDU,VpdQ,IYzP,me75fM6ugJ,kIsH,uKAI,L84s,NhsEn4L,mAjbk_S,6xtz,cJvF,FzaX,JgwYjZW,oslk,hrE2qo0,LM8l689qOp,Qcbd,RAYp,F2FyR07IdsN7I
0,1113,7,2860,264,330,56,166.56,0,23466,0,4.395001,9,156,231,1473296,0,53466.3,0,2,96,168,72462,795,6,34992,0,3615080,44492,2745,0,36,609616,3997176,72,395754,0,0,TfiWq69R_D,2Knk1KF,taul,1K8T,0Xwj,mfUAcBg,76j2P_OLn0,Pkzj,HLqf,RVjC,VpdQ,giwq,me75fM6ugJ,sBgB,uKAI,L84s,h0lfDKh52u4GP,IoI4mKe,wVfc,UYBR,ylgWTXl,nqSL1fY,oslk,yp2id2k,bCPvVye,FSa2,RAYp,TCU50_Yjmm6GIBZ0lL_
0,588,14,44,148,185,56,253.52,0,1883322,0,1.622517,18,134,56,3168216,0,67343.41,25,4,40,40,293673.2,510,30,3906,0,5035700,1108888,1500,0,18,554435,10592800,26,951648,0,0,mCGq9ayE15,2Knk1KF,taul,1K8T,_8YK,MvUxJVj,msIqHk8toE,Np2E,9_Y1,kJJ7,VpdQ,hAFG,me75fM6ugJ,kIsH,uKAI,L84s,XfqtO3UdzaXh_,OFqmdNV,UByz,cJvF,qxDb,cXse4eD,oslk,qWj5Ui8,LM8l689qOp,7P5s,RAYp,55YFVY9
0,903,7,636,208,260,144,166.56,0,0,0,4.889126,18,32,7,417040,0,7816.83,0,8,88,112,5467.72,640,0,31860,0,253690,146186,1820,0,0,277130,736908,32,49596,0,0,5_lq9aXt5a,RO12,taul,1K8T,487l,ryQJDqx,brZkJ9h,jSs4,9_Y1,Y9Bl,sJzTlal,IYzP,me75fM6ugJ,kIsH,uKAI,L84s,NhsEn4L,mAjcfkM,oPL2,UYBR,FzaX,tCbv48t,oslk,Exf7DIf,LM8l689qOp,uWr3,RAYp,F2FyR07IdsN7I
0,1183,7,360,172,215,32,286.96,0,291492,0,1.236915,9,64,161,5793040,0,170090.7,10,2,40,72,136268.4,610,6,64845,0,9005750,62986,4655,0,0,604800,10695320,52,68628,0,0,6VLvyx7IEC,RO12,taul,1K8T,487l,GLcYYlr,msIqHk8toE,Wgq2,9_Y1,qaiO,VpdQ,IYzP,me75fM6ugJ,kIsH,uKAI,L84s,NhsEn4L,mAjbk_S,U5hQ,UYBR,FzaX,eNCmIK9,oslk,xhoMnus,jySVZNlOJy,szEZ,RAYp,F2FyR07IdsN7I
0,1148,7,3512,200,250,120,289.52,0,0,0,1.412305,18,148,56,1076664,0,10482.24,0,8,48,96,-67759.2,785,0,16596,0,839800,188446,350,0,36,227731,1849700,38,393954,0,0,CEat0G8rTN,LrdZy8QqgUfkVShG,taul,1K8T,0Xwj,fhk21Ss,VqnbMThC8i,P0m2,HLqf,e7QV,sJzTlal,giwq,7M47J5GA0pTYIFxg5uy,sBgB,uKAI,L84s,h0lfDKh52u4GP,IoI4mKe,Q0rZ,cJvF,FzaX,4UxGlow,oslk,catzS2D,LM8l689qOp,fKCe,ZI9m,ib5G6X1eUxUn6
0,1673,7,2324,168,210,160,166.56,0,12138,0,3.422132,9,114,112,434656,0,6671.82,0,6,40,24,-203278.4,655,6,4401,0,126435,278216,2560,0,18,8953,995972,30,169458,0,0,hSovyx7IEC,w9ygS99Qp_,taul,1K8T,7wJ6,T0p1U9m,zJIwUbLPQVlp8,aEDi,9_Y1,f4dr,sJzTlal,haYg,DHn_WUyBhW_whjA88g9bvA64_,kIsH,uKAI,L84s,CrNX,AuSBTw7,qCJ6,cJvF,AU8pNoi,CJTa6EW,d0EEeJi,h0eUBsd,LM8l689qOp,szEZ,nIGXDli,R4y5gQQWY8OodqDV
0,1498,7,396,252,315,40,286.96,0,1264176,0,0.854091,27,58,0,4435368,0,119197.5,45,2,56,56,117694.4,995,120,42840,0,7415300,427350,635,0,9,0,10521680,42,325626,0,0,1KSr4RK2Mx,RO12,taul,1K8T,487l,5HU7nTC,gX8uRNy_wwl_ju2L,Fe8u,9_Y1,DtNL,09_Q,sYC_,me75fM6ugJ,sBgB,uKAI,L84s,NhsEn4L,kq0n8Bj,VlCh,UYBR,FzaX,7Jxlefp,oslk,je1reV4,jySVZNlOJy,FSa2,RAYp,F2FyR07IdsN7I
0,777,7,372,116,145,0,220.08,0,6220800,0,6.619953,9,52,7,2073600,0,223976.7,15,2,32,24,250515.6,480,72,23616,0,3598455,0,3975,0,0,0,9264040,20,518400,0,0,AUUt0GoOh3,RO12,taul,1K8T,j_M3,a5zOfm0,4uHxnR6wK_,bqg3,9_Y1,rGJy,VpdQ,IYzP,me75fM6ugJ,kIsH,uKAI,Mtgm,NhsEn4L,kZJtVhC,O0hw,UYBR,AU8_WTd,lRbfSEp,oslk,zccO8fW,jySVZNlOJy,Qu4f,RAYp,F2FyR07IdsN7I
0,1603,7,1488,372,465,360,166.56,0,0,0,5.475326,9,84,119,183768,0,6704.28,0,20,112,104,113108,1365,0,19125,0,457400,253288,5620,0,9,121905,1155260,50,286320,0,0,dRaTmBfHUn,RO12,taul,1K8T,ssAy,LWH6H6T,xunBDW1,9Asf,9_Y1,4N0K,VpdQ,6JmL,DHn_WUyBhW_whjA88g9bvA64_,kIsH,uKAI,L84s,CrNX,AuSDRR8,xPUp,UYBR,qxDb,MmsZadR,d0EEeJi,fjNSTzz,LM8l689qOp,Qu4f,nIGXDli,F2FyR07IdsN7I
0,4158,0,0,344,430,160,166.56,0,57222,0,2.611835,45,26,0,1353144,0,12356.76,45,40,144,176,-299227.2,3540,48,0,0,363400,290806,0,0,0,340417,1906620,14,466092,0,0,HYTrjIK12c,RO12,taul,1K8T,TyGl,aKBg0iR,Tg7jjBB,uGO4,9_Y1,MBhA,VpdQ,IYzP,me75fM6ugJ,kIsH,uKAI,L84s,NhsEn4L,mAjbk_S,8teJ,UYBR,OFWH,8GKOjel,oslk,APUE4Qn,LM8l689qOp,WqMG,RAYp,F2FyR07IdsN7I
0,1757,7,0,132,165,24,186.64,0,8812800,0,4.741936,9,30,0,1382400,0,67096.8,35,0,32,16,180949.2,635,102,2673,0,1650755,1970,190,0,9,0,10310160,8,0,0,0,zcRZptzip9,RO12,taul,1K8T,wGW5,INoV6tQ,xtMzxjAuQ_,Ghmd,9_Y1,t_4G,09_Q,43pnToF,me75fM6ugJ,kIsH,uKAI,L84s,NhsEn4L,NGZxnJM,Vi98,UYBR,FzaX,kj7fGrO,oslk,pHGT3Cb,LM8l689qOp,Qu4f,RAYp,F2FyR07IdsN7I
0,1498,21,6356,276,345,144,284.72,15,0,0,5.678701,36,156,77,661008,3,5462.91,0,10,72,88,-1559264,1370,0,10566,40,216385,144972,1410,6,18,422016,1023100,70,344316,0,0,dRaq9ayE15,2Knk1KF,taul,1K8T,PJLW,fhk21Ss,I1sqWRxUAv,xmlr,9_Y1,vm5R,09_Q,hAFG,7M47J5GA0pTYIFxg5uy,kIsH,uKAI,L84s,Ie_5MZs,CWNY2py,yZtY,cJvF,tdJW_Pm,4UxGlow,zCkv,catzS2D,bCPvVye,7P5s,ZI9m,TCU50_Yjmm6GIBZ0lL_
0,1365,14,732,128,160,8,295.2,0,6712680,0,0.3892331,36,144,91,1382400,0,100071.6,35,0,32,16,83324.4,495,78,13302,0,3256285,67674,310,0,27,604800,10325920,18,0,0,0,vAsvyx7ejg,2Knk1KF,taul,1K8T,lK27,jlzcpQc,Tg7jjBB,g8rl,9_Y1,f4dr,VpdQ,kxE9,me75fM6ugJ,kIsH,uKAI,Mtgm,XfqtO3UdzaXh_,11p4mKe,3QEL,cJvF,OFWH,OgVfql_,oslk,BXGzrB7,jySVZNlOJy,szEZ,RAYp,55YFVY9
0,112,0,0,152,190,96,260.96,0,269520,0,1.527451,9,12,0,91192,3,21818.52,40,4,72,48,-1374520,190,18,0,16,718260,128844,0,0,0,0,1105472,14,18948,0,7,bZkvyxLkBI,RO12,taul,1K8T,UpNf,dRqabdC,itSGh3t,NIwu,9_Y1,FbIm,VpdQ,IYzP,me75fM6ugJ,kIsH,uKAI,Mtgm,NhsEn4L,mAja5EA,GB9u,UYBR,FzaX,eJsfrxM,oslk,renAIRG,LM8l689qOp,xb3V,RAYp,F2FyR07IdsN7I
0,973,7,760,160,200,96,166.56,0,1606206,0,6.2884,9,50,70,270976,0,26743.26,5,2,24,40,231586,525,24,11052,0,407270,203170,845,0,18,35742,2304216,34,30252,0,0,uUdt0G8EIb,RO12,taul,1K8T,2Ix5,kJ1ERUT,hOpMh7dRpW,9nD7,9_Y1,k13i,sJzTlal,wMei,7M47J5GA0pTYIFxg5uy,kIsH,uKAI,L84s,leSl,CWNHJ27,Ioy9,cJvF,FzaX,MMTJrCp,QKW8DRm,Rkj9jvX,LM8l689qOp,fKCe,vJ_w8kB,WfJ2BB2SFSqauljlfOB
0,273,0,0,132,165,56,344.16,0,3804078,0,2.357189,9,18,0,1267288,0,166039.2,25,2,32,16,427904,625,48,0,0,3322345,1108882,0,0,0,1108877,9946280,20,475236,0,0,LDPq9ayfAo,RO12,taul,1K8T,z32l,6SycSKu,sLanJcc,thsq,9_Y1,QBpP,sJzTlal,IYzP,me75fM6ugJ,kIsH,uKAI,L84s,NhsEn4L,mAja5EA,U0DT,cJvF,FzaX,vz9fSEp,oslk,CW6RDbC,LM8l689qOp,7P5s,RAYp,F2FyR07IdsN7I
0,819,21,6364,132,165,16,301.6,0,518400,0,2.46849,36,146,917,5500528,0,197616.9,5,0,32,64,260906.8,560,6,17307,0,8915000,97828,4885,0,54,604800,10671640,42,0,0,0,1PnZptzip9,2Knk1KF,taul,1K8T,487l,tAqnaaX,V_KR_LD,Oryy,9_Y1,t_4G,VpdQ,hAFG,me75fM6ugJ,kIsH,uKAI,Mtgm,XfqtO3UdzaXh_,XTbPUYD,t89X,UYBR,FzaX,B0LYjZW,oslk,4YxEVaf,jySVZNlOJy,Qu4f,RAYp,55YFVY9
0,854,7,128,148,185,64,264.72,0,5983440,0,3.528306,9,34,0,4357504,0,202980.9,5,0,32,56,102864,555,78,23913,0,2824645,822918,15,0,9,0,10390080,16,0,0,0,nTwTmBtueT,RO12,taul,1K8T,lK27,PTPYR4W,3mAIgJy7b0,MBL1,9_Y1,47ra,09_Q,zm5i,me75fM6ugJ,kIsH,uKAI,L84s,NhsEn4L,NGZXfGp,F3t3,cJvF,FzaX,NlJA1m8,oslk,rUjzgmc,LM8l689qOp,rgKb,RAYp,F2FyR07IdsN7I
0,812,28,8656,152,190,8,320.4,0,2366712,0,6.001709,45,140,301,1721360,0,169060.5,60,2,32,48,-228496,560,36,23490,0,4386230,87352,10255,0,36,604800,7156040,24,260064,0,0,LDPgUHXZeb,2Knk1KF,taul,1K8T,0Xwj,PHNvXy8,_UtlxbJ,io2h,HLqf,STGZ,VpdQ,lVqb,NKv3VA1BpP,sBgB,uKAI,L84s,Ie_5MZs,beKrZ3Z,H4T6,UYBR,FzaX,UF16siJ,zCkv,APgdzOv,jySVZNlOJy,453m,6fzt,Zy3gnGM
0,1092,14,6652,132,165,8,220.08,0,2024436,0,1.124546,45,146,126,3641600,0,157263.9,10,0,40,72,89766,505,24,63819,0,7344000,21200,935,0,18,47201,9681640,34,0,0,0,NESWq69R_D,2Knk1KF,taul,1K8T,yMvB,K4R9pZF,9YuuPSz3BI,93co,9_Y1,RVjC,VpdQ,sYC_,me75fM6ugJ,kIsH,uKAI,L84s,NhsEn4L,beK4AFX,Ioib,UYBR,FzaX,N0iLjAM,oslk,knFjtfg,jySVZNlOJy,FSa2,RAYp,55YFVY9
0,882,7,48,32,40,16,166.56,0,0,0,5.069857,9,156,0,1031688,0,47377.5,0,2,8,24,-1082744,250,0,1035,0,277840,248500,295,0,9,54068,1256592,4,32214,0,0,DHeTmBftjz,2Knk1KF,taul,1K8T,JLbT,itEMkpB,ELRUn57,tTqs,9_Y1,Gx0B,VpdQ,wMei,me75fM6ugJ,kIsH,uKAI,Mtgm,h0lfDKh52u4GP,IoI4mKe,zEFr,UYBR,FzaX,L91vEWW,oslk,43LO_7b,LM8l689qOp,Qu4f,RAYp,TCU50_Yjmm6GIBZ0lL_
0,1393,14,1060,164,205,104,166.56,0,0,0,1.311045,27,154,21,378264,0,9253.439,0,6,48,96,-5656.28,670,0,30240,0,180190,81770,320,0,27,47222,558884,26,93090,0,0,Y3tqrQKzJV,LrdZy8QqgUfkVShG,taul,1K8T,TyGl,fhk21Ss,yxRYVCXx7J,__UP,9_Y1,15m3,VpdQ,haYg,7M47J5GA0pTYIFxg5uy,kIsH,uKAI,L84s,XfqtO3UdzaXh_,XTbPUYD,IROO,UYBR,FzaX,4UxGlow,oslk,catzS2D,LM8l689qOp,FSa2,ZI9m,ib5G6X1eUxUn6
0,1309,7,24,204,255,0,220.08,0,823428,0,1.356975,18,78,0,5365744,0,133759.2,95,0,160,64,10525.72,690,12,23958,0,8353500,0,150,0,18,604800,9984480,44,0,0,0,Qu0TmBQZiT,RO12,taul,1K8T,kNzO,VQWOjS3,2rJLcR7,DSAx,9_Y1,TjV7,VpdQ,sYC_,me75fM6ugJ,kIsH,uKAI,Mtgm,NhsEn4L,beK4AFX,E3av,UYBR,FzaX,54petck,oslk,eEfa_vf,LM8l689qOp,FSa2,RAYp,F2FyR07IdsN7I
0,826,14,2700,156,195,48,253.52,0,4412886,0,4.140355,18,106,301,633608,0,160025.7,35,4,32,8,99603.2,585,60,30870,0,3212940,887426,6395,0,0,0,10459320,26,956622,0,0,V8lBcmz45j,RO12,taul,1K8T,kwI9,4XZ4luf,IoHEIyTRj9,M6St,9_Y1,4nnx,09_Q,sYC_,me75fM6ugJ,kIsH,uKAI,L84s,NhsEn4L,kq0aHkC,_Qcc,UYBR,FzaX,cicoOXS,oslk,1rBiuXx,LM8l689qOp,Qcbd,RAYp,F2FyR07IdsN7I
0,189,0,0,140,175,16,321.76,0,5138508,0,2.811579,9,18,0,2534464,0,204872.7,15,4,40,32,218070.4,480,66,0,0,4368445,316808,0,0,0,554414,10405320,26,950424,0,0,bZk9tYsGvO,RO12,taul,1K8T,lK27,XX3cFZv,CdPgMY1Z52,18g2,9_Y1,YULl,VpdQ,IYzP,me75fM6ugJ,kIsH,uKAI,L84s,NhsEn4L,NGZxnJM,2ozN,UYBR,FzaX,FMZYH7D,oslk,MHP7DIf,LM8l689qOp,FSa2,RAYp,F2FyR07IdsN7I
0,3738,7,164,352,440,120,200,0,4949040,0,4.511643,45,54,0,221488,0,16796.13,55,20,112,88,-98294.8,1405,144,28044,0,514450,679956,215,0,0,708925,7216920,34,1197192,0,0,ZSNrjIX0Db,RO12,taul,1K8T,487l,NwKnsla,FoJylxy,MwQe,9_Y1,xQ2A,VpdQ,IYzP,me75fM6ugJ,kIsH,uKAI,L84s,NhsEn4L,mAja5EA,nmDD,cJvF,FzaX,ZV0mFX7,oslk,1E9D3Yd,LM8l689qOp,5Acm,RAYp,F2FyR07IdsN7I
0,1582,7,0,352,440,24,230.48,0,2684598,0,5.308481,9,44,0,978992,0,40757.4,75,6,40,64,360173.6,1060,234,216,0,903845,139770,95,0,0,251573,4165280,40,516054,0,0,O8Zr4Rdc_a,RO12,taul,1K8T,4fje,6oGKKVi,lL9jXRTEOq,klXP,9_Y1,em8I,VpdQ,IYzP,me75fM6ugJ,kIsH,g5HH,L84s,NhsEn4L,TDc4Td_,q191,cJvF,FzaX,MiS0IU9,oslk,8oT2fT4,LM8l689qOp,me1d,RAYp,F2FyR07IdsN7I
0,98,0,0,128,160,32,253.52,0,1893390,0,6.192907,27,14,0,2764800,0,222447.9,10,4,32,32,293045.6,265,24,0,0,6507800,691200,0,0,0,0,10615680,32,1036800,0,0,2jigUH7ejg,RO12,taul,1K8T,TyGl,WIUbfVI,_jTP8ioIlJ,xkat,9_Y1,m_h1,VpdQ,IYzP,me75fM6ugJ,kIsH,uKAI,L84s,NhsEn4L,kZJyVg2,Hr3R,UYBR,FzaX,31vOjel,oslk,Nwm7kpB,LM8l689qOp,WqMG,RAYp,F2FyR07IdsN7I
0,1736,14,576,364,455,360,320.4,0,1914,0,3.18714,18,74,7,1188264,0,26035.08,0,28,72,80,-178376.4,1045,6,78255,0,854890,569590,520,0,9,138341,3035524,42,925536,0,0,uGLq9ayE15,RO12,taul,1K8T,0Xwj,GjukJwu,koda1Jh,4Bi3,F3hy,QBpP,VpdQ,IYzP,me75fM6ugJ,kIsH,uKAI,L84s,NhsEn4L,TDceha3,70G2,cJvF,FzaX,Nzc87dl,oslk,xTFQowC,LM8l689qOp,7P5s,RAYp,F2FyR07IdsN7I
0,798,7,0,148,185,24,255.6,5,5397198,0,1.300363,9,38,0,1382400,0,218471.7,30,4,32,16,127760.8,515,78,52695,8,3801795,381198,10,0,18,0,10559320,22,1036800,0,0,75lq9ayfAo,RO12,taul,1K8T,JLbT,Xlthli9,6AeqVxP_Wh,hEdB,9_Y1,NFMt,VpdQ,IYzP,me75fM6ugJ,kIsH,uKAI,L84s,NhsEn4L,mAjbk_S,L9IH,UYBR,FzaX,U8IKsQe,oslk,R2LdzOv,jySVZNlOJy,TNEC,RAYp,F2FyR07IdsN7I
0,1099,28,12560,152,190,88,663.52,0,3988884,0,5.53386,63,160,462,0,0,177974.4,25,10,40,0,456540,650,48,369,0,2906255,1426268,10855,0,36,1209600,10666960,18,2212956,0,0,_v2gUHXZeb,2Knk1KF,taul,1K8T,JLbT,fhk21Ss,76jk_MXMyd,QdJ_,9_Y1,LqKm,VpdQ,wMei,7M47J5GA0pTYIFxg5uy,kIsH,uKAI,Mtgm,Ie_5MZs,XTbjhEX,yzAe,UYBR,FzaX,4UxGlow,zCkv,catzS2D,LM8l689qOp,453m,ZI9m,TCU50_Yjmm6GIBZ0lL_
0,749,7,2836,204,255,56,186.64,0,5609502,0,3.063662,18,190,350,2248064,0,158463.6,30,2,56,48,42385.6,670,78,3888,0,3209095,378744,350,0,27,359457,9844960,36,518400,0,0,3HjOj17ejg,LrdZy8QqgUfkVShG,b_3Q,1K8T,R4_H,fhk21Ss,itSGh3t,7dqt,9_Y1,iVbl,VpdQ,y6dw,7M47J5GA0pTYIFxg5uy,kIsH,uKAI,L84s,nlbpV6E,XTbMdzK,fkyg,cJvF,FzaX,4UxGlow,QKW8DRm,catzS2D,jySVZNlOJy,7aLG,ZI9m,ib5G6X1eUxUn6
0,329,0,0,1028,1285,40,256.8,0,6784440,0,0.9525743,9,14,0,695200,0,34892.4,35,4,48,192,76226.4,1575,150,0,0,3238530,101714,0,0,0,22127,9992920,388,153504,0,0,dRaq9ayE15,RO12,taul,1K8T,yYar,GjukJwu,gX87gyRGMwl_nJyY,RVnS,9_Y1,QBpP,09_Q,IYzP,me75fM6ugJ,kIsH,uKAI,L84s,NhsEn4L,kZJyVg2,RWVw,cJvF,FzaX,Nzc87dl,oslk,xTFQowC,LM8l689qOp,7P5s,RAYp,F2FyR07IdsN7I
0,1715,14,2068,204,255,152,186.64,0,844476,0,3.904508,36,160,7,904288,0,66893.7,0,16,64,80,199122.8,815,18,3456,0,1310585,2960340,50,0,63,0,10295720,22,3467202,0,0,xearjIX0Db,2Knk1KF,taul,1K8T,0Xwj,LK5lmqV,e1XhvTunuD,UccQ,HLqf,xQ2A,VpdQ,kxE9,7M47J5GA0pTYIFxg5uy,sBgB,uKAI,L84s,XfqtO3UdzaXh_,XTbqizz,eur6,cJvF,AU8pNoi,s4iYWu3,oslk,_EbQZmh,LM8l689qOp,5Acm,RAYp,TCU50_Yjmm6GIBZ0lL_
0,945,0,0,200,250,72,166.56,0,3202788,0,5.498825,18,42,0,3526176,0,164912.1,20,4,40,48,219460.4,790,48,198,0,6293350,75506,0,0,0,0,10030040,42,740532,0,0,1JGr4RKzJV,RO12,taul,1K8T,JLbT,5HU7nTC,9UgkRNa9Jb,NXA4,9_Y1,DtNL,VpdQ,IYzP,me75fM6ugJ,kIsH,uKAI,L84s,NhsEn4L,mAjbk_S,krHX,UYBR,FzaX,7Jxlefp,oslk,je1reV4,M_8D,FSa2,RAYp,F2FyR07IdsN7I
0,728,7,64,68,85,16,166.56,0,0,0,1.125187,9,42,0,75664,0,5497.29,0,0,24,40,-20724.44,510,0,6381,0,70380,6394,265,0,18,28588,106924,20,0,0,0,zcROj17IEC,eSGpMwS8zSGgq_trOpckZ5,taul,1K8T,7M9D,VykYDSI,Tg7o1or,xx0q,9_Y1,eQTr,VpdQ,CoYW,DHn_WUyBhW_whjA88g9bvA64_,kIsH,uKAI,L84s,UbxQ8lZ,ORMRote,00L3,cJvF,FzaX,YuqtxWD,Al6ZaUT,5WxSoTa,LM8l689qOp,7aLG,02N6s8f,R4y5gQQWY8OodqDV
0,798,7,0,148,185,48,285.6,0,7525620,0,3.071352,9,30,0,976784,0,182758.8,25,6,32,16,116143.6,615,102,99,0,930045,878086,75,0,0,604800,10269840,8,804252,0,0,8Iqt0G8rTN,RO12,taul,1K8T,lK27,F0DSdMg,yiXKNUCbD1,cWuP,9_Y1,e7QV,VpdQ,IYzP,me75fM6ugJ,kIsH,uKAI,L84s,NhsEn4L,kZJtVhC,DCYU,UYBR,FzaX,1Fq88FJ,oslk,XByOEra,LM8l689qOp,fKCe,RAYp,F2FyR07IdsN7I
0,3353,7,468,112,140,24,186.64,10,6784620,0,3.580859,9,36,175,1382424,0,61281.6,20,0,24,16,-87213.6,695,84,8847,16,1347850,17970,955,0,18,0,7710920,10,0,0,0,v0Nt0Go8Lb,RO12,taul,1K8T,lK27,My6r5B6,MypvvoIQqc,pOba,9_Y1,rGJy,09_Q,IYzP,me75fM6ugJ,kIsH,uKAI,L84s,NhsEn4L,mAjbk_S,D23t,UYBR,FzaX,WWmDBnE,oslk,CR7p_o3,LM8l689qOp,Qu4f,RAYp,F2FyR07IdsN7I
0,819,14,572,160,200,16,372.48,0,8729700,0,0.6317027,27,60,182,3456000,0,206335.8,20,2,32,40,97965.2,580,108,21870,0,1599030,188998,6085,0,0,0,10600920,20,20226,0,0,Yn7t0Go8Lb,RO12,taul,1K8T,lK27,6LkJ26Z,V1eoHNfRMz,t7tD,9_Y1,rGJy,VpdQ,sYC_,me75fM6ugJ,kIsH,uKAI,Mtgm,NhsEn4L,kq0n8Bj,XZu1,UYBR,FzaX,OTguLpj,oslk,lv86Kfh,LM8l689qOp,Qu4f,RAYp,F2FyR07IdsN7I
0,756,7,216,156,195,8,220.08,0,8818380,0,3.774194,9,146,0,1382400,0,230801.7,35,0,32,16,366157.2,535,108,1629,0,1799925,129614,860,0,18,604800,10688480,22,0,0,0,4e7Wq69R_D,2Knk1KF,taul,1K8T,ssAy,6KF0k8W,r83_sZi,0XzP,9_Y1,Px52,VpdQ,sYC_,me75fM6ugJ,kIsH,uKAI,L84s,NhsEn4L,beK4AFX,JEC4,UYBR,AU8_WTd,ot6oLzk,oslk,IIvC99a,jySVZNlOJy,PM2D,RAYp,55YFVY9
0,1750,7,3480,284,355,144,220.08,0,4714074,0,3.857936,18,116,434,495824,0,99676.8,35,8,48,16,86902.8,725,120,80667,0,1706730,1396568,40,0,9,546336,10196440,40,1932114,0,0,1KSr4RK2Mx,2Knk1KF,taul,1K8T,0Xwj,erY7P96,r83_sZi,Ha2D,HLqf,DtNL,VpdQ,sYC_,me75fM6ugJ,sBgB,uKAI,L84s,NhsEn4L,pMWdNEj,Je2l,cJvF,FzaX,KNXRsCb,oslk,AA7XbDK,LM8l689qOp,FSa2,RAYp,55YFVY9
0,714,7,24,16,20,16,133.12,0,0,0,5.051271,9,54,0,226480,0,17911.14,0,0,8,8,29356.28,80,0,28089,0,675,8248,5,0,0,0,130276,2,0,0,0,oUPBcmzkzH,RO12,taul,1K8T,YPhp,7OKaF5r,gG7Uh_O5Ag,LvoD,9_Y1,EwzD,sJzTlal,IYzP,me75fM6ugJ,kIsH,uKAI,L84s,NhsEn4L,TDceha3,Cl5D,cJvF,FzaX,hpqfR8o,oslk,RdFAgOW,LM8l689qOp,Qcbd,RAYp,F2FyR07IdsN7I
0,854,35,2760,120,150,0,213.36,0,0,0,5.133518,45,128,252,5529600,0,104781.3,0,0,32,64,76241.6,1500,0,53694,0,9504000,0,7260,0,36,0,10368000,44,0,0,0,NESWq69R_D,2Knk1KF,taul,1K8T,TyGl,VQWOjS3,Yi49a6G,93co,9_Y1,RVjC,VpdQ,hAFG,me75fM6ugJ,kIsH,uKAI,L84s,XfqtO3UdzaXh_,11p4mKe,Ioib,UYBR,FzaX,54petck,oslk,eEfa_vf,LM8l689qOp,FSa2,RAYp,55YFVY9
0,2646,0,0,388,485,296,133.12,0,81570,0,3.242683,9,46,0,662416,0,5742.39,15,20,112,184,77982.4,1530,48,4536,0,174075,270658,0,0,0,199864,1727804,32,583062,0,0,8Fdr4RXXnK,RO12,taul,1K8T,7wJ6,77fOEHF,DKUDUftgA7,MoCD,9_Y1,Cgc3,VpdQ,IYzP,Kxdu,kIsH,uKAI,L84s,FMSzZ91zL2,TDcEYQ6,OAGn,cJvF,FzaX,tzpKQhk,zCkv,Hcon3Fp,LM8l689qOp,Xa3G,6fzt,SbOd7O8ky1wGNxp0Arj0Xs
0,2086,0,636,408,510,88,286.96,0,2741202,0,4.537065,18,52,0,2605256,0,79531.8,75,12,104,48,131975.2,1865,228,40905,0,6094600,521422,0,0,18,625044,10325440,52,285402,0,0,HYTvyx7ejg,RO12,taul,1K8T,AHgj,dC0d3iM,zA2IZno2NK,RW7f,9_Y1,xSqs,VpdQ,IYzP,me75fM6ugJ,kIsH,uKAI,L84s,NhsEn4L,mAja5EA,dbP1,cJvF,FzaX,Ox88mx2,oslk,7KtqWEN,jySVZNlOJy,szEZ,RAYp,F2FyR07IdsN7I
0,742,7,356,72,90,64,0,0,11124,0,3.68276,18,42,84,34864,0,3314.52,0,4,24,16,-2122596,465,12,1782,0,34600,23396,10,0,0,24374,122716,8,35094,0,0,zcRZptzip9,RO12,taul,1K8T,OY2L,CNDAHbp,NYI7gyRGMwl_nJyY,w94Q,9_Y1,t_4G,09_Q,IYzP,me75fM6ugJ,kIsH,uKAI,L84s,XfqtO3UdzaXh_,XTbPUYD,7Dsa,cJvF,FzaX,QMamIK9,oslk,nwM52bd,LM8l689qOp,Qu4f,RAYp,F2FyR07IdsN7I
0,553,0,0,148,185,80,220.08,0,22752,0,4.905362,9,28,0,46232,0,43668.9,0,10,40,8,-1645836,525,6,0,0,553525,154316,0,0,9,51198,1000192,40,315684,0,0,LDPq9ayfAo,RO12,taul,1K8T,PJLW,x8bo8ot,YmZmFZu,jrUy,9_Y1,vm5R,VpdQ,zm5i,me75fM6ugJ,kIsH,uKAI,Mtgm,NhsEn4L,kZJtVhC,9eg8,UYBR,FzaX,tS16hzI,oslk,vHkTy9x,LM8l689qOp,7P5s,RAYp,F2FyR07IdsN7I
0,17640,28,21164,13028,16285,240,200,0,3931326,0,1.081179,45,172,133,711736,0,6016.92,1610,6,1272,1544,34487,17525,9456,2646,0,2444605,1474246,1490,0,18,323141,9427160,2266,805686,0,0,Iskvyx875g,2Knk1KF,LfvqpCtLOY,1K8T,0Xwj,wppdCrr,C_u8_AlBK7,D6lg,F3hy,MBhA,VpdQ,sYC_,me75fM6ugJ,kIsH,uKAI,L84s,NhsEn4L,teAyFc5,5smi,UYBR,FzaX,7JxoOXS,oslk,3ykshbG,LM8l689qOp,WqMG,RAYp,TCU50_Yjmm6GIBZ0lL_
0,3927,7,1100,164,205,64,133.12,0,4863618,0,2.228584,18,172,63,1661896,0,55010.7,30,4,48,32,105292.4,1070,84,3987,0,2203090,979608,560,0,9,234864,10209960,14,719712,0,0,eOQt0GoOh3,bYmQ4nc,taul,1K8T,7gSz,fhk21Ss,0IWZqtp,GgCV,9_Y1,rGJy,VpdQ,kxE9,7M47J5GA0pTYIFxg5uy,kIsH,uKAI,L84s,XfqtO3UdzaXh_,_JdcICD,2BrK,UYBR,OFWH,4UxGlow,oslk,catzS2D,jySVZNlOJy,Qu4f,ZI9m,ib5G6X1eUxUn6
0,602,7,204,132,165,88,220.08,0,850014,0,2.59154,9,106,119,1382400,0,70385.09,10,10,40,16,98937.6,345,18,162,0,4320000,1838254,625,0,9,0,10375240,20,2584380,0,0,Y3tqrQKzJV,2Knk1KF,taul,1K8T,D68y,LUVNw5i,k10MzgT,G9NC,9_Y1,15m3,VpdQ,sYC_,5iay,kIsH,uKAI,L84s,fSKKIQdIPDXgw,uZLeCr4,plT5,cJvF,FzaX,9Z9iNGc,zCkv,jADGkwT,LM8l689qOp,FSa2,6fzt,Zy3gnGM
0,553,0,0,140,175,16,220.08,0,1950384,0,6.859432,9,28,0,2764800,0,224421,20,4,32,32,141084,515,36,0,0,6807750,199780,0,0,9,0,10429320,34,950454,0,0,75lr4RXktW,RO12,taul,1K8T,0Xwj,cSPyOPj,9YuYZx0Xsm,oAnL,F3hy,jakt,VpdQ,zm5i,me75fM6ugJ,kIsH,uKAI,Mtgm,NhsEn4L,kZJtVhC,VNIv,UYBR,FzaX,urwOVQC,oslk,Am5OEra,LM8l689qOp,7FJQ,RAYp,F2FyR07IdsN7I
0,1232,14,856,728,910,240,186.64,0,8204580,0,1.618244,18,88,140,2055672,0,37980.9,35,20,56,24,114636,4005,114,40824,0,1523235,273708,4465,0,9,2947,10629840,226,17562,0,0,oBXrjIQq3d,RO12,taul,1K8T,WkTj,vHHY4q6,J1MZ1kd,P9KQ,9_Y1,RVjC,sJzTlal,sYC_,me75fM6ugJ,kIsH,uKAI,L84s,NhsEn4L,beK4AFX,4a9J,UYBR,FzaX,R4hm94s,oslk,oSyMpgG,jySVZNlOJy,FSa2,RAYp,F2FyR07IdsN7I
0,3073,14,1412,572,715,432,186.64,0,33372,0,1.524247,18,86,189,265448,0,3038.37,55,20,112,168,-31036.84,1820,108,1503,0,60765,98818,665,0,9,26341,440588,58,36198,0,0,1nlTmBtueT,RO12,taul,1K8T,AnrR,iJzviRg,msIqHk8toE,AFFF,9_Y1,C6Eu,VpdQ,hAFG,7M47J5GA0pTYIFxg5uy,kIsH,uKAI,L84s,4kVnq_T26xq1p,7WwET5S,QEtZ,cJvF,FzaX,ch2oGfM,zCkv,P6pu4Vl,LM8l689qOp,rgKb,ZI9m,R4y5gQQWY8OodqDV
0,2331,7,48,264,330,96,378.4,0,7710000,0,0.3791925,9,50,0,1023264,0,42019.8,40,0,72,56,403268,1805,114,378,0,2096715,275746,75,0,18,17031,10122840,40,0,0,0,uUdt0G8EIb,RO12,taul,1K8T,JLbT,iJzviRg,ZaChz0C,QIBm,9_Y1,e7QV,VpdQ,giwq,7M47J5GA0pTYIFxg5uy,kIsH,uKAI,L84s,4kVnq_T26xq1p,cUQyWqR,7WX7,UYBR,FzaX,ch2oGfM,zCkv,P6pu4Vl,LM8l689qOp,fKCe,ZI9m,R4y5gQQWY8OodqDV
0,917,7,1908,128,160,0,256.4,0,6283620,0,0.8630635,9,124,7,2764800,0,182572.2,20,0,32,32,55720.8,505,78,2349,0,4479190,0,200,0,18,604800,10537240,22,0,0,0,xOXTmBtFkL,g62hiBSaKg,taul,1K8T,0Xwj,fhk21Ss,qj0efbgZb2VDpkoH,et5n,HLqf,c2JP,09_Q,kxE9,7M47J5GA0pTYIFxg5uy,sBgB,uKAI,L84s,4kVnq_T26xq1p,uZLPpJd,pv4R,UYBR,FzaX,4UxGlow,zCkv,catzS2D,M_8D,rgKb,ZI9m,ib5G6X1eUxUn6
0,497,7,800,108,135,56,166.56,0,937812,0,2.21598,9,86,21,1940456,0,127551.9,0,4,40,48,-643968,450,12,104490,0,968100,646200,935,0,9,156758,3677252,20,22404,0,0,jg69tYsGvO,RO12,taul,1K8T,487l,6CXYbuk,CRwkRNVRGo,Sm48,9_Y1,YULl,VpdQ,sYC_,Kxdu,kIsH,uKAI,Mtgm,9pUnzWLbztKTo,7WwaJhY,zZXd,cJvF,FzaX,ROeipLp,zCkv,K2SqEo9,LM8l689qOp,FSa2,6fzt,am14IcfM7tWLrUmRT52KtA
0,609,7,384,180,225,40,200,0,4269390,0,4.200385,9,30,0,840488,0,207030.9,25,4,24,64,-756320,560,60,68427,0,1036825,208640,325,0,0,0,6335120,30,826692,0,0,8I1TmBtueT,RO12,taul,1K8T,hAOr,4e3k2Zj,YDmzMgS,teWE,9_Y1,47ra,09_Q,IYzP,me75fM6ugJ,kIsH,uKAI,L84s,NhsEn4L,kZJtVhC,H47J,cJvF,FzaX,IGMAWQ7,oslk,XCFTE6Y,LM8l689qOp,rgKb,RAYp,F2FyR07IdsN7I
0,266,0,20,8,10,0,200,0,0,0,3.248878,9,58,0,0,0,3268.65,0,2,8,0,2462.284,50,0,594,0,2500,0,0,0,9,19460,13120,2,16680,0,0,E3dr4RQxul,RO12,taul,1K8T,TyGl,wGQl2XU,CdPgMY1Z52,1Lju,9_Y1,z5Ry,VpdQ,IYzP,me75fM6ugJ,kIsH,uKAI,L84s,NhsEn4L,TDcECyH,Olim,UYBR,FzaX,GOYYjZW,oslk,fEMQguc,LM8l689qOp,FSa2,RAYp,F2FyR07IdsN7I
0,1372,14,5736,288,360,80,253.52,0,4636230,0,2.471267,18,172,161,2309744,0,121313.1,45,20,104,64,133498.4,830,90,1440,0,5454850,159780,1300,0,45,247191,10815440,40,820080,0,0,JMGq9aXt5a,2Knk1KF,taul,1K8T,4fje,RxD9GOD,Tg7o1or,nTtg,9_Y1,Y9Bl,VpdQ,6JmL,7M47J5GA0pTYIFxg5uy,kIsH,uKAI,Mtgm,XfqtO3UdzaXh_,XTbPUYD,KBLa,UYBR,FzaX,nhSvEWW,oslk,42OT3Cb,LM8l689qOp,uWr3,RAYp,TCU50_Yjmm6GIBZ0lL_
0,1134,7,160,124,155,32,166.56,0,9331200,0,6.374706,27,142,112,0,0,38889.6,35,4,32,0,150484.8,865,108,20691,0,0,656990,1965,0,9,604800,10645200,0,1036800,0,0,uGLq9ayE15,2Knk1KF,b_3Q,1K8T,tzKK,fhk21Ss,CdPgMY1Z52,zZpU,9_Y1,vm5R,VpdQ,wMei,7M47J5GA0pTYIFxg5uy,kIsH,uKAI,L84s,E1aAZ0x7vd,OFqVH0t,A7Vf,cJvF,FzaX,4UxGlow,QKW8DRm,catzS2D,LM8l689qOp,7P5s,ZI9m,ib5G6X1eUxUn6
0,819,7,280,156,195,144,166.56,0,3696,0,1.752617,18,62,49,408488,0,37731.9,5,14,40,16,282278.8,435,6,414,0,682875,214388,75,0,0,318843,1359348,20,250278,0,0,2jiWq69cTy,RO12,taul,1K8T,j1T2,GdzFZs5,P9HTde2,URpR,9_Y1,Px52,VpdQ,IYzP,me75fM6ugJ,kIsH,uKAI,L84s,NhsEn4L,mAjbk_S,kfBg,cJvF,FzaX,Xsg8XLE,oslk,eIi2qo0,jySVZNlOJy,PM2D,RAYp,F2FyR07IdsN7I
0,1295,7,4,164,205,0,133.12,0,0,0,3.174749,9,48,0,190176,0,5563.86,0,2,40,96,-24085.84,645,0,3906,0,237815,0,85,0,9,0,292036,56,10044,0,0,BQavyxLp3Z,RO12,taul,1K8T,UpNf,UKQvcTJ,msIqHk8toE,ChRG,9_Y1,vzJD,VpdQ,43pnToF,me75fM6ugJ,kIsH,uKAI,L84s,NhsEn4L,TDcECyH,uvL0,cJvF,FzaX,75woGGc,oslk,23ZMCCr,LM8l689qOp,xb3V,RAYp,F2FyR07IdsN7I
0,1232,7,5740,356,445,128,0,0,111468,0,0.8566545,9,178,413,294880,0,5253.27,25,16,88,96,-45930.4,455,66,3996,0,359005,72106,815,0,27,10493,714040,74,72972,0,0,CxSr4RXktW,LrdZy8QqgUfkVShG,taul,1K8T,kNzO,fhk21Ss,3clyC8L,ePU0,9_Y1,mTeA,VpdQ,y6dw,7M47J5GA0pTYIFxg5uy,kIsH,uKAI,L84s,_5OXC8MSLt,XTbj5PX,jC3e,UYBR,FzaX,4UxGlow,oslk,catzS2D,LM8l689qOp,FSa2,ZI9m,ib5G6X1eUxUn6
0,1477,7,84,232,290,184,133.12,0,27330,0,3.111728,9,154,7,30232,0,2440.905,35,16,80,48,-30320.72,845,54,22680,0,15145,28258,1725,0,36,75943,163788,10,66090,0,0,lAFr4RQZiT,2Knk1KF,taul,1K8T,G6s_,dgtxY95,ThrHXVS,_KdE,9_Y1,z5Ry,09_Q,haYg,me75fM6ugJ,kIsH,uKAI,L84s,XfqtO3UdzaXh_,XTbPUYD,tCpO,UYBR,OFWH,lER6V3V,oslk,cFZAKIt,LM8l689qOp,FSa2,RAYp,TCU50_Yjmm6GIBZ0lL_
0,273,14,324,64,80,112,100.32,0,0,0,5.412946,27,54,70,60360,0,6043.95,0,0,8,16,-18946.44,255,0,360,0,0,65448,30,0,0,28574,161076,0,0,0,0,NQ5vyxLkBI,RO12,taul,1K8T,lK27,_t7Mbg2,767sa0XN9l,5C13,9_Y1,vzJD,09_Q,IYzP,me75fM6ugJ,kIsH,uKAI,L84s,XfqtO3UdzaXh_,kq0IkyT,R0dp,cJvF,FzaX,uIoKu_a,oslk,j32r3XO,LM8l689qOp,xb3V,RAYp,F2FyR07IdsN7I
0,784,7,0,140,175,64,255.76,0,3739560,0,4.643025,9,38,0,1900920,0,207298.2,15,6,32,24,119074,545,48,1323,0,3332860,1259510,135,0,9,554435,10490640,20,1425696,0,0,ypNt0Go8Lb,RO12,taul,1K8T,G6s_,V2og2A0,s28_9opUg8OUp,mwz4,9_Y1,MGOA,VpdQ,zm5i,me75fM6ugJ,kIsH,uKAI,L84s,NhsEn4L,NGZXfGp,bHR7,UYBR,FzaX,UjGuLpj,oslk,3QPw991,LM8l689qOp,Qu4f,RAYp,F2FyR07IdsN7I
0,1519,14,52,184,230,168,166.56,0,0,0,0.7483444,18,122,7,1536944,0,38026.5,0,6,56,112,52462,710,0,57195,0,842650,394704,2175,0,9,625625,2375624,16,215436,0,0,qFpmfo8zhV,2Knk1KF,taul,1K8T,ssAy,bMTgFRq,e1XhvTunuD,Nrga,9_Y1,wGwL,VpdQ,wMei,me75fM6ugJ,kIsH,uKAI,L84s,h0lfDKh52u4GP,IoI4mKe,4ikD,cJvF,wwPEXoilkr,WaoDQF4,oslk,2vUocsg,LM8l689qOp,wX53,RAYp,55YFVY9
0,2478,14,4248,84,105,32,699.84,0,4431570,0,0.5300149,18,122,182,523632,3,81357,15,8,8,8,-121241.2,440,18,37008,8,3600695,34470,1115,0,45,0,6372880,12,10020,0,0,jg6Oj1dMWg,2Knk1KF,taul,1K8T,lK27,UsSY9Q6,9YuuPSz3BI,e1v1,9_Y1,DFSe,VpdQ,hAFG,me75fM6ugJ,kIsH,g5HH,L84s,XfqtO3UdzaXh_,11p4mKe,z5z6,cJvF,FzaX,UF10FxM,oslk,BlJqCcD,LM8l689qOp,me1d,RAYp,55YFVY9
0,1463,7,276,160,200,0,321.04,5,1512,0,6.752617,9,166,42,2798656,0,35066.4,0,6,40,80,-482544,685,6,675,8,4206030,0,390,0,27,724199,4970200,52,307572,0,0,51rBcmz45j,yaM_UXtlxCFW5NHTcftwou7BmXcP9VITdHAto,taul,1K8T,0WHw,4jFcSKu,msIqHk8toE,MXun,9_Y1,EwzD,VpdQ,CoYW,me75fM6ugJ,kIsH,uKAI,Mtgm,XfqtO3UdzaXh_,_JdcICD,fiRQ,cJvF,FzaX,Z6VfSEp,oslk,503RDbC,LM8l689qOp,Qcbd,RAYp,iyHGyLCEkQ
0,3276,14,1408,1516,1895,800,0,5,7101420,9,0.9320658,27,38,7,2209976,0,61915.2,190,104,384,256,69506,3175,468,37170,40,2637295,399640,3845,12,9,244720,10525760,158,471072,0,7,MlYvyx875g,RO12,taul,1K8T,0Xwj,aKBg0iR,KyxX4chnKM,7MgF,HLqf,MBhA,09_Q,zm5i,me75fM6ugJ,sBgB,uKAI,L84s,NhsEn4L,kZJtVhC,ft_X,UYBR,FzaX,8GKOjel,oslk,APUE4Qn,LM8l689qOp,WqMG,RAYp,F2FyR07IdsN7I
0,1596,7,996,88,110,16,253.52,0,2880108,0,2.46614,9,34,98,2451152,0,46036.8,5,6,24,16,-59465.6,615,66,49977,0,2255005,197072,6295,0,18,1007818,6548840,6,1262250,0,0,Yn7t0Go8Lb,RO12,taul,1K8T,G6s_,b8EvARv,ThrHXVS,0V3_,9_Y1,MGOA,sJzTlal,lVqb,me75fM6ugJ,kIsH,uKAI,L84s,XfqtO3UdzaXh_,XTb4AFX,gqAA,UYBR,FzaX,Q_huhvP,oslk,QqIaRTx,LM8l689qOp,Qu4f,RAYp,F2FyR07IdsN7I
0,1911,7,836,488,610,272,309.92,0,0,0,6.390088,9,56,0,1739808,9,24646.17,15,26,176,352,-165125.2,1420,0,29367,40,1620595,265574,2760,0,9,599074,3019404,56,451146,0,14,8Iqt0G8rTN,RO12,taul,1K8T,YmZp,qEdASpP,_03xtaMIkZsn1,j3_a,9_Y1,e7QV,VpdQ,sYC_,me75fM6ugJ,kIsH,uKAI,Mtgm,NhsEn4L,cUQ3StG,TCpu,UYBR,FzaX,0AJo2f2,oslk,2Kb5FSF,LM8l689qOp,fKCe,RAYp,F2FyR07IdsN7I
0,777,7,1184,308,385,64,324.72,20,793152,0,4.877163,9,58,49,2421056,0,172695.6,20,6,56,64,-173242.8,705,42,24453,32,4684355,938250,2725,0,9,153153,8684320,94,170064,0,0,ohYOj1KXzC,RO12,taul,1K8T,TyGl,neZyQy1,CdPgMY1Z52,ZIEU,9_Y1,jdbz,VpdQ,IYzP,DHn_WUyBhW_whjA88g9bvA64_,kIsH,uKAI,L84s,CrNX,mAjbq_f,sJvZ,UYBR,FzaX,GUFlwYf,d0EEeJi,rkEqbV5,LM8l689qOp,kwS7,nIGXDli,F2FyR07IdsN7I
0,2429,7,464,228,285,48,461.92,10,3078066,0,6.933775,9,56,91,1966816,9,66090.3,15,16,72,56,144374,890,102,81216,40,5609400,357494,6050,0,18,136542,9733880,32,1628478,0,0,u6tWq6edh4,RO12,taul,1K8T,ssAy,SqbCPGE,Z8ZAV8jDl3,Qera,9_Y1,_xpN,VpdQ,Tkho,me75fM6ugJ,kIsH,uKAI,Mtgm,NhsEn4L,cUQ3StG,cjoD,UYBR,FzaX,mXL38SL,oslk,6zMjbRT,LM8l689qOp,FSa2,RAYp,F2FyR07IdsN7I
0,672,7,0,140,175,16,220.08,0,11064480,0,6.202094,9,30,0,0,0,145642.5,45,0,32,0,80104.8,1350,132,864,0,118370,16564,90,0,0,0,10513760,4,0,0,0,CxSr4RXktW,RO12,taul,1K8T,TyGl,dpLnqNs,GHf4lBZm_z,mU7d,9_Y1,TFSW,sJzTlal,IYzP,me75fM6ugJ,kIsH,uKAI,L84s,NhsEn4L,kZJtVhC,AZfq,cJvF,FzaX,9F7m0jM,oslk,jrbDSFl,LM8l689qOp,Xa3G,RAYp,F2FyR07IdsN7I
0,1183,21,5988,156,195,104,166.56,0,101004,0,3.341166,27,130,679,1134992,0,29378.46,5,8,32,56,76155.6,600,18,85896,0,642910,337606,7145,0,18,675143,2150768,22,405420,0,0,V8lBcmz45j,onTuEhrJJQy_H3IHkZku5AFczhYGqxJ890,taul,1K8T,JLbT,fqeOwLG,VxuSneqjum,4zLV,9_Y1,EwzD,09_Q,haYg,7M47J5GA0pTYIFxg5uy,kIsH,uKAI,L84s,9pUnzWLbztKTo,y5FbsOq,RubL,cJvF,FzaX,fxJmel6,zCkv,WfsWw2A,LM8l689qOp,Qcbd,ZI9m,iyHGyLCEkQ
0,5915,7,3028,668,835,480,200,0,0,0,2.907071,9,130,70,1021656,0,8604.449,0,34,264,368,-16902.44,3335,0,2682,0,581920,517508,10120,0,18,243509,2363320,88,527910,0,0,bZkvyxLkBI,2Knk1KF,taul,1K8T,UpNf,I6B7C3_,u13ZDgSPYg,tBWZ,9_Y1,_r21,VpdQ,haYg,me75fM6ugJ,kIsH,uKAI,L84s,XfqtO3UdzaXh_,11p4mKe,sftL,cJvF,FzaX,AI5YWu3,oslk,H2lRusu,jySVZNlOJy,xb3V,RAYp,55YFVY9
0,1141,7,740,172,215,56,292.48,0,3387666,0,5.976928,9,50,35,3342416,0,49591.8,25,2,48,48,141062,685,48,4059,0,4458930,751362,175,0,9,554435,10396320,32,475230,0,0,vNEvyxLp3Z,RO12,taul,1K8T,JLbT,uwNwuGt,itSGh3t,cOLf,9_Y1,FbIm,VpdQ,lVqb,me75fM6ugJ,kIsH,uKAI,L84s,XfqtO3UdzaXh_,XTbPUYD,DfY8,cJvF,FzaX,QMdfc8E,oslk,mh7QQMs,LM8l689qOp,xb3V,RAYp,F2FyR07IdsN7I
0,1918,7,156,812,1015,280,268.08,0,4734972,0,3.390515,9,32,14,2876520,0,101790.9,115,38,280,120,245656.4,2270,192,873,0,2109565,1259602,175,0,0,295708,10043480,158,662790,0,0,4e7gUH7IEC,RO12,taul,1K8T,IIni,Qxk6Bzp,6JeJzqR,M5gv,9_Y1,m_h1,VpdQ,IYzP,DHn_WUyBhW_whjA88g9bvA64_,kIsH,uKAI,L84s,CrNX,y5FewfI,tbvm,cJvF,FzaX,vtCw9qN,d0EEeJi,SvLzGlY,LM8l689qOp,WqMG,02N6s8f,F2FyR07IdsN7I
0,994,7,1008,160,200,32,170,0,7175340,0,4.606494,27,62,0,1797688,0,178243.5,30,0,64,72,-69057.2,730,90,34254,0,2592050,372592,5965,0,18,45423,10454040,12,0,0,0,crIt0Go8Lb,RO12,taul,1K8T,wGW5,G6aMVop,IG_G867,ZKNH,9_Y1,C7DI,VpdQ,43pnToF,me75fM6ugJ,kIsH,uKAI,L84s,NhsEn4L,TDceha3,Kqfc,cJvF,Lmli,Xsgmfvd,oslk,uBYMak1,M_8D,Qu4f,RAYp,F2FyR07IdsN7I
0,2107,7,376,536,670,312,312.24,0,6858,0,4.718223,9,178,70,857416,0,14526.93,0,6,72,80,127312,1335,6,2583,0,1381650,657104,240,0,45,4214,3024012,162,256806,0,0,puvq9aX0Db,2Knk1KF,taul,1K8T,JLbT,fhk21Ss,k10MzgT,Lfzd,9_Y1,6TCl,VpdQ,y6dw,7M47J5GA0pTYIFxg5uy,kIsH,7A3j,L84s,4kVnq_T26xq1p,ORMf3Zs,h3Pz,cJvF,FzaX,4UxGlow,zCkv,catzS2D,jySVZNlOJy,uWr3,ZI9m,iyHGyLCEkQ
0,154,0,0,36,45,8,186.64,0,14262,0,5.441572,9,22,0,3339792,0,285213.9,5,0,8,8,-128175.2,330,6,0,0,5258400,18484,0,0,9,0,8323360,10,0,0,0,DHerjIKQ76,RO12,taul,1K8T,Fq5T,miuXVr0,HKFGqS8,jhq_,9_Y1,7WNq,09_Q,zm5i,me75fM6ugJ,kIsH,uKAI,L84s,NhsEn4L,mAja5EA,EgQ5,cJvF,FzaX,bYAYWu3,oslk,hT0zF_Q,LM8l689qOp,WqMG,RAYp,F2FyR07IdsN7I
0,791,7,228,260,325,128,166.56,0,35586,0,6.848964,9,84,70,125128,0,10299.75,20,8,40,48,-50694.4,880,54,1512,0,443825,49410,820,0,9,0,567792,52,10032,0,0,8I1q9ayE15,RO12,taul,1K8T,hAOr,B5n4Lhq,C_u8_AlBK7,nrWp,9_Y1,NFMt,09_Q,lVqb,me75fM6ugJ,kIsH,uKAI,L84s,XfqtO3UdzaXh_,11p4mKe,KNSw,cJvF,FzaX,_vdOjel,oslk,ghXQowC,LM8l689qOp,TNEC,RAYp,F2FyR07IdsN7I
0,203,0,0,24,30,0,264,0,3777618,0,3.395001,9,20,0,4838400,0,270707.1,5,0,8,8,541820,350,12,0,0,2901350,0,0,0,9,0,8998480,4,0,0,0,hSogUHXZeb,RO12,taul,1K8T,h3JW,cSPqFuv,JlBPeqq,zxsN,9_Y1,STGZ,sJzTlal,zm5i,me75fM6ugJ,kIsH,uKAI,Mtgm,NhsEn4L,7WwuNea,s9FI,UYBR,FzaX,joS6pd1,oslk,AYu2Oqu,LM8l689qOp,453m,RAYp,F2FyR07IdsN7I
0,630,0,0,140,175,24,0,5,5227404,0,5.462935,9,22,0,1900872,6,57770.7,10,6,32,24,368773.2,1405,66,0,24,4324525,475218,0,0,9,1108842,10429480,26,1425660,0,0,tr0rEyXktW,RO12,taul,1K8T,YFAj,yB8VVdO,tvCvLMA,gif5,9_Y1,SkZj,09_Q,zm5i,me75fM6ugJ,kIsH,uKAI,Mtgm,NhsEn4L,uZLuNea,aINY,UYBR,FzaX,fmK1UQz,oslk,LsdaF5M,LM8l689qOp,Aoh3,RAYp,F2FyR07IdsN7I
0,1904,14,1212,152,190,40,253.52,0,5175654,0,1.001709,27,192,0,3315688,0,41380.8,5,6,32,48,137665.2,545,72,49653,0,4007310,712694,150,0,27,554435,10810280,22,1425714,0,0,75lq9ayfAo,2Knk1KF,taul,1K8T,487l,fhk21Ss,_UtlxbJ,REdD,9_Y1,F_Lu,VpdQ,wMei,7M47J5GA0pTYIFxg5uy,kIsH,uKAI,L84s,L_dnxNc,IoITvRO,sFnK,cJvF,FzaX,4UxGlow,QKW8DRm,catzS2D,LM8l689qOp,TNEC,ZI9m,iyHGyLCEkQ
0,238,7,0,16,20,0,210.24,0,0,0,3.754326,9,40,0,9676800,0,118778.4,5,0,0,16,-87789.2,65,0,2358,0,3024005,0,300,0,9,0,9355520,2,0,0,0,GcUBcmz45j,RO12,taul,1K8T,YPhp,oKsne2L,7OQTfyc,VBUU,9_Y1,yrDU,sJzTlal,IYzP,me75fM6ugJ,kIsH,uKAI,L84s,NhsEn4L,mAjbk_S,AFiH,UYBR,FzaX,iEXADXQ,oslk,xWWynIC,jySVZNlOJy,Qcbd,RAYp,F2FyR07IdsN7I
0,490,7,72,168,210,184,220.08,0,0,0,6.981201,9,154,91,260016,0,16134.63,0,12,32,24,112342,1255,0,34137,0,109405,359332,240,0,18,177170,1234684,20,447732,0,0,KXMrEyXXnK,2Knk1KF,taul,1K8T,TyGl,hWvno_n,oWVUlxabJo7j9,xaUA,9_Y1,VwCR,09_Q,kxE9,me75fM6ugJ,kIsH,uKAI,Mtgm,XfqtO3UdzaXh_,XTbPUYD,YydJ,cJvF,qxDb,uwLfql_,oslk,A5pE4Qn,LM8l689qOp,Aoh3,RAYp,TCU50_Yjmm6GIBZ0lL_
0,518,7,144,56,70,40,166.56,0,0,0,2.951506,9,46,0,26904,0,18975.21,0,8,24,16,-17759.84,250,0,128700,0,8015,79884,720,0,0,23541,216068,6,54654,0,0,vNEvyxLp3Z,RO12,taul,1K8T,R4_H,nLJVdmm,unBX5Si,UC7i,9_Y1,lXxA,sJzTlal,IYzP,me75fM6ugJ,kIsH,uKAI,L84s,NhsEn4L,mAjbk_S,UdjJ,UYBR,FzaX,sy7fR8o,oslk,QPHTy9x,LM8l689qOp,xb3V,RAYp,F2FyR07IdsN7I
0,889,7,1096,40,50,8,220.08,0,2848692,0,6.652425,9,62,0,9676800,0,165912.6,5,0,24,16,77069.2,275,24,387,0,1244275,1209600,20,0,18,0,10322520,4,0,0,0,xOXr4RXktW,RO12,taul,1K8T,AkfA,4XZdCcU,9xAFApr,4kgd,9_Y1,Cgc3,sJzTlal,lVqb,me75fM6ugJ,kIsH,uKAI,L84s,XfqtO3UdzaXh_,11p4mKe,EPVw,cJvF,FzaX,ZCEmfvd,oslk,Nbsa8ZG,LM8l689qOp,Xa3G,RAYp,F2FyR07IdsN7I
0,462,0,0,132,165,104,286.96,0,531036,0,6.721854,9,26,0,813648,3,222748.2,15,6,40,40,646136,490,18,0,8,2317160,2088160,0,0,18,1238461,8259720,12,1555200,0,0,_v2rjIKQ76,RO12,taul,1K8T,TyGl,QDYng1z,YDmzMgS,ajnm,9_Y1,7WNq,VpdQ,IYzP,me75fM6ugJ,kIsH,uKAI,L84s,NhsEn4L,kZJtVhC,FkrY,cJvF,FzaX,CWez3cs,oslk,_8W0zM1,LM8l689qOp,WqMG,RAYp,F2FyR07IdsN7I
0,1561,0,332,140,175,8,300.72,0,7177980,0,3.897885,9,56,0,1382400,0,54327.9,35,0,32,16,38335.28,590,84,75915,0,3283730,78860,0,0,18,0,10680400,22,0,0,0,O8Zr4Rdc_a,RO12,taul,1K8T,0Xwj,6oGKKVi,V4EIHR4LiC,1Jhy,HLqf,em8I,sJzTlal,69fI,me75fM6ugJ,sBgB,g5HH,L84s,XfqtO3UdzaXh_,mAjKef6,200y,cJvF,FzaX,MiS0IU9,oslk,8oT2fT4,LM8l689qOp,me1d,RAYp,F2FyR07IdsN7I
0,693,7,4716,64,80,24,448.72,0,4069224,0,0.832728,18,140,924,3763488,0,120711,0,2,16,8,208746.4,460,36,92403,0,5939100,33142,5675,0,36,3293052,9413080,10,1446,0,0,lAFr4RQZiT,2Knk1KF,taul,1K8T,487l,fhk21Ss,8yzwRfithzREaybgp4w,WKtD,9_Y1,z5Ry,VpdQ,wMei,7M47J5GA0pTYIFxg5uy,kIsH,uKAI,L84s,E1aAZ0x7vd,OFqVH0t,FMag,UYBR,FzaX,4UxGlow,QKW8DRm,catzS2D,M_8D,FSa2,ZI9m,ib5G6X1eUxUn6
0,532,7,2908,100,125,24,99.68,0,0,0,4.256142,9,148,112,46408,0,5013.45,0,4,16,16,-2634,470,0,19899,0,178330,23456,2970,0,18,0,231196,36,27624,0,0,oBXTmBtFkL,2Knk1KF,taul,1K8T,JLbT,gNIC358,V6XUlxabJ4VaD,PwdO,9_Y1,C6Eu,VpdQ,wMei,me75fM6ugJ,kIsH,uKAI,L84s,h0lfDKh52u4GP,IoI4mKe,laMb,UYBR,FzaX,1FA87dl,oslk,i9SE4Qn,LM8l689qOp,rgKb,RAYp,55YFVY9
0,595,7,252,172,215,88,100.32,0,12552,0,6.08652,9,30,77,37144,0,2401.386,0,0,48,56,-2048616,570,6,3870,0,72960,20206,2020,0,0,11809,125720,48,0,0,0,JMGrjIXt5a,RO12,taul,1K8T,ZHNR,SY4VCna,V6XUlxabJ4VaD,Mera,9_Y1,xQ2A,09_Q,IYzP,me75fM6ugJ,kIsH,uKAI,Mtgm,XfqtO3UdzaXh_,XTbPUYD,f067,cJvF,FzaX,aau1rOn,oslk,YFnaXbj,LM8l689qOp,5Acm,RAYp,F2FyR07IdsN7I
0,1309,7,8,292,365,248,166.56,0,292596,0,1.032472,9,52,0,1414632,0,15854.61,25,10,104,104,-291261.6,950,36,432,0,883135,571032,100,0,9,255997,3277536,26,548064,0,0,75lTmBtFkL,eSGpMwS8zSGgq_trOpckZ5,taul,1K8T,4fje,TSdZkQ4,J3fgbi2,sPWS,9_Y1,47ra,VpdQ,wMei,GjJ35utlTa_GNSvxxpb9ju,kIsH,uKAI,L84s,UbxQ8lZ,teAAe2o,rTWO,UYBR,FzaX,ALJGBaJ,Al6ZaUT,5FB9jvX,LM8l689qOp,rgKb,02N6s8f,R4y5gQQWY8OodqDV
0,1393,7,3396,156,195,16,253.52,0,5856708,0,1.191626,9,94,210,2771928,0,115866,25,0,40,40,198039.2,605,78,14436,0,3892135,199960,3865,0,27,604800,10363960,28,0,0,0,C2Dvyx875g,RO12,taul,1K8T,YVv3,SHXbfVI,hOpRIhsUSP,952t,9_Y1,MBhA,VpdQ,Tkho,me75fM6ugJ,kIsH,uKAI,L84s,NhsEn4L,beK4AFX,j6nf,UYBR,FzaX,7GEoYtn,oslk,4QlaK89,LM8l689qOp,WqMG,RAYp,F2FyR07IdsN7I
0,2646,7,156,1220,1525,448,253.52,0,3744852,0,3.842341,9,32,7,2772368,0,42129.3,40,26,240,472,206110.8,4930,144,48006,0,4795220,438294,35,0,0,0,10301320,290,640290,0,0,8I1r4RXXnK,RO12,taul,1K8T,OTVu,OnikTQ1,CdPgMY1Z52,lXm2,9_Y1,TFSW,VpdQ,IYzP,me75fM6ugJ,kIsH,uKAI,L84s,NhsEn4L,kZJtVhC,pWKI,cJvF,FzaX,O30mFX7,oslk,IhKskzO,LM8l689qOp,Xa3G,RAYp,F2FyR07IdsN7I
0,1218,0,0,428,535,264,166.56,0,77154,0,2.244606,9,26,0,1523968,0,17259.69,5,14,104,208,-220284,1840,24,0,0,726070,369020,0,0,0,554484,2356452,72,334458,0,0,tr0gUH7ejg,RO12,taul,1K8T,JLbT,5EpyqQo,38VsTMY,wNw1,9_Y1,m_h1,VpdQ,IYzP,me75fM6ugJ,kIsH,uKAI,L84s,NhsEn4L,mAja5EA,ElCB,UYBR,FzaX,OTgTUAd,oslk,GeD8gbh,LM8l689qOp,WqMG,RAYp,F2FyR07IdsN7I
0,938,0,4,128,160,0,233.44,0,475230,0,6.906003,18,148,0,5415728,0,139922.4,5,2,32,64,141488.4,500,6,0,0,9000050,0,0,0,18,0,10689320,42,221658,0,0,qXh9tYsdof,2Knk1KF,taul,1K8T,PGNs,eDdnaaX,r83_sZi,eOv3,9_Y1,YULl,VpdQ,hzlB,me75fM6ugJ,kIsH,uKAI,L84s,XfqtO3UdzaXh_,OFqmdNV,G3tG,UYBR,FzaX,Dw7YjZW,oslk,oCzEVaf,jySVZNlOJy,FSa2,RAYp,55YFVY9
0,798,7,52,132,165,0,294.24,0,29310,0,0.9863278,9,34,49,5529600,0,171738.6,0,0,32,64,58944,490,18,2169,0,9413950,0,70,0,9,2419200,10315480,44,0,0,0,LDPvyx7IEC,RO12,taul,1K8T,TyGl,cmP40yo,Zlcw2B2qpWi5m,et0n,9_Y1,qaiO,VpdQ,zm5i,DHn_WUyBhW_whjA88g9bvA64_,kIsH,uKAI,L84s,CrNX,y5FewfI,FbT7,UYBR,FzaX,efgN9i9,d0EEeJi,9MC9DnZ,LM8l689qOp,szEZ,nIGXDli,F2FyR07IdsN7I
0,791,7,532,132,165,56,265.44,0,3487626,0,6.213202,9,154,49,3168080,0,217528.8,20,2,32,40,319914.4,510,48,9243,0,3168085,1108830,135,0,18,554414,10245280,16,475212,0,0,oyGrjIXt5a,2Knk1KF,taul,1K8T,vsvk,knVbxgw,o5WT5gy7iu,IaTj,9_Y1,nr0d,VpdQ,kxE9,me75fM6ugJ,kIsH,uKAI,L84s,XfqtO3UdzaXh_,XTbPUYD,QWE_,UYBR,FzaX,qofOVQC,oslk,cbq7j0h,M_8D,5Acm,RAYp,TCU50_Yjmm6GIBZ0lL_
0,294,7,396,84,105,40,206.72,0,2262,0,5.038881,9,108,0,7824,0,14506.05,0,2,0,16,-1498316,315,6,8460,0,173965,15866,300,0,9,0,177712,24,2082,0,0,51rt0G8rTN,2Knk1KF,taul,1K8T,PbOJ,LUVNw5i,V6XUlxabJ4VaD,arA5,9_Y1,k13i,VpdQ,sYC_,5iay,kIsH,uKAI,Mtgm,fSKKIQdIPDXgw,uZLeCr4,rVRa,UYBR,FzaX,9Z9iNGc,zCkv,jADGkwT,LM8l689qOp,fKCe,6fzt,Zy3gnGM
0,196,0,0,368,460,184,230.56,0,3356016,0,1.582141,9,16,0,0,0,70482.3,45,2,24,0,188821.6,1000,222,0,0,4270165,682416,0,0,0,217700,9232360,44,186600,0,0,hSogUHXZeb,RO12,taul,1K8T,7ALb,PFW3ud5,3mAIgJy7b0,8H1C,9_Y1,STGZ,09_Q,IYzP,me75fM6ugJ,kIsH,uKAI,Mtgm,NhsEn4L,7WwuNea,s9FI,UYBR,AU8pNoi,OVz6pd1,oslk,AT9E4Qn,LM8l689qOp,453m,RAYp,F2FyR07IdsN7I
0,938,7,1872,28,35,8,20.08,0,1253502,0,5.25956,9,176,280,0,9,6125.1,0,0,0,0,-583620,305,30,153657,24,245040,332,125,0,18,0,1032364,2,0,0,0,m9SvyxLkBI,2Knk1KF,taul,1K8T,ssAy,fhk21Ss,lQjEDPc,3KBV,9_Y1,vzJD,VpdQ,hzlB,7M47J5GA0pTYIFxg5uy,kIsH,uKAI,L84s,MeOIHRG3F9,beKTmfh,Ctkb,cJvF,wwPEXoilkr,4UxGlow,zCkv,catzS2D,LM8l689qOp,xb3V,ZI9m,iyHGyLCEkQ
0,875,21,2168,140,175,24,186.64,0,2698470,0,6.292459,27,192,350,4147200,0,216502.2,10,0,24,48,64054,510,36,86463,0,6912050,63968,12325,0,27,0,10221320,36,0,0,0,avkq9ayfAo,2Knk1KF,taul,1K8T,lK27,fhk21Ss,3A8iudN5VuylP,JIsO,9_Y1,000J,VpdQ,haYg,7M47J5GA0pTYIFxg5uy,kIsH,uKAI,L84s,L_dnxNc,IoITvRO,oOMa,cJvF,FzaX,4UxGlow,QKW8DRm,catzS2D,LM8l689qOp,7P5s,ZI9m,iyHGyLCEkQ
0,476,7,292,40,50,48,99.68,0,0,0,5.195471,9,102,7,140000,0,6802.14,0,0,0,16,4572.72,190,0,2772,0,21095,36542,405,0,9,0,159960,4,0,0,0,v0Nt0Go8Lb,eSGpMwS8zSGgq_trOpckZ5,taul,1K8T,j_M3,zKpEyS0,hCdK,tWr9,9_Y1,rGJy,VpdQ,wMei,GjJ35utlTa_GNSvxxpb9ju,kIsH,uKAI,L84s,UbxQ8lZ,teAAe2o,_Vh7,UYBR,FzaX,cNuFfsb,Al6ZaUT,qDd_Ukv,LM8l689qOp,Qu4f,02N6s8f,R4y5gQQWY8OodqDV
0,784,7,2732,132,165,8,253.52,0,1050558,0,2.852168,9,110,399,5269680,0,230028,0,0,32,64,271256.4,500,18,4113,0,8842850,95668,170,0,9,0,10600840,42,0,0,0,TfiWq69R_D,2Knk1KF,taul,1K8T,EJC9,_gMxSlj,3mAIgJy7b0,nyZz,9_Y1,RVjC,09_Q,sYC_,me75fM6ugJ,kIsH,uKAI,L84s,NhsEn4L,beK4AFX,bru6,UYBR,FzaX,68RvOIl,oslk,GSZEVJ2,LM8l689qOp,FSa2,RAYp,55YFVY9
0,574,0,0,132,165,96,275.92,0,1711854,0,4.612476,9,24,0,1951944,0,173985.9,10,6,32,24,68234.8,495,30,0,0,3286520,1902936,0,0,18,604800,9909760,16,1354908,0,0,uGLq9ayE15,RO12,taul,1K8T,lK27,GjukJwu,jYBoCze,RVnS,9_Y1,QBpP,VpdQ,IYzP,me75fM6ugJ,kIsH,uKAI,L84s,NhsEn4L,cUQss53,RWVw,cJvF,FzaX,Nzc87dl,oslk,xTFQowC,LM8l689qOp,7P5s,RAYp,F2FyR07IdsN7I
0,364,7,2188,164,205,152,166.56,0,30,0,0.08053835,9,64,259,283040,0,18646.86,0,10,32,8,89445.6,770,6,15399,0,1435435,184774,510,0,0,16989,1675656,30,24330,0,0,Qu0r4RKzJV,RO12,taul,1K8T,AnrR,_fIAa0F,w7xFbvF6sR,SOGC,9_Y1,DtNL,sJzTlal,IYzP,me75fM6ugJ,kIsH,uKAI,L84s,NhsEn4L,mAjbk_S,v9Ff,cJvF,FzaX,XsgCME0,oslk,eIiXg6w,jySVZNlOJy,FSa2,RAYp,F2FyR07IdsN7I
0,980,14,2024,124,155,0,186.64,0,12119700,0,4.118778,18,94,7,0,0,106861.5,35,0,24,0,99191.2,500,144,31680,8,0,0,3950,0,27,0,10499000,0,0,0,7,J9Vr4RQZiT,RO12,taul,1K8T,EJC9,Po5g339,UFIdC8I,RTc9,9_Y1,z5Ry,VpdQ,sYC_,me75fM6ugJ,kIsH,uKAI,L84s,NhsEn4L,beK4AFX,BXUS,UYBR,FzaX,_oSvdH_,oslk,v5hz20V,LM8l689qOp,FSa2,RAYp,F2FyR07IdsN7I
0,280,0,0,64,80,0,250.48,0,3893940,0,3.711386,9,22,0,0,0,237218.7,10,0,16,0,-328164.8,370,30,0,0,1326150,0,0,0,9,0,8017280,18,0,0,0,Yn7t0Go8Lb,RO12,taul,1K8T,JLbT,RZHcTEF,r83_sZi,D04C,9_Y1,MGOA,VpdQ,zm5i,me75fM6ugJ,kIsH,uKAI,Mtgm,NhsEn4L,7WwuNea,1Bul,cJvF,FzaX,x6SfGrO,oslk,xBBRusu,jySVZNlOJy,Qu4f,RAYp,F2FyR07IdsN7I
0,3500,14,1204,652,815,152,133.12,5,0,0,1.435804,18,48,763,906392,0,4992.99,0,6,120,272,-2506.144,2145,0,1899,8,1134340,86846,315,0,0,110719,1579408,214,67572,0,0,jg6vyxLkBI,RO12,taul,1K8T,Xa_z,SohyOPj,_UtlxbJ,07xQ,9_Y1,vzJD,VpdQ,IYzP,me75fM6ugJ,kIsH,uKAI,L84s,NhsEn4L,TDcECyH,Ct9u,cJvF,FzaX,ASloI0_,oslk,uC5DSFl,LM8l689qOp,xb3V,RAYp,F2FyR07IdsN7I
0,707,7,188,140,175,48,297.6,0,1683156,0,3.710318,18,112,0,1382400,0,144876.9,15,10,24,16,11854.16,525,42,576,0,4999555,1036800,75,0,27,604800,9916720,24,2074776,0,0,euOBcmz45j,2Knk1KF,taul,1K8T,0Xwj,Z4ho8ot,8nstQ62E0C,5GHH,HLqf,KubS,VpdQ,itlM,me75fM6ugJ,sBgB,uKAI,Mtgm,XfqtO3UdzaXh_,XTbPUYD,q1HC,UYBR,tdJW_Pm,pqU6hzI,oslk,XKaTy9x,bCPvVye,Qcbd,RAYp,55YFVY9
0,665,7,88,180,225,64,220.08,0,4248498,0,1.671224,18,42,21,825344,0,35559.6,40,2,40,32,503676,535,60,57537,0,3846805,633562,1890,0,9,23415,10309840,28,271512,0,0,wRXmfo875g,LrdVolaSGUfkVeWC,taul,1K8T,TyGl,RPKu5tB,N4xbMThNdK,poWg,9_Y1,Ew1Q,VpdQ,lVqb,me75fM6ugJ,kIsH,uKAI,Mtgm,XfqtO3UdzaXh_,OFq55nd,0vXe,cJvF,FzaX,WdP1WU5,oslk,05j67Xw,LM8l689qOp,wX53,RAYp,R4y5gQQWY8OodqDV
0,728,7,184,140,175,48,166.56,0,606780,0,5.398847,9,138,0,3456000,0,230406.3,5,6,40,40,215573.2,490,24,720,0,6833450,953400,25,0,9,1814400,10586520,32,1555200,0,0,1KSr4RK2Mx,2Knk1KF,taul,1K8T,JLbT,3PBYdIL,S85klZI_wB,0HKi,9_Y1,DtNL,09_Q,sYC_,7M47J5GA0pTYIFxg5uy,kIsH,uKAI,L84s,NhsEn4L,beK4AFX,lowG,UYBR,FzaX,PYpQKBt,oslk,MAzwIB5,jySVZNlOJy,FSa2,RAYp,55YFVY9
0,371,0,0,160,200,128,233.44,0,40950,0,2.618885,9,20,0,75400,0,7402.59,0,8,40,40,-26106.28,545,42,0,0,107940,42842,0,0,18,47698,299864,16,94242,0,0,V8lBcmz45j,RO12,taul,1K8T,YPhp,a6hhurh,nJy8d8N5VniGX,JEqV,9_Y1,yrDU,VpdQ,IYzP,me75fM6ugJ,kIsH,uKAI,L84s,NhsEn4L,kZJtVhC,g9po,UYBR,FzaX,WPfKVq0,oslk,XQvdByr,LM8l689qOp,Qcbd,RAYp,F2FyR07IdsN7I
0,287,0,0,152,190,88,400.96,0,8083080,0,2.557787,9,18,0,594200,0,63831.9,5,10,40,16,496884,670,96,0,0,613070,932874,0,0,0,555373,9086080,6,1047654,0,0,vAsvyx7ejg,AERks4l,taul,1K8T,X9_k,5eR4jEC,NfN9Bz6HFx,ZDo7,9_Y1,qaiO,VpdQ,IYzP,DHn_WUyBhW_whjA88g9bvA64_,kIsH,uKAI,L84s,JBfYVit4g8,TDctq2l,o89l,cJvF,FzaX,wQXC0Tt,Al6ZaUT,Pqk3T2a,LM8l689qOp,szEZ,02N6s8f,xwM2aC7IdeMC0
0,7,0,0,36,45,16,370.96,0,475218,0,0.5808588,9,12,0,0,0,271998,5,0,0,0,-763092,45,6,0,24,3195100,114876,0,6,0,0,3263976,10,0,0,14,a4vvyxLkBI,RO12,taul,1K8T,Xa_z,rMXwGrF,FoJylxy,lgbB,9_Y1,FbIm,VpdQ,IYzP,DHn_WUyBhW_whjA88g9bvA64_,kIsH,uKAI,L84s,CrNX,NGZ_12K,fjoJ,cJvF,FzaX,IKM5OXG,d0EEeJi,eyci6dB,LM8l689qOp,xb3V,02N6s8f,F2FyR07IdsN7I
0,3948,28,8136,740,925,408,244.16,10,129132,0,1.615253,36,42,98,488112,6,10006.08,30,38,176,128,-535252,2085,132,15345,40,894115,269992,2730,0,18,99820,2039292,142,604530,0,7,HrWrjIXt5a,RO12,taul,1K8T,hoa9,8mlDMYO,wLOHP_YhcL,6x6x,9_Y1,m7JR,09_Q,IYzP,DHn_WUyBhW_whjA88g9bvA64_,kIsH,uKAI,L84s,CrNX,NGZ_12K,HX9i,cJvF,FzaX,VEGT_66,d0EEeJi,HhvlRwa,LM8l689qOp,5Acm,nIGXDli,F2FyR07IdsN7I
0,2324,21,4516,132,165,16,220.08,0,9161520,0,4.850887,27,176,49,0,3,55535.1,45,0,32,0,92108.4,490,108,34839,16,1173095,56328,2435,0,36,0,10229720,8,0,0,7,52Iq9ayE15,AERks4l,taul,1K8T,z32l,fhk21Ss,msIqHk8toE,A0mG,9_Y1,kJJ7,VpdQ,G_zk,7M47J5GA0pTYIFxg5uy,kIsH,uKAI,L84s,XfqtO3UdzaXh_,beKPUYD,He4R,UYBR,FzaX,4UxGlow,oslk,catzS2D,LM8l689qOp,7P5s,ZI9m,ib5G6X1eUxUn6
0,1946,7,3288,872,1090,440,166.56,0,86370,0,1.909421,9,78,8246,153928,0,4185.36,30,24,144,56,-1414560,3785,96,19251,0,1074020,174940,3935,0,0,14903,1408508,244,59130,0,0,oBXrjIQq3d,AERks4l,taul,1K8T,0Xwj,PHNvXy8,_jTP8ioIlJ,kWfE,F3hy,RVjC,VpdQ,IYzP,NKv3VA1BpP,kIsH,uKAI,L84s,I6KzrtUCei,y5Fn3nQ,4a9J,UYBR,FzaX,UF16siJ,zCkv,APgdzOv,LM8l689qOp,FSa2,6fzt,xwM2aC7IdeMC0
0,1624,7,0,128,160,0,286.96,0,4509678,0,6.54326,9,56,0,4838400,0,69646.2,10,0,32,56,119248.4,620,54,738,0,5530650,0,345,0,9,0,10541360,28,0,0,0,2jigUH7ejg,RO12,taul,1K8T,lK27,mcp3Naj,S85klZI_wB,8V5L,9_Y1,m_h1,09_Q,sYC_,me75fM6ugJ,kIsH,uKAI,L84s,NhsEn4L,kq0n8Bj,9ueV,UYBR,FzaX,gg7en4L,oslk,0G2ltRa,LM8l689qOp,WqMG,RAYp,F2FyR07IdsN7I
0,2086,7,80,528,660,472,166.56,0,18228,0,3.809015,9,70,7,439680,0,7616.85,0,30,232,240,-105306.8,1975,6,14157,0,238090,273880,275,0,0,154448,1106852,54,204942,0,0,4bwt0GoOh3,RO12,taul,1K8T,TyGl,abwcTxR,I1sqWRxUAv,WY_b,9_Y1,MGOA,09_Q,IYzP,me75fM6ugJ,kIsH,uKAI,L84s,NhsEn4L,mAjbk_S,MaXK,cJvF,FzaX,YbZfGrO,oslk,E8SzF_Q,LM8l689qOp,Qu4f,RAYp,F2FyR07IdsN7I
0,553,0,0,124,155,104,220.08,0,878694,0,2.532151,9,28,0,1466152,0,207948,5,8,40,24,126335.2,530,12,0,0,3208750,2246400,0,0,18,1209600,10106680,16,2073600,0,0,2jiWq69cTy,RO12,taul,1K8T,487l,OfJo7aV,LJF4fPp,AHKl,9_Y1,Px52,VpdQ,IYzP,me75fM6ugJ,kIsH,uKAI,L84s,NhsEn4L,mAjbQbU,Rp3S,UYBR,FzaX,Nr9j9cC,oslk,TBXQ5_S,LM8l689qOp,PM2D,RAYp,F2FyR07IdsN7I
0,1225,14,652,168,210,48,220.08,0,3008712,0,3.200385,18,56,77,4604328,0,67480.2,5,4,32,72,157451.2,545,54,21177,0,5365400,954664,3175,0,9,604800,10879640,30,36660,0,0,NQ5rEy7Rm6,RO12,taul,1K8T,aD1X,PFWctUb,1lFJzqR,niey,9_Y1,H9GL,VpdQ,IYzP,me75fM6ugJ,kIsH,uKAI,L84s,NhsEn4L,kZJtVhC,iBij,cJvF,FzaX,UjGfc8E,oslk,MKxzgmc,LM8l689qOp,Aoh3,RAYp,F2FyR07IdsN7I
0,182,0,0,168,210,120,267.52,0,5814012,0,3.206793,9,18,0,0,0,192039.3,25,8,32,0,-316723.6,565,72,0,0,783360,1270082,0,0,0,0,10153280,12,2073600,0,0,C2Dvyx875g,RO12,taul,1K8T,487l,0qCFAbb,4yWMlN5Mv1,JM2c,9_Y1,MBhA,VpdQ,IYzP,me75fM6ugJ,kIsH,uKAI,Mtgm,NhsEn4L,7WwOAni,5smi,UYBR,FzaX,EpcDGHt,oslk,ZlcHKhk,LM8l689qOp,WqMG,RAYp,F2FyR07IdsN7I
0,665,0,0,140,175,16,220.08,0,1130466,0,1.080111,9,32,0,5529600,0,226701.3,0,0,32,64,200676.4,505,24,1233,0,8731350,83256,0,0,9,604800,10670040,42,0,0,0,GcUBcmz45j,RO12,taul,1K8T,tXti,yz3abdC,C_uQoStwYE,8p4O,9_Y1,WGOH,09_Q,IYzP,me75fM6ugJ,kIsH,uKAI,L84s,NhsEn4L,kZJtVhC,ayKE,cJvF,FzaX,zQ_frxM,oslk,B0WAIRG,LM8l689qOp,Qcbd,RAYp,F2FyR07IdsN7I
0,189,0,0,152,190,56,253.52,0,5421858,0,6.676351,9,18,0,1900848,0,205279.8,15,6,32,24,172994,460,72,0,0,2565400,956382,0,0,0,1108828,10139560,20,1023060,0,0,dRagUHXM47,e6CkoqApVR,taul,1K8T,pE9z,IUS8v8X,6_Ya48s,_bTR,9_Y1,8BBI,VpdQ,IYzP,Kxdu,kIsH,uKAI,Mtgm,FMSzZ91zL2,kq0jANs,JPZf,cJvF,FzaX,WZAVy8V,zCkv,cvtu3MC,LM8l689qOp,453m,6fzt,F2FcTt7IdMT_v
0,896,7,16,164,205,24,347.04,0,5817354,0,5.836574,9,58,14,1777616,0,209081.7,30,8,48,40,55089.2,555,78,252,0,3021330,518400,30,0,0,604800,10351720,20,1318938,0,0,vAsgUHXM47,RO12,taul,1K8T,rXTS,AKbblEW,8o3WlGR,gOR8,9_Y1,8BBI,09_Q,IYzP,me75fM6ugJ,kIsH,uKAI,L84s,NhsEn4L,NGZPqH0,ZA9l,UYBR,FzaX,bYA18fN,oslk,aFcwIB5,LM8l689qOp,453m,RAYp,F2FyR07IdsN7I
0,497,0,0,164,205,32,314.8,0,4773294,0,4.625721,9,24,0,2306048,0,152153.7,10,10,40,56,221297.6,805,72,0,0,3851665,556016,0,0,18,809067,10541920,22,2322612,0,0,hSogUHXZeb,RO12,taul,1K8T,pE9z,TsqM639,tru3GNC3u14shA_jA7L,EOBC,9_Y1,8BBI,09_Q,zm5i,me75fM6ugJ,kIsH,uKAI,Mtgm,NhsEn4L,kZJtVhC,RRN_,UYBR,FzaX,bDf87dl,oslk,BeDRkup,LM8l689qOp,453m,RAYp,F2FyR07IdsN7I
0,1022,7,0,152,190,8,220.08,0,7293480,0,3.227088,9,48,0,3611448,0,135328.8,15,0,32,48,18494.72,595,96,621,0,2589445,47076,45,0,9,136017,9774920,24,0,0,0,puvq9aX0Db,RO12,taul,1K8T,487l,9GJGgoz,wMq4K3p,h43Z,9_Y1,6TCl,VpdQ,lVqb,Kxdu,kIsH,uKAI,L84s,FMSzZ91zL2,NGZokw4,_7Qn,cJvF,FzaX,Tvpip6Z,zCkv,hHJsvbM,jySVZNlOJy,uWr3,6fzt,SbOd7O8ky1wGNxp0Arj0Xs
0,1015,7,16,216,270,208,166.56,0,840,0,4.236701,9,40,0,605864,0,42255.6,0,22,48,48,55227.2,725,6,351,0,848810,657332,65,0,0,503503,3044304,20,1120650,0,0,75lq9ayfAo,RO12,taul,1K8T,_8YK,mhknt93,ThrHXVS,E_sw,9_Y1,F_Lu,sJzTlal,IYzP,me75fM6ugJ,kIsH,uKAI,L84s,NhsEn4L,mAja5EA,hw6m,UYBR,FzaX,WWmfR8o,oslk,c4R2fT4,LM8l689qOp,TNEC,RAYp,F2FyR07IdsN7I
0,17906,7,412,224,280,64,220.08,0,5606568,0,3.768853,9,90,7,1254368,0,8919.54,30,4,40,40,216390.4,1090,96,4113,0,2893435,699878,1560,0,18,0,10067400,38,437622,0,0,P1WvyxLp3Z,RO12,taul,1K8T,pdks,iJzviRg,SFSDHla,q6E_,9_Y1,_r21,09_Q,wMei,7M47J5GA0pTYIFxg5uy,kIsH,uKAI,L84s,4ylQpLr46xum2hHQ,7WwRlzF,TB6C,cJvF,FzaX,ch2oGfM,z4pH,P6pu4Vl,LM8l689qOp,xb3V,ZI9m,R4y5gQQWY8OodqDV
0,1008,14,2352,172,215,136,186.64,0,285888,0,4.35142,27,80,0,795648,0,32110.8,5,14,32,32,-79460.4,510,24,42660,0,685060,331370,1250,0,9,360710,2222644,20,545040,0,0,1qmr4RQxul,RO12,taul,1K8T,487l,tAqnaaX,nmSyZS3,CDOQ,9_Y1,mTeA,VpdQ,IYzP,me75fM6ugJ,kIsH,uKAI,L84s,NhsEn4L,mAjbk_S,ZFiG,UYBR,FzaX,B0LYjZW,oslk,4YxEVaf,LM8l689qOp,FSa2,RAYp,F2FyR07IdsN7I
0,539,7,300,80,100,16,317.04,0,374004,0,1.848109,18,60,7,0,0,33043.8,25,0,16,0,29389.84,280,78,22770,0,0,2408,3095,0,0,0,373104,0,0,0,0,75lTmBtFkL,RO12,taul,1K8T,2Ix5,47WdmQ4,ElQylxy,ugzr,9_Y1,47ra,sJzTlal,IYzP,me75fM6ugJ,kIsH,uKAI,L84s,NhsEn4L,mAjbk_S,MUFC,cJvF,FzaX,w97ARL_,oslk,hqk7qqc,LM8l689qOp,rgKb,RAYp,F2FyR07IdsN7I
0,812,7,4,124,155,0,186.64,0,1621308,0,6.139287,9,42,0,5529600,0,204107.7,5,0,32,64,78772.4,490,24,33192,0,7776000,0,590,0,27,0,10412080,36,0,0,0,BQavyxLp3Z,RO12,taul,1K8T,UpNf,8Nsn57c,ilrY4YM,Aqyl,9_Y1,vzJD,09_Q,IYzP,me75fM6ugJ,kIsH,uKAI,L84s,NhsEn4L,mAjcfkM,mDZr,UYBR,FzaX,07m8iqZ,oslk,VjJAgOW,LM8l689qOp,xb3V,RAYp,F2FyR07IdsN7I
0,1526,7,0,264,330,248,141.92,0,1696050,0,1.518265,9,64,0,1191224,0,21443.49,15,10,48,64,378150,740,36,702,0,799970,192518,70,0,9,438116,3577704,26,102840,0,0,bt0mfo875g,RO12,taul,1K8T,QQSE,60OrkF8,9xA3TJW,gEiT,9_Y1,gnEy,sJzTlal,haYg,me75fM6ugJ,kIsH,uKAI,L84s,XfqtO3UdzaXh_,11p4mKe,1Tbw,UYBR,FzaX,nQmuhvP,oslk,un2j7qz,LM8l689qOp,3Cy4,RAYp,F2FyR07IdsN7I
0,385,14,6220,540,675,152,270.48,0,1939404,0,3.539628,36,218,406,129664,0,8622.54,15,2,16,104,-646428,2045,282,85734,0,552600,259974,3975,0,27,0,3050072,104,402378,0,0,1fZWq6e2Rv,2Knk1KF,taul,1K8T,PGNs,fhk21Ss,hOpRIhsUSP,Omgy,9_Y1,_xpN,VpdQ,y6dw,7M47J5GA0pTYIFxg5uy,kIsH,uKAI,L84s,62ZfA6x0SiWOX,7N74Q2u,EUu7,UYBR,FzaX,4UxGlow,JIiEFBU,catzS2D,LM8l689qOp,FSa2,ZI9m,r_7E
0,994,0,0,152,190,48,220.08,0,5685840,0,4.994445,9,28,0,1382416,3,156659.1,30,6,40,16,-251108.8,565,72,0,8,2387465,821770,0,0,9,0,10677920,18,1555200,0,0,qXhrEy7VR2,RO12,taul,1K8T,lK27,M0FFFda,rxSamVz,B41I,9_Y1,X8zP,09_Q,zm5i,me75fM6ugJ,kIsH,uKAI,L84s,NhsEn4L,kZJtVhC,khMo,cJvF,FzaX,Zno88FJ,oslk,nyX2C8o,LM8l689qOp,Aoh3,RAYp,F2FyR07IdsN7I
0,952,14,15488,148,185,160,216.72,0,308598,0,6.977355,18,52,21,0,0,51588.6,30,18,56,0,53770.4,565,12,26514,0,0,654842,7150,0,9,0,2243564,0,665826,0,0,YddrjIQ5Ph,RO12,taul,1K8T,JLbT,YUVtIjH,5q1z80P,sMhn,9_Y1,RVjC,VpdQ,IYzP,me75fM6ugJ,kIsH,uKAI,L84s,NhsEn4L,TDcECyH,4DIm,UYBR,FzaX,mTDLfvc,oslk,MHVQJQm,LM8l689qOp,FSa2,RAYp,F2FyR07IdsN7I
0,1596,7,796,300,375,152,133.12,0,3924,0,1.35548,9,50,42,401184,0,10708.77,15,18,112,112,-77704.8,1175,12,7515,0,314285,92098,145,0,0,230860,795668,56,205386,0,0,HrWq9aXt5a,RO12,LfvqpCtLOY,1K8T,TyGl,l3EarpL,P9HTde2,DUTG,9_Y1,Y9Bl,VpdQ,IYzP,me75fM6ugJ,kIsH,uKAI,L84s,NhsEn4L,TDcECyH,xHyV,cJvF,tdJW_Pm,pskl8vt,oslk,7S77lZj,bCPvVye,uWr3,RAYp,F2FyR07IdsN7I
0,273,0,0,32,40,16,220.08,0,1076208,0,3.458876,9,30,0,633600,0,203319.9,0,2,8,8,-1065472,70,18,0,0,396000,316800,0,0,0,554400,2301472,2,475200,0,0,75lq9ayfAo,RO12,taul,1K8T,42Cy,GUg04mC,iQmfpd5,8gpN,9_Y1,AKLO,VpdQ,IYzP,me75fM6ugJ,kIsH,uKAI,L84s,NhsEn4L,mAjAVZm,rSZh,cJvF,FzaX,6g5Ojel,oslk,UbjqFbB,LM8l689qOp,TNEC,RAYp,F2FyR07IdsN7I
0,553,0,0,124,155,176,286.96,0,0,0,2.605426,9,28,0,0,0,208568.7,0,16,32,0,154986,540,0,0,0,213575,3801600,0,0,9,0,10538880,2,4147200,0,0,75lr4RXktW,RO12,taul,1K8T,EzKK,r6c4NQF,ELRUn57,K5jj,9_Y1,TFSW,VpdQ,zm5i,me75fM6ugJ,kIsH,uKAI,L84s,NhsEn4L,kZJtVhC,pnso,cJvF,FzaX,vtCOZ4E,oslk,uyDQguc,LM8l689qOp,Xa3G,RAYp,F2FyR07IdsN7I
0,910,7,6884,172,215,176,220.08,0,15702,0,6.502029,9,152,777,0,0,35904.3,0,18,32,0,-33129.16,650,6,9639,0,306935,796960,1165,0,27,761677,2593876,22,1115910,0,0,P1WvyxLp3Z,2Knk1KF,taul,1K8T,R4_H,8Nsn57c,YQcPlrpk3ptPA,IhWw,9_Y1,vzJD,VpdQ,hAFG,me75fM6ugJ,kIsH,uKAI,L84s,XfqtO3UdzaXh_,XTbPUYD,ZYNK,UYBR,FzaX,07m8iqZ,oslk,VjJAgOW,LM8l689qOp,xb3V,RAYp,55YFVY9
0,315,7,196,196,245,120,253.52,0,374322,0,1.944029,9,54,21,33928,0,36217.8,0,6,56,32,-137740,780,48,46323,0,274830,204936,1150,0,9,0,972772,38,114786,0,0,v0Nt0Go8Lb,RO12,taul,1K8T,xgSF,tAqBboK,Y0uewlZ,Taoo,9_Y1,Z5OU,09_Q,sYC_,me75fM6ugJ,kIsH,uKAI,Mtgm,NhsEn4L,kq0n8Bj,PrZW,UYBR,FzaX,B0LABPr,oslk,UP3EVaf,LM8l689qOp,Qu4f,RAYp,F2FyR07IdsN7I
0,1064,7,232,192,240,112,404.64,0,3474756,0,4.921171,9,40,7,1129496,0,147985.2,25,6,40,16,72249.6,745,60,1323,0,4516155,516096,145,0,9,254142,9092400,28,538950,0,0,Tfit0G8EIb,RO12,taul,1K8T,TIPl,gwY4NQF,jFpTaNPWrsUHw,431x,9_Y1,k13i,09_Q,zm5i,me75fM6ugJ,kIsH,uKAI,Mtgm,NhsEn4L,mAjbk_S,Extz,UYBR,FzaX,t5EoLzk,oslk,ag5iNPX,LM8l689qOp,fKCe,RAYp,F2FyR07IdsN7I
0,1078,7,396,92,115,48,289.28,0,0,0,6.725486,9,56,7,641544,0,23552.7,0,14,64,80,143891.2,270,0,16839,0,0,138126,860,0,0,255647,766392,0,254052,0,0,uUdt0G8EIb,RO12,taul,1K8T,YmZp,0Vr7wZ4,b1zcnrj,Bx5F,9_Y1,e7QV,VpdQ,IYzP,Kxdu,kIsH,uKAI,L84s,FMSzZ91zL2,TDcEYQ6,5PVH,UYBR,FzaX,XbZitea,zCkv,DHPNgqU,LM8l689qOp,fKCe,6fzt,SbOd7O8ky1wGNxp0Arj0Xs
0,896,7,168,104,130,80,133.12,0,37578,0,2.069002,18,178,0,122336,0,6981.06,0,12,40,8,-170929.2,390,24,43155,0,40075,121708,750,0,36,38409,479736,10,177060,0,0,l7Fq9ayE15,2Knk1KF,I9xt3GDRhUK7p,1K8T,z32l,fhk21Ss,0ZlStaN,uHTQ,9_Y1,000J,VpdQ,y6dw,7M47J5GA0pTYIFxg5uy,kIsH,uKAI,L84s,Ie_5MZs,ORMdwaR,Qvnd,cJvF,FzaX,4UxGlow,zCkv,catzS2D,LM8l689qOp,7P5s,ZI9m,TCU50_Yjmm6GIBZ0lL_
0,210,0,0,32,40,0,166.56,0,0,0,6.616322,9,40,0,58344,0,10289.61,0,0,8,24,69440,100,0,3105,0,64275,0,0,0,0,0,80592,10,0,0,0,dRarjIK12c,RO12,taul,1K8T,487l,kS7yoBp,Oe4E7cR6Kt,iLcU,9_Y1,7WNq,VpdQ,IYzP,me75fM6ugJ,kIsH,uKAI,L84s,NhsEn4L,mAjbk_S,Zt_s,cJvF,qxDb,3vmoOXS,oslk,wg_DmEs,LM8l689qOp,WqMG,RAYp,F2FyR07IdsN7I
0,728,7,12,120,150,128,233.44,0,0,0,1.905362,9,64,0,1382400,0,226911.9,0,12,32,16,98597.6,490,0,297,0,2592000,2706500,35,0,27,0,10251400,12,3110400,0,0,yaKt0Go8Lb,RO12,taul,1K8T,ffXs,sxFr1U6,9YuuPSz3BI,D9uL,9_Y1,MGOA,VpdQ,IYzP,me75fM6ugJ,kIsH,uKAI,L84s,NhsEn4L,mAjbk_S,4Fqz,UYBR,FzaX,zQ_uwyX,oslk,KukjELi,LM8l689qOp,Qu4f,RAYp,F2FyR07IdsN7I
0,238,7,824,108,135,8,226.72,0,0,0,6.402478,9,50,441,76088,0,43947.6,5,2,16,24,-1607684,435,0,13059,0,635270,5838,3705,0,0,3577,800660,42,3066,0,0,voArjIXt5a,RO12,taul,1K8T,pE9z,NwKnsla,NW71mrodGH,3OjE,9_Y1,xQ2A,VpdQ,IYzP,me75fM6ugJ,kIsH,uKAI,Mtgm,NhsEn4L,mAjbk_S,gvA6,UYBR,AU8_WTd,ZV0mFX7,oslk,1E9D3Yd,jySVZNlOJy,5Acm,RAYp,F2FyR07IdsN7I
0,623,7,24,124,155,0,133.12,0,11404800,0,2.036744,36,76,0,0,0,161604.3,45,0,32,0,160779.6,440,132,53928,0,0,0,5,0,0,0,10674640,0,0,0,0,dRaTmBfHUn,RO12,taul,1K8T,LFM_,iJzviRg,KcREIypL2H,3Lti,9_Y1,4N0K,09_Q,IYzP,7M47J5GA0pTYIFxg5uy,kIsH,uKAI,L84s,4kVnq_T26xq1p,mAj4Oht,oK4W,cJvF,FzaX,ch2oGfM,zCkv,P6pu4Vl,jySVZNlOJy,Qu4f,ZI9m,R4y5gQQWY8OodqDV
0,749,21,512,140,175,24,220.08,0,6861840,0,4.548173,27,42,49,1382400,0,204047.1,20,4,32,16,151477.6,555,96,129699,0,2693065,518400,1915,0,9,604800,10530600,16,1036800,0,0,N_vrjIXt5a,RO12,taul,1K8T,vsvk,ykmL8P4,DiLTw4C,NapW,9_Y1,Nbbb,VpdQ,43pnToF,me75fM6ugJ,kIsH,uKAI,L84s,NhsEn4L,kZJtVhC,qRct,cJvF,FzaX,KPaDGHt,oslk,1nr95F0,LM8l689qOp,5Acm,RAYp,F2FyR07IdsN7I
0,1358,0,0,332,415,208,286.96,0,9118680,0,5.93527,9,28,0,741744,0,60296.1,40,10,72,32,1100.572,1085,132,0,0,886605,71742,0,0,18,15330,9678600,36,29046,0,0,dRavyx7ejg,RO12,taul,1K8T,Bxva,tGKE15b,KlOa2n0,kKp4,9_Y1,YGOC,09_Q,IYzP,me75fM6ugJ,kIsH,uKAI,L84s,NhsEn4L,NGZxnJM,SMDf,UYBR,FzaX,gwjDGHt,oslk,BlJznPS,LM8l689qOp,szEZ,RAYp,F2FyR07IdsN7I
0,6216,7,4836,912,1140,472,220.08,0,4273800,0,4.576373,9,84,77,2301600,0,27330.39,85,26,304,232,-77089.2,3480,234,24534,0,3902920,465194,2035,0,9,415401,9625240,142,430692,0,0,wRXmfo875g,RO12,taul,1K8T,TyGl,fVuJSzQ,6JeJzqR,OrEo,9_Y1,6Kw9,VpdQ,sYC_,me75fM6ugJ,kIsH,uKAI,L84s,NhsEn4L,kq0aHkC,uUsP,cJvF,FzaX,zLzYH7D,oslk,xb5Ty9x,LM8l689qOp,3Cy4,RAYp,F2FyR07IdsN7I
0,294,0,0,20,25,32,253.68,0,0,0,5.933348,9,24,0,4838400,0,232805.4,0,0,8,8,56502.4,220,0,0,0,0,3852760,0,0,18,0,10124720,0,0,0,0,Ie5gUH7IEC,RO12,taul,1K8T,USOt,jCepSrJ,y2LIM01bE1,BiLN,9_Y1,m_h1,09_Q,zm5i,me75fM6ugJ,kIsH,uKAI,L84s,NhsEn4L,NGZMX69,yYEN,UYBR,FzaX,Oy_RPEi,oslk,FS4qjNq,LM8l689qOp,WqMG,RAYp,F2FyR07IdsN7I
0,308,0,0,180,225,64,220.08,0,5126268,0,5.816706,9,18,0,3965776,0,173517.3,15,4,48,48,537616,665,72,0,0,3006870,750166,0,0,0,66122,10518400,28,575076,0,0,zcROj1KVEH,RO12,taul,1K8T,0Y9G,VmNEJYN,zhozG2C,Wis7,9_Y1,jdbz,VpdQ,IYzP,DHn_WUyBhW_whjA88g9bvA64_,kIsH,uKAI,L84s,CrNX,NGZ_12K,jFzC,cJvF,FzaX,lHHK5zQ,d0EEeJi,KuksZx6,LM8l689qOp,kwS7,02N6s8f,F2FyR07IdsN7I
0,700,7,28,16,20,0,253.52,0,0,0,1.239052,9,42,7,19353600,0,258316.2,0,0,32,32,-272067.2,175,0,45378,0,0,0,640,0,18,0,9676800,0,0,0,0,JMGrjIXt5a,RO12,taul,1K8T,lK27,3ZjbFkF,J3fgbi2,8XwS,9_Y1,WIr3,VpdQ,zm5i,me75fM6ugJ,kIsH,uKAI,Mtgm,NhsEn4L,TDcECyH,nVWt,cJvF,FzaX,eTk1UQz,oslk,sd7w991,LM8l689qOp,5Acm,RAYp,F2FyR07IdsN7I
0,2436,7,76,276,345,288,170.32,0,6984,0,5.836146,9,40,63,124344,0,2456.154,10,10,168,160,-294182,925,6,52479,0,23690,53686,2900,0,0,97601,236648,10,52236,0,0,EsYq9aX0Db,RO12,taul,1K8T,TLkP,ryQJDqx,Tg7jjBB,K9Xw,9_Y1,Y9Bl,VpdQ,IYzP,me75fM6ugJ,kIsH,uKAI,L84s,NhsEn4L,mAjR0Ac,nO7l,cJvF,FzaX,tCbv48t,oslk,Exf7DIf,LM8l689qOp,uWr3,RAYp,F2FyR07IdsN7I
0,3549,7,2612,944,1180,592,166.56,0,176202,0,5.10126,9,80,574,557784,0,6629.729,25,32,144,144,147890,2315,114,53847,0,937740,223790,23045,0,9,92925,1762916,208,225060,0,0,uUdt0G8EIb,RO12,taul,1K8T,wOc1,4rXn9NE,nmSyZS3,gD7o,9_Y1,e7QV,VpdQ,IYzP,me75fM6ugJ,kIsH,uKAI,L84s,NhsEn4L,mAjbk_S,4QC_,UYBR,FzaX,dqL8hdx,oslk,MnYAKIt,LM8l689qOp,fKCe,RAYp,F2FyR07IdsN7I
0,1022,7,1264,132,165,0,253.52,0,10339140,0,6.063021,18,132,301,0,0,188082.6,45,0,32,0,520692,465,120,23364,0,748950,0,460,0,18,0,10588600,8,0,0,0,75lq9ayfAo,2Knk1KF,taul,1K8T,hAOr,7z8V8VT,J3fgbi2,A9e4,9_Y1,F_Lu,VpdQ,haYg,me75fM6ugJ,kIsH,uKAI,L84s,XfqtO3UdzaXh_,XTbPUYD,HyzD,cJvF,FzaX,h72fSEp,oslk,e7bTQlu,jySVZNlOJy,TNEC,RAYp,55YFVY9
0,840,14,664,184,230,48,166.56,0,12918,0,5.515915,18,156,35,114048,0,7256.25,0,4,40,56,-57937.2,650,24,22950,0,508015,51386,3195,0,9,112763,599356,54,36804,0,0,4e7gUH7IEC,2Knk1KF,b_3Q,1K8T,vSNn,fhk21Ss,5q1hF23,UI0I,9_Y1,1Bp0,09_Q,wMei,7M47J5GA0pTYIFxg5uy,kIsH,uKAI,L84s,E1aAZ0x7vd,OFqVH0t,_QbE,cJvF,FzaX,4UxGlow,QKW8DRm,catzS2D,LM8l689qOp,WqMG,ZI9m,ib5G6X1eUxUn6
0,140,0,0,76,95,24,233.84,0,120774,0,5.575945,9,18,0,20720,0,4730.49,10,4,24,24,-36756.44,260,54,0,0,0,1480,0,0,0,18130,124028,0,33636,0,0,O8Zr4Rdc_a,RO12,taul,1K8T,lK27,tkbYYlr,S85c3pI_wB,3Nhl,9_Y1,em8I,09_Q,IYzP,me75fM6ugJ,kIsH,g5HH,L84s,NhsEn4L,TDc4Td_,6500,cJvF,FzaX,5KqzVUs,oslk,nCi34g5,LM8l689qOp,me1d,RAYp,F2FyR07IdsN7I
0,966,14,288,260,325,80,283.12,0,59958,0,4.144413,18,46,259,22928,0,4680.9,0,32,80,32,43055.2,920,18,6930,0,183695,56186,140,0,0,22253,394484,64,125580,0,0,8I1r4RXXnK,RO12,taul,1K8T,kNzO,HwtExHa,ucv74dYNu2mvk,8tew,9_Y1,TFSW,09_Q,sYC_,DHn_WUyBhW_whjA88g9bvA64_,kIsH,uKAI,L84s,CrNX,mAjy7aS,pOff,cJvF,FzaX,7HOBEF_,d0EEeJi,MERkxmI,LM8l689qOp,Xa3G,nIGXDli,F2FyR07IdsN7I
0,1701,7,3916,240,300,192,166.56,0,73392,0,5.135655,18,168,168,296496,0,21680.46,15,16,80,48,-65015.6,910,12,5427,0,555110,380698,670,0,27,20174,1703300,34,384906,0,0,CEat0G8rTN,2Knk1KF,taul,1K8T,lK27,fhk21Ss,DKUDUftgA7,bERL,9_Y1,k13i,09_Q,haYg,7M47J5GA0pTYIFxg5uy,kIsH,uKAI,L84s,E1aAZ0x7vd,XTbJ4br,NZNb,UYBR,FzaX,4UxGlow,QKW8DRm,catzS2D,LM8l689qOp,fKCe,ZI9m,ib5G6X1eUxUn6
0,287,7,28,84,105,96,166.56,0,0,0,0.9927366,9,152,0,318392,3,3152.82,0,6,24,48,-296495.6,170,0,297,16,0,93650,710,0,0,222117,363476,0,25470,0,7,MlYvyx875g,g62hiBSaKg,taul,1K8T,487l,fhk21Ss,etM739XNbCmUu,JM2c,9_Y1,MBhA,VpdQ,IYzP,7M47J5GA0pTYIFxg5uy,kIsH,uKAI,L84s,5gZdPPT4kHWmT,XTbRnvM,5smi,UYBR,FzaX,4UxGlow,zCkv,catzS2D,LM8l689qOp,WqMG,ZI9m,ib5G6X1eUxUn6
0,945,0,24,124,155,0,220.08,0,0,0,5.670156,18,50,0,6220904,0,195216.6,0,0,32,72,166062,640,0,56709,0,9504250,0,0,0,0,0,10713840,44,0,0,0,Mtpt0G8EIb,RO12,taul,1K8T,0Xwj,gwY4NQF,UFIdC8I,Jrws,F3hy,k13i,VpdQ,IYzP,me75fM6ugJ,kIsH,uKAI,L84s,NhsEn4L,kZJtVhC,O8s3,cJvF,FzaX,t5EoLzk,oslk,ag5iNPX,LM8l689qOp,fKCe,RAYp,F2FyR07IdsN7I
0,819,28,7628,132,165,40,321.76,0,4277148,0,2.348002,36,178,1015,2534608,0,221755.2,30,2,40,32,70202,505,54,8019,0,3168255,792068,2895,0,9,554449,10455280,16,475242,0,0,bt0mfo875g,rEUOq2QD1qfkRr6qpua,taul,1K8T,TyGl,fhk21Ss,rZiAFCyvvCIGH9FO,8FB6,9_Y1,gnEy,VpdQ,6JmL,7M47J5GA0pTYIFxg5uy,kIsH,uKAI,L84s,XfqtO3UdzaXh_,_JdH8mF,FM6S,UYBR,FzaX,4UxGlow,oslk,catzS2D,M_8D,3Cy4,ZI9m,ib5G6X1eUxUn6
0,2527,7,204,576,720,248,310.32,0,4723470,0,3.069643,36,56,7,3309664,0,64295.1,25,22,144,216,921984,2065,150,18180,0,3728675,412646,45,0,0,272209,9640200,90,358032,0,0,_v2gUHXZeb,RO12,taul,1K8T,h3JW,1QDxJG_,mab7,qyCs,9_Y1,LqKm,VpdQ,sYC_,me75fM6ugJ,kIsH,uKAI,L84s,NhsEn4L,kq0n8Bj,4_kv,UYBR,FzaX,Zxr6w_1,oslk,2u6AIRG,jySVZNlOJy,453m,RAYp,F2FyR07IdsN7I
0,3262,7,1224,312,390,160,142.32,0,128862,0,0.3913694,9,158,7,1767704,0,13389.78,5,16,96,136,-11573.72,1200,24,22653,0,598415,320894,15,0,27,767375,2431068,56,473982,0,0,V8lt0G8rTN,bYmQ4nc,taul,1K8T,2Ix5,fhk21Ss,_jTP8ioIlJ,r2fE,9_Y1,k13i,VpdQ,haYg,7M47J5GA0pTYIFxg5uy,kIsH,uKAI,L84s,XfqtO3UdzaXh_,pMWzY2t,qtec,cJvF,FzaX,4UxGlow,oslk,catzS2D,LM8l689qOp,fKCe,ZI9m,ib5G6X1eUxUn6
0,791,7,1712,124,155,48,291.28,0,203736,0,3.66332,18,56,91,4147200,0,225657.3,0,4,32,48,111248,495,6,12627,0,6912000,1036800,220,0,0,0,10503840,32,1036800,0,0,cFHt0GoOh3,RO12,taul,1K8T,0Xwj,H9Tg2A0,9YuFlLzSEv,t7tD,F3hy,rGJy,VpdQ,sYC_,me75fM6ugJ,kIsH,uKAI,Mtgm,NhsEn4L,kq0n8Bj,XZu1,UYBR,FzaX,stpv4zN,oslk,YE7zrB7,M_8D,Qu4f,RAYp,F2FyR07IdsN7I
0,1757,7,0,348,435,184,166.56,0,2310,0,1.551378,9,40,0,200216,0,2733.303,0,18,112,168,74246.4,1625,12,198,0,112010,14004,20,0,0,129136,290224,64,106440,0,0,Foxt0Go8Lb,RO12,taul,1K8T,lK27,Gjup2Rr,glRBFJT8NN,GUi9,9_Y1,C7DI,VpdQ,IYzP,me75fM6ugJ,kIsH,uKAI,L84s,NhsEn4L,mAjbk_S,glY0,cJvF,FzaX,G4u6pd1,oslk,yUzqFbB,LM8l689qOp,Qu4f,RAYp,F2FyR07IdsN7I
0,1477,7,0,184,230,176,166.56,0,16350,0,3.972656,27,72,0,21688,0,8757.301,0,10,40,32,-106066.4,540,24,9,0,41020,70474,15,0,9,19649,279264,22,125634,0,0,TfiBcmzkzH,RO12,taul,1K8T,lK27,EGHM3I9,k6ZZC1tpFuZ9C_n_,aZbN,9_Y1,yrDU,VpdQ,haYg,me75fM6ugJ,kIsH,uKAI,L84s,XfqtO3UdzaXh_,XTbPUYD,PDPg,cJvF,FzaX,KbkKsQe,oslk,fbor42M,jySVZNlOJy,Qcbd,RAYp,F2FyR07IdsN7I
0,616,0,0,20,25,0,253.52,0,0,0,2.816919,9,18,0,19353600,0,79325.09,0,0,32,32,-6631.56,880,0,0,0,237970,0,0,0,9,0,9867160,2,0,0,0,tr0Wq69cTy,RO12,LfvqpCtLOY,1K8T,ssAy,fhk21Ss,LH0BJkjM1L,78se,9_Y1,0A_v,sJzTlal,zm5i,7M47J5GA0pTYIFxg5uy,kIsH,uKAI,L84s,PWD40mS,y5F4t8Z,En4V,UYBR,FzaX,4UxGlow,Al6ZaUT,catzS2D,LM8l689qOp,PM2D,ZI9m,F2FyR07IdsN7I
0,476,7,0,100,125,8,186.64,0,2675214,0,0.5372784,9,76,0,0,0,63433.2,5,8,24,0,537964,740,36,2583,0,4482490,324698,20,0,18,234311,7869240,26,1216464,0,0,DQlgUH7IEC,RO12,taul,1K8T,dm89,tc74lx4,V_KR_LD,BGAR,9_Y1,m_h1,VpdQ,IYzP,me75fM6ugJ,kIsH,uKAI,L84s,NhsEn4L,mAjbk_S,8JTE,UYBR,FzaX,EncOVQC,oslk,8AGQQMs,LM8l689qOp,WqMG,RAYp,F2FyR07IdsN7I
0,70,0,0,140,175,80,90.72,5,1226442,0,1.268746,9,14,0,3751696,0,190933.5,15,0,32,48,-25391.44,195,36,0,8,3767440,1418886,0,0,0,604800,9200840,20,0,0,0,py5rEyXktW,RO12,taul,1K8T,YFAj,seBFjjP,NW71gM15FR,7EOS,9_Y1,SkZj,VpdQ,IYzP,me75fM6ugJ,kIsH,uKAI,L84s,NhsEn4L,mAjDcoz,bbym,cJvF,FzaX,6JWDBnE,oslk,qCjHUgz,LM8l689qOp,Aoh3,RAYp,F2FyR07IdsN7I
0,1295,14,160,132,165,104,166.56,0,76560,0,1.982269,27,36,0,2992,0,49061.4,20,12,48,8,55094.4,435,24,576,0,807930,613846,190,0,0,828240,2789504,10,1229640,0,0,avkq9ayfAo,RO12,taul,1K8T,PJLW,AacNGWG,nQUklZyshN,eRGr,9_Y1,vm5R,09_Q,IYzP,GjJ35utlTa_GNSvxxpb9ju,kIsH,uKAI,L84s,CrNX,mAjbq_f,Eim3,cJvF,FzaX,BRD_Vq1,d0EEeJi,xUl_fan,LM8l689qOp,7P5s,02N6s8f,F2FyR07IdsN7I
0,378,7,1216,92,115,16,100.32,0,0,0,6.742362,9,82,0,84840,0,9498.75,0,4,16,32,-1519040,255,0,28872,0,330475,31826,1970,0,9,34846,390956,30,30756,0,0,m9SvyxLkBI,RO12,taul,1K8T,ssAy,8Nsn57c,k10MzgT,zfHO,9_Y1,vzJD,VpdQ,giwq,me75fM6ugJ,kIsH,uKAI,Mtgm,XfqtO3UdzaXh_,11p4mKe,dvTK,UYBR,FzaX,07m8iqZ,oslk,VjJAgOW,LM8l689qOp,xb3V,RAYp,F2FyR07IdsN7I
0,833,7,4,132,165,32,186.64,0,7383060,0,5.676565,9,36,0,3355720,0,215073.9,20,0,32,40,147565.6,520,90,396,0,1919490,520598,5,0,18,0,10559080,10,0,0,0,75lTmBtFkL,RO12,taul,1K8T,lK27,A4fnQZj,NFeIdpptt2Styxh1,ugzr,9_Y1,47ra,VpdQ,IYzP,me75fM6ugJ,kIsH,uKAI,L84s,NhsEn4L,mAjbk_S,3afO,cJvF,FzaX,9qlAWQ7,oslk,ERuOTZB,LM8l689qOp,rgKb,RAYp,F2FyR07IdsN7I
0,931,7,2704,128,160,0,278.24,0,11367900,0,2.11771,9,218,42,0,0,186302.4,45,0,32,0,146675.6,430,132,927,0,14310,0,1865,0,36,0,10700480,2,0,0,0,xddq9ayfAo,vuPfq6YcbX,CiJDdr4TQ0rGERIS,1K8T,z32l,fhk21Ss,VaRIHjGfkK,FDCJ,9_Y1,QBpP,09_Q,y6dw,7M47J5GA0pTYIFxg5uy,kIsH,uKAI,L84s,_5OXC8MSLt,LxWMK5e,8BQU,cJvF,FzaX,4UxGlow,oslk,catzS2D,jySVZNlOJy,7P5s,ZI9m,NoEd
0,742,7,492,148,185,32,253.52,0,5599458,0,5.022858,9,34,28,442144,0,213520.5,15,8,32,8,120701.6,590,78,4725,0,3963635,633636,240,0,9,1108863,10609960,24,1900914,0,0,DQlrEyXXnK,RO12,taul,1K8T,7wJ6,3Q_viED,Q50Ydp0,BGzj,9_Y1,SkZj,09_Q,zm5i,DHn_WUyBhW_whjA88g9bvA64_,kIsH,uKAI,L84s,CrNX,jawspbU,Xup6,UYBR,FzaX,fabtXJe,d0EEeJi,Jtcqq1J,LM8l689qOp,Aoh3,nIGXDli,F2FyR07IdsN7I
0,875,7,640,184,230,56,307.04,0,3205206,0,1.330271,18,156,0,367976,0,204075.3,50,12,80,8,124151.2,665,42,2205,0,4086390,950722,260,0,36,554414,10599840,30,2591238,0,0,51rt0G8rTN,2Knk1KF,taul,1K8T,EPHy,1QD5ha2,7OQTfyc,3RLY,9_Y1,k13i,sJzTlal,hAFG,me75fM6ugJ,kIsH,uKAI,Mtgm,XfqtO3UdzaXh_,XTbIt4R,_CwL,UYBR,FzaX,eNC8jNM,oslk,L3az_Kt,LM8l689qOp,fKCe,RAYp,TCU50_Yjmm6GIBZ0lL_
0,1673,7,724,404,505,280,200,0,121800,0,0.5436872,18,60,42,1058488,0,57027.9,15,54,192,96,473748,1495,6,12636,0,2372365,565562,1530,0,0,92393,3886464,46,357138,0,0,9hRmfo875g,RO12,taul,1K8T,JLbT,9GJGgoz,8o3WlGR,W0Ve,9_Y1,6Kw9,09_Q,sYC_,Kxdu,kIsH,uKAI,L84s,FMSzZ91zL2,TDcEYQ6,N2eZ,cJvF,FzaX,Tvpip6Z,zCkv,hHJsvbM,LM8l689qOp,3Cy4,6fzt,SbOd7O8ky1wGNxp0Arj0Xs
0,546,7,1116,132,165,96,166.56,0,1036800,0,2.200171,18,52,49,92600,0,22572.03,0,12,32,24,284909.6,585,12,1278,0,1888545,412968,390,0,0,0,3165384,20,136668,0,0,kMJt0GoOh3,RO12,LfvqpCtLOY,1K8T,0Xwj,_A3J26Z,k10MzgT,qPq_,F3hy,rGJy,VpdQ,IYzP,me75fM6ugJ,kIsH,uKAI,L84s,NhsEn4L,mAjbk_S,CHvz,UYBR,tdJW_Pm,7GEv4zN,oslk,UQs7kpB,bCPvVye,Qu4f,RAYp,F2FyR07IdsN7I
0,791,7,5132,104,130,56,220.08,0,2686260,0,4.379406,9,186,903,476688,0,201136.5,25,0,16,16,144035.2,505,36,12708,0,1719545,1892462,9275,0,45,0,8624000,12,0,0,0,HYTrjIK12c,g62hiBSaKg,taul,1K8T,JLbT,fhk21Ss,msIFlLyI91,pUzu,9_Y1,7WNq,VpdQ,giwq,7M47J5GA0pTYIFxg5uy,kIsH,uKAI,L84s,tbewxY_YSo,pMWn2k5,RR6b,cJvF,FzaX,4UxGlow,JIiEFBU,catzS2D,jySVZNlOJy,WqMG,ZI9m,ib5G6X1eUxUn6
0,721,7,500,48,60,24,166.56,0,15618,0,4.618031,9,104,21,38224,0,5122.74,0,2,8,32,-200688.8,200,6,47664,0,19615,15426,4125,0,0,7763,80504,6,6654,0,0,qXhPe2ftjz,RO12,taul,1K8T,0Xwj,B5nJHBC,5q1hF23,TVqY,HLqf,mTeA,09_Q,sYC_,me75fM6ugJ,sBgB,uKAI,L84s,NhsEn4L,kq0aHkC,7Rg_,UYBR,FzaX,_vd0Q3K,oslk,AQ0QowC,LM8l689qOp,FSa2,RAYp,F2FyR07IdsN7I
0,259,0,0,140,175,32,268.16,0,4005294,0,6.35783,27,18,0,0,0,193962.3,30,8,32,0,140279.2,570,54,0,0,4568910,633662,0,0,0,1108877,10527280,24,1900968,0,0,FAJgUH7ejg,RO12,taul,1K8T,TyGl,knVlH9W,76jk_MXMyd,8bx9,9_Y1,1Bp0,09_Q,IYzP,me75fM6ugJ,kIsH,uKAI,L84s,NhsEn4L,NGZxnJM,EHxv,cJvF,FzaX,ekOYlW4,oslk,zu6qFbB,LM8l689qOp,WqMG,RAYp,F2FyR07IdsN7I
0,1085,7,3820,268,335,144,133.12,0,0,0,0.9583422,9,112,7,97464,0,4073.85,0,16,88,96,-27562,920,0,20934,0,177910,43762,5705,0,18,104972,337116,58,87798,0,0,Mtpt0G8EIb,RO12,taul,1K8T,lK27,iJzviRg,PFnVrQ2,aYzt,9_Y1,e7QV,VpdQ,haYg,7M47J5GA0pTYIFxg5uy,kIsH,uKAI,L84s,cOJGGr4F_wga1,kZJZ8zP,DA4G,cJvF,FzaX,ch2oGfM,zCkv,P6pu4Vl,LM8l689qOp,fKCe,ZI9m,R4y5gQQWY8OodqDV
0,1001,7,80,196,245,32,390.32,5,8419680,0,1.277932,9,42,0,2542456,0,71390.41,15,8,56,48,532564,850,108,22536,8,1509735,548900,185,0,27,673736,10513520,28,1119024,0,0,vAsvyx7ejg,RO12,taul,1K8T,0Xwj,ZBORawV,Pkku4gO,0AJi,HLqf,YGOC,VpdQ,hAFG,me75fM6ugJ,sBgB,uKAI,L84s,XfqtO3UdzaXh_,11p4mKe,SMDf,UYBR,FzaX,JO0WZR6,oslk,ZwrmOr3,jySVZNlOJy,szEZ,RAYp,F2FyR07IdsN7I
0,147,0,1460,24,30,0,33.44,0,0,0,2.512925,18,194,42,46656,0,1932.6,0,0,48,48,-4265.28,75,0,147393,0,0,0,0,0,27,1974,23328,0,0,0,0,51rt0G8rTN,LrdZy8QqgUfkVShG,taul,1K8T,wOc1,fhk21Ss,UFIdC8I,D3bX,9_Y1,k13i,VpdQ,giwq,7M47J5GA0pTYIFxg5uy,kIsH,uKAI,L84s,QsQAxv5,KqjecMy,5wFP,UYBR,FzaX,4UxGlow,QKW8DRm,catzS2D,LM8l689qOp,fKCe,ZI9m,ib5G6X1eUxUn6
0,791,7,360,132,165,144,257.36,0,2269188,0,6.353771,18,66,63,0,0,220990.5,10,12,32,0,127104,515,36,29421,0,291670,3049180,2565,0,18,604800,10609280,2,3110400,0,0,AhzOj17IEC,RO12,taul,1K8T,lK27,GRlgCVv,Csjqo7U,PZxA,9_Y1,zfpA,VpdQ,IYzP,me75fM6ugJ,kIsH,uKAI,L84s,NhsEn4L,mAja5EA,Pnwh,UYBR,FzaX,9wyOVQC,oslk,EiGEVJ2,LM8l689qOp,7aLG,RAYp,F2FyR07IdsN7I
0,1526,7,220,532,665,112,186.64,0,8408940,0,6.851954,9,30,35,972464,0,81312.59,35,2,80,104,136998.8,1795,132,47925,0,2420320,203578,235,0,0,0,10667520,152,460572,0,0,dRagUHXM47,RO12,taul,1K8T,lK27,TwRo8uU,xunBDW1,uM3f,9_Y1,STGZ,VpdQ,IYzP,me75fM6ugJ,kIsH,uKAI,L84s,NhsEn4L,mAjbk_S,0Bsz,cJvF,FzaX,Oa96V3V,oslk,zFwT3Cb,LM8l689qOp,453m,RAYp,F2FyR07IdsN7I
0,1953,7,660,480,600,184,286.96,0,3580914,0,6.613972,27,88,21,315096,0,91361.41,55,4,72,104,133074,1550,150,13941,0,4376475,643826,220,0,0,736841,10286720,92,588390,0,0,E3dr4RQxul,AERks4l,taul,1K8T,487l,PHNvXy8,S85OeCBjSz,Vt8B,9_Y1,z5Ry,09_Q,IYzP,NKv3VA1BpP,kIsH,uKAI,L84s,I6KzrtUCei,cUQgrpN,0cNf,UYBR,FzaX,UF16siJ,zCkv,APgdzOv,LM8l689qOp,FSa2,6fzt,xwM2aC7IdeMC0
0,3486,7,0,148,185,24,286.96,0,7082100,0,5.958343,9,42,0,4838400,0,51191.7,10,0,32,56,17067.28,1150,90,6705,0,3447050,58274,215,0,9,0,10705960,20,0,0,0,639r4RK2Mx,RO12,taul,1K8T,pJUk,Z4hPoJV,AnFl2Mwxzd,AUPk,9_Y1,DtNL,VpdQ,zm5i,me75fM6ugJ,kIsH,uKAI,L84s,NhsEn4L,kZJtVhC,BUau,UYBR,FzaX,25c0nTz,oslk,xiJRusu,jySVZNlOJy,FSa2,RAYp,F2FyR07IdsN7I
0,8407,7,8,140,175,40,274,0,3948468,0,5.368298,9,94,0,2995720,0,13905.87,20,0,32,40,227502.4,605,54,171,0,4113305,629948,15,0,27,0,9986560,24,0,0,0,O8Zr4Rdc_a,RO12,taul,1K8T,L_LK,7QACY5T,glRBFJT8NN,klXP,9_Y1,em8I,VpdQ,hAFG,DHn_WUyBhW_whjA88g9bvA64_,kIsH,g5HH,L84s,CrNX,AuSDRR8,q191,cJvF,FzaX,2X55TaP,d0EEeJi,CNdGK5A,LM8l689qOp,me1d,nIGXDli,F2FyR07IdsN7I
0,1344,7,6744,320,400,256,133.12,0,0,0,1.047426,9,84,1715,200280,0,4334.22,0,30,104,104,-1425656,935,0,27333,0,73380,91044,405,0,9,12663,405056,40,96186,0,0,m9SrEy7Rm6,RO12,taul,1K8T,Wmd1,zN9Vdmm,ARvzJXx,QAH3,9_Y1,H9GL,VpdQ,haYg,me75fM6ugJ,kIsH,uKAI,L84s,XfqtO3UdzaXh_,11p4mKe,rqtJ,cJvF,FzaX,Ox8fR8o,oslk,mWoTy9x,LM8l689qOp,Aoh3,RAYp,F2FyR07IdsN7I
0,1064,21,5720,236,295,208,133.76,0,0,0,6.195471,45,168,182,126072,0,5712.96,0,22,80,88,-1887140,780,0,4203,0,83620,107672,2075,0,18,6622,419304,22,111042,0,0,HYTvyx7ejg,2Knk1KF,taul,1K8T,Bxva,fqeOwLG,glRBFJT8NN,F57g,9_Y1,f4dr,VpdQ,sYC_,7M47J5GA0pTYIFxg5uy,kIsH,uKAI,L84s,DmYOBF5GfjJxb,OFqAhVm,m579,cJvF,FzaX,fxJmel6,Al6ZaUT,WfsWw2A,LM8l689qOp,szEZ,ZI9m,iyHGyLCEkQ
0,0,0,0,24,30,16,0,0,0,0,3.309336,9,14,0,0,3,82596,0,0,0,0,-945520,30,0,0,8,109805,286462,0,0,0,0,660768,8,0,0,0,tr0rEyXktW,AERks4l,taul,1K8T,TyGl,JvpFtc_,MV4DUjA,qFWN,9_Y1,SkZj,VpdQ,IYzP,GjJ35utlTa_GNSvxxpb9ju,kIsH,uKAI,L84s,JBfYVit4g8,TDctq2l,FUA7,cJvF,FzaX,KX8FaW0,Al6ZaUT,hGe3T2a,LM8l689qOp,Aoh3,02N6s8f,xwM2aC7IdeMC0
0,476,7,1500,116,145,64,133.12,0,52140,0,3.478103,9,150,126,0,0,3528.84,0,16,40,0,9265.84,285,78,19890,0,0,24476,2425,0,18,11928,126920,0,64812,0,0,NESt0G8EIb,2Knk1KF,taul,1K8T,lK27,F0DSdMg,k10MzgT,KKrj,9_Y1,e7QV,VpdQ,kxE9,me75fM6ugJ,kIsH,uKAI,L84s,XfqtO3UdzaXh_,XTbIt4R,SZ9z,UYBR,FzaX,1Fq88FJ,oslk,XByOEra,LM8l689qOp,fKCe,RAYp,55YFVY9
0,721,7,184,32,40,16,271.36,0,3887154,0,3.940611,9,82,14,254424,0,195906,0,0,8,8,304851.2,445,12,86310,0,2473975,2419200,260,0,18,222621,9536240,6,0,0,0,1GdOj1KXzC,RO12,taul,1K8T,0Y9G,8NKFFda,_thxMpN5Vu0ld,Yj7V,9_Y1,jdbz,VpdQ,IYzP,me75fM6ugJ,kIsH,uKAI,Mtgm,NhsEn4L,mAjbk_S,BO65,UYBR,FzaX,zWA88FJ,oslk,Ggf2C8o,LM8l689qOp,kwS7,RAYp,F2FyR07IdsN7I
0,805,7,1748,132,165,0,266.08,0,11281680,0,3.673147,9,136,161,47768,0,211971.3,45,0,40,8,188569.6,515,132,4140,0,10570,0,100,0,18,41797,10663840,2,0,0,0,hSogUHXZeb,LrdZy8QqgUfkVShG,taul,1K8T,pE9z,fhk21Ss,WN2wUb0T0UKRa,upEj,9_Y1,STGZ,09_Q,wMei,7M47J5GA0pTYIFxg5uy,kIsH,uKAI,L84s,4kVnq_T26xq1p,IoIVQS8,Caho,UYBR,FzaX,4UxGlow,zCkv,catzS2D,LM8l689qOp,453m,ZI9m,ib5G6X1eUxUn6
0,2625,28,4120,144,180,112,310.24,0,2981154,0,6.998932,36,84,42,1608952,0,46922.1,0,12,40,24,120582,635,42,56007,0,2163015,2100600,5005,0,27,854,10452000,12,2592732,0,0,GcUt0G8rTN,RO12,taul,1K8T,PbOJ,iJzviRg,_UtlxbJ,Qbdk,9_Y1,e7QV,VpdQ,G_zk,7M47J5GA0pTYIFxg5uy,kIsH,uKAI,L84s,9fipLB8rlL,kq0Cca5,Flxf,UYBR,FzaX,ch2oGfM,zCkv,P6pu4Vl,LM8l689qOp,fKCe,ZI9m,R4y5gQQWY8OodqDV
0,2121,7,4552,428,535,192,166.56,0,24834,0,0.9829097,18,148,14,119176,0,2803.854,10,2,64,120,5434.16,1680,48,10116,0,338465,38796,470,0,18,36785,431020,114,6972,0,0,C2Dvyx875g,2Knk1KF,taul,1K8T,pGTb,fhk21Ss,ELRUn57,bSUY,9_Y1,MBhA,VpdQ,6JmL,7M47J5GA0pTYIFxg5uy,kIsH,uKAI,L84s,Ie_5MZs,CWNY2py,JViE,cJvF,FzaX,4UxGlow,zCkv,catzS2D,LM8l689qOp,WqMG,ZI9m,Zy3gnGM
0,1491,7,68,504,630,400,166.56,0,3519438,0,5.351634,9,78,0,195024,0,46722,90,0,168,104,298382,1935,126,109611,0,431145,556058,785,0,0,47194,4971200,48,0,0,0,1fZWq6e2Rv,RO12,taul,1K8T,TyGl,SHXhE4b,9YuYZx0Xsm,MGaR,9_Y1,_xpN,VpdQ,IYzP,me75fM6ugJ,kIsH,uKAI,L84s,NhsEn4L,mAja5EA,zaAE,UYBR,FzaX,THMm0jM,oslk,cObCBw5,jySVZNlOJy,FSa2,RAYp,F2FyR07IdsN7I
0,77,0,0,56,70,32,230.08,0,4163856,0,1.127537,9,16,0,3320360,0,228550.2,0,0,8,16,-39324.56,280,12,0,8,3874060,1045092,0,6,0,344673,9625520,12,0,0,0,avkq9ayfAo,RO12,taul,1K8T,0Xwj,awTXkK6,NfN9Bz6HFx,KX1F,F3hy,000J,VpdQ,IYzP,me75fM6ugJ,kIsH,uKAI,L84s,NhsEn4L,mAja5EA,Kgqw,UYBR,FzaX,stplI5k,oslk,YE7WDFK,LM8l689qOp,7P5s,RAYp,F2FyR07IdsN7I
0,21,0,0,28,35,8,289.04,0,4217772,0,3.62743,9,14,0,0,0,573849,10,2,16,0,-313851.2,45,18,0,0,0,987144,0,0,0,1462930,6884080,0,1253940,0,0,l7Fq9ayE15,RO12,taul,1K8T,TyGl,ka_xJVj,UnPEkD6Pex,5uIy,9_Y1,kJJ7,09_Q,IYzP,me75fM6ugJ,kIsH,uKAI,L84s,NhsEn4L,NGZxnJM,S9AY,cJvF,FzaX,Mms6hzI,oslk,iZDAgOW,LM8l689qOp,7P5s,RAYp,F2FyR07IdsN7I
0,574,0,0,132,165,16,220.08,0,11404920,0,2.428755,9,36,0,0,0,172229.7,45,0,32,0,385305.2,680,132,873,0,0,13112,0,0,18,0,10706920,0,0,0,0,UCDvyx8zhV,RO12,taul,1K8T,pGTb,eDdCzkM,RuVy67M,iFD1,9_Y1,3NyY,VpdQ,zm5i,me75fM6ugJ,kIsH,uKAI,L84s,NhsEn4L,kZJtVhC,XsTo,cJvF,FzaX,t9iOtFs,oslk,IDnz_Kt,LM8l689qOp,WqMG,RAYp,F2FyR07IdsN7I
0,2429,7,292,236,295,208,188,0,72138,0,6.591113,9,128,35,1650560,0,24554.4,5,6,40,48,-926084,1060,18,64935,0,1213145,412914,100,0,9,669137,3161272,40,729816,0,0,qFpmfo8zhV,rEUOq2QD1qfkRr6qpua,taul,1K8T,QQSE,fhk21Ss,etM739XNb0Rf0,gfgY,9_Y1,_48V,VpdQ,kxE9,7M47J5GA0pTYIFxg5uy,kIsH,uKAI,L84s,4kVnq_T26xq1p,kZJr5Br,o06f,cJvF,FzaX,4UxGlow,zCkv,catzS2D,LM8l689qOp,3Cy4,ZI9m,ib5G6X1eUxUn6
0,679,7,0,68,85,32,326.4,0,5679300,0,1.653707,9,56,0,6399008,0,213074.7,0,2,24,24,211190.8,345,30,576,0,1772880,39698,20,0,9,4595864,9070280,8,880338,0,0,_v2TmBftjz,RO12,taul,z3mO,0Xwj,jF69B7S,9YuYZx0Xsm,lJO3,HLqf,4N0K,VpdQ,IYzP,me75fM6ugJ,sBgB,uKAI,L84s,NhsEn4L,mAjbk_S,nKzj,UYBR,FzaX,7Jxv1FD,oslk,je1TL5Q,LM8l689qOp,Qu4f,RAYp,F2FyR07IdsN7I
0,826,0,140,68,85,24,200,0,98376,0,3.066012,9,72,14,247872,0,22461.33,0,14,40,40,17233.72,215,12,0,0,0,33814,0,0,0,326095,568064,0,466374,0,0,1KSr4RK2Mx,RO12,taul,1K8T,PGNs,4e3JKO_,r83_sZi,qo5z,9_Y1,DtNL,VpdQ,IYzP,me75fM6ugJ,kIsH,uKAI,L84s,NhsEn4L,mAjbk_S,sVRa,UYBR,FzaX,IGMYlW4,oslk,IbpTE6Y,LM8l689qOp,FSa2,RAYp,F2FyR07IdsN7I
0,1120,7,1664,136,170,32,419.36,0,4753560,0,3.582354,9,62,14,2534560,0,109247.7,15,4,32,32,279688,520,66,3969,0,3655435,552728,2030,0,18,0,10050160,20,950424,0,0,HrWrjIXt5a,RO12,taul,1K8T,hoa9,8Kc4q6X,YjRIAZ3ZEuEZC,COaT,9_Y1,m7JR,VpdQ,IYzP,me75fM6ugJ,kIsH,uKAI,L84s,NhsEn4L,mAjbk_S,H50l,cJvF,FzaX,TZCm94s,oslk,ofmiST9,LM8l689qOp,5Acm,RAYp,F2FyR07IdsN7I
0,1015,7,56,564,705,200,200,0,8844,0,0.8654134,9,50,0,15992,0,1872.081,10,8,32,88,-217440.4,1870,36,1935,0,322545,49638,2175,0,0,31780,389812,186,27240,0,0,cFHt0GoOh3,RO12,taul,1K8T,X94c,8F4NGWG,IG_G867,4bTR,9_Y1,MGOA,VpdQ,IYzP,me75fM6ugJ,kIsH,uKAI,Mtgm,NhsEn4L,mAjbk_S,bHR7,UYBR,FzaX,J8TK3rj,oslk,6ZAHToS,LM8l689qOp,Qu4f,RAYp,F2FyR07IdsN7I
0,896,7,344,32,40,24,291.2,0,2540364,0,1.212348,9,30,91,671544,0,117240.3,0,0,0,8,-753924,350,18,49905,0,15050,382058,115,0,18,0,2805504,2,0,0,0,0vimfo8zhV,RO12,taul,1K8T,g6No,LTIJsEU,9UgO4AFTtt,5B3u,9_Y1,Z5OU,VpdQ,IYzP,me75fM6ugJ,kIsH,uKAI,L84s,NhsEn4L,kZJtVhC,4ych,cJvF,FzaX,PtLvdH_,oslk,wif79_c,LM8l689qOp,Qu4f,RAYp,F2FyR07IdsN7I
0,105,0,0,40,50,8,200,0,168306,0,6.354412,9,22,0,0,6,17701.8,0,0,0,0,-1396788,55,42,0,24,36950,37324,0,6,9,0,216412,4,0,0,0,6m0t0G8rTN,RO12,taul,1K8T,wOc1,LK5nVRA,_jTP8ioIlJ,S4gD,9_Y1,k13i,VpdQ,zm5i,me75fM6ugJ,kIsH,uKAI,L84s,NhsEn4L,kZJtVhC,OevO,UYBR,FzaX,FM28hdx,oslk,dh6qI2t,LM8l689qOp,fKCe,RAYp,F2FyR07IdsN7I
0,2380,0,3280,548,685,408,220.48,0,3599190,0,4.403333,36,204,7,2498080,3,59556.3,40,18,72,104,-40350.4,1970,126,5535,8,4063685,467948,0,0,36,323365,9129000,70,493032,0,0,7Cwt0Gdc_a,vuPfq6YcbX,CiJDdr4TQ0rGERIS,1K8T,jzYi,fhk21Ss,DKUDUftgA7,Bp6l,9_Y1,cyKH,VpdQ,haYg,7M47J5GA0pTYIFxg5uy,kIsH,g5HH,L84s,a3CcPDe,CWNLnTo,bCpn,cJvF,qxDb,4UxGlow,QKW8DRm,catzS2D,M_8D,me1d,ZI9m,NoEd
0,875,7,1352,144,180,64,281.6,0,6596340,0,3.941465,18,122,56,709568,3,158766.3,20,2,24,16,385564.4,635,60,45054,8,1952080,1019550,6525,0,45,554435,9930160,22,475236,0,0,hSogUHXZeb,LrdZy8QqgUfkVShG,taul,1K8T,7ALb,fhk21Ss,glRbITbnHQ,Gjwm,9_Y1,LqKm,VpdQ,wMei,7M47J5GA0pTYIFxg5uy,kIsH,uKAI,Mtgm,TW8UhnX,OFqWNnD,hzaM,cJvF,FzaX,4UxGlow,QKW8DRm,catzS2D,LM8l689qOp,453m,ZI9m,ib5G6X1eUxUn6
0,1582,14,1888,220,275,112,233.52,0,1789674,0,3.620594,18,174,301,618000,0,81913.5,30,10,40,16,279230.4,745,60,57312,0,5308500,1149536,2580,0,9,1209600,10803720,36,2178222,0,0,hSovyx7IEC,2Knk1KF,taul,1K8T,yMvB,T7cNGWG,4hMlgkf58mhwh,Bn7Q,9_Y1,qaiO,VpdQ,haYg,me75fM6ugJ,kIsH,uKAI,L84s,XfqtO3UdzaXh_,XTbqizz,ytXD,cJvF,FzaX,ByIfGrO,oslk,Esw7qqc,LM8l689qOp,szEZ,RAYp,TCU50_Yjmm6GIBZ0lL_
0,840,7,2804,188,235,24,548.72,5,9228180,0,4.371502,9,96,91,232960,0,198252,45,0,32,48,455168,600,108,5778,8,746225,260090,1895,0,27,0,10209000,22,0,0,0,IXSgUHShse,RO12,taul,1K8T,yMvB,OKQ4Lhq,17VONbZnAuZ90atz,dZaM,9_Y1,RVjC,VpdQ,sYC_,me75fM6ugJ,kIsH,uKAI,Mtgm,NhsEn4L,beK4AFX,0bZ9,UYBR,FzaX,K9B4K41,oslk,L8yRgaQ,LM8l689qOp,FSa2,RAYp,F2FyR07IdsN7I
0,343,0,0,116,145,32,200,0,4348566,0,4.81222,9,22,0,0,0,179965.8,30,6,32,0,78049.2,470,42,0,0,3060940,318334,0,0,9,0,9976520,18,1145838,0,0,DQlrEyXXnK,RO12,taul,1K8T,YFAj,ZTQvcTJ,r83_sZi,Qfce,9_Y1,VwCR,VpdQ,zm5i,me75fM6ugJ,kIsH,uKAI,L84s,NhsEn4L,mAjAVZm,5cNt,cJvF,FzaX,9WBDQF4,oslk,OXJytFJ,LM8l689qOp,Aoh3,RAYp,F2FyR07IdsN7I
0,105,0,0,156,195,80,644,20,1244166,0,6.344371,9,12,0,1198880,12,69304.8,35,0,48,64,-634020,195,18,0,72,1561390,114438,0,6,0,0,3603856,22,0,0,0,FoxgUHSK8h,RO12,taul,1K8T,0Xwj,pNV_5rr,xOPfJ4Wgh2,qUsF,F3hy,_xpN,09_Q,IYzP,me75fM6ugJ,kIsH,uKAI,Mtgm,NhsEn4L,kq0dQfu,8EVF,UYBR,FzaX,tS138SL,oslk,N98hcb8,LM8l689qOp,FSa2,RAYp,F2FyR07IdsN7I
0,1211,14,184,32,40,16,166.56,0,12149700,0,6.620808,18,194,7,0,0,148968.9,5,0,8,0,-393853.2,1430,30,337662,0,0,258734,2065,0,18,0,9709640,0,0,0,0,oUPBcmzkzH,g62hiBSaKg,taul,1K8T,_8YK,fhk21Ss,y4g9XoZ,M6St,9_Y1,4nnx,VpdQ,y6dw,7M47J5GA0pTYIFxg5uy,kIsH,uKAI,L84s,QsQAxv5,KqjecMy,_Qcc,UYBR,FzaX,4UxGlow,QKW8DRm,catzS2D,LM8l689qOp,Qcbd,ZI9m,ib5G6X1eUxUn6
0,1043,0,16,240,300,128,153.2,0,4410,0,2.827815,27,52,0,2470424,0,65515.5,0,10,56,104,203592.4,910,6,37485,0,4734900,283074,0,0,0,861854,5762600,50,255564,0,0,1GdOj1KXzC,RO12,taul,1K8T,0Xwj,EkMLmBg,II0S8f9,zx2v,HLqf,vYXv,VpdQ,IYzP,me75fM6ugJ,sBgB,uKAI,L84s,NhsEn4L,TDcECyH,nrge,cJvF,FzaX,kj7DFjT,oslk,9vQ9fPb,jySVZNlOJy,kwS7,RAYp,F2FyR07IdsN7I
0,1057,7,2240,128,160,8,253.52,5,9007920,0,0.7184362,9,116,7,281040,0,169281.6,35,0,40,16,987664,680,108,13716,8,1330405,172800,385,0,18,245910,9974920,8,0,0,0,Ie5gUH7IEC,2Knk1KF,taul,1K8T,xgSF,foC0EW7,o64y9zI,ioG2,9_Y1,m_h1,VpdQ,sYC_,me75fM6ugJ,kIsH,uKAI,L84s,NhsEn4L,teAyFc5,DV2t,UYBR,FzaX,_95OhQy,oslk,AFqqI2t,jySVZNlOJy,WqMG,RAYp,55YFVY9
0,1246,14,4884,192,240,136,166.56,0,22194,0,0.9465926,45,158,714,2351104,0,57962.7,0,10,56,80,-386428.8,825,12,18891,0,1336015,498548,3785,0,27,902398,3439688,28,275148,0,0,xddq9ayfAo,AERks4l,taul,1K8T,z32l,fhk21Ss,Qj_RuBBLPJ,Ms1U,9_Y1,000J,VpdQ,haYg,7M47J5GA0pTYIFxg5uy,kIsH,uKAI,L84s,DmYOBF5GfjJxb,OFqAhVm,SnkC,cJvF,wwPEXoilkr,4UxGlow,Al6ZaUT,catzS2D,LM8l689qOp,7P5s,ZI9m,ib5G6X1eUxUn6
0,1428,14,940,172,215,104,166.56,0,36564,0,4.542405,18,106,266,797784,0,10068,20,12,80,48,273204.8,950,24,41562,0,994105,501560,9775,0,9,401947,2511800,20,388560,0,0,GcUBcmz45j,2Knk1KF,taul,1K8T,0WHw,PHNvXy8,wHfQYg4FYrxwdCQ6,4zLV,9_Y1,EwzD,VpdQ,lVqb,NKv3VA1BpP,kIsH,uKAI,L84s,Ie_5MZs,teAjUwW,HNKP,cJvF,FzaX,UF16siJ,zCkv,APgdzOv,LM8l689qOp,Qcbd,6fzt,Zy3gnGM
0,3164,14,4392,480,600,184,256.8,0,289338,0,2.214698,18,76,35,611120,0,6780.78,35,22,128,168,-1745444,1570,150,139455,0,277560,103482,5130,0,9,156730,1087964,66,141522,0,0,wx50AqAqGL,RO12,taul,1K8T,AHrt,_gMxSlj,_UtlxbJ,nyZz,9_Y1,RVjC,VpdQ,43pnToF,me75fM6ugJ,kIsH,uKAI,Mtgm,NhsEn4L,mAja5EA,bru6,UYBR,FzaX,68RvOIl,oslk,GSZEVJ2,LM8l689qOp,FSa2,RAYp,F2FyR07IdsN7I
0,1589,7,212,224,280,32,266.88,0,3074700,0,2.083529,9,32,0,1678320,0,107437.8,30,8,64,32,-90656.4,845,132,846,0,3981040,541144,280,0,18,275632,9559320,32,1177728,0,0,nTwTmBtueT,AERks4l,taul,1K8T,lK27,6Wu7zLh,TJcoPmE,SOkz,9_Y1,C6Eu,VpdQ,zm5i,7M47J5GA0pTYIFxg5uy,kIsH,uKAI,Mtgm,NhsEn4L,NGZ7K5L,qLRt,UYBR,FzaX,8c8KEbL,oslk,UQenOT8,LM8l689qOp,rgKb,ZI9m,F2FcTt7IdMT_v
0,2877,7,36,812,1015,272,200,0,4789806,0,4.888272,9,118,28,2143128,0,50263.8,65,36,192,128,-94000,4220,288,1746,0,3684620,446070,1225,0,9,254576,9974360,148,780426,0,0,m9SvyxLkBI,2Knk1KF,taul,1K8T,UpNf,ka_ns41,LIHCwKP,yovj,9_Y1,FbIm,09_Q,sYC_,me75fM6ugJ,kIsH,uKAI,L84s,NhsEn4L,teAyFc5,W4PY,UYBR,FzaX,1YVfGrO,oslk,fXVEsaq,LM8l689qOp,xb3V,RAYp,55YFVY9
0,616,7,3992,120,150,0,288.08,0,0,0,2.142277,9,32,21,5529600,0,220618.5,0,0,32,64,17501,485,0,2133,0,9504000,0,1100,0,18,0,10368000,44,0,0,0,vAsgUHXM47,RO12,taul,1K8T,vSNn,_RmnZSn,P9HTde2,s68S,9_Y1,LqKm,VpdQ,IYzP,me75fM6ugJ,kIsH,uKAI,L84s,NhsEn4L,kZJyVg2,T7lo,UYBR,FzaX,dRiNT4W,oslk,4XQyovK,LM8l689qOp,453m,RAYp,F2FyR07IdsN7I
0,693,7,6116,132,165,8,233.44,0,7068600,0,0.9720145,27,88,1050,691200,0,174249.3,25,2,8,8,170528.4,540,90,100197,0,3399895,12220,4655,0,9,0,9642800,20,518400,0,0,1KSTmBQxul,RO12,taul,1K8T,TyGl,eDd7wZ4,oa1w,SxPy,9_Y1,TjV7,09_Q,sYC_,me75fM6ugJ,kIsH,uKAI,L84s,NhsEn4L,beK4AFX,DKzw,UYBR,FzaX,t9i0FxM,oslk,YLmz_Kt,jySVZNlOJy,FSa2,RAYp,F2FyR07IdsN7I
0,1393,28,2064,188,235,72,300.32,0,6559380,0,5.798334,45,52,574,0,0,118318.5,40,4,32,0,277719.2,605,102,1026801,0,3076320,249156,10125,0,9,0,10577280,22,1036800,0,0,kMJt0GoOh3,RO12,taul,1K8T,lK27,aKB7PPz,wXYgzHf,tVvt,9_Y1,C7DI,VpdQ,43pnToF,me75fM6ugJ,kIsH,7A3j,L84s,NhsEn4L,kZJtVhC,lzat,cJvF,FzaX,1qX68SY,oslk,EzSzgmc,LM8l689qOp,Qu4f,RAYp,F2FyR07IdsN7I
0,154,0,0,244,305,112,186.64,0,4560270,0,0.02969451,9,14,0,691200,0,89261.41,30,10,40,8,259851.2,495,66,0,0,2926635,769976,0,0,0,0,10356440,48,1756560,0,0,m9SrEy7Rm6,RO12,taul,1K8T,TyGl,zQqh3kj,_03xtaMIkk68B,saX_,9_Y1,X8zP,VpdQ,IYzP,DHn_WUyBhW_whjA88g9bvA64_,kIsH,uKAI,L84s,CrNX,kq0Ng6w,moKH,cJvF,FzaX,7JxszER,d0EEeJi,4K2GgwO,LM8l689qOp,Aoh3,02N6s8f,F2FyR07IdsN7I
0,763,7,1636,52,65,0,233.44,0,7606860,0,5.919889,9,72,140,1237984,0,208814.4,10,2,24,16,-125250.8,350,30,117459,0,1378930,0,1315,0,9,5088524,9716120,6,3433680,0,0,oyGrjIXt5a,RO12,taul,1K8T,0Xwj,UpI8v8b,Gai9lEF2Fr,PT8k,HLqf,xQ2A,09_Q,IYzP,me75fM6ugJ,sBgB,uKAI,L84s,NhsEn4L,kZJs2nh,mIEI,cJvF,FzaX,bDfm94s,oslk,rBxAyXX,LM8l689qOp,5Acm,RAYp,F2FyR07IdsN7I
0,889,21,768,128,160,24,166.56,0,0,0,0.01901303,27,130,7,352664,0,21082.26,0,4,32,48,-385391.2,490,0,7200,0,735075,26270,1285,0,9,308812,854576,42,56466,0,0,avkq9ayfAo,2Knk1KF,taul,1K8T,_8YK,jlz3Naj,Lb4ym98WL01lecCqpa1,A0mG,9_Y1,kJJ7,VpdQ,haYg,me75fM6ugJ,kIsH,uKAI,L84s,XfqtO3UdzaXh_,XTbPUYD,He4R,UYBR,AU8_WTd,p4068SY,oslk,c2eEVJ2,jySVZNlOJy,7P5s,RAYp,55YFVY9
0,154,7,220,108,135,112,206.64,0,0,0,2.428114,9,64,70,0,0,4840.59,0,2,8,0,16853.72,285,0,59058,0,113925,27458,110,0,0,10892,152280,24,9336,0,0,1PnOj1KVEH,RO12,CuXi4je,1K8T,0Y9G,T7ckueW,FsDMvLF,Yj7V,9_Y1,jdbz,sJzTlal,IYzP,me75fM6ugJ,kIsH,uKAI,L84s,NhsEn4L,kq0emRG,x0E4,UYBR,FzaX,WZA8iqZ,oslk,jCiQv5o,LM8l689qOp,kwS7,RAYp,F2FyR07IdsN7I
0,420,7,180,68,85,8,126.24,0,0,0,6.33433,9,146,14,42152,0,2809.377,0,2,32,48,-1407352,265,0,32265,0,66800,11654,1300,0,0,49056,106216,18,12588,0,0,vAsvyx7ejg,AERks4l,taul,1K8T,0Xwj,fhk21Ss,EXpWEXgaYWQf4,LeeR,HLqf,xSqs,VpdQ,IYzP,7M47J5GA0pTYIFxg5uy,sBgB,uKAI,L84s,4kVnq_T26xq1p,OFqjOXW,2L2v,cJvF,FzaX,4UxGlow,zCkv,catzS2D,LM8l689qOp,szEZ,ZI9m,ib5G6X1eUxUn6
0,2289,14,540,496,620,208,133.12,0,153258,0,4.775475,36,146,322,1012544,0,7099.89,10,14,104,184,-109087.6,1575,72,9432,0,640655,94004,295,0,9,272349,1376452,108,98946,0,0,crIt0Go8Lb,2Knk1KF,taul,1K8T,0Xwj,PHNvXy8,P9HTde2,VzUN,dgxZ,C7DI,VpdQ,wMei,NKv3VA1BpP,sBgB,uKAI,L84s,Ie_5MZs,XTbjhEX,fgR0,cJvF,FzaX,UF16siJ,zCkv,APgdzOv,LM8l689qOp,Qu4f,6fzt,Zy3gnGM
0,2240,7,672,436,545,216,173.28,0,89796,0,3.897671,27,120,280,1723208,0,38606.7,40,10,88,152,363068,1145,24,10674,0,3697830,776004,265,0,18,989247,6407360,92,523422,0,0,dRagUHXM47,GpoBynXzkxADI7bZBtqvX2IPV5t7o2QCPE,taul,1K8T,0Xwj,fvBDtgM,IG_G867,rqJO,HLqf,8BBI,VpdQ,6JmL,EBKcR3s6B22tD6gC36gm6S,sBgB,uKAI,L84s,UbxQ8lZ,CWNfWPm,ehSn,cJvF,FzaX,XsNJfId,Al6ZaUT,BlqEnkq,LM8l689qOp,453m,nIGXDli,iyHGyLCEkQ
0,1904,7,0,232,290,56,288.32,0,7294200,0,5.237556,9,40,7,2788840,0,93540.91,35,2,56,96,189800,1075,102,18693,0,2588170,83566,710,0,9,152222,10337360,28,220524,0,0,DHegUHXZeb,RO12,taul,1K8T,7ALb,mBr7wZ4,HheXfH9,iyvp,9_Y1,LqKm,VpdQ,wMei,me75fM6ugJ,kIsH,uKAI,L84s,NhsEn4L,cUQRbBF,WB0S,cJvF,wwPEXoilkr,_oSv10k,oslk,kK6wBif,LM8l689qOp,453m,RAYp,F2FyR07IdsN7I
0,1197,7,948,364,455,176,267.28,0,458952,0,3.220679,9,34,42,1986888,0,52474.5,5,16,64,104,179794.8,1245,132,369,0,2810470,445194,750,0,9,543480,4903240,50,351588,0,0,bt0mfo875g,RO12,taul,1K8T,tXti,AKG5V1L,76j2P_OLn0,WXWN,9_Y1,iZJp,VpdQ,zm5i,me75fM6ugJ,kIsH,uKAI,L84s,NhsEn4L,NGZXfGp,i0SH,UYBR,FzaX,R4h87dl,oslk,kPEzrB7,LM8l689qOp,3Cy4,RAYp,F2FyR07IdsN7I
0,532,7,2364,472,590,224,166.56,0,2277498,0,2.122196,18,124,294,1664120,0,42419.1,15,14,128,216,-586328,600,60,3393,0,2808260,389484,330,0,18,724024,5925040,86,273228,0,0,qFpmfo8zhV,2Knk1KF,taul,1K8T,0Xwj,gRinF0C,oRauSoq,ROCF,HLqf,7pVf,VpdQ,6JmL,me75fM6ugJ,sBgB,uKAI,L84s,XfqtO3UdzaXh_,XTbPUYD,OCU_,cJvF,FzaX,SCnYWu3,oslk,WC7Esaq,LM8l689qOp,wX53,RAYp,55YFVY9
0,1533,7,504,160,200,16,186.64,0,9619860,0,3.585986,9,34,56,8624,0,108605.4,40,4,40,16,276437.2,515,114,54657,0,1158095,110764,875,0,9,611282,10723880,14,1036800,0,0,4bwt0GoOh3,RO12,taul,1K8T,0Xwj,bn8OjS3,GHfL3MpXAX,arW9,F3hy,C7DI,VpdQ,zm5i,me75fM6ugJ,kIsH,uKAI,L84s,NhsEn4L,mAjbk_S,QtBi,cJvF,FzaX,nfA6V3V,oslk,cBS7qqc,LM8l689qOp,Qu4f,RAYp,F2FyR07IdsN7I
0,154,0,0,128,160,48,220.08,5,4107054,0,2.194189,9,14,0,5811784,0,209960.7,20,0,32,72,951704,285,42,0,8,3178275,124072,0,0,0,3374798,9559800,12,0,0,0,Foxt0Go8Lb,RO12,taul,1K8T,0Xwj,QWnq5m3,ELRUn57,yCFy,F3hy,YePk,VpdQ,IYzP,me75fM6ugJ,kIsH,uKAI,L84s,NhsEn4L,mAjAVZm,mse9,cJvF,FzaX,mPS6hzI,oslk,bLV2fT4,LM8l689qOp,Qu4f,RAYp,F2FyR07IdsN7I
0,1330,7,4,212,265,136,186.64,0,36294,0,0.768212,18,30,0,662016,0,23044.62,5,16,96,112,-115080.8,955,12,99,0,191515,310944,25,0,0,142828,1328452,22,227508,0,0,dRarjIK12c,RO12,taul,1K8T,72yt,qlhCyQp,wazGGTV4Uq,moiF,9_Y1,7WNq,09_Q,IYzP,me75fM6ugJ,kIsH,uKAI,L84s,NhsEn4L,mAjbk_S,5fY2,cJvF,FzaX,mTPRCiV,oslk,fi1YV0N,LM8l689qOp,WqMG,RAYp,F2FyR07IdsN7I
0,1883,7,664,376,470,192,186.64,0,5614800,0,2.025635,9,50,63,2162024,3,91842.91,25,2,64,56,-711224,2070,180,3177,16,3303245,616502,380,0,0,554463,10500560,54,475236,0,7,zC_Wq6e2Rv,RO12,taul,1K8T,EJC9,LnrlJRo,RuVy67M,I3Vt,9_Y1,_xpN,VpdQ,IYzP,me75fM6ugJ,kIsH,uKAI,L84s,NhsEn4L,mAjbk_S,kwqX,cJvF,FzaX,TVjYWu3,oslk,MU1qI2t,LM8l689qOp,FSa2,RAYp,F2FyR07IdsN7I
0,1456,7,2108,240,300,184,166.56,0,41730,0,3.959411,9,242,7,109744,0,3771.72,15,10,96,64,30722.28,790,84,19566,0,47010,69424,3980,0,18,62090,282200,14,27756,0,0,m9SrEy7Rm6,vuPfq6YcbX,I9xt3GBDKUbd8,1K8T,HR69,fhk21Ss,_jTP8ioIlJ,48rK,9_Y1,H9GL,VpdQ,y6dw,7M47J5GA0pTYIFxg5uy,kIsH,uKAI,L84s,_5OXC8MSLt,LxWhDOK,QKWK,cJvF,FzaX,4UxGlow,oslk,catzS2D,LM8l689qOp,Aoh3,ZI9m,VjDE
0,1526,7,44,152,190,32,86.96,10,530154,0,6.410169,9,88,49,5529600,0,84186,0,0,32,64,33908.44,515,12,5652,16,8886350,115198,220,0,27,0,10457720,48,0,0,0,LDPvyx7IEC,RO12,taul,1K8T,7wJ6,9GJGgoz,CdPgMY1Z52,bQDw,9_Y1,qaiO,VpdQ,Tkho,Kxdu,kIsH,uKAI,Mtgm,FMSzZ91zL2,kq04MS5,P87U,UYBR,AU8pNoi,Tvpip6Z,zCkv,hHJsvbM,LM8l689qOp,szEZ,6fzt,SbOd7O8ky1wGNxp0Arj0Xs
0,490,7,384,32,40,0,253.52,0,8292540,0,3.116855,9,90,0,0,0,131704.5,0,2,8,0,793020,250,18,10674,0,6122050,0,3345,0,27,938266,10962160,8,804228,0,0,AhzZptzip9,RO12,taul,1K8T,lK27,INoV6tQ,VKmQoSsVfi,1AB4,9_Y1,t_4G,sJzTlal,sYC_,me75fM6ugJ,kIsH,uKAI,L84s,NhsEn4L,beK4AFX,1KYR,cJvF,FzaX,kj7fGrO,oslk,pHGT3Cb,LM8l689qOp,Qu4f,RAYp,F2FyR07IdsN7I
0,210,0,0,132,165,48,220.08,5,6567600,0,3.322794,9,24,0,1382400,0,225027.6,35,0,32,16,1593604,500,84,0,8,1245975,967922,0,0,9,0,10421400,8,0,0,0,1GdOj17ejg,RO12,taul,1K8T,lK27,kJ1P82A,77iN0JezpF,SJ5r,9_Y1,zfpA,09_Q,zm5i,me75fM6ugJ,kIsH,uKAI,L84s,NhsEn4L,mAja5EA,obly,cJvF,FzaX,Jptfql_,oslk,2wCqFbB,LM8l689qOp,7aLG,RAYp,F2FyR07IdsN7I
0,917,7,112,148,185,64,394.8,0,1454220,0,1.239052,9,40,105,3916936,6,38781.6,10,2,32,48,17941,550,30,99,16,5150250,1000226,25,0,0,1159242,9999040,30,475236,0,0,1JGTmBQZiT,RO12,taul,1K8T,lK27,UWz0V8V,9UgE7cAdCb,Zi9Q,9_Y1,TjV7,VpdQ,IYzP,me75fM6ugJ,kIsH,uKAI,L84s,NhsEn4L,mAjbk_S,WIMA,UYBR,FzaX,bBmNioI,oslk,q3aQ3DB,LM8l689qOp,FSa2,RAYp,F2FyR07IdsN7I
0,1449,7,368,208,260,48,186.64,0,2815302,0,0.9606922,9,34,63,1976976,0,94645.2,25,4,40,24,201750,690,102,28251,8,5763800,422154,3355,0,27,0,10313960,38,484236,0,7,KXMrEyXXnK,RO12,taul,1K8T,TyGl,LKy47iP,9UgO4AFTtt,j8N7,9_Y1,SkZj,VpdQ,IYzP,me75fM6ugJ,kIsH,uKAI,L84s,NhsEn4L,kZJtVhC,YBeY,UYBR,FzaX,ZLrmfvd,oslk,khtiNPX,LM8l689qOp,Aoh3,RAYp,F2FyR07IdsN7I
0,742,7,48,140,175,64,253.52,0,5124192,0,4.766716,9,32,14,691200,0,210524.7,30,4,32,8,44936,515,60,3915,0,2662740,942132,30,0,9,604800,10066720,16,1036800,0,0,1JGqrQKzJV,RO12,taul,1K8T,TyGl,B9C_VFS,n1cRZfHvqr,GlY2,9_Y1,15m3,sJzTlal,IYzP,me75fM6ugJ,kIsH,uKAI,L84s,NhsEn4L,jawB6UP,qwWo,cJvF,FzaX,ylC3DH0,oslk,kiBhOcm,LM8l689qOp,FSa2,RAYp,F2FyR07IdsN7I
0,154,0,0,100,125,80,166.56,0,1765920,0,0.6445204,9,20,0,4838400,0,230764.2,5,2,16,8,41826.4,330,24,0,0,5112350,377622,0,0,0,0,10251000,16,1117800,0,0,vAsvyx7ejg,RO12,taul,1K8T,Bxva,N45nV76,pRq4D0j,k2fE,9_Y1,qaiO,09_Q,IYzP,me75fM6ugJ,kIsH,uKAI,L84s,NhsEn4L,mAja5EA,uFiC,cJvF,FzaX,EpcfrxM,oslk,ynwED8N,jySVZNlOJy,szEZ,RAYp,F2FyR07IdsN7I
0,532,7,340,24,30,16,253.52,0,166176,0,0.9335612,9,46,7,127032,0,196027.2,0,2,8,8,-634100,285,6,35892,0,432000,345600,135,0,0,0,1556700,2,518400,0,0,8Fdr4RXXnK,RO12,taul,1K8T,0Y9G,4M5uMXJ,VKm8_AwS48,KgnX,9_Y1,5euo,09_Q,IYzP,me75fM6ugJ,kIsH,uKAI,L84s,NhsEn4L,NGZXfGp,Y4bP,cJvF,FzaX,IvCOZ4E,oslk,FjXRDbC,LM8l689qOp,7FJQ,RAYp,F2FyR07IdsN7I
0,1470,7,988,172,215,80,266.24,0,44178,0,0.09292886,18,32,21,784176,0,19935.24,0,10,72,136,-203191.2,670,6,4410,0,347875,74868,45,0,9,277991,1053572,20,305994,0,0,xddq9ayfAo,RO12,taul,1K8T,AnrR,jCeGyn_,w7xiHaaq3y,1CnC,9_Y1,000J,09_Q,43pnToF,me75fM6ugJ,kIsH,uKAI,L84s,NhsEn4L,mAjbk_S,TepI,cJvF,FzaX,tCbv66D,oslk,bcU6icy,LM8l689qOp,7P5s,RAYp,F2FyR07IdsN7I
0,1652,7,2192,644,805,312,133.12,0,12156,0,0.980987,27,76,343,152208,0,3436.29,15,26,168,224,-686524,1665,24,315,0,225260,74058,1715,0,18,117628,510756,148,131586,0,0,npOt0G8EIb,RO12,taul,1K8T,wOc1,iJzviRg,oI3XQxoZBD,ViRu,9_Y1,k13i,09_Q,wMei,7M47J5GA0pTYIFxg5uy,kIsH,uKAI,Mtgm,4kVnq_T26xq1p,NGZTYkJ,kRGf,UYBR,FzaX,ch2oGfM,zCkv,P6pu4Vl,LM8l689qOp,fKCe,ZI9m,R4y5gQQWY8OodqDV
0,728,7,648,156,195,64,338.08,0,4775994,0,6.257638,18,58,0,2543552,0,182666.1,20,2,32,32,-22608.16,540,72,216,0,2786155,1194780,65,0,36,0,10658360,20,475224,0,0,P1WvyxLp3Z,RO12,taul,1K8T,ssAy,9GJGgoz,Ydsdn49,UC7i,9_Y1,lXxA,09_Q,hAFG,Kxdu,kIsH,uKAI,L84s,FMSzZ91zL2,NGZokw4,UdjJ,UYBR,FzaX,Tvpip6Z,zCkv,hHJsvbM,LM8l689qOp,xb3V,6fzt,SbOd7O8ky1wGNxp0Arj0Xs
0,8274,7,476,452,565,88,288.48,0,6017400,0,5.878658,9,42,14,1666224,0,33006.6,75,4,96,56,95726.8,2115,372,14283,0,2775260,527064,655,0,9,100520,10219080,32,558486,0,0,Mtpt0G8EIb,RO12,taul,1K8T,wOc1,694d8Q3,KyxX4chnKM,BI77,9_Y1,k13i,09_Q,zm5i,me75fM6ugJ,kIsH,7A3j,L84s,NhsEn4L,kZJyVg2,sx8P,UYBR,FzaX,9WbeV2F,oslk,Ak5iuXx,LM8l689qOp,fKCe,RAYp,F2FyR07IdsN7I
0,595,7,80,128,160,64,220.08,0,2977290,0,0.6720786,18,30,0,1900912,0,199440.9,5,8,32,24,-198722.8,545,42,441,0,3453085,1353620,100,0,0,0,9832040,18,1665270,0,0,4e7gUH7IEC,RO12,taul,1K8T,TyGl,LG0vbUP,r83_sZi,_bGC,9_Y1,bJXB,VpdQ,IYzP,me75fM6ugJ,kIsH,uKAI,L84s,NhsEn4L,mAjbk_S,S0HUjxm,cJvF,FzaX,sE0uLpj,oslk,G9maF5M,LM8l689qOp,w_Ub,RAYp,F2FyR07IdsN7I
0,763,7,1632,20,25,8,220.08,0,0,0,0.9087802,9,66,42,14515200,0,215974.2,0,0,0,24,265010.4,275,0,42741,0,230480,1209600,2770,0,18,0,9861200,2,0,0,0,AhzOj17IEC,eSGpMwS8zSGgq_trOpckZ5,taul,1K8T,TyGl,AqBOO2w,wD13J6M,NTYY,9_Y1,iVbl,VpdQ,IYzP,GjJ35utlTa_GNSvxxpb9ju,kIsH,uKAI,L84s,UbxQ8lZ,y5FPsys,tLfp,cJvF,FzaX,54pmXGT,Al6ZaUT,eEf_x6D,LM8l689qOp,7aLG,02N6s8f,R4y5gQQWY8OodqDV
0,665,0,0,128,160,152,253.52,0,2073600,0,3.679128,9,28,0,321888,0,171551.7,0,14,40,16,92598.8,570,24,0,0,0,3265820,0,0,18,0,10494160,0,3628800,0,0,YddTmBtueT,RO12,taul,1K8T,487l,77f44U8,GV4wipOBzP6NRbCo,UbQH,9_Y1,C6Eu,VpdQ,lVqb,me75fM6ugJ,kIsH,uKAI,L84s,XfqtO3UdzaXh_,XTbPUYD,nTfM,cJvF,FzaX,tzp8jNM,oslk,5nQ7A2G,LM8l689qOp,rgKb,RAYp,F2FyR07IdsN7I
0,1316,14,3064,212,265,48,220.48,0,258918,0,6.845119,18,106,7,328504,0,24162.66,25,12,72,32,-236580.8,1035,114,18144,0,323855,63276,2600,0,9,290010,1149100,26,267666,0,0,lAFgUHEmnE,2Knk1KF,taul,1K8T,lK27,6oGKKVi,VxueejWCG_,POkS,9_Y1,em8I,VpdQ,69fI,me75fM6ugJ,kIsH,g5HH,L84s,XfqtO3UdzaXh_,XTbPUYD,5QDB,cJvF,FzaX,MiS0IU9,oslk,8oT2fT4,M_8D,me1d,RAYp,55YFVY9
0,994,7,12,200,250,152,166.56,0,1549494,0,6.504593,9,76,0,162936,0,37926.6,5,4,32,96,44886.4,625,18,60948,0,354995,76114,110,0,9,0,2017616,26,181992,0,0,V8lBcmz45j,RO12,taul,1K8T,X9_k,6CXYbuk,FGZ17D89FT,aZbN,9_Y1,yrDU,VpdQ,sYC_,Kxdu,kIsH,uKAI,L84s,9pUnzWLbztKTo,y5FiGpF,G71O,cJvF,FzaX,ROeipLp,zCkv,K2SqEo9,LM8l689qOp,Qcbd,6fzt,am14IcfM7tWLrUmRT52KtA
0,2821,7,928,620,775,88,220.08,0,1275300,0,1.997436,18,32,91,4367480,0,43974.3,50,76,496,304,-14390.72,5235,150,35019,0,6619450,156792,7425,0,18,722134,8806680,66,183096,0,0,8Iqt0G8rTN,RO12,taul,1K8T,SzjZ,gwY4NQF,RuVy67M,3GQz,9_Y1,k13i,VpdQ,zm5i,me75fM6ugJ,kIsH,uKAI,Mtgm,NhsEn4L,kZJtVhC,6SLC,cJvF,FzaX,t5EoLzk,oslk,ag5iNPX,LM8l689qOp,fKCe,RAYp,F2FyR07IdsN7I
0,679,7,2112,32,40,16,261.52,0,4108086,0,6.626362,9,202,84,4838408,0,64171.2,5,0,8,8,310376.8,340,12,3618,0,3387355,829068,4670,0,36,0,9867840,4,0,0,0,1YVvyx7IEC,NRCqczK,ev6I,1K8T,z32l,fhk21Ss,FoJylxy,tyay,9_Y1,f4dr,VpdQ,y6dw,7M47J5GA0pTYIFxg5uy,kIsH,uKAI,Mtgm,_5OXC8MSLt,11pMFCG,FaHP,UYBR,FzaX,4UxGlow,oslk,catzS2D,LM8l689qOp,szEZ,ZI9m,NoEd
0,385,7,2056,108,135,32,226.72,0,0,0,0.8684042,9,142,0,274512,0,73383.3,0,2,8,24,44872,390,0,1503,0,2842520,190136,95,0,18,79051,2836716,38,67758,0,0,ZlOBLJED1x,2Knk1KF,taul,1K8T,7M9D,PHNvXy8,oI3dOfoZBD,Dbfv,9_Y1,YGOC,VpdQ,haYg,NKv3VA1BpP,kIsH,3av_,L84s,Ie_5MZs,teAr_3I,08TX,cJvF,FzaX,UF16siJ,zCkv,APgdzOv,LM8l689qOp,szEZ,6fzt,Zy3gnGM
0,763,21,10588,148,185,16,369.92,0,9858900,0,2.02884,36,180,812,0,0,225605.1,45,0,32,0,81485.6,530,132,18081,0,125660,213830,1150,0,36,0,10211160,8,0,0,0,u6tWq6edh4,2Knk1KF,taul,1K8T,Y2P0,fhk21Ss,Tg7jjBB,qfkk,9_Y1,_xpN,VpdQ,hAFG,7M47J5GA0pTYIFxg5uy,kIsH,uKAI,L84s,XfqtO3UdzaXh_,beKPUYD,yiMX,UYBR,FzaX,4UxGlow,oslk,catzS2D,jySVZNlOJy,FSa2,ZI9m,iyHGyLCEkQ
0,791,7,2616,132,165,24,186.64,0,2029026,0,1.857936,9,66,28,4665720,0,245670,5,2,32,56,186912.4,465,30,24660,0,6696150,475230,2180,0,18,1764035,10340360,32,475230,0,0,HrWq9aXt5a,RO12,taul,1K8T,L80O,Kwerbwz,6uerj6GG35,Xw7x,9_Y1,Y9Bl,VpdQ,IYzP,me75fM6ugJ,kIsH,uKAI,L84s,NhsEn4L,mAja5EA,uEZj,cJvF,FzaX,CFUvOIl,oslk,c1XAwsZ,M_8D,uWr3,RAYp,F2FyR07IdsN7I
0,1302,7,404,156,195,64,66.88,0,23544,0,0.5597095,18,156,98,69432,0,4320.93,0,10,80,72,-1872324,710,18,30627,0,99495,52494,1190,0,27,56798,296248,28,91878,0,0,1PnOj1KVEH,2Knk1KF,taul,1K8T,lK27,Q9RASYT,q3Vr4P0ujC,u0cA,9_Y1,ID5l,09_Q,69fI,me75fM6ugJ,kIsH,uKAI,Mtgm,XfqtO3UdzaXh_,XTbPUYD,Yp7n,cJvF,FzaX,NRwAWQ7,oslk,fGIAGfT,LM8l689qOp,kwS7,RAYp,TCU50_Yjmm6GIBZ0lL_
0,1953,14,248,168,210,48,166.56,0,8158500,0,3.101047,18,98,63,2346760,0,78916.2,25,0,32,40,118941.6,1470,108,64314,0,1190370,483848,1160,0,9,0,10260360,16,0,0,0,AUUt0GoOh3,RO12,taul,1K8T,7gSz,V2og2A0,NKax3On,gIP0,9_Y1,rGJy,VpdQ,sYC_,me75fM6ugJ,kIsH,uKAI,L84s,NhsEn4L,beK4AFX,RoQE,UYBR,FzaX,UjGuLpj,oslk,3QPw991,LM8l689qOp,Qu4f,RAYp,F2FyR07IdsN7I
0,1407,7,236,228,285,80,240.56,0,60870,0,0.9487289,9,96,0,243864,0,4246.65,5,4,56,96,32837,910,36,31086,0,253610,47472,400,0,9,8281,469668,52,11880,0,0,JMGq9at_88,RO12,taul,1K8T,72yt,WkH7nZN,aXxa6N_,EddR,9_Y1,KfYH,VpdQ,lVqb,me75fM6ugJ,kIsH,g5HH,L84s,XfqtO3UdzaXh_,11p4mKe,D04_,cJvF,FzaX,scZ0Q3K,oslk,zmvzrB7,LM8l689qOp,me1d,RAYp,F2FyR07IdsN7I
0,1638,7,620,328,410,160,133.12,0,1938,0,6.396924,9,110,224,175832,0,2454.756,0,14,64,176,12237,930,6,35118,0,191480,26318,7370,0,36,6342,355692,64,90996,0,0,1KSqrQK2Mx,RO12,taul,1K8T,0Xwj,kJ1ERUT,P9HTde2,ZaKC,HLqf,15m3,VpdQ,wMei,7M47J5GA0pTYIFxg5uy,sBgB,uKAI,L84s,leSl,CWNHJ27,6S3f,cJvF,FzaX,MMTJrCp,QKW8DRm,Rkj9jvX,LM8l689qOp,FSa2,vJ_w8kB,WfJ2BB2SFSqauljlfOB
0,546,7,88,128,160,8,266.88,0,855228,0,3.800897,9,140,7,5529600,0,148254.6,0,0,32,64,213143.2,695,18,2088,0,8637950,75204,145,0,36,0,10395720,40,0,0,0,Yn7t0Go8Lb,2Knk1KF,taul,1K8T,g6No,tAqBboK,YoRN1KTszPHt3,Taoo,9_Y1,Z5OU,09_Q,G_zk,me75fM6ugJ,kIsH,uKAI,L84s,XfqtO3UdzaXh_,11p4mKe,PrZW,UYBR,FzaX,B0LABPr,oslk,UP3EVaf,LM8l689qOp,Qu4f,RAYp,55YFVY9
0,1092,21,3640,128,160,16,607.44,0,1324794,0,0.760094,36,80,133,6220800,0,194553.9,0,0,32,72,115703.6,495,18,43371,0,7471600,345600,6205,0,0,0,10662080,36,0,0,0,dRaTmBfHUn,RO12,taul,1K8T,ujBx,77fJ9iC,ElQylxy,9Asf,9_Y1,4N0K,09_Q,IYzP,me75fM6ugJ,kIsH,uKAI,Mtgm,NhsEn4L,mAjbk_S,xPUp,UYBR,FzaX,t5EvdH_,oslk,E2dQguc,M_8D,Qu4f,RAYp,F2FyR07IdsN7I
0,595,0,3968,24,30,24,200,0,0,0,0.01239051,18,100,98,0,0,2974.026,0,0,0,0,-6633.24,420,0,66285,0,460,11294,0,0,27,0,22956,6,0,0,0,HYTrjIK12c,RO12,taul,1K8T,pGTb,BMnJ89M,3mAIgJy7b0,Q1JC,9_Y1,7WNq,09_Q,haYg,me75fM6ugJ,kIsH,uKAI,L84s,XfqtO3UdzaXh_,XTbPUYD,v3A6,cJvF,AU8pNoi,8d5YWu3,oslk,sXbT3Cb,LM8l689qOp,WqMG,RAYp,F2FyR07IdsN7I
0,1288,7,216,104,130,16,166.56,0,0,0,1.368938,9,152,7,710848,0,14412.24,10,4,48,104,387185.2,285,0,6741,0,2055305,172806,980,0,18,284956,2613152,14,282798,0,0,DHevyx7IEC,g62hiBSaKg,taul,1K8T,0Xwj,fhk21Ss,GHfL3MpXAX,HWmm,HLqf,qaiO,VpdQ,haYg,7M47J5GA0pTYIFxg5uy,sBgB,uKAI,L84s,leSl,teA09W3,JLCz,cJvF,FzaX,4UxGlow,QKW8DRm,catzS2D,LM8l689qOp,szEZ,ZI9m,ib5G6X1eUxUn6
0,770,7,596,292,365,176,166.56,0,48954,0,0.8741722,9,40,329,1075136,0,21616.65,0,10,56,160,271020.8,640,36,4599,0,932885,498804,800,0,0,485331,2459956,40,218754,0,0,a4vvyxLkBI,RO12,taul,1K8T,TyGl,32pCIek,ua2Ysdy,nzeT,9_Y1,_r21,sJzTlal,IYzP,me75fM6ugJ,kIsH,uKAI,L84s,NhsEn4L,mAjbk_S,PN3n,UYBR,FzaX,FB4YlW4,oslk,0p8OTZB,LM8l689qOp,xb3V,RAYp,F2FyR07IdsN7I
0,1232,28,232,260,325,80,320.4,10,490848,0,5.696646,36,34,322,5661400,0,148553.1,30,4,64,72,125549.2,785,96,36756,16,8414550,199260,3865,0,9,0,10505440,44,107274,0,0,crIgUHSK8h,RO12,LfvqpCtLOY,1K8T,EJC9,jwhtMxl,ffowBL24LVGZd,Mx5G,9_Y1,RVjC,09_Q,zm5i,me75fM6ugJ,kIsH,uKAI,L84s,NhsEn4L,kZJyVg2,9haV,UYBR,FzaX,fabLnWA,oslk,EPqQcw6,LM8l689qOp,FSa2,RAYp,F2FyR07IdsN7I
0,980,14,2036,148,185,40,189.2,0,3542142,0,3.331767,18,48,1743,116048,0,119489.7,10,4,40,16,274794.8,605,48,85374,0,925790,692400,2260,0,0,398440,5462640,36,341520,0,0,75lq9ayfAo,RO12,taul,1K8T,hAOr,X7nM3I9,etM739XNbCmUu,kBKw,9_Y1,F_Lu,VpdQ,IYzP,me75fM6ugJ,kIsH,uKAI,L84s,NhsEn4L,mAjbk_S,62Rd,cJvF,FzaX,RnYQ_Zs,oslk,4Iey5oW,LM8l689qOp,TNEC,RAYp,F2FyR07IdsN7I
0,28,0,0,16,20,0,66.88,0,0,0,2.549455,9,14,0,70712,0,12810,5,4,16,8,-1642808,20,0,0,0,0,0,0,0,0,23919,68320,0,29304,0,0,8I1r4RXXnK,RO12,taul,1K8T,z32l,XvJdiSi,wD13J6M,5izm,9_Y1,Cgc3,VpdQ,IYzP,me75fM6ugJ,kIsH,uKAI,L84s,XfqtO3UdzaXh_,XTbPUYD,tPRP,cJvF,FzaX,nEyOVQC,oslk,DenTzYj,LM8l689qOp,Xa3G,RAYp,F2FyR07IdsN7I
0,3913,7,488,264,330,96,233.68,0,4628214,0,4.184362,9,78,0,135544,0,32110.8,40,6,56,24,-95960,825,66,14067,0,1320605,515542,860,0,0,34321,8063920,58,89310,0,0,dRaq9ayE15,RO12,taul,1K8T,487l,qmXYbuk,n1zVHpT8NN,jrUy,9_Y1,vm5R,09_Q,IYzP,me75fM6ugJ,kIsH,uKAI,L84s,NhsEn4L,TDceha3,9eg8,UYBR,FzaX,hDRv66D,oslk,2JfQ3DB,LM8l689qOp,7P5s,RAYp,F2FyR07IdsN7I
0,1036,7,12,140,175,80,133.12,0,0,0,5.37727,9,62,7,988352,0,46609.2,0,10,40,56,-274723.2,460,0,2034,0,1072275,323426,5,0,0,239134,2294768,26,443880,0,0,4bwt0GoOh3,RO12,taul,1K8T,7gSz,jF69B7S,7vJz3tk,gUeG,9_Y1,Z5OU,VpdQ,IYzP,me75fM6ugJ,kIsH,uKAI,L84s,NhsEn4L,TDceha3,rToG,UYBR,FzaX,7Jxv1FD,oslk,je1TL5Q,LM8l689qOp,Qu4f,RAYp,F2FyR07IdsN7I
0,784,7,240,140,175,40,255.44,0,6587340,0,1.676138,9,32,182,3101272,0,152951.1,15,0,32,48,317842.8,545,84,17109,0,2772190,792052,2245,0,0,0,10596040,14,0,0,0,bZkvyxLkBI,RO12,taul,1K8T,Xa_z,nLJVdmm,YQcPlrpk3WNO0,vdYO,9_Y1,lXxA,VpdQ,IYzP,me75fM6ugJ,kIsH,uKAI,L84s,NhsEn4L,mAjbk_S,DQH4,cJvF,FzaX,sy7fR8o,oslk,QPHTy9x,LM8l689qOp,xb3V,RAYp,F2FyR07IdsN7I
0,3003,7,2268,324,405,184,296,0,2817858,0,2.770562,18,62,14,652192,9,25982.58,35,16,72,88,-263658,2350,54,828,32,2406815,448928,815,0,0,687470,7028280,46,1583352,0,7,HYTrjIK12c,RO12,taul,1K8T,pGTb,pKp9m4c,V_KR_LD,Xz6c,9_Y1,7WNq,VpdQ,IYzP,me75fM6ugJ,kIsH,uKAI,L84s,NhsEn4L,mAjbk_S,CFP2,UYBR,FzaX,xtRLnWA,oslk,e2Oj5v6,LM8l689qOp,WqMG,RAYp,F2FyR07IdsN7I
0,1085,7,36,116,145,96,133.12,0,403818,0,3.780816,9,60,49,706984,0,23773.11,0,2,24,24,92018.4,545,12,74529,0,265945,457208,570,0,0,0,1753344,22,5202,0,0,FAJgUH7ejg,RO12,taul,1K8T,487l,KDB0hSn,II0S8f9,6fqN,9_Y1,m_h1,VpdQ,IYzP,me75fM6ugJ,kIsH,uKAI,L84s,NhsEn4L,TDcECyH,5NaN,UYBR,FzaX,oPZNgdR,oslk,ct0Qb98,LM8l689qOp,WqMG,RAYp,F2FyR07IdsN7I
0,651,0,0,100,125,16,317.6,0,4441404,0,0.804529,36,28,0,1184560,0,222301.5,30,6,40,32,566248,490,18,0,0,5324600,18396,0,0,18,0,10355920,14,86214,0,0,UCDvyx8zhV,RO12,taul,1K8T,TyGl,WBE7_nh,V_KvNzO,o7t0,9_Y1,MBhA,VpdQ,zm5i,me75fM6ugJ,kIsH,uKAI,L84s,NhsEn4L,mAjbk_S,B5tG,UYBR,FzaX,Nh_lI5k,oslk,MKErUdI,LM8l689qOp,WqMG,RAYp,F2FyR07IdsN7I
0,2842,7,2476,332,415,176,233.44,0,75462,0,3.317453,9,92,238,170592,0,3488.7,15,26,112,120,-52922,1280,90,18054,0,81420,48582,160,0,9,25004,406792,30,123054,0,0,KXMgUH7IEC,RO12,taul,1K8T,JLbT,WkHCdxD,EXpWEXgaYpMJ7,c2KK,9_Y1,m_h1,VpdQ,IYzP,me75fM6ugJ,kIsH,uKAI,L84s,NhsEn4L,kq0ELEt,BfEk,UYBR,FzaX,scZOjel,oslk,MM1zrB7,jySVZNlOJy,WqMG,RAYp,F2FyR07IdsN7I
0,777,7,7864,128,160,96,220.08,0,2178624,0,6.711173,18,62,945,2073600,0,225406.2,10,4,32,24,191070.8,525,30,3861,0,2306680,2034400,6105,0,9,604800,9769000,16,1011654,0,0,dRaTmBfHUn,RO12,taul,1K8T,487l,R4C9W2K,CdPgMY1Z52,E4f_,9_Y1,4N0K,VpdQ,sYC_,me75fM6ugJ,kIsH,uKAI,L84s,NhsEn4L,kq0n8Bj,MzkS,UYBR,qxDb,zqsvdH_,oslk,jhrTQlu,M_8D,Qu4f,RAYp,F2FyR07IdsN7I
0,1932,0,236,276,345,168,167.2,0,0,0,0.455031,27,132,0,1101800,0,14943,0,14,96,104,-1690020,1225,0,7308,0,856725,350988,0,0,27,548562,2132956,56,292050,0,0,Mtpt0G8EIb,2Knk1KF,taul,1K8T,NF63,PHNvXy8,V_KR_LD,lbjH,9_Y1,k13i,VpdQ,lVqb,NKv3VA1BpP,kIsH,uKAI,Mtgm,Ie_5MZs,CWNY2py,eH0M,UYBR,FzaX,UF16siJ,zCkv,APgdzOv,LM8l689qOp,fKCe,6fzt,Zy3gnGM
0,868,7,40,144,180,24,338.56,0,7783200,0,3.25956,18,30,14,1382400,0,167406,35,0,32,16,441568,695,96,19440,0,3033475,58656,750,0,9,0,10795120,16,0,0,0,4e7gUH7IEC,RO12,taul,1K8T,0Xwj,gF91x3Z,ZkibjLN5VwJ2V,e8Ig,HLqf,m_h1,VpdQ,IYzP,me75fM6ugJ,sBgB,uKAI,Mtgm,NhsEn4L,kZJyVg2,Ew1T,UYBR,FzaX,9UdCLWs,oslk,G6quVxn,jySVZNlOJy,WqMG,RAYp,F2FyR07IdsN7I
0,3101,7,364,460,575,296,186.64,0,3708,0,3.882077,9,86,7,334608,0,6784.229,15,74,296,200,-10983.84,1655,6,526860,0,60520,93304,1190,0,18,232365,712724,24,405918,0,0,YddTmBtueT,RO12,taul,1K8T,TyGl,xowcVcA,9YuYZx0Xsm,SOkz,9_Y1,C6Eu,VpdQ,sYC_,me75fM6ugJ,kIsH,uKAI,L84s,NhsEn4L,kq0aHkC,qLRt,UYBR,FzaX,AOhfql_,oslk,BMVRkup,LM8l689qOp,rgKb,RAYp,F2FyR07IdsN7I
0,784,35,11508,128,160,32,297.04,0,7257600,0,2.57445,45,208,3696,884312,0,221452.8,20,2,48,32,77398.4,510,84,31374,0,2160025,519456,5470,0,63,155484,9754320,10,518400,0,0,xOXrjIQq3d,TW8dXluYzKpktZjuY8kSPBaZa,LfvqpCtLOY,1K8T,NHzE,fhk21Ss,bGUqwlz,VNjO,9_Y1,RVjC,VpdQ,y6dw,7M47J5GA0pTYIFxg5uy,kIsH,uKAI,L84s,nlbpV6E,EknXpba,p8c0,UYBR,OFWH,4UxGlow,QKW8DRm,catzS2D,jySVZNlOJy,FSa2,ZI9m,NoEd
0,518,7,72,52,65,32,137.68,0,0,0,0.3300577,18,122,0,464,0,13298.4,0,12,32,8,-585576,295,0,2493,0,6545,20582,10,0,0,81788,129080,4,123672,0,0,E3dr4RQxul,2Knk1KF,taul,1K8T,AHgj,THRJJYr,MypvvoIQqc,tddR,9_Y1,z5Ry,09_Q,IYzP,me75fM6ugJ,kIsH,uKAI,L84s,NhsEn4L,_JdALQ2,rR2u,UYBR,FzaX,Nr9Y_02,oslk,afdTzYj,LM8l689qOp,FSa2,RAYp,55YFVY9
0,2849,14,4436,340,425,104,453.2,0,1996092,0,3.580004,18,180,280,3172152,0,42972.3,20,6,32,136,282044.4,1240,102,70695,0,3637620,361484,6790,0,54,0,7161080,62,237012,0,0,9rAq9at_88,LrdZy8QqgUfkVShG,taul,1K8T,sbZD,fhk21Ss,pbNgbi2,qqlk,9_Y1,KfYH,VpdQ,6JmL,7M47J5GA0pTYIFxg5uy,kIsH,g5HH,L84s,4kVnq_T26xq1p,pMWWg7r,7mgE,cJvF,FzaX,4UxGlow,zCkv,catzS2D,LM8l689qOp,me1d,ZI9m,ib5G6X1eUxUn6
0,5236,7,904,1212,1515,816,220.08,0,5883894,0,6.599658,9,130,518,1675776,0,16211.58,40,58,312,336,405104,3230,114,5967,0,3478905,248932,800,0,36,320565,9826360,206,434946,0,0,eOQt0GoOh3,AERks4l,taul,1K8T,ffXs,NldASpP,y4g9XoZ,4bTR,9_Y1,MGOA,VpdQ,haYg,DHn_WUyBhW_whjA88g9bvA64_,kIsH,uKAI,L84s,UbxQ8lZ,pMWAe2U,bHR7,UYBR,FzaX,JFM1BiF,Al6ZaUT,NKv4yOc,jySVZNlOJy,Qu4f,02N6s8f,ib5G6X1eUxUn6
0,343,7,524,40,50,32,133.12,0,5268,0,6.48558,9,114,77,187024,0,12540.75,0,4,32,16,-130028,205,12,124272,0,0,35420,35,0,9,242417,228456,0,90888,0,0,2AAWq69R_D,2Knk1KF,taul,1K8T,ssAy,PHNvXy8,puVN1KTszPHt3,bRhl,9_Y1,Px52,09_Q,wMei,NKv3VA1BpP,kIsH,uKAI,L84s,Ie_5MZs,XTbjhEX,N2Wk,cJvF,FzaX,UF16siJ,zCkv,APgdzOv,LM8l689qOp,PM2D,6fzt,Zy3gnGM
0,1953,7,408,292,365,184,133.12,0,78888,0,6.072206,9,132,49,98488,0,14196.18,0,20,120,128,-289211.6,1030,42,113769,0,508295,167066,2485,0,27,50344,892364,34,74640,0,0,V8lBcmz45j,g62hiBSaKg,taul,1K8T,lK27,fhk21Ss,IG_G867,97MT,9_Y1,yrDU,VpdQ,haYg,7M47J5GA0pTYIFxg5uy,kIsH,uKAI,L84s,4kVnq_T26xq1p,cUQ4ya6,E3nz,UYBR,FzaX,4UxGlow,zCkv,catzS2D,LM8l689qOp,Qcbd,ZI9m,ib5G6X1eUxUn6
0,728,7,36,124,155,8,220.08,0,10886460,0,6.090579,9,34,0,0,0,231378.3,45,0,32,0,139747.6,485,126,1566,0,0,64240,375,0,9,0,10496560,0,0,0,0,etYt0G8EIb,RO12,taul,1K8T,2Ix5,hWv5xck,nQUBcBcErl,qaHQ,9_Y1,e7QV,VpdQ,43pnToF,me75fM6ugJ,kIsH,uKAI,L84s,NhsEn4L,mAjbk_S,CX9c,UYBR,FzaX,MQG88FJ,oslk,865zgmc,LM8l689qOp,fKCe,RAYp,F2FyR07IdsN7I
0,3724,14,5988,552,690,208,133.76,0,83964,0,6.424695,18,112,231,544872,0,4632.9,40,48,296,312,-1793180,1555,84,7002,0,223610,113474,1430,0,27,130116,955856,54,198414,0,0,HYTrjIK12c,eSGpMwS8zSGgq_trOpckZ5,taul,1K8T,Guv5,hbCysxi,YQcPlrpk3ptPA,pUzu,9_Y1,7WNq,VpdQ,oZyB,GjJ35utlTa_GNSvxxpb9ju,kIsH,uKAI,L84s,UbxQ8lZ,ORMRote,XyD0,cJvF,FzaX,bhMaZbr,Al6ZaUT,E3jGzM0,LM8l689qOp,WqMG,02N6s8f,R4y5gQQWY8OodqDV
0,1078,7,1084,208,260,176,167.2,0,0,0,6.886563,9,48,28,191880,0,5164.35,0,12,80,88,-1288148,780,0,83232,0,87060,93182,115,0,9,69874,386808,26,52284,0,0,6m0t0G8rTN,RO12,taul,1K8T,wOc1,gwY4NQF,N4xbMThNdK,Vwbq,9_Y1,e7QV,VpdQ,69fI,me75fM6ugJ,kIsH,uKAI,L84s,XfqtO3UdzaXh_,XTbPUYD,pVmN,UYBR,FzaX,t5EoLzk,oslk,ag5iNPX,LM8l689qOp,fKCe,RAYp,F2FyR07IdsN7I
0,1022,7,2680,144,180,32,108.88,5,3801648,9,6.157018,9,200,28,1903472,3,164201.4,15,8,32,40,17617.72,535,48,16668,24,3950530,646124,1470,0,18,1108814,10066000,24,1900824,0,0,2jirEyXktW,TW8dXluYzKpktZjuY8kSPBaZa,CiJDdr4TQ0rGERIS,1K8T,z32l,fhk21Ss,bGUqwlz,KvLZ,9_Y1,SkZj,VpdQ,y6dw,7M47J5GA0pTYIFxg5uy,kIsH,uKAI,Mtgm,a3CcPDe,CWNLnTo,ooAE,cJvF,FzaX,4UxGlow,QKW8DRm,catzS2D,LM8l689qOp,Aoh3,ZI9m,NoEd
0,980,7,2464,180,225,24,220.08,0,4095570,0,0.3768426,9,134,56,1624000,0,170507.1,35,4,40,32,328320,640,84,11457,0,5078000,183880,390,0,27,604800,10360640,30,564090,0,0,npOBcmzkzH,rEUOq2QD1qfkRr6qpua,taul,1K8T,42Cy,fhk21Ss,PxoxMpN5VbWWQ,P86N,9_Y1,4nnx,VpdQ,haYg,7M47J5GA0pTYIFxg5uy,kIsH,uKAI,L84s,XfqtO3UdzaXh_,XTbPUYD,LUiP,cJvF,FzaX,4UxGlow,oslk,catzS2D,LM8l689qOp,Qcbd,ZI9m,ib5G6X1eUxUn6
0,2786,35,136,1676,2095,688,186.64,0,4232574,0,1.751549,45,76,7,2478864,0,58199.7,160,44,424,392,158649.6,5630,462,28494,0,3715115,909332,1675,0,9,300692,10604920,306,817554,0,0,xearjIX0Db,RO12,LfvqpCtLOY,1K8T,TyGl,Xkt4wFk,bGUqwlz,qWkf,9_Y1,WIr3,VpdQ,IYzP,me75fM6ugJ,kIsH,uKAI,L84s,NhsEn4L,mAjbk_S,a7jC,cJvF,FzaX,ZCE8XLE,oslk,dxB79_c,LM8l689qOp,5Acm,RAYp,F2FyR07IdsN7I
0,252,7,4,8,10,8,166.56,0,0,0,2.382611,18,130,0,7176,0,9648.6,0,0,0,8,8598.84,70,0,49140,0,0,11248,75,0,18,0,26084,0,0,0,0,E3dr4RQxul,2Knk1KF,taul,1K8T,0Xwj,34dq7r9,k10MzgT,zrY9,HLqf,z5Ry,VpdQ,sYC_,me75fM6ugJ,sBgB,uKAI,L84s,NhsEn4L,beK4AFX,cqxq,UYBR,FzaX,drWYWu3,oslk,0XlAKIt,LM8l689qOp,FSa2,RAYp,55YFVY9
0,2282,7,0,472,590,360,220.08,0,1592718,0,6.54561,9,70,0,2375040,0,67161.91,30,32,160,144,-1300936,985,96,6633,0,1396895,531934,105,0,9,263977,5336680,34,883590,0,0,_v2rjIKQ76,RO12,taul,1K8T,487l,LJSqkpJ,bcWFDkC,ZHYH,9_Y1,7WNq,VpdQ,Tkho,me75fM6ugJ,kIsH,uKAI,L84s,NhsEn4L,kq0aHkC,Q_Iv,UYBR,FzaX,5LLYjZW,oslk,4IrA9vx,LM8l689qOp,WqMG,RAYp,F2FyR07IdsN7I
0,119,7,564,20,25,32,166.56,0,0,0,0.6205939,18,74,0,0,0,5926.23,0,0,0,0,-14283.4,40,0,1854,0,19515,26796,10,0,9,0,69204,2,0,0,0,1KSqrQK2Mx,RO12,taul,1K8T,AnrR,rPAblEW,n1zVHpT8NN,PE2o,9_Y1,15m3,sJzTlal,lVqb,me75fM6ugJ,kIsH,uKAI,L84s,XfqtO3UdzaXh_,XTbPUYD,uNp0,cJvF,FzaX,bEm38SL,oslk,serQJQm,LM8l689qOp,FSa2,RAYp,F2FyR07IdsN7I
0,644,14,6896,128,160,0,274,0,10229580,0,5.332621,27,198,343,0,0,73205.7,45,0,32,0,-13482.84,500,120,88029,0,698530,0,220,0,36,0,10488960,6,0,0,0,ZSNq9atbb6,_7J0OGNN8s6gFzbM,CiJDdr4TQ0rGERIS,1K8T,sbZD,fhk21Ss,r5GuVHq,5hez,9_Y1,KfYH,09_Q,haYg,7M47J5GA0pTYIFxg5uy,kIsH,g5HH,L84s,MeOIHRG3F9,EknepHi,y8W_,cJvF,AU8_WTd,4UxGlow,zCkv,catzS2D,jySVZNlOJy,me1d,ZI9m,ZeaF
0,1575,7,2360,128,160,24,153.2,0,4526304,0,4.04593,18,114,21,24560,3,75211.8,20,4,16,16,-367526,495,60,26757,8,789965,174356,11870,0,18,0,6012160,22,1036800,0,0,FAJgUH7ejg,2Knk1KF,taul,1K8T,dm89,lUpdCrr,_jTP8ioIlJ,umg2,9_Y1,m_h1,VpdQ,hzlB,me75fM6ugJ,kIsH,uKAI,L84s,XfqtO3UdzaXh_,XTbPUYD,8JTE,UYBR,FzaX,t39OtFs,oslk,G9lTL5Q,LM8l689qOp,WqMG,RAYp,55YFVY9
0,427,7,1980,268,335,136,703.44,0,333984,0,6.046571,18,98,721,18992,0,5709.39,0,6,32,16,-1828592,1330,144,52659,0,183510,121604,2945,0,0,0,676216,42,81072,0,0,vNEOj1dtN_,RO12,taul,1K8T,aD1X,6CXYbuk,MXlhT5l,jKAR,9_Y1,DFSe,09_Q,IYzP,Kxdu,kIsH,g5HH,L84s,9pUnzWLbztKTo,y5FWIFG,tvJS,cJvF,qxDb,ROeipLp,zCkv,K2SqEo9,jySVZNlOJy,me1d,6fzt,am14IcfM7tWLrUmRT52KtA
0,735,7,2732,124,155,128,286.96,0,0,0,4.001068,18,160,21,2463184,0,192222.6,5,10,40,32,-134529.6,485,0,17523,0,2160000,2764800,80,0,9,0,10365520,10,2592000,0,0,uGLq9ayE15,AERks4l,taul,1K8T,TyGl,fhk21Ss,TbQyCeZ21flwy,Hb5I,9_Y1,vm5R,VpdQ,hAFG,7M47J5GA0pTYIFxg5uy,kIsH,uKAI,L84s,a3CcPDe,11p_E1H,vDBm,cJvF,FzaX,4UxGlow,QKW8DRm,catzS2D,LM8l689qOp,7P5s,ZI9m,ib5G6X1eUxUn6
0,1057,7,2860,156,195,0,375.28,0,3682410,0,6.122196,18,56,56,4480048,0,199747.2,20,4,48,56,180609.2,560,60,79803,0,6188700,0,7025,0,0,1099336,10624840,32,139068,0,0,KXMgUH7IEC,RO12,taul,1K8T,72yt,2RbJW6S,msIqHk8toE,jWos,9_Y1,m_h1,VpdQ,sYC_,me75fM6ugJ,kIsH,uKAI,L84s,NhsEn4L,kq0n8Bj,qYx7,cJvF,FzaX,ie3C5vH,oslk,35G7_Bz,LM8l689qOp,WqMG,RAYp,F2FyR07IdsN7I
0,1267,7,2084,212,265,72,228.88,0,5979936,0,4.877377,36,164,77,3140192,0,134712.3,20,0,32,64,61590.4,780,108,60579,0,3898975,177746,180,0,45,604800,10278680,28,0,0,0,LDPgUHXZeb,2Knk1KF,taul,1K8T,ZHNR,fhk21Ss,nJy8d8N5VniGX,1qtb,9_Y1,STGZ,VpdQ,haYg,7M47J5GA0pTYIFxg5uy,kIsH,uKAI,L84s,Ie_5MZs,CWNY2py,s9FI,UYBR,FzaX,4UxGlow,zCkv,catzS2D,LM8l689qOp,453m,ZI9m,TCU50_Yjmm6GIBZ0lL_
0,756,7,1868,160,200,144,200,0,0,0,6.39607,9,108,238,1963856,0,34834.2,0,4,32,104,47018,540,0,12996,0,309960,585398,620,0,9,951426,2640156,14,359196,0,0,a4vvyxLkBI,RO12,taul,1K8T,ssAy,iJzviRg,jt3xMpI_cxIIW,BDYI,9_Y1,vzJD,sJzTlal,haYg,7M47J5GA0pTYIFxg5uy,kIsH,uKAI,L84s,4ylQpLr46xum2hHQ,7Wwo8pg,Eb1Y,cJvF,FzaX,ch2oGfM,z4pH,P6pu4Vl,LM8l689qOp,xb3V,ZI9m,R4y5gQQWY8OodqDV
0,1239,7,144,72,90,40,191.36,0,664602,0,1.030335,9,48,0,0,3,11241.96,0,0,0,0,-838228,580,18,152649,24,213735,17194,25,0,0,0,648444,20,0,0,14,EsYq9aX0Db,RO12,taul,1K8T,nCqp,qEKLIo1,y2LIM01bE1,IyWb,9_Y1,Y9Bl,09_Q,IYzP,DHn_WUyBhW_whjA88g9bvA64_,kIsH,uKAI,L84s,CrNX,AuSPDRg,WmCU,UYBR,FzaX,13j7k0_,d0EEeJi,S2JrUdI,LM8l689qOp,uWr3,nIGXDli,F2FyR07IdsN7I
0,4410,7,1040,28,35,8,253.52,0,1544136,0,0.5554368,36,32,0,0,0,31570.5,10,0,8,0,140432,675,6,20025,0,4732565,477318,1365,0,18,0,9600680,6,0,0,0,2jirEyXktW,RO12,taul,1K8T,YFAj,WtcJHBC,fXeumA5,aoR5,9_Y1,H1uM,VpdQ,zm5i,me75fM6ugJ,kIsH,uKAI,L84s,NhsEn4L,kZJtVhC,yZmH,cJvF,FzaX,380vbB7,oslk,WUmK0JH,LM8l689qOp,Aoh3,RAYp,F2FyR07IdsN7I
0,63,0,0,16,20,0,230.08,0,0,0,1.475326,9,16,0,8346160,0,493593,0,0,8,16,-308295.2,140,0,0,0,6048000,0,0,0,0,0,9011480,4,0,0,0,zcROj17IEC,RO12,taul,1K8T,7M9D,SHmaA9U,qj0efbgZb2VDpkoH,Kfc7,9_Y1,zfpA,09_Q,IYzP,me75fM6ugJ,kIsH,uKAI,L84s,NhsEn4L,mAja5EA,gL_T,UYBR,qxDb,nQmfGrO,oslk,A1pAKIt,LM8l689qOp,7aLG,RAYp,F2FyR07IdsN7I
0,6643,7,15968,1676,2095,328,220.08,0,3084702,0,3.278359,27,126,441,3924992,0,23363.97,215,8,352,432,125354,4035,996,32247,0,5851350,520532,2000,0,18,23205,10360200,222,366462,0,0,1qmr4RQxul,2Knk1KF,taul,1K8T,TyGl,_ybO0dd,e1XhvTunuD,gwgA,9_Y1,z5Ry,VpdQ,sYC_,me75fM6ugJ,kIsH,uKAI,L84s,NhsEn4L,beK4AFX,7Zw8,UYBR,FzaX,L91KIiz,oslk,CE7uk3u,jySVZNlOJy,FSa2,RAYp,55YFVY9
0,791,7,236,180,225,184,167.2,0,177624,0,6.340098,9,44,7,88736,0,11078.07,0,8,40,40,-1427956,550,18,5526,0,93280,204370,1840,0,0,18606,794416,20,222402,0,0,qFpmfo8zhV,RO12,taul,1K8T,QQSE,dSyX0q9,8o3WlGR,Y_Yg,9_Y1,gnEy,sJzTlal,IYzP,me75fM6ugJ,sBgB,uKAI,L84s,XfqtO3UdzaXh_,kq0IkyT,oLm7,cJvF,FzaX,n0ws6v_,oslk,5qERVB_,LM8l689qOp,3Cy4,RAYp,F2FyR07IdsN7I
0,847,7,160,160,200,96,213.36,0,4317072,0,6.374279,9,34,0,963480,0,152019.3,10,8,32,16,124758,625,72,1881,0,2552660,1482940,1565,0,27,1209600,10441400,16,2073600,0,0,P1WvyxLp3Z,RO12,taul,1K8T,R4_H,6KF0k8W,yiXKNUCbD1,CZsd,9_Y1,vzJD,VpdQ,CoYW,me75fM6ugJ,kIsH,uKAI,L84s,XfqtO3UdzaXh_,XTb10lF,W9FI,cJvF,FzaX,ot6oLzk,oslk,IIvC99a,LM8l689qOp,xb3V,RAYp,F2FyR07IdsN7I
0,805,7,148,152,190,48,281.36,0,3131694,0,6.619526,18,130,70,1267232,0,220989,45,0,48,16,143576.4,540,48,603,0,4374250,747464,120,0,36,0,10567000,26,0,0,0,qXhPe2ftjz,2Knk1KF,taul,1K8T,487l,NG6BGTM,II0S8f9,TLPc,9_Y1,mTeA,VpdQ,hzlB,me75fM6ugJ,kIsH,uKAI,L84s,XfqtO3UdzaXh_,11p4mKe,xZGS,UYBR,FzaX,rSNm0jM,oslk,O8sltRa,LM8l689qOp,FSa2,RAYp,55YFVY9
0,1267,7,1724,300,375,136,166.56,0,3656742,0,1.643239,18,60,112,93784,0,96369,30,10,72,72,352919.6,1075,48,19872,0,680155,1956382,930,0,0,0,10365680,60,2479788,0,0,8I1r4RXXnK,RO12,taul,1K8T,1TqK,w1lymPl,_03xtaMIkZsn1,1RZ6,9_Y1,TFSW,VpdQ,IYzP,DHn_WUyBhW_whjA88g9bvA64_,kIsH,uKAI,L84s,CrNX,NGZ_12K,qaGE,cJvF,FzaX,OjxBCHI,d0EEeJi,clfDkqD,jySVZNlOJy,Xa3G,nIGXDli,F2FyR07IdsN7I
0,1239,7,92,88,110,48,186.64,0,6362520,0,4.212348,9,76,49,0,0,60486.9,5,8,8,0,1312280,435,48,80847,0,976850,528180,80,0,27,31829,9940120,6,2248884,0,0,8Fdr4RXXnK,RO12,taul,1K8T,FgS1,3pg460p,DKUDUftgA7,gItN,9_Y1,jakt,VpdQ,sYC_,me75fM6ugJ,kIsH,uKAI,L84s,NhsEn4L,beK4AFX,S25W,cJvF,FzaX,Qf2vbB7,oslk,jZZjeOa,jySVZNlOJy,7FJQ,RAYp,F2FyR07IdsN7I
0,1680,14,5220,216,270,128,143.12,0,954,0,0.7532579,18,160,427,256496,0,5053.29,0,24,96,96,50071.2,970,6,97398,0,138085,67202,5635,0,18,136311,469500,26,143616,0,0,qXh9tYsdof,LrdZy8QqgUfkVShG,taul,1K8T,487l,fhk21Ss,S85uPSDwkC,4V6D,9_Y1,YULl,09_Q,haYg,7M47J5GA0pTYIFxg5uy,kIsH,uKAI,L84s,XfqtO3UdzaXh_,XTbPUYD,d3im,UYBR,FzaX,4UxGlow,oslk,catzS2D,LM8l689qOp,FSa2,ZI9m,ib5G6X1eUxUn6
0,1127,0,0,348,435,208,200,0,46764,0,4.113651,9,104,0,591048,0,9325.771,5,24,120,112,68757.2,865,42,4869,0,332070,229428,0,0,18,143192,1217776,54,249714,0,0,tr0Wq69cTy,2Knk1KF,taul,1K8T,ssAy,RxDMhNR,OthpAth,pI82,9_Y1,Px52,VpdQ,wMei,me75fM6ugJ,kIsH,uKAI,L84s,h0lfDKh52u4GP,IoI4mKe,gqzm,cJvF,FzaX,Y578iqZ,oslk,BG5Rt2K,jySVZNlOJy,PM2D,RAYp,55YFVY9
0,1505,7,2912,128,160,40,299.44,0,3093762,0,6.538774,18,150,448,633648,0,91999.2,20,6,32,8,52162,540,42,8127,0,4620815,792056,2400,0,36,554484,9877880,24,1425768,0,0,2jigUH7ejg,AERks4l,taul,1K8T,lK27,fhk21Ss,LH0kFz12FM,JFHo,9_Y1,m_h1,09_Q,CoYW,7M47J5GA0pTYIFxg5uy,kIsH,uKAI,L84s,TW8UhnX,beKflXJ,CpPt,cJvF,FzaX,4UxGlow,QKW8DRm,catzS2D,LM8l689qOp,WqMG,ZI9m,ib5G6X1eUxUn6
0,742,7,244,132,165,96,324.16,0,0,0,3.48088,27,90,0,1108632,0,115823.7,5,10,40,24,-60337.6,510,0,7443,0,2446065,1028872,5,0,9,1331204,5578080,24,1511946,0,0,FoxgUHSK8h,RO12,taul,1K8T,AHgj,xRePyOH,LH0kFz12FM,bj2o,9_Y1,mTeA,09_Q,43pnToF,me75fM6ugJ,kIsH,uKAI,L84s,NhsEn4L,mAjbk_S,sQQA,UYBR,FzaX,jE90Azj,oslk,QhgRt72,LM8l689qOp,FSa2,RAYp,F2FyR07IdsN7I
0,756,7,268,148,185,72,166.56,0,2192358,0,0.8609272,18,60,0,2854848,0,97084.5,5,10,40,48,359231.6,505,42,3906,0,2470285,1407312,15,0,0,1209600,8733040,18,1061364,0,0,qXhvyxLp3Z,RO12,taul,1K8T,yMvB,ka_ns41,ELRUn57,n0wF,9_Y1,FbIm,VpdQ,IYzP,me75fM6ugJ,kIsH,uKAI,L84s,NhsEn4L,TDceha3,KLpL,UYBR,FzaX,1YVfGrO,oslk,fXVEsaq,jySVZNlOJy,xb3V,RAYp,F2FyR07IdsN7I
0,259,0,0,88,110,32,299.2,0,5754510,0,6.436659,9,18,0,173000,0,140795.4,20,2,24,8,349431.6,790,42,0,0,2512585,798546,0,0,18,677915,10096200,10,581070,0,0,KXMrEyXXnK,RO12,taul,1K8T,JLbT,7nPy3El,GHf4lBZm_z,BGzj,9_Y1,SkZj,sJzTlal,IYzP,me75fM6ugJ,kIsH,uKAI,L84s,NhsEn4L,kq0IUgY,Xup6,UYBR,FzaX,3JmRJnY,oslk,EROH7Cg,LM8l689qOp,Aoh3,RAYp,F2FyR07IdsN7I
0,4746,7,12,788,985,168,198.88,5,5147028,0,3.33198,9,30,0,727280,9,28773.75,20,38,264,208,145211.2,3480,174,1314,32,1107465,1624860,5,0,0,371133,9468240,196,1721244,0,0,Qu0r4RKzJV,RO12,taul,1K8T,ssAy,_ybO0dd,NfN9Bz6HFx,g7ag,9_Y1,DtNL,VpdQ,IYzP,me75fM6ugJ,kIsH,uKAI,L84s,NhsEn4L,kZJtVhC,iNnS,UYBR,FzaX,L91KIiz,oslk,CE7uk3u,LM8l689qOp,FSa2,RAYp,F2FyR07IdsN7I
0,574,7,124,160,200,40,186.64,0,3383514,0,1.4232,9,82,119,3160976,0,47723.7,15,2,32,64,200564,455,54,720,0,5306200,596142,175,0,9,371602,10587600,28,457302,0,0,1YVgUHXZeb,RO12,taul,1K8T,7ALb,kJ1ERUT,S85klZI_wB,oR0A,9_Y1,LqKm,09_Q,kxE9,7M47J5GA0pTYIFxg5uy,kIsH,uKAI,L84s,leSl,CWNHJ27,xzc_,cJvF,FzaX,MMTJrCp,QKW8DRm,Rkj9jvX,LM8l689qOp,453m,vJ_w8kB,WfJ2BB2SFSqauljlfOB
0,3815,7,348,888,1110,328,292.48,5,6801660,0,3.24311,9,38,322,1255072,0,33382.5,40,46,216,216,231818.4,3500,132,30456,8,2270985,647424,3265,0,9,296646,10771840,202,745392,0,0,bt0mfo875g,RO12,taul,1K8T,JLbT,MNwM9_c,5q1hF23,X641,9_Y1,_48V,09_Q,zm5i,me75fM6ugJ,kIsH,uKAI,L84s,NhsEn4L,mAjbk_S,sgM3,UYBR,FzaX,0MQv48t,oslk,d0BOtEt,LM8l689qOp,3Cy4,RAYp,F2FyR07IdsN7I
0,5068,0,0,24,30,0,253.52,0,10886400,0,2.378765,9,18,0,0,0,12035.37,5,0,8,0,294580.4,365,18,0,0,3313725,0,0,0,9,0,12327800,4,0,0,0,qXhvyxLp3Z,RO12,taul,1K8T,ssAy,3ZjT9kY,V4E_TU9097,1KIW,9_Y1,FbIm,09_Q,zm5i,me75fM6ugJ,kIsH,uKAI,L84s,NhsEn4L,NGZxnJM,T99B,UYBR,FzaX,hNjRPlm,oslk,sd7gyXK,LM8l689qOp,xb3V,RAYp,F2FyR07IdsN7I
0,105,0,0,52,65,56,166.56,0,0,0,3.513566,9,32,0,46008,0,29362.17,5,2,24,24,63159.2,65,0,1737,0,33690,63434,0,0,0,28329,347328,2,132870,0,0,UCDvyx8zhV,RO12,taul,1K8T,YVv3,FZVtMxl,O74H9ll,4Afm,9_Y1,MBhA,VpdQ,IYzP,me75fM6ugJ,kIsH,uKAI,L84s,NhsEn4L,mAjbk_S,F675,UYBR,FzaX,B9vNioI,oslk,pHOw_BK,LM8l689qOp,WqMG,RAYp,F2FyR07IdsN7I
0,952,7,200,172,215,152,166.56,0,535722,0,6.102115,9,40,0,283248,0,24818.16,5,4,24,48,13293.44,735,12,34677,0,708435,311576,930,0,0,60375,1781988,26,131502,0,0,1YVgUHXZeb,RO12,taul,z3mO,0Xwj,MErwv86,pbNgbi2,3s6t,HLqf,7JiV,VpdQ,IYzP,me75fM6ugJ,sBgB,uKAI,L84s,NhsEn4L,mAjbk_S,vreH,cJvF,FzaX,azMfql_,oslk,egEQowC,LM8l689qOp,453m,RAYp,F2FyR07IdsN7I
0,1540,7,4,272,340,40,289.44,0,1764012,0,4.743217,9,34,0,2833976,0,57937.8,15,8,32,48,-56278,710,132,783,0,6149650,380190,85,0,9,8316,8949160,56,3276,0,0,m9SrEy7Rm6,RO12,taul,1K8T,YFAj,fmOZNDF,oyKEIyhAF8,pzmK,9_Y1,H9GL,09_Q,IYzP,DHn_WUyBhW_whjA88g9bvA64_,kIsH,uKAI,L84s,CrNX,mAjbq_f,Jk3w,cJvF,FzaX,TZCnqgF,d0EEeJi,tFTRwFP,LM8l689qOp,Aoh3,nIGXDli,F2FyR07IdsN7I
0,2828,7,0,160,200,56,354.4,0,2735670,0,6.251656,9,36,0,3199280,0,71206.2,15,4,48,48,100369.2,950,54,3078,0,5148400,868364,140,0,9,554442,10519640,26,950502,0,0,Qu0qrQKzJV,RO12,taul,1K8T,0Xwj,mQkQ6ot,daiGnRstPa,LAuf,F3hy,15m3,09_Q,zm5i,me75fM6ugJ,kIsH,uKAI,L84s,NhsEn4L,mAjbk_S,1jK9,cJvF,FzaX,Yo33PT5,oslk,U8cijiT,LM8l689qOp,FSa2,RAYp,F2FyR07IdsN7I
0,973,7,284,48,60,24,296,0,8208060,0,6.087801,18,62,28,4784,0,182767.8,10,0,16,8,141898,370,24,4446,0,1188770,1177054,970,0,9,4186,9339240,4,0,0,0,qXhvyxLp3Z,AERks4l,taul,1K8T,487l,PHNvXy8,9HOPNsJ,lVrQ,9_Y1,FbIm,09_Q,sYC_,NKv3VA1BpP,kIsH,uKAI,L84s,Ie_5MZs,uZLMgHb,fpbg,UYBR,FzaX,UF16siJ,zCkv,APgdzOv,LM8l689qOp,xb3V,6fzt,xwM2aC7IdeMC0
0,651,14,3416,148,185,144,220.08,0,450738,0,2.602649,27,196,105,1382400,0,151996.2,0,12,32,16,249325.6,590,30,4167,0,1336295,3110400,160,0,18,1814400,10355120,12,3110400,0,0,Yddq9ayE15,LrdZy8QqgUfkVShG,taul,1K8T,0Xwj,fhk21Ss,9YuuPSz3BI,JAXy,HLqf,pQsY,VpdQ,y6dw,7M47J5GA0pTYIFxg5uy,sBgB,uKAI,L84s,4kVnq_T26xq1p,11pL0mp,qdSs,cJvF,FzaX,4UxGlow,zCkv,catzS2D,LM8l689qOp,TNEC,ZI9m,ib5G6X1eUxUn6
0,364,0,0,216,270,80,320.4,0,6988320,0,0.3744926,9,16,0,710464,0,75048.91,35,4,32,40,180326.4,1275,96,0,0,602520,1279984,0,0,0,0,10423160,28,546702,0,0,JMGq9aXt5a,RO12,taul,1K8T,TLkP,1uc3PRP,Ydsdn49,oH7k,9_Y1,6TCl,sJzTlal,IYzP,me75fM6ugJ,kIsH,uKAI,L84s,NhsEn4L,kZJyVg2,3ntn,cJvF,FzaX,0vi6w_1,oslk,Dp9ED8N,LM8l689qOp,uWr3,RAYp,F2FyR07IdsN7I
0,2212,0,136,348,435,208,200,0,45648,0,6.261696,9,54,0,747456,0,16983.81,0,32,88,120,52357.6,1020,12,123498,0,905935,356898,0,0,0,357217,2083700,56,361494,0,0,1nlTmBtueT,RO12,taul,1K8T,hAOr,47WdmQ4,_jTP8ioIlJ,2sVz,9_Y1,47ra,VpdQ,IYzP,me75fM6ugJ,kIsH,uKAI,L84s,NhsEn4L,mAjbk_S,szpd,cJvF,FzaX,w97ARL_,oslk,hqk7qqc,LM8l689qOp,rgKb,RAYp,F2FyR07IdsN7I
0,1491,21,12620,548,685,128,253.52,0,5771394,0,4.165349,27,146,161,2699848,0,66648,45,12,144,224,282666,1130,144,1467,0,2582945,925948,1310,0,36,660786,10546000,108,864162,0,0,6m0t0G8rTN,2Knk1KF,taul,1K8T,wOc1,fhk21Ss,NBVUlxabJhR17,cTnK,9_Y1,k13i,sJzTlal,itlM,7M47J5GA0pTYIFxg5uy,kIsH,uKAI,L84s,XfqtO3UdzaXh_,11p4mKe,EwWK,UYBR,FzaX,4UxGlow,oslk,catzS2D,LM8l689qOp,fKCe,ZI9m,55YFVY9
0,1421,7,60,496,620,344,166.56,0,16026,0,2.510147,36,32,112,174872,0,7418.61,0,26,120,168,118603.6,1360,6,1044,0,242960,250986,105,0,9,85729,1003388,92,313392,0,0,oyGrjIXt5a,RO12,taul,1K8T,0Xwj,SY4VCna,bGUqwlz,sCad,HLqf,nr0d,VpdQ,Tkho,me75fM6ugJ,sBgB,uKAI,L84s,NhsEn4L,uZL60aU,5qS_,cJvF,FzaX,aau1rOn,oslk,YFnaXbj,LM8l689qOp,5Acm,RAYp,F2FyR07IdsN7I
0,539,0,0,132,165,40,297.76,0,1748346,9,2.305063,18,20,0,5047960,0,117439.8,20,12,32,56,263357.2,850,18,0,8,8000000,16246,0,0,9,2979746,11516400,16,1065528,0,0,avkq9ayfAo,RO12,taul,1K8T,OTVu,Te2s8CN,6JeJzqR,6byX,9_Y1,vm5R,VpdQ,zm5i,me75fM6ugJ,kIsH,uKAI,L84s,NhsEn4L,NGZxnJM,3Eje,cJvF,FzaX,rDm6pd1,oslk,Q53Rkup,LM8l689qOp,7P5s,RAYp,F2FyR07IdsN7I
0,1351,35,13056,220,275,144,166.56,0,41754,0,1.496048,45,204,413,359856,0,54494.1,10,14,56,24,-928188,755,36,5094,0,991745,366684,2540,0,36,319802,2734228,38,977688,0,0,zcROj17IEC,NRCqczK,ev6I,1K8T,JLbT,fhk21Ss,GHfL3MpXAX,nzzf,9_Y1,zfpA,VpdQ,y6dw,7M47J5GA0pTYIFxg5uy,kIsH,uKAI,L84s,a3CcPDe,LQcLuFy,Fw0Q,cJvF,FzaX,4UxGlow,QKW8DRm,catzS2D,LM8l689qOp,7aLG,ZI9m,NoEd
0,161,0,0,164,205,48,242.8,5,3888840,9,2.008972,9,16,0,2608480,0,185255.4,15,2,56,56,94768.4,325,66,0,16,4685635,714192,0,0,0,0,10194800,26,389406,0,0,1GdOj1KXzC,RO12,taul,1K8T,0Y9G,8NKFFda,7dp6Y90mdn,knUC,9_Y1,jdbz,09_Q,IYzP,me75fM6ugJ,kIsH,uKAI,L84s,NhsEn4L,kZJtVhC,cq0s,UYBR,FzaX,zWA88FJ,oslk,Ggf2C8o,LM8l689qOp,kwS7,RAYp,F2FyR07IdsN7I
0,1743,7,204,124,155,168,267.6,0,904140,0,3.627216,9,42,0,0,0,66476.7,0,16,32,0,179829.6,525,12,30042,0,0,3621080,1505,0,27,0,10609720,0,4147200,0,0,oBXq9ayfAo,RO12,taul,1K8T,0Xwj,7GUAEa8,YQcPlrpk3ptPA,TQKf,F3hy,AKLO,VpdQ,TIA9,me75fM6ugJ,kIsH,uKAI,Mtgm,XfqtO3UdzaXh_,11p4mKe,1lKe,cJvF,FzaX,8OZoOXS,oslk,IDn52bd,jySVZNlOJy,TNEC,RAYp,F2FyR07IdsN7I
0,973,28,1436,128,160,0,286.96,0,10605480,0,2.261696,45,154,252,0,0,166252.5,45,0,32,0,93603.6,560,126,5742,0,201145,0,385,0,27,0,10341680,4,0,0,0,NESWq69R_D,2Knk1KF,taul,1K8T,JLbT,2cBJEvB,aEMz70R,FaJp,9_Y1,mTeA,VpdQ,kxE9,me75fM6ugJ,kIsH,7A3j,L84s,XfqtO3UdzaXh_,XTbPUYD,oqws,UYBR,FzaX,yNF0Azj,oslk,NWMQQMs,LM8l689qOp,FSa2,RAYp,TCU50_Yjmm6GIBZ0lL_
0,133,0,0,316,395,288,166.56,0,340890,0,6.572527,9,14,0,1556136,0,26467.41,10,10,48,80,560896,450,30,0,0,1180280,409072,0,0,0,0,3041572,42,232998,0,0,AUUt0GoOh3,RO12,taul,1K8T,wGW5,QWnyDjD,zA2IZno2NK,2bDW,9_Y1,YePk,VpdQ,IYzP,me75fM6ugJ,kIsH,uKAI,L84s,NhsEn4L,mAja5EA,xe75,cJvF,FzaX,UGoOhQy,oslk,SYvO_7b,LM8l689qOp,Qu4f,RAYp,F2FyR07IdsN7I
0,1092,0,0,1904,2380,496,293.6,0,4460820,0,2.613971,9,22,0,574248,0,53011.2,205,24,120,208,18464.16,2780,768,0,0,1254085,1679212,0,0,9,0,9615200,414,1670742,0,0,Qu0r4RKzJV,RO12,taul,1K8T,ssAy,fIZ2EMp,NfN9Bz6HFx,S96u,9_Y1,DtNL,VpdQ,zm5i,7M47J5GA0pTYIFxg5uy,kIsH,uKAI,L84s,NhsEn4L,kZJtVhC,u9VH,cJvF,FzaX,YZ2TNgw,oslk,x3aOgRj,LM8l689qOp,FSa2,ZI9m,F2FyR07IdsN7I
0,959,7,340,144,180,136,220.08,0,542622,0,6.998718,9,46,0,1029520,0,69449.09,0,14,32,16,189730.8,555,18,2772,0,2390115,2894440,5,0,9,2419200,10810360,14,3349338,0,0,crIgUHSK8h,RO12,taul,1K8T,PGNs,0tvQgIh,hOpRIhsUSP,Mx5G,9_Y1,RVjC,09_Q,sYC_,me75fM6ugJ,kIsH,uKAI,L84s,NhsEn4L,kq0n8Bj,9haV,UYBR,FzaX,EPIs6v_,oslk,XtGtFwR,LM8l689qOp,FSa2,RAYp,F2FyR07IdsN7I
0,1337,14,1712,60,75,32,147.12,0,9332700,9,3.143773,18,194,371,1277712,3,71445.3,10,0,8,24,27011.56,465,30,2088,16,348290,854066,290,0,54,0,9561120,2,0,0,0,oUPBcmzkzH,rEUOq2QD1qfkRr6qpua,taul,1K8T,JLbT,fhk21Ss,MV4DUjA,y2WH,9_Y1,WGOH,VpdQ,y6dw,7M47J5GA0pTYIFxg5uy,kIsH,uKAI,L84s,_5OXC8MSLt,LxWMvcL,p9C2,UYBR,FzaX,4UxGlow,oslk,catzS2D,LM8l689qOp,Qcbd,ZI9m,ib5G6X1eUxUn6
0,413,7,1140,184,230,64,233.44,0,21924,0,6.263192,9,122,49,13592,0,22541.82,5,0,0,16,-236090,530,6,3033,0,1952310,15252,490,0,9,0,1904828,68,0,0,0,2jirEyXktW,2Knk1KF,taul,1K8T,0YIT,PHNvXy8,xsMiEMa,gyXG,9_Y1,H1uM,VpdQ,hAFG,NKv3VA1BpP,kIsH,uKAI,L84s,Ie_5MZs,teAY_NX,c3QE,cJvF,FzaX,UF16siJ,zCkv,APgdzOv,LM8l689qOp,Aoh3,6fzt,Zy3gnGM
0,2387,7,128,296,370,272,200,0,11946,0,6.001495,9,54,21,1810552,0,25196.34,0,14,48,120,134264.4,1260,6,3132,0,593555,901680,70,0,0,939932,3550496,34,538578,0,0,639r4RK2Mx,RO12,taul,1K8T,PGNs,31DqtNX,V_KR_LD,ZWAX,9_Y1,DtNL,VpdQ,IYzP,me75fM6ugJ,kIsH,uKAI,L84s,NhsEn4L,mAjbk_S,uIC3,UYBR,FzaX,dMzYH7D,oslk,_wyAgOW,LM8l689qOp,FSa2,RAYp,F2FyR07IdsN7I
0,1022,7,0,164,205,112,233.6,0,518418,0,0.502884,9,52,28,592184,0,76365,15,4,40,64,185578,635,6,36,0,1785285,1909260,5,0,0,35063,6927880,26,519846,0,0,crIt0Go8Lb,RO12,taul,1K8T,X94c,60OrkF8,byFAQF9,Sppx,9_Y1,MGOA,VpdQ,IYzP,me75fM6ugJ,kIsH,uKAI,L84s,NhsEn4L,TDcECyH,a0ic,cJvF,FzaX,nQmuhvP,oslk,un2j7qz,LM8l689qOp,Qu4f,RAYp,F2FyR07IdsN7I
0,3129,21,8028,748,935,496,159.28,0,87684,18,1.670797,45,100,336,823616,0,11171.31,25,28,176,248,-1210556,2965,48,41364,16,763900,551886,7815,0,18,188909,2523060,134,375186,0,0,2jigUH7ejg,RO12,taul,1K8T,lK27,iJzviRg,UFICjKT,j6yv,9_Y1,1Bp0,VpdQ,hAFG,7M47J5GA0pTYIFxg5uy,kIsH,uKAI,Mtgm,leSl,11pika_,Tefi,cJvF,FzaX,ch2oGfM,QKW8DRm,P6pu4Vl,LM8l689qOp,WqMG,ZI9m,R4y5gQQWY8OodqDV
0,1911,21,368,76,95,40,253.52,0,1890900,0,6.292031,27,34,28,3856552,0,15887.64,0,0,16,16,306203.2,830,36,5292,0,3543795,760846,935,0,9,370384,7545600,12,0,0,0,oUPBcmzkzH,RO12,taul,1K8T,kNzO,Q9R7qwL,Yi49a6G,QhIi,9_Y1,rzbc,VpdQ,IYzP,me75fM6ugJ,kIsH,uKAI,L84s,NhsEn4L,mAjbk_S,Bm3Z,UYBR,FzaX,Zc06pd1,oslk,SiXzrB7,LM8l689qOp,Qcbd,RAYp,F2FyR07IdsN7I
0,1946,14,2884,336,420,232,298.72,0,6328860,0,1.969665,36,56,196,1117080,0,68283.91,35,18,40,24,76960.4,1655,96,8352,0,2072485,723910,775,0,9,0,10571760,40,1085364,0,0,oyGrjIXt5a,RO12,taul,1K8T,2D6V,w9kODwF,nQUeejKKqM,LHAl,9_Y1,VILw,09_Q,hAFG,me75fM6ugJ,kIsH,uKAI,L84s,XfqtO3UdzaXh_,11p4mKe,odkb,cJvF,FzaX,fBw6pd1,oslk,0G87kpB,LM8l689qOp,5Acm,RAYp,F2FyR07IdsN7I
0,1344,14,2536,188,235,80,166.56,0,1592526,0,5.627644,27,108,91,1045624,0,47565.6,0,2,40,96,-102475.2,695,24,2565,0,649075,266674,320,0,9,270340,2679004,40,62850,0,0,euOBcmz45j,2Knk1KF,taul,1K8T,487l,6cUBdMb,6rdXmbt7eTX8w,azFH,9_Y1,WGOH,VpdQ,sYC_,me75fM6ugJ,kIsH,uKAI,L84s,NhsEn4L,kq0aHkC,FvjY,cJvF,wwPEXoilkr,1FAm94s,oslk,MjtlfsX,LM8l689qOp,Qcbd,RAYp,55YFVY9
0,371,0,0,180,225,40,220.08,0,8980860,0,0.7741935,9,20,0,1036016,0,114718.5,40,0,32,24,70103.2,825,120,0,0,1084805,130096,0,0,9,0,10035600,18,0,0,0,dRagUHXM47,RO12,taul,1K8T,487l,JVFLDAi,7vJz3tk,iogG,9_Y1,8BBI,VpdQ,zm5i,me75fM6ugJ,kIsH,uKAI,L84s,NhsEn4L,kZJtVhC,2Yg3,cJvF,FzaX,YTCRPlm,oslk,nXK9h3w,LM8l689qOp,453m,RAYp,F2FyR07IdsN7I
0,1057,7,2940,140,175,32,325.28,0,9377100,0,5.028626,18,36,42,1000512,0,185431.2,25,2,32,16,200594,605,114,40779,0,1292215,385028,2430,0,18,0,10611000,8,518400,0,0,NESt0G8EIb,RO12,taul,1K8T,JLbT,EQsMhNR,_UtlxbJ,6z10,9_Y1,e7QV,VpdQ,IYzP,me75fM6ugJ,kIsH,uKAI,L84s,NhsEn4L,NGZXfGp,Tztv,UYBR,FzaX,KVX8iqZ,oslk,3A8Rt2K,LM8l689qOp,fKCe,RAYp,F2FyR07IdsN7I
0,1582,7,1196,284,355,152,192.64,0,1560312,0,3.303995,9,126,42,1669360,6,44366.7,5,4,40,64,-404844,1155,24,3951,32,2766520,258712,400,0,27,382697,4950640,74,159432,0,14,DQlgUH7IEC,RO12,taul,1K8T,0kpG,6CXYbuk,y4g9XoZ,OmQL,9_Y1,m_h1,VpdQ,wMei,Kxdu,kIsH,uKAI,L84s,FMSzZ91zL2,11pMkO_,B3TA,cJvF,FzaX,ROeipLp,zCkv,K2SqEo9,LM8l689qOp,WqMG,6fzt,4rd_
0,609,7,1284,132,165,0,271.76,0,3088488,0,6.501816,9,80,42,4140568,0,145914.6,10,0,32,48,90629.2,500,36,2835,0,7189700,0,2415,0,18,0,10572240,38,0,0,0,tr0Wq69cTy,RO12,taul,1K8T,AKN1,fmOiPJi,V6XUlxabJ4VaD,GJBt,9_Y1,0A_v,VpdQ,haYg,me75fM6ugJ,kIsH,uKAI,L84s,XfqtO3UdzaXh_,11p4mKe,Hted,cJvF,FzaX,wfPWJ9Z,oslk,WJyqs0R,LM8l689qOp,PM2D,RAYp,F2FyR07IdsN7I
0,35,0,64,8,10,0,253.52,0,0,0,1.072207,9,150,0,0,9,6448.2,0,0,0,0,-1443240,30,0,4923,40,22110,0,0,0,9,0,17688,4,0,0,14,hSovyx7IEC,LrdZy8QqgUfkVShG,taul,1K8T,hM6W,fhk21Ss,Yi4Pkbj,mVRE,9_Y1,RcM7,sJzTlal,oZyB,7M47J5GA0pTYIFxg5uy,kIsH,uKAI,Mtgm,IZwBHOJhfS,XTbuoM5,VCfE,cJvF,OFWH,4UxGlow,zCkv,catzS2D,LM8l689qOp,szEZ,ZI9m,ib5G6X1eUxUn6
0,980,7,500,244,305,56,206.64,0,6637920,0,5.679342,27,30,7,958952,0,110179.5,50,2,72,48,134268.4,1040,102,306,0,1907290,473476,160,0,0,83223,10624600,40,450504,0,0,Yn7t0Go8Lb,AERks4l,taul,1K8T,TyGl,hl8tIjH,wLOHP_LOi5,6YaA,9_Y1,rGJy,09_Q,IYzP,GjJ35utlTa_GNSvxxpb9ju,kIsH,uKAI,L84s,JBfYVit4g8,TDctq2l,0mWy,cJvF,FzaX,YBhFyVq,Al6ZaUT,xKM3HNj,LM8l689qOp,Qu4f,02N6s8f,xwM2aC7IdeMC0
0,2275,0,0,472,590,152,166.56,0,1990224,0,0.8643453,9,60,0,763648,0,53561.1,110,12,136,96,-79248.4,1595,132,6480,0,1779415,1055166,0,0,0,694190,6699320,74,1243998,0,0,ZSNrjIX0Db,RO12,taul,1K8T,JLbT,pKHsKl9,rMOxwcC,3OjE,9_Y1,xQ2A,VpdQ,IYzP,me75fM6ugJ,kIsH,uKAI,L84s,NhsEn4L,mAjg55G,gvA6,UYBR,FzaX,8Qv6hzI,oslk,2O2Rt2K,LM8l689qOp,5Acm,RAYp,F2FyR07IdsN7I
0,826,7,788,132,165,120,253.52,0,3949134,0,1.389233,9,80,0,135632,0,224378.7,10,12,32,16,61667.6,500,48,99711,0,0,2592000,50,0,9,0,10649360,0,3110400,0,0,l7Fq9ayE15,RO12,taul,1K8T,TyGl,qmXYbuk,TbQyCeZ21flwy,Np2E,9_Y1,kJJ7,VpdQ,IYzP,me75fM6ugJ,kIsH,uKAI,L84s,NhsEn4L,beK4AFX,UByz,cJvF,FzaX,hDRv66D,oslk,2JfQ3DB,jySVZNlOJy,7P5s,RAYp,F2FyR07IdsN7I
0,525,7,1216,128,160,64,311.52,0,1433298,0,3.657124,9,30,7,2073600,12,201319.2,10,0,24,24,-259188,555,24,1701,40,4836575,470446,10,0,0,1209600,6982480,30,0,0,7,2jigUH7ejg,RO12,taul,1K8T,lK27,QfdNj4_,wXYgzHf,IrO1,9_Y1,m_h1,VpdQ,IYzP,me75fM6ugJ,kIsH,uKAI,L84s,NhsEn4L,mAjbk_S,vzpd,cJvF,FzaX,yOONioI,oslk,ZjaoG9v,LM8l689qOp,WqMG,RAYp,F2FyR07IdsN7I
0,1036,7,4820,128,160,0,220.08,0,1555200,0,1.901517,9,134,637,5788664,0,125026.8,5,0,32,72,185416.4,460,18,42795,0,8208000,0,185,0,54,0,10843120,38,0,0,0,AhzOj17IEC,2Knk1KF,taul,1K8T,aD1X,GRlgCVv,8o3WlGR,nraI,9_Y1,iVbl,09_Q,itlM,me75fM6ugJ,kIsH,uKAI,L84s,XfqtO3UdzaXh_,XTbPUYD,Y78z,cJvF,FzaX,9wyOVQC,oslk,EiGEVJ2,LM8l689qOp,7aLG,RAYp,55YFVY9
0,1449,0,0,676,845,304,286.96,0,5728356,0,6.401624,9,18,0,2017344,0,34153.2,40,54,264,320,615028,3055,120,0,0,2697105,393712,0,0,0,318843,9043200,72,553530,0,0,kMJt0GoOh3,RO12,taul,1K8T,G6s_,Gjup2Rr,HhepTTs,ydov,9_Y1,C7DI,VpdQ,IYzP,me75fM6ugJ,kIsH,uKAI,Mtgm,NhsEn4L,kZJyVg2,pqo6,cJvF,FzaX,G4u6pd1,oslk,yUzqFbB,LM8l689qOp,Qu4f,RAYp,F2FyR07IdsN7I
0,14,0,0,88,110,24,149.92,0,3098040,0,4.076693,9,12,0,0,0,108012.3,10,0,16,0,-833028,110,36,0,16,351825,235140,0,0,0,0,3168360,22,0,0,14,l7Fq9ayE15,RO12,taul,1K8T,tzKK,86dToXU,9YuuPSz3BI,gJPb,9_Y1,kJJ7,VpdQ,IYzP,me75fM6ugJ,kIsH,uKAI,L84s,NhsEn4L,mAjDcoz,hdbw,cJvF,FzaX,QMaRwBA,oslk,0D0gQ7h,LM8l689qOp,7P5s,RAYp,F2FyR07IdsN7I
0,1351,7,184,248,310,144,203.36,0,50340,0,6.787652,9,138,21,1638048,0,67860,10,6,40,64,-102198.8,930,30,31545,0,1521665,894742,2130,0,27,1272838,4537480,52,961314,0,0,639qrQK2Mx,2Knk1KF,taul,1K8T,AnrR,B9C_VFS,Tg7jjBB,__UP,9_Y1,15m3,VpdQ,wMei,me75fM6ugJ,kIsH,uKAI,L84s,h0lfDKh52u4GP,IoI4mKe,qVKY,UYBR,FzaX,ylC3DH0,oslk,kiBhOcm,M_8D,FSa2,RAYp,55YFVY9
0,1890,7,80,152,190,8,286.96,0,3326160,0,6.739158,9,36,63,3119248,0,64785,20,0,40,48,165725.2,605,66,990,0,6636950,85072,1040,0,9,0,10579040,32,0,0,0,DHerjIKQ76,RO12,taul,1K8T,pGTb,Mqscy5d,7ONkRNQCK7,aA61,9_Y1,7WNq,VpdQ,43pnToF,me75fM6ugJ,kIsH,uKAI,Mtgm,NhsEn4L,kZJtVhC,p2bJ,cJvF,FzaX,OjIYE38,oslk,xmA7A2G,LM8l689qOp,WqMG,RAYp,F2FyR07IdsN7I
0,1288,7,364,144,180,16,286.96,0,2094402,0,4.772698,18,76,7,5529600,0,128140.5,0,0,32,64,129958,530,54,47835,0,6893600,267216,510,0,0,604800,10210360,34,0,0,0,oUPBcmzkzH,RO12,taul,1K8T,lK27,a6hhurh,tru3GNC3u14sALXj3Eb,kk_f,9_Y1,yrDU,09_Q,IYzP,me75fM6ugJ,kIsH,uKAI,L84s,NhsEn4L,mAjbk_S,z5Ok,UYBR,FzaX,WPfKVq0,oslk,XQvdByr,LM8l689qOp,Qcbd,RAYp,F2FyR07IdsN7I
0,427,0,0,128,160,8,253.52,0,4234992,0,2.24311,18,26,0,4838400,0,202464.9,10,0,32,56,296713.2,555,54,0,0,5505350,129204,0,0,9,0,10596400,26,0,0,0,zKnr4RXktW,RO12,taul,1K8T,uErj,7nPy3El,ZZ7H_hi,v2Y0,9_Y1,Albh,VpdQ,zm5i,me75fM6ugJ,kIsH,uKAI,L84s,NhsEn4L,NGZxnJM,mRdF,cJvF,FzaX,3JmRJnY,oslk,EROH7Cg,LM8l689qOp,Xa3G,RAYp,F2FyR07IdsN7I
0,1442,7,4328,160,200,24,169.92,0,45636,0,2.354839,9,86,840,2374424,0,30519.3,0,4,40,72,165601.6,935,18,42354,0,4797715,69840,8210,0,0,315399,5222760,46,40920,0,0,NESt0G8EIb,RO12,taul,1K8T,wOc1,EQsMhNR,77iN0JezpF,6z10,9_Y1,e7QV,09_Q,sYC_,me75fM6ugJ,sBgB,uKAI,L84s,NhsEn4L,kq05rcx,Tztv,UYBR,FzaX,KVX8iqZ,oslk,3A8Rt2K,LM8l689qOp,fKCe,RAYp,F2FyR07IdsN7I
0,518,7,64,60,75,32,166.56,0,0,0,2.88464,9,60,0,150120,3,5390.73,0,6,16,32,-1723916,520,0,90441,8,13365,15484,830,0,18,5432,140972,8,36378,0,0,AUUt0GoOh3,RO12,taul,1K8T,wGW5,iJzviRg,Oe4E7cR6Kt,vgiU,9_Y1,t_4G,VpdQ,6JmL,7M47J5GA0pTYIFxg5uy,kIsH,uKAI,L84s,4kVnq_T26xq1p,NGZQAhq,wkSV,cJvF,FzaX,ch2oGfM,zCkv,P6pu4Vl,LM8l689qOp,Qu4f,ZI9m,_cTCyH95OE93jSkoIBT
0,917,7,820,176,220,40,264.08,10,5695980,0,3.810511,9,82,21,2453376,0,75807.59,30,2,64,56,134057.6,635,90,70308,16,3474705,457152,3895,0,27,418964,10633000,20,261966,0,0,tr0rEyXktW,RO12,taul,1K8T,lK27,LnrdQSP,UnPEkD6Pex,ARGx,9_Y1,SkZj,09_Q,sYC_,me75fM6ugJ,kIsH,uKAI,L84s,NhsEn4L,kq0ELEt,9lF9,UYBR,qxDb,UiC6V3V,oslk,nXOQZmh,LM8l689qOp,Aoh3,RAYp,F2FyR07IdsN7I
0,784,7,2740,160,200,32,259.92,0,9771840,0,0.00512711,18,186,504,0,0,223594.8,35,0,24,0,147116,530,120,35541,0,624680,602592,975,0,36,0,10638720,18,0,0,0,EsYrjIX0Db,2Knk1KF,taul,1K8T,0Xwj,fhk21Ss,C_u8_AlBK7,ZBNx,HLqf,xQ2A,VpdQ,y6dw,7M47J5GA0pTYIFxg5uy,sBgB,uKAI,Mtgm,H4p93_uThXwSG,ORM1ICc,gvA6,UYBR,FzaX,4UxGlow,Al6ZaUT,catzS2D,M_8D,5Acm,ZI9m,iyHGyLCEkQ
0,2464,7,72,456,570,120,220.08,5,6240300,0,5.7022,9,42,0,1154208,0,68469.91,40,8,56,136,-642336,1560,120,477,8,1628805,146120,55,0,9,16695,8371160,100,267546,0,0,DHevyx7IEC,RO12,taul,1K8T,Bxva,H7Fp6vu,hOpRIhsUSP,0AJi,9_Y1,YGOC,VpdQ,zm5i,me75fM6ugJ,sBgB,uKAI,L84s,NhsEn4L,kZJtVhC,SMDf,UYBR,FzaX,MVOjtxg,oslk,Zwra5gA,LM8l689qOp,szEZ,RAYp,F2FyR07IdsN7I
0,952,7,456,16,20,0,186.64,0,0,0,1.84341,9,62,56,0,0,172241.1,20,0,32,0,254816.4,310,0,16821,0,0,0,500,0,18,0,9676800,0,0,0,0,NESWq69R_D,RO12,taul,1K8T,sbZD,yz3gqKR,d6zx_0v,nyZz,9_Y1,RVjC,VpdQ,sYC_,me75fM6ugJ,kIsH,uKAI,L84s,NhsEn4L,kq0n8Bj,bru6,UYBR,FzaX,lHHv1FD,oslk,Kukz_Kt,LM8l689qOp,FSa2,RAYp,F2FyR07IdsN7I
0,1183,7,284,180,225,120,166.56,0,0,0,1.802179,9,124,7,953784,0,22652.85,5,10,48,72,-1524896,715,0,37710,0,265230,377968,265,0,18,385504,1670836,30,317016,0,0,uUdt0G8EIb,2Knk1KF,taul,1K8T,Uk76,7OKCyD5,C_uQoStwYE,qktG,9_Y1,k13i,09_Q,haYg,me75fM6ugJ,kIsH,uKAI,Mtgm,XfqtO3UdzaXh_,XTbPUYD,Czqd,UYBR,FzaX,1vN8hdx,oslk,bM5Esaq,LM8l689qOp,fKCe,RAYp,55YFVY9
0,168,0,0,300,375,184,263.52,10,2801478,0,1.97821,9,16,0,1015840,0,39238.2,5,0,0,24,741056,810,162,0,16,1609450,725668,0,0,0,0,5331640,42,0,0,0,dTGmfo8zhV,RO12,taul,1K8T,QQSE,Kn7uqyB,88EhRq8,jbE4,9_Y1,gnEy,sJzTlal,IYzP,me75fM6ugJ,kIsH,uKAI,L84s,NhsEn4L,uZL60aU,6mdj,cJvF,FzaX,OYHOVQC,oslk,RlTRt72,LM8l689qOp,3Cy4,RAYp,F2FyR07IdsN7I
0,224,0,0,240,300,64,344.08,0,829008,0,6.032685,9,12,0,244176,0,25377.06,150,2,240,8,-755476,300,42,0,16,890555,82110,0,0,0,0,2030164,26,112698,0,14,u6tWq6edh4,RO12,taul,1K8T,AHgj,zBUVCna,hOpRIhsUSP,RhgR,9_Y1,_xpN,VpdQ,IYzP,me75fM6ugJ,kIsH,uKAI,Mtgm,NhsEn4L,kZJyVg2,ePSE,UYBR,FzaX,Y2C3PT5,oslk,OIZcOcw,LM8l689qOp,FSa2,RAYp,F2FyR07IdsN7I
0,770,0,16,76,95,32,186.64,0,4263492,0,6.593463,9,44,0,4838400,0,239468.7,10,6,16,8,228812.4,440,42,10170,0,1488375,1218266,0,0,18,4788042,10183360,4,1378044,0,0,GcUt0G8rTN,RO12,taul,1K8T,JLbT,7OKCyD5,w2yNRYNm9zl2j8zW,uoRB,9_Y1,k13i,sJzTlal,zm5i,me75fM6ugJ,kIsH,uKAI,L84s,XfqtO3UdzaXh_,XTbPUYD,g2AX,UYBR,FzaX,1vN8hdx,oslk,bM5Esaq,LM8l689qOp,fKCe,RAYp,F2FyR07IdsN7I
0,714,7,236,140,175,32,166.56,0,0,0,1.656484,9,88,147,76752,0,11874.27,0,8,0,24,69640.4,385,0,66438,0,885605,20906,3885,0,18,0,814920,48,39372,0,0,8I1TmBtueT,RO12,taul,1K8T,TLkP,2Ae7Duj,p528EHj,Uj1T,9_Y1,c2JP,VpdQ,6JmL,me75fM6ugJ,kIsH,uKAI,L84s,XfqtO3UdzaXh_,XTbPUYD,XHGh,cJvF,FzaX,snhYH7D,oslk,4EXRt2K,LM8l689qOp,rgKb,RAYp,F2FyR07IdsN7I
0,917,7,5096,184,230,80,133.12,0,59370,0,6.271096,27,174,420,103648,0,20761.14,0,6,32,32,-1826844,855,36,14499,0,1496580,277202,2555,0,18,13020,1900468,46,86094,0,0,CEaBcmz45j,rEUOq2QD1qfkRr6qpua,taul,1K8T,0Xwj,fhk21Ss,1lFJzqR,lv_k,HLqf,WGOH,VpdQ,y6dw,7M47J5GA0pTYIFxg5uy,sBgB,uKAI,Mtgm,_5OXC8MSLt,XTbj5PX,fMnJ,UYBR,FzaX,4UxGlow,oslk,catzS2D,LM8l689qOp,Qcbd,ZI9m,ib5G6X1eUxUn6
0,1232,7,508,228,285,80,352.64,5,4058994,0,0.04293954,9,34,105,4147200,0,136496.4,15,2,32,48,14528.56,1085,84,41751,8,4701050,171752,410,0,9,604800,9754600,46,149382,0,0,Y3tqrQKzJV,e6CkoqApVR,taul,1K8T,JLbT,9GJGgoz,glRBFJT8NN,H326,9_Y1,15m3,VpdQ,zm5i,Kxdu,kIsH,uKAI,L84s,FMSzZ91zL2,mAjdzWk,HV6q,cJvF,FzaX,Tvpip6Z,zCkv,hHJsvbM,LM8l689qOp,FSa2,6fzt,F2FcTt7IdMT_v
0,763,7,152,152,190,32,448,0,9330780,0,1.67336,18,60,0,0,0,178425.3,35,0,16,0,905276,535,114,3150,0,1130390,87532,470,0,0,0,9390560,16,0,0,0,V8lBcmz45j,RO12,taul,1K8T,0WHw,gwYdMIs,9UgkRNhwCh,mHE5,9_Y1,KubS,VpdQ,IYzP,me75fM6ugJ,kIsH,uKAI,L84s,NhsEn4L,kq0n8Bj,sv_m,UYBR,FzaX,tzpmIK9,oslk,Hcoaiae,jySVZNlOJy,Qcbd,RAYp,F2FyR07IdsN7I
0,392,7,116,20,25,0,133.12,0,0,0,1.226661,9,46,0,60112,0,9227.79,0,0,0,32,-2560.572,85,0,34875,0,5115,0,165,0,0,0,34148,2,0,0,0,bZkvyxLkBI,RO12,taul,1K8T,ssAy,I6B7C3_,9xAFApr,tBWZ,9_Y1,_r21,sJzTlal,IYzP,me75fM6ugJ,kIsH,uKAI,L84s,NhsEn4L,TDcECyH,87Qg,cJvF,FzaX,AI5YWu3,oslk,H2lRusu,LM8l689qOp,xb3V,RAYp,F2FyR07IdsN7I
0,301,0,0,184,230,56,286.96,0,6433980,0,5.897244,9,24,0,2764832,0,194301,20,0,32,32,1447096,465,78,0,0,3907995,4268,0,0,9,0,10189080,36,0,0,0,Yn7t0Go8Lb,RO12,taul,1K8T,xgSF,QWnyDjD,ilrY4YM,akq8,9_Y1,YePk,09_Q,zm5i,me75fM6ugJ,kIsH,uKAI,Mtgm,NhsEn4L,NGZxnJM,iQEp,cJvF,FzaX,UGoOhQy,oslk,SYvO_7b,LM8l689qOp,Qu4f,RAYp,F2FyR07IdsN7I
0,1050,7,3272,252,315,224,166.56,0,82386,0,4.927793,18,154,7,276688,0,7718.67,0,18,80,88,52885.2,755,18,19413,0,135565,127160,215,0,18,118188,638144,24,123156,0,0,5_lq9aXt5a,rEUOq2QD1qfkRr6qpua,taul,1K8T,TLkP,fhk21Ss,YQcPlrpk3ptPA,ZyCs,9_Y1,Y9Bl,VpdQ,hzlB,7M47J5GA0pTYIFxg5uy,kIsH,uKAI,L84s,XfqtO3UdzaXh_,XTbPUYD,4CTo,UYBR,FzaX,4UxGlow,oslk,catzS2D,jySVZNlOJy,uWr3,ZI9m,ib5G6X1eUxUn6
0,903,7,304,16,20,0,215.6,0,0,0,6.832942,9,178,49,0,0,105569.7,0,0,0,0,424720,300,0,540,0,12096000,0,350,0,36,0,9676800,8,0,0,0,75lTmBtFkL,2Knk1KF,taul,1K8T,AnrR,fhk21Ss,BcW_jOZe0F,SOkz,9_Y1,C6Eu,VpdQ,hAFG,7M47J5GA0pTYIFxg5uy,kIsH,uKAI,Mtgm,Ie_5MZs,CWNY2py,qLRt,UYBR,FzaX,4UxGlow,zCkv,catzS2D,LM8l689qOp,rgKb,ZI9m,TCU50_Yjmm6GIBZ0lL_
0,77,7,2656,92,115,8,200,0,0,0,5.051485,9,138,357,169784,0,53625,0,0,0,32,-22574.56,375,0,12951,0,1541000,1092,135,0,0,0,1319876,36,0,0,0,NESWq69R_D,2Knk1KF,taul,1K8T,PGNs,eIf4RJE,Ir38caVATtMuHkRoXdH,6JkR,9_Y1,z5Ry,VpdQ,IYzP,me75fM6ugJ,kIsH,uKAI,L84s,NhsEn4L,beK4AFX,xW7K,UYBR,FzaX,JgwYjZW,oslk,hrE2qo0,LM8l689qOp,FSa2,RAYp,55YFVY9
0,861,7,8,104,130,32,86.96,15,1651902,0,1.616535,9,32,0,1416,3,173220,40,6,64,8,-762692,495,42,2952,32,1188030,492916,220,0,9,149597,4491120,6,921306,0,0,_v2TmBftjz,RO12,taul,1K8T,LFM_,iJzviRg,JlBPeqq,dNPq,9_Y1,Gx0B,sJzTlal,kxE9,7M47J5GA0pTYIFxg5uy,kIsH,uKAI,Mtgm,4kVnq_T26xq1p,11pqC5o,Wwuw,UYBR,FzaX,ch2oGfM,zCkv,P6pu4Vl,LM8l689qOp,Qu4f,ZI9m,R4y5gQQWY8OodqDV
0,854,7,8,116,145,8,186.64,0,8479740,0,1.046358,9,82,14,1853880,0,203223.9,15,2,24,24,-122079.2,520,102,34893,0,1728005,53548,390,0,18,0,9311160,8,307176,0,0,vAsvyx7ejg,RO12,taul,1K8T,hM6W,ZtM0ibt,9XYw909g5FR2kfxjzrM,7dii,9_Y1,xSqs,09_Q,haYg,DHn_WUyBhW_whjA88g9bvA64_,kIsH,uKAI,L84s,CrNX,AuSPDRg,sjus,cJvF,FzaX,ToMZwCt,d0EEeJi,MRUA84S,M_8D,szEZ,nIGXDli,F2FyR07IdsN7I
0,602,7,2236,104,130,40,253.52,0,3252534,0,1.465926,9,110,791,1721384,0,111942.6,10,2,24,24,4631.44,490,42,106236,0,1796455,763500,410,0,9,0,6943640,16,475206,0,0,vAsgUHXM47,2Knk1KF,taul,1K8T,ssAy,DP55V1L,bAyJC1anwc,KeFW,9_Y1,STGZ,09_Q,lVqb,me75fM6ugJ,kIsH,uKAI,L84s,XfqtO3UdzaXh_,XTbPUYD,cqLA,cJvF,FzaX,wZZ87dl,oslk,9iFzrB7,LM8l689qOp,453m,RAYp,55YFVY9
0,651,7,148,20,25,16,200,5,0,0,5.142277,9,112,0,19248,0,2330.934,0,0,8,24,-128584.4,380,0,199404,16,0,2788,15,0,9,3850,15200,0,0,0,7,LDPvyx7IEC,w9ygS99Qp_,taul,1K8T,hM6W,kK57pE3,V6XUlxabJ4VaD,VDEG,9_Y1,RcM7,VpdQ,CoYW,DHn_WUyBhW_whjA88g9bvA64_,kIsH,uKAI,L84s,CrNX,AuSBTw7,58Br,cJvF,FzaX,I9JaUuH,d0EEeJi,cKi3VnU,LM8l689qOp,szEZ,nIGXDli,R4y5gQQWY8OodqDV
0,1813,7,0,256,320,296,166.56,0,14274,0,6.96411,9,34,14,1119488,0,14951.1,0,20,72,88,-102241.6,910,12,540,0,201275,449826,305,0,0,793072,1981696,8,527646,0,0,py5gUH7ejg,AERks4l,taul,1K8T,TyGl,3FCrXBz,EoP8iw7aFT,TFAs,9_Y1,bJXB,VpdQ,IYzP,7M47J5GA0pTYIFxg5uy,kIsH,uKAI,L84s,leSl,NGZiGpF,uLA3Rnd,cJvF,FzaX,oatipLp,QKW8DRm,RsCQLlz,LM8l689qOp,w_Ub,vJ_w8kB,xwM2aC7IdeMC0
0,1078,14,664,472,590,144,326.96,0,4060116,0,0.9564196,27,48,70,2342056,0,178113,80,26,144,88,174289.2,1005,150,29367,0,4106110,675610,7010,0,0,625233,10236040,70,827202,0,0,MtpBcmzkzH,RO12,taul,1K8T,kwI9,0Vr7wZ4,nQUBcBcErl,A7_2,9_Y1,KubS,VpdQ,IYzP,Kxdu,kIsH,uKAI,L84s,FMSzZ91zL2,kq067VR,mOZl,cJvF,FzaX,XbZitea,zCkv,DHPNgqU,jySVZNlOJy,Qcbd,6fzt,SbOd7O8ky1wGNxp0Arj0Xs
0,931,7,16,104,130,0,133.12,0,588,0,1.553728,9,56,21,1600960,0,62051.7,0,0,24,56,130454.8,335,6,66744,0,3189210,0,1180,0,0,558537,3352240,36,0,0,0,tr0rEyXktW,RO12,taul,1K8T,487l,T7cp9gW,0ZlStaN,YMPo,9_Y1,SkZj,VpdQ,IYzP,me75fM6ugJ,kIsH,uKAI,L84s,NhsEn4L,TDceha3,Xzba,UYBR,Lmli,9Hi6hzI,oslk,93cqqb8,LM8l689qOp,Aoh3,RAYp,F2FyR07IdsN7I
0,1022,14,2264,76,95,16,233.44,0,531048,0,2.3025,18,138,21,0,0,54306,0,16,32,0,-211394.4,430,42,16983,0,81415,137834,1875,0,27,1349621,2037800,4,2014452,0,0,8Iqt0G8rTN,2Knk1KF,taul,1K8T,PbOJ,PHNvXy8,zA2IZno2NK,KBdR,9_Y1,k13i,VpdQ,giwq,NKv3VA1BpP,kIsH,uKAI,L84s,Ie_5MZs,XTbjhEX,MmXb,UYBR,FzaX,UF16siJ,zCkv,APgdzOv,LM8l689qOp,fKCe,6fzt,Zy3gnGM
0,1127,7,500,144,180,16,186.64,0,6267660,0,0.3398846,9,34,224,1812648,0,183946.5,40,2,48,24,374432,565,78,963,0,3352915,185274,3120,0,9,604800,10620360,18,518400,0,0,oyGrjIXt5a,RO12,taul,1K8T,487l,UpI8v8b,Gai9lEF2Fr,X1L0,9_Y1,VILw,09_Q,zm5i,me75fM6ugJ,kIsH,uKAI,L84s,NhsEn4L,mAjbk_S,ot8S,UYBR,FzaX,bDfm94s,oslk,rBxAyXX,jySVZNlOJy,5Acm,RAYp,F2FyR07IdsN7I
0,560,7,296,116,145,40,196.64,0,259242,0,2.107669,9,38,28,1825608,0,42434.4,0,2,32,80,-88241.6,425,18,32643,0,665035,137776,5500,0,9,903623,1917592,20,36570,0,0,1GdOj1KXzC,RO12,taul,1K8T,JLbT,8NKFFda,hOpRIhsUSP,TmLm,9_Y1,jdbz,VpdQ,zm5i,me75fM6ugJ,kIsH,uKAI,L84s,NhsEn4L,mAja5EA,P8eC,cJvF,FzaX,zWA88FJ,oslk,Ggf2C8o,LM8l689qOp,kwS7,RAYp,F2FyR07IdsN7I
0,861,0,148,124,155,0,286.96,0,7257600,0,4.861355,9,84,168,2073600,0,204366.9,25,0,32,24,-324548.8,470,84,187965,0,3887995,0,0,0,36,0,10571720,18,0,0,0,jg69tYsGvO,RO12,taul,1K8T,kwI9,FJDupBg,e1XhvTunuD,r8PL,9_Y1,YULl,VpdQ,haYg,7M47J5GA0pTYIFxg5uy,kIsH,uKAI,L84s,E1aAZ0x7vd,XTbJ4br,oyio,UYBR,FzaX,OYHoGfM,QKW8DRm,RlTh9x_,M_8D,FSa2,vJ_w8kB,WfJYmPMksSqa1pajvfG
0,420,7,2120,76,95,96,200,0,0,0,3.472548,9,120,35,51784,0,8060.97,0,0,0,8,74247.6,330,0,4383,0,448355,153058,170,0,9,0,690692,12,0,0,0,Yddq9ayE15,2Knk1KF,taul,1K8T,hAOr,7z8V8VT,_03xtaMIkk68B,oBIs,9_Y1,F_Lu,VpdQ,kxE9,me75fM6ugJ,kIsH,uKAI,L84s,XfqtO3UdzaXh_,XTbPUYD,n3Sz,cJvF,FzaX,h72fSEp,oslk,e7bTQlu,LM8l689qOp,TNEC,RAYp,55YFVY9
0,1204,7,184,192,240,112,300,0,72606,0,4.079897,9,44,70,55712,0,3952.11,5,2,56,80,44616.8,955,12,23769,0,261605,61096,2730,0,0,3192,411968,40,4878,0,0,NQ5rEy7Rm6,RO12,taul,1K8T,JLbT,kkNkJwu,_YWZ6Ym,614C,9_Y1,X8zP,VpdQ,IYzP,me75fM6ugJ,kIsH,uKAI,L84s,NhsEn4L,TDcECyH,lYKD,cJvF,FzaX,TZC87dl,oslk,aN3QowC,LM8l689qOp,Aoh3,RAYp,F2FyR07IdsN7I
0,700,14,688,128,160,144,290.32,0,2073600,0,0.4152959,18,32,126,0,0,195735,15,12,40,0,168211.6,525,24,3636,0,66945,3075300,435,0,0,0,10589720,2,3110400,0,0,8I1r4RXXnK,RO12,taul,1K8T,JLbT,3n6biah,pukIiZ55lCjfdsXL,ligO,9_Y1,Albh,09_Q,IYzP,me75fM6ugJ,kIsH,uKAI,L84s,NhsEn4L,kZJyVg2,bOo5,UYBR,FzaX,ZN38Wb4,oslk,xMusxs4,jySVZNlOJy,Xa3G,RAYp,F2FyR07IdsN7I
0,1526,7,196,196,245,192,133.12,0,2694,0,6.065157,9,66,210,95568,0,5029.83,0,12,64,48,-74165.6,1010,6,48024,0,104040,71772,3135,0,9,22379,314524,24,57252,0,0,DHeTmBftjz,RO12,taul,1K8T,lK27,iJzviRg,vMguMQhTmIIbhNdx1Kq,jzCl,9_Y1,4N0K,VpdQ,haYg,7M47J5GA0pTYIFxg5uy,kIsH,uKAI,L84s,4ylQpLr46xum2hHQ,7WwK5g3,TAC0,cJvF,FzaX,ch2oGfM,z4pH,P6pu4Vl,LM8l689qOp,Qu4f,ZI9m,R4y5gQQWY8OodqDV
0,2317,7,800,64,80,16,284.24,0,3879498,0,2.373211,9,158,14,2662912,0,61645.5,10,0,24,8,152052.8,2495,30,2070,0,4579915,943694,2080,0,27,2330048,9969960,12,0,0,0,BQa9tYsdof,AERks4l,taul,1K8T,0Xwj,fhk21Ss,OP8vXjrAel,zvti,HLqf,YULl,VpdQ,y6dw,7M47J5GA0pTYIFxg5uy,sBgB,uKAI,L84s,WsRVNrF85oPU_,OFq_bjx,E9NI,UYBR,FzaX,4UxGlow,zCkv,catzS2D,LM8l689qOp,FSa2,ZI9m,ib5G6X1eUxUn6
0,3507,7,2064,56,70,16,117.04,0,3062064,0,5.486648,9,64,70,0,3,51773.7,10,0,8,0,-604816,1670,36,1205946,8,72040,13368,1850,0,9,0,2816944,8,0,0,0,Iskvyx875g,RO12,taul,1K8T,YVv3,PyebXKa,V_KR_LD,952t,9_Y1,MBhA,VpdQ,43pnToF,me75fM6ugJ,kIsH,uKAI,L84s,NhsEn4L,mAjbk_S,j6nf,UYBR,FzaX,ZS8OtFs,oslk,e2t7A2G,LM8l689qOp,WqMG,RAYp,F2FyR07IdsN7I
0,805,7,8,144,180,40,266.4,0,5309490,0,2.923948,9,58,0,1686528,0,192464.7,25,4,48,32,157476,535,72,4266,0,2885080,792064,255,0,18,267162,10492880,16,950466,0,0,CEaBcmz45j,RO12,taul,1K8T,0WHw,SHmviED,yiXKNUCbD1,QAo7,9_Y1,KubS,VpdQ,haYg,7M47J5GA0pTYIFxg5uy,kIsH,uKAI,L84s,leSl,kq021Qe,ZURt,cJvF,FzaX,7zPJmUr,QKW8DRm,v6E0Yoz,LM8l689qOp,Qcbd,vJ_w8kB,WfJ2BB2SFSqauljlfOB
0,672,0,0,152,190,40,271.2,0,10774380,0,0.8446913,9,24,0,0,0,187577.1,45,0,32,0,101336.8,550,126,0,0,169650,1548,0,0,9,0,10332640,6,0,0,0,YddTmBtueT,RO12,taul,1K8T,lK27,77f44U8,C_u8_AlBK7,FT9E,9_Y1,C6Eu,09_Q,zm5i,me75fM6ugJ,kIsH,uKAI,L84s,NhsEn4L,NGZxnJM,R5vN,cJvF,FzaX,tzp8jNM,oslk,5nQ7A2G,LM8l689qOp,rgKb,RAYp,0pzBWGkV3fbsGZN52DH
0,1659,28,7316,188,235,128,200,0,0,0,5.677206,54,92,7,673976,0,34751.7,15,18,88,120,126667.6,695,0,6714,0,482780,244392,910,0,0,226261,2199332,8,481938,0,0,8I1r4RXXnK,PomAbFU,taul,1K8T,TyGl,6CXYbuk,LJF4fPp,ulTj,9_Y1,Albh,VpdQ,sYC_,Kxdu,kIsH,uKAI,L84s,FMSzZ91zL2,7Wwclc7,2dTx,cJvF,qxDb,ROeipLp,zCkv,K2SqEo9,LM8l689qOp,Xa3G,6fzt,F2FcTt7IdMT_v
0,770,7,384,132,165,48,363.76,0,7417200,0,1.206793,9,50,406,0,0,163843.5,30,4,32,0,305622,585,90,16281,0,378565,1036800,3315,0,0,604800,10086040,8,1036800,0,0,vAsgUHXM47,RO12,taul,1K8T,7ALb,6oGvcTJ,ARvzJXx,SUbi,9_Y1,fTh6,VpdQ,IYzP,me75fM6ugJ,kIsH,uKAI,Mtgm,NhsEn4L,mAja5EA,5Wva,cJvF,FzaX,MiSOw16,oslk,alU2fT4,LM8l689qOp,453m,RAYp,F2FyR07IdsN7I
0,812,14,12036,132,165,16,233.44,10,9030780,0,4.340312,27,124,763,1382400,0,187969.5,30,0,32,16,61033.2,495,114,76887,16,1728000,187290,12435,0,36,0,10542320,8,0,0,0,dRavyx7ejg,2Knk1KF,taul,1K8T,Bxva,E9Iexlg,FoJylxy,eN51,9_Y1,YGOC,VpdQ,Tkho,DHn_WUyBhW_whjA88g9bvA64_,kIsH,uKAI,L84s,CrNX,pMWQVqj,1Vxq,UYBR,qxDb,wIfwhvW,d0EEeJi,PXpf_xn,LM8l689qOp,szEZ,nIGXDli,55YFVY9
0,378,7,92,48,60,16,298.8,0,3000,0,4.955351,9,108,21,0,0,242255.7,0,0,0,0,-553436,205,12,477,0,4032180,1024,25,0,27,0,3229792,16,0,0,0,UzE54NEjuC,2Knk1KF,LfvqpCtLOY,1K8T,fhwd,ErY4xPh,5q1hF23,taKF,9_Y1,SkZj,09_Q,kxE9,me75fM6ugJ,kIsH,3av_,L84s,XfqtO3UdzaXh_,XTbPUYD,aINY,UYBR,FzaX,8OZv_hX,oslk,YLmjELi,LM8l689qOp,Aoh3,RAYp,55YFVY9
0,875,7,704,136,170,56,256.32,0,2161968,0,1.778893,9,50,140,3456000,0,213080.7,5,6,32,40,143061.2,515,30,19800,0,5122200,1085706,535,0,9,1814400,10654520,26,1305654,0,0,2jiWq69cTy,RO12,taul,1K8T,j1T2,9GJGgoz,J1MZ1kd,i0kZ,9_Y1,Px52,sJzTlal,IYzP,Kxdu,kIsH,uKAI,L84s,FMSzZ91zL2,kq067VR,WjUU,cJvF,FzaX,Tvpip6Z,zCkv,hHJsvbM,LM8l689qOp,PM2D,6fzt,SbOd7O8ky1wGNxp0Arj0Xs
0,161,0,0,192,240,40,266.4,0,4869216,0,0.568041,9,16,0,2073600,0,171511.5,35,0,40,24,154903.2,480,66,0,0,4681765,147670,0,0,0,0,10486280,44,0,0,0,crIt0Go8Lb,RO12,taul,1K8T,ssAy,PTPnCPt,FoJylxy,XcYz,9_Y1,rGJy,VpdQ,IYzP,me75fM6ugJ,kIsH,uKAI,Mtgm,NhsEn4L,7Wws1xg,Hl_U,UYBR,FzaX,t0r88FJ,oslk,CqxAwsZ,LM8l689qOp,Qu4f,RAYp,F2FyR07IdsN7I
0,2352,7,1220,372,465,208,200,0,307560,0,3.898526,9,32,77,49632,0,7430.1,5,14,88,96,-1415164,1480,72,4833,0,309945,186766,550,0,0,23380,970784,70,124464,0,0,qXhvyxLp3Z,RO12,taul,1K8T,Xa_z,dRqabdC,P9HTde2,6DKK,9_Y1,FbIm,VpdQ,IYzP,me75fM6ugJ,kIsH,uKAI,L84s,NhsEn4L,mAjbk_S,ol9O,cJvF,FzaX,eJsfrxM,oslk,renAIRG,LM8l689qOp,xb3V,RAYp,F2FyR07IdsN7I
0,826,7,872,176,220,120,233.44,0,2635704,0,4.269173,9,76,0,1055560,0,187897.8,15,10,40,40,98222.4,840,48,8883,0,1617650,2237040,5130,0,0,0,10473520,16,2075382,0,0,MlYvyx875g,RO12,taul,1K8T,YVv3,PyebXKa,JlBPeqq,952t,9_Y1,MBhA,09_Q,giwq,me75fM6ugJ,kIsH,uKAI,Mtgm,NhsEn4L,mAjbk_S,j6nf,UYBR,FzaX,ZS8OtFs,oslk,e2t7A2G,LM8l689qOp,WqMG,RAYp,F2FyR07IdsN7I
0,1827,7,1272,244,305,216,200,0,184278,0,3.442854,9,148,0,975232,0,24763.71,20,18,80,88,-4421.72,955,42,5382,0,137175,494180,10,0,9,88501,2179736,6,550524,0,0,4e7Wq69R_D,2Knk1KF,taul,1K8T,ssAy,d2iSdMg,kNWBAqj,bX6v,9_Y1,0A_v,VpdQ,lVqb,me75fM6ugJ,kIsH,uKAI,L84s,XfqtO3UdzaXh_,XTbPUYD,_L5e,UYBR,FzaX,9F788FJ,oslk,peiOEra,LM8l689qOp,PM2D,RAYp,55YFVY9
0,329,0,0,512,640,248,238.72,0,719004,0,6.460799,18,12,0,119952,0,8282.1,65,34,296,136,-493000,640,246,0,8,91095,197888,0,0,0,128632,1413476,18,296802,0,7,vAsTmBfHUn,RO12,taul,1K8T,EWYi,77fJ9iC,EejALrT,lJO3,9_Y1,4N0K,09_Q,IYzP,me75fM6ugJ,kIsH,uKAI,L84s,NhsEn4L,mAja5EA,nKzj,UYBR,FzaX,t5EvdH_,oslk,E2dQguc,LM8l689qOp,Qu4f,RAYp,F2FyR07IdsN7I
0,196,0,0,100,125,16,220.08,0,5542656,0,4.008118,9,18,0,1267312,0,214784.7,20,4,24,16,-133075.6,525,54,0,0,2376195,316826,0,0,0,554449,9597200,12,950484,0,0,JMGq9aXt5a,RO12,taul,1K8T,TLkP,dRqgqKR,77iNHt972x,BVHy,9_Y1,Y9Bl,09_Q,IYzP,me75fM6ugJ,kIsH,uKAI,L84s,NhsEn4L,NGZxnJM,VjrN,cJvF,FzaX,PXbv1FD,oslk,2Yrz_Kt,LM8l689qOp,uWr3,RAYp,F2FyR07IdsN7I
0,1036,28,320,204,255,200,220.08,0,164304,0,2.942106,36,82,70,1234224,0,21665.91,10,6,48,40,578788,1110,12,18495,0,3182275,255308,4375,0,18,229985,4362640,28,27276,0,0,dRavyx7ejg,RO12,taul,1K8T,7wJ6,mfjcTEF,9YuFlLzSEv,h5AG,9_Y1,YGOC,VpdQ,6JmL,me75fM6ugJ,kIsH,uKAI,L84s,XfqtO3UdzaXh_,11p4mKe,Ronk,cJvF,FzaX,kogfGrO,oslk,uClRusu,LM8l689qOp,szEZ,RAYp,F2FyR07IdsN7I
0,1463,7,1532,416,520,40,133.12,0,7554,0,5.253578,9,94,343,72664,0,2255.07,5,2,80,144,15192,1570,12,18900,0,329080,7044,410,0,9,3136,324000,154,4410,0,0,vAsvyx7ejg,RO12,I9xt3GDRhUK7p,1K8T,hM6W,FJDupBg,Yi4ueNR,BeKD,9_Y1,xSqs,sJzTlal,hAFG,7M47J5GA0pTYIFxg5uy,kIsH,uKAI,L84s,E1aAZ0x7vd,teAwEpx,nIgr,cJvF,FzaX,OYHoGfM,QKW8DRm,RlTh9x_,jySVZNlOJy,szEZ,vJ_w8kB,WfJYmPMksSqa1pajvfG
0,462,7,2192,180,225,56,189.6,0,81756,0,1.923521,9,116,147,52848,3,9366.479,15,0,32,24,-1655236,585,60,60363,16,413795,34976,3840,0,9,21371,505812,44,0,0,7,2jirEyXktW,RO12,taul,1K8T,487l,FJDupBg,tsN7UBMo1B,a9Ws,9_Y1,VwCR,VpdQ,hAFG,7M47J5GA0pTYIFxg5uy,kIsH,uKAI,Mtgm,E1aAZ0x7vd,teAAXMy,7PN9,cJvF,wwPEXoilkr,OYHoGfM,QKW8DRm,RlTh9x_,LM8l689qOp,Aoh3,vJ_w8kB,WfJYmPMksSqa1pajvfG
0,532,0,0,128,160,8,220.08,0,1555200,0,1.333476,9,28,0,2764800,0,229880.1,25,2,40,32,92711.2,485,18,0,0,7504550,67102,0,0,18,0,10339880,36,168636,0,0,dTGmfo8zhV,RO12,taul,1K8T,AKN1,H9TaVTy,AKEyQtw,OKb7,9_Y1,Ew1Q,sJzTlal,IYzP,me75fM6ugJ,kIsH,uKAI,L84s,NhsEn4L,mAja5EA,EjOw,cJvF,FzaX,MKZfql_,oslk,3lfAGfT,LM8l689qOp,wX53,RAYp,F2FyR07IdsN7I
0,0,0,0,88,110,112,246,0,0,0,5.606922,9,12,0,0,0,3410.73,0,0,0,0,-752456,110,0,0,16,28465,38638,0,6,0,0,100048,16,0,0,7,4e7gUH7IEC,RO12,taul,1K8T,0kpG,6LkZ9_n,0P4nFbnB1b,18Cd,9_Y1,m_h1,09_Q,IYzP,me75fM6ugJ,kIsH,uKAI,L84s,NhsEn4L,uZL60aU,KCbz,cJvF,FzaX,TZCR2zc,oslk,tFTzAyO,LM8l689qOp,WqMG,RAYp,F2FyR07IdsN7I
0,924,0,32,500,625,176,329.92,0,5261412,0,1.88934,9,146,0,1025432,0,182942.7,50,18,88,88,130026,1085,156,150660,0,2369980,890740,0,0,18,185577,10663480,94,567402,0,0,Foxt0Go8Lb,AERks4l,taul,1K8T,TyGl,fhk21Ss,_03xtaMIkZsn1,t7tD,9_Y1,rGJy,VpdQ,itlM,7M47J5GA0pTYIFxg5uy,kIsH,uKAI,L84s,XfqtO3UdzaXh_,XTbPUYD,XZu1,UYBR,OFWH,4UxGlow,oslk,catzS2D,M_8D,Qu4f,ZI9m,ib5G6X1eUxUn6
0,1743,7,152,116,145,32,268.8,0,2269782,0,4.128819,9,34,154,633632,0,125663.7,25,2,16,8,-109708,535,30,1971,0,3762765,567086,145,0,18,554428,7639480,26,475260,0,0,dRavyx7ejg,RO12,taul,1K8T,hM6W,ckoxY95,r83_sZi,AL2b,9_Y1,xSqs,VpdQ,zm5i,me75fM6ugJ,kIsH,uKAI,L84s,NhsEn4L,NGZXfGp,rjGr,cJvF,FzaX,cXsjB1v,oslk,qWjjxQb,LM8l689qOp,szEZ,RAYp,F2FyR07IdsN7I
0,798,14,3184,32,40,8,186.64,0,1729224,0,4.318521,18,78,399,4382696,6,156323.1,0,2,0,8,236523.6,375,18,13734,16,688315,1209600,3775,0,27,0,8733200,4,3628800,0,0,2jirEyXktW,eSGpMwS8zSGgq_trOpckZ5,taul,1K8T,LLPZ,iD7SNLr,wHfQYg4FYPyudCQ6,2Nai,9_Y1,SkZj,VpdQ,kxE9,GjJ35utlTa_GNSvxxpb9ju,kIsH,uKAI,L84s,UbxQ8lZ,ORMRote,_FzB,cJvF,FzaX,nRiFAt2,Al6ZaUT,s4VNFzv,LM8l689qOp,Aoh3,02N6s8f,R4y5gQQWY8OodqDV
0,728,7,16,128,160,0,253.52,0,2116830,0,2.839991,9,36,7,5063544,0,233304.6,0,0,32,64,2836492,490,30,36216,0,8208000,0,665,0,9,1814400,10509400,38,0,0,0,CEaWq69cTy,RO12,taul,1K8T,TyGl,_gMxSlj,CbcWkL1DRg48F,nyZz,9_Y1,RVjC,sJzTlal,zm5i,me75fM6ugJ,kIsH,uKAI,L84s,NhsEn4L,mAjbk_S,bru6,UYBR,AU8pNoi,68RvOIl,oslk,GSZEVJ2,LM8l689qOp,FSa2,RAYp,F2FyR07IdsN7I
0,1911,7,3072,144,180,32,253.52,0,3391824,0,1.428541,9,74,154,1900952,0,42796.2,20,8,40,24,-147981.6,570,54,24363,0,4730660,633652,16430,0,9,554442,10521800,24,1900944,0,0,xearjIX0Db,RO12,taul,1K8T,vsvk,bvZcCja,r83_sZi,hFHS,9_Y1,m7JR,VpdQ,IYzP,me75fM6ugJ,kIsH,uKAI,L84s,NhsEn4L,mAjbk_S,15KP,UYBR,FzaX,mTDfR8o,oslk,dEJz4Af,LM8l689qOp,5Acm,RAYp,F2FyR07IdsN7I
0,3094,7,688,232,290,144,200,5,2182842,0,4.710959,18,194,28,4903416,0,6327.271,20,32,56,56,-560420,1205,18,22428,16,70945,68190,1170,0,18,16961,4362920,20,168426,0,7,52Iq9ayE15,2Knk1KF,taul,1K8T,z32l,fhk21Ss,BBhiudN5VwCx3,PEA0,9_Y1,vm5R,VpdQ,y6dw,7M47J5GA0pTYIFxg5uy,kIsH,uKAI,L84s,_5OXC8MSLt,LxWhDOK,8pnM,cJvF,FzaX,4UxGlow,oslk,catzS2D,LM8l689qOp,7P5s,ZI9m,iyHGyLCEkQ
0,665,7,0,132,165,40,200.8,0,7776000,0,4.735313,9,30,0,3128,0,220965.9,30,4,32,8,139545.2,510,90,315,0,1353490,837616,10,0,0,0,10548560,8,1036800,0,0,qXhvyxLp3Z,RO12,taul,1K8T,UpNf,ka_ns41,V4E_TU9097,cljo,9_Y1,FbIm,sJzTlal,IYzP,me75fM6ugJ,kIsH,uKAI,L84s,NhsEn4L,mAjbk_S,tyrZ,UYBR,FzaX,1YVfGrO,oslk,fXVEsaq,LM8l689qOp,xb3V,RAYp,F2FyR07IdsN7I
0,3066,7,3324,2224,2780,1240,320.4,0,1611792,0,5.140782,18,130,567,3150152,0,85627.2,115,70,592,1984,62216,3305,144,96165,0,4557905,1435200,1535,0,18,1360814,9984200,142,1120290,0,0,crIgUHSK8h,2Knk1KF,taul,1K8T,yMvB,tTnXEFX,hOpRIhsUSP,gMVu,9_Y1,RVjC,09_Q,sYC_,me75fM6ugJ,kIsH,uKAI,L84s,NhsEn4L,beK4AFX,YihF,UYBR,tdJW_Pm,hf1YH7D,oslk,yr_z4Af,bCPvVye,FSa2,RAYp,55YFVY9
0,1477,14,3288,220,275,192,253.52,0,0,0,4.2978,18,92,140,853952,0,18031.44,0,8,32,96,5015,900,0,6444,0,588695,212310,10195,0,27,225323,1420260,30,146562,0,0,dRarjIK12c,RO12,taul,1K8T,YVv3,3fI4jEC,3X0xOLn,gBL1,9_Y1,7WNq,09_Q,Tkho,me75fM6ugJ,kIsH,uKAI,L84s,NhsEn4L,beK4AFX,31LB,UYBR,FzaX,pHXYlW4,oslk,wYv2Oqu,LM8l689qOp,WqMG,RAYp,F2FyR07IdsN7I
0,2205,7,3440,260,325,112,220,0,4224912,0,6.731894,18,112,385,4946304,0,72547.5,50,2,56,72,138511.6,915,84,24525,0,4283225,523634,4365,0,9,170457,10447360,34,28170,0,0,P1WvyxLp3Z,2Knk1KF,taul,1K8T,UpNf,nLJVdmm,9YuuPSz3BI,6tRK,9_Y1,lXxA,VpdQ,haYg,me75fM6ugJ,kIsH,uKAI,L84s,XfqtO3UdzaXh_,XTbPUYD,LaGY,UYBR,FzaX,sy7fR8o,oslk,QPHTy9x,LM8l689qOp,xb3V,RAYp,55YFVY9
0,1071,7,2316,132,165,40,286.96,0,3414276,0,5.944243,9,106,119,633648,0,138918.9,20,6,32,8,-253006,575,60,77418,0,3703420,721088,330,0,9,1108877,9123640,20,1425684,0,0,u6tWq6edh4,2Knk1KF,taul,1K8T,lK27,gOhJ89M,iDskMGe,vt8L,9_Y1,_xpN,sJzTlal,sYC_,me75fM6ugJ,kIsH,uKAI,Mtgm,NhsEn4L,kq0aHkC,b1Y5,cJvF,FzaX,_viYWu3,oslk,OugT3Cb,LM8l689qOp,FSa2,RAYp,55YFVY9
0,1813,14,524,128,160,24,200,5,3324282,0,2.243965,18,122,721,4497480,0,36650.1,10,0,32,56,92352.8,535,48,4473,8,4755105,453978,450,0,27,604800,9868160,24,0,0,0,wRXmfo875g,LrdZy8QqgUfkVShG,taul,1K8T,LloI,fhk21Ss,9YuuPSz3BI,VNo6,9_Y1,gnEy,VpdQ,6JmL,7M47J5GA0pTYIFxg5uy,kIsH,uKAI,L84s,4kVnq_T26xq1p,jaw2yIk,fpq1,cJvF,FzaX,4UxGlow,zCkv,catzS2D,LM8l689qOp,3Cy4,ZI9m,ib5G6X1eUxUn6
0,749,7,0,84,105,96,220.08,0,518400,0,5.551805,9,40,0,271376,0,157170.3,5,2,16,16,35910.28,490,6,162,0,484150,125608,5,0,9,105763,1467108,8,2526,0,0,YddrjIQ5Ph,RO12,taul,1K8T,JLbT,jfPn1fB,ilrY4YM,P9KQ,9_Y1,RVjC,sJzTlal,wMei,me75fM6ugJ,kIsH,uKAI,L84s,NhsEn4L,7WwwAA_,4a9J,UYBR,FzaX,WPf93Yc,oslk,853aRTx,LM8l689qOp,FSa2,RAYp,F2FyR07IdsN7I
0,3227,7,1640,2052,2565,1008,320.4,0,3128562,0,2.790857,18,108,0,2944992,0,46155.3,30,134,936,544,37670.16,4555,624,26586,0,4145370,705272,30,0,18,979685,9330160,284,769446,0,0,bZk9tYsGvO,RO12,taul,1K8T,TyGl,eDdnaaX,LJF4fPp,jvK8,9_Y1,YULl,VpdQ,sYC_,me75fM6ugJ,kIsH,uKAI,L84s,NhsEn4L,kq0ELEt,z1cV,UYBR,FzaX,Dw7YjZW,oslk,oCzEVaf,LM8l689qOp,FSa2,RAYp,F2FyR07IdsN7I
0,1589,7,2468,120,150,104,280.24,0,2620692,0,2.076907,9,82,322,587992,0,107369.4,5,10,40,24,186656,815,36,17073,0,776720,2246400,4655,0,9,2219,9057000,4,2334156,0,0,ZSNq9aX0Db,RO12,taul,1K8T,TLkP,YDTErT5,Pkku4gO,zFWP,9_Y1,6TCl,VpdQ,IYzP,me75fM6ugJ,kIsH,uKAI,L84s,NhsEn4L,mAjbk_S,vo1R,UYBR,FzaX,ZoXR0Oj,oslk,IKPc_aX,LM8l689qOp,uWr3,RAYp,F2FyR07IdsN7I
0,728,14,4720,156,195,120,166.56,0,0,0,4.278573,27,102,329,1969224,0,63531.3,10,6,24,56,-237998.4,535,0,33606,0,1348585,262928,13210,0,0,314377,2668636,24,116442,0,0,4E_Oj1siQ3,RO12,taul,1K8T,ZNsX,_gMnuwV,YoRN1KTszPHt3,VeZb,9_Y1,jdbz,09_Q,sYC_,me75fM6ugJ,kIsH,g5HH,L84s,NhsEn4L,kq0aHkC,mUud,cJvF,FzaX,CBA87dl,oslk,TX2AGfT,LM8l689qOp,kwS7,RAYp,F2FyR07IdsN7I
0,1155,21,2260,156,195,128,186.64,0,1594158,0,6.399487,36,128,203,837712,0,90631.8,35,8,56,40,197243.6,620,30,38826,0,185145,694418,1885,0,9,426006,5029280,4,168798,0,0,DHeq9ayfAo,2Knk1KF,taul,1K8T,_8YK,PHNvXy8,k10MzgT,FRv7,9_Y1,kJJ7,VpdQ,hAFG,NKv3VA1BpP,kIsH,uKAI,L84s,Ie_5MZs,OFqdri0,Aygw,cJvF,AU8_WTd,UF16siJ,zCkv,APgdzOv,jySVZNlOJy,7P5s,6fzt,Zy3gnGM
0,798,7,300,144,180,8,186.64,0,1874820,0,0.5001068,9,52,35,5439336,0,212608.5,5,4,32,64,152012.8,490,24,5202,0,7926900,8518,435,0,0,0,10676160,40,3648,0,0,dRaTmBfHUn,RO12,taul,1K8T,LFM_,Nn3wY8e,NFlfMbKIm3,dadT,9_Y1,4N0K,09_Q,IYzP,me75fM6ugJ,kIsH,uKAI,L84s,NhsEn4L,mAja5EA,nHKS,UYBR,AU8pNoi,75wv48t,oslk,xKQ2fT4,M_8D,Qu4f,RAYp,F2FyR07IdsN7I
0,0,0,0,32,40,0,166.56,0,0,0,0.4533219,9,18,0,0,0,3374.88,0,0,0,0,-110982.8,255,0,0,0,45540,0,0,0,0,0,36432,16,0,0,0,xddq9ayfAo,RO12,taul,1K8T,PJLW,qXFLi2i,J_sb4dmQwP,G4kx,9_Y1,vm5R,VpdQ,IYzP,DHn_WUyBhW_whjA88g9bvA64_,kIsH,uKAI,L84s,CrNX,NGZ_12K,hJ1s,cJvF,FzaX,r5hKSu6,d0EEeJi,CWissyW,LM8l689qOp,7P5s,02N6s8f,F2FyR07IdsN7I
0,1498,7,272,200,250,144,167.2,0,153144,0,5.753899,18,50,28,672096,0,44447.4,10,14,88,80,-1406580,610,12,37107,0,284830,170748,1220,0,0,196763,1194168,22,79302,0,0,2AAWq69R_D,RO12,taul,1K8T,0Xwj,kJ1ERUT,LWyFlLYrMm,mtMU,F3hy,0A_v,VpdQ,IYzP,7M47J5GA0pTYIFxg5uy,kIsH,uKAI,Mtgm,leSl,teA09W3,dlF8,UYBR,FzaX,MMTJrCp,QKW8DRm,Rkj9jvX,LM8l689qOp,PM2D,vJ_w8kB,WfJ2BB2SFSqauljlfOB
0,1015,7,8,136,170,88,220.08,0,4355970,0,2.369793,9,88,0,129432,0,170710.2,10,10,32,8,117300,730,60,0,0,1292985,1839034,15,0,9,0,10041120,10,2503170,0,0,MwmgUHShse,RO12,taul,1K8T,AHgj,uqsysxi,Pkku4gO,85IW,9_Y1,RVjC,VpdQ,IYzP,me75fM6ugJ,kIsH,uKAI,Mtgm,NhsEn4L,mAjbk_S,ETNp,UYBR,FzaX,bhM8mx2,oslk,E3j9lNX,jySVZNlOJy,FSa2,RAYp,F2FyR07IdsN7I
0,1057,7,3244,136,170,40,286.96,0,4696368,0,6.749199,27,88,14,2073600,0,149666.4,20,2,32,24,68256,545,60,68319,0,4365075,552486,25,0,9,0,10251000,22,518400,0,0,FAJgUH7ejg,RO12,taul,1K8T,487l,7UBxJVj,msIFlLyI91,Rjw5,9_Y1,m_h1,VpdQ,sYC_,me75fM6ugJ,kIsH,uKAI,L84s,NhsEn4L,beK4AFX,kPer,UYBR,FzaX,07mmflk,oslk,NNyRUH6,LM8l689qOp,WqMG,RAYp,F2FyR07IdsN7I
0,553,7,1088,124,155,80,200,0,663282,0,0.1890622,9,186,665,364656,0,30552.6,10,4,48,40,14107.56,475,42,7362,0,552080,486606,340,0,9,33957,2290572,10,212478,0,0,voArjIXt5a,5QKIjwyXr4MCZTEp7uAkS8PtBLcn,taul,1K8T,487l,fhk21Ss,BBhiudN5VwCx3,X1L0,9_Y1,VILw,VpdQ,y6dw,7M47J5GA0pTYIFxg5uy,kIsH,uKAI,Mtgm,5u2Bxlj9ua90kqrA,7WwtEtr,ot8S,UYBR,Lmli,4UxGlow,JIiEFBU,catzS2D,jySVZNlOJy,5Acm,ZI9m,iyHGyLCEkQ
0,371,0,0,132,165,0,286.96,0,201978,0,4.975005,9,22,0,5328424,0,216669.6,0,0,32,64,122062.4,515,18,0,0,9425950,0,0,0,9,604800,10339640,44,0,0,0,JMGq9aXt5a,RO12,CuXi4je,1K8T,487l,VcWMqdZ,bAyJC1anwc,o_4o,9_Y1,Y9Bl,09_Q,zm5i,me75fM6ugJ,kIsH,uKAI,L84s,NhsEn4L,kZJyVg2,Jz3e,UYBR,FzaX,dBlvOIl,oslk,_83OEra,LM8l689qOp,uWr3,RAYp,F2FyR07IdsN7I
0,21,0,0,68,85,16,153.6,0,241074,0,5.745354,9,12,0,52280,0,29408.13,0,4,0,8,90745.2,85,6,0,16,587515,1046,0,0,0,0,666584,22,11436,0,14,DHevyx7IEC,RO12,taul,1K8T,lK27,86dToXU,gX8YBGy_wwl_HL2B,jv62,9_Y1,RcM7,sJzTlal,IYzP,me75fM6ugJ,kIsH,uKAI,L84s,NhsEn4L,kq0l43t,A1VJ,UYBR,FzaX,QMaRwBA,oslk,0D0gQ7h,LM8l689qOp,szEZ,RAYp,F2FyR07IdsN7I
0,1085,21,7836,124,155,24,220.08,0,0,0,0.8429822,36,80,2303,5192400,0,140150.4,10,0,32,64,200435.2,580,0,11691,0,7776000,518400,3785,0,18,1814400,10001040,36,0,0,0,dRagUHXM47,RO12,taul,1K8T,pE9z,jEC3vg3,CdPgMY1Z52,Ut_1,9_Y1,STGZ,VpdQ,IYzP,me75fM6ugJ,kIsH,uKAI,Mtgm,NhsEn4L,mAjbk_S,Z45h,UYBR,FzaX,x_lA5lA,oslk,3B1mC_N,LM8l689qOp,453m,RAYp,F2FyR07IdsN7I
0,115045,28,3340,11580,14475,2352,166.56,0,1668018,0,5.487716,45,130,35,1735880,0,1274.166,2435,370,2720,2224,389160.8,79740,4842,1179,0,1469770,544946,435,0,45,295099,5357320,1688,682008,0,0,eOQgUHShse,2Knk1KF,taul,1K8T,487l,WkHrLeh,J3fgbi2,Mx5G,9_Y1,RVjC,VpdQ,haYg,me75fM6ugJ,kIsH,uKAI,L84s,XfqtO3UdzaXh_,OFqmdNV,9haV,UYBR,FzaX,MPav4zN,oslk,kEYAGfT,jySVZNlOJy,FSa2,RAYp,55YFVY9
0,987,7,364,128,160,56,206.72,0,88734,0,2.373852,9,68,7,1669040,0,52920,0,2,40,64,234985.6,595,12,23301,0,2055035,229256,845,0,9,930720,3017484,28,31902,0,0,639qrQK2Mx,RO12,taul,1K8T,AHgj,uV2WKYv,_UtlxbJ,s0AD,9_Y1,15m3,VpdQ,y6dw,me75fM6ugJ,kIsH,uKAI,L84s,XfqtO3UdzaXh_,XTbPUYD,iD2f,cJvF,FzaX,hN838SL,oslk,2wdfIt_,LM8l689qOp,FSa2,RAYp,F2FyR07IdsN7I
0,966,7,2820,144,180,24,289.2,0,1580502,0,2.425764,9,112,644,3390304,0,144225.9,10,4,32,48,169881.6,625,30,24516,0,7503200,225942,8230,0,18,328965,10236760,36,1036800,0,0,Foxt0Go8Lb,2Knk1KF,taul,1K8T,G6s_,c7x9WtT,GJg0GlB3WS,D04C,9_Y1,MGOA,VpdQ,hAFG,5iay,kIsH,uKAI,L84s,Ie_5MZs,teAHY7B,1Bul,cJvF,FzaX,iVsiwtx,zCkv,FRz7PDj,jySVZNlOJy,Qu4f,6fzt,Zy3gnGM
0,273,0,0,4,5,0,119.92,5,0,0,5.897244,18,22,0,0,6,165645.9,0,2,8,0,-444600,350,0,0,40,0,0,0,0,9,0,2128180,0,3192270,0,14,HYTvyx7ejg,RO12,taul,1K8T,0Xwj,T7cNGWG,Gai9lEF2Fr,4bJw,F3hy,xSqs,09_Q,zm5i,me75fM6ugJ,sBgB,uKAI,Mtgm,NhsEn4L,7WwuNea,jkRv,cJvF,FzaX,ByIfGrO,oslk,Esw7qqc,LM8l689qOp,szEZ,RAYp,F2FyR07IdsN7I
0,259,7,356,28,35,8,295.44,0,1559148,0,5.571245,9,32,77,13104080,3,62367.9,5,0,16,32,343852.8,140,6,19386,8,0,738540,325,0,9,0,9372600,0,0,0,0,vAsgUHXM47,RO12,taul,1K8T,lK27,mR_k2Zj,V4E_TU9097,FWu2,9_Y1,fTh6,09_Q,sYC_,me75fM6ugJ,kIsH,uKAI,L84s,NhsEn4L,jawr6HB,2h0t,cJvF,FzaX,XVim94s,oslk,rvbsTKW,LM8l689qOp,453m,RAYp,F2FyR07IdsN7I
0,728,0,0,140,175,32,286.96,0,4765296,0,0.7363811,9,34,0,3168040,0,207481.8,10,4,32,40,335295.2,560,66,21276,0,4388380,633608,0,0,9,554407,10502360,22,494916,0,0,vAsgUHXM47,RO12,taul,1K8T,487l,Ml6kiFp,n1zVHpT8NN,n7th,9_Y1,8BBI,09_Q,zm5i,me75fM6ugJ,kIsH,uKAI,L84s,NhsEn4L,NGZXfGp,gYDS,UYBR,FzaX,k5O88FJ,oslk,QkgQQMs,LM8l689qOp,453m,RAYp,F2FyR07IdsN7I
0,3857,21,4744,132,165,8,204.48,0,8443980,0,3.321726,36,160,1246,691200,0,12684.78,40,2,32,8,540532,500,108,1386,0,938495,172800,1250,0,9,0,9742840,8,8304,0,0,FAJWq69cTy,2Knk1KF,taul,1K8T,TyGl,fhk21Ss,yEFIHeU,5hoM,9_Y1,Px52,VpdQ,kxE9,7M47J5GA0pTYIFxg5uy,kIsH,uKAI,L84s,XfqtO3UdzaXh_,XTbPUYD,h9cP,cJvF,FzaX,4UxGlow,oslk,catzS2D,LM8l689qOp,PM2D,ZI9m,TCU50_Yjmm6GIBZ0lL_
0,28,0,0,80,100,56,440.72,0,4009974,0,2.948302,18,14,0,2862224,0,236090.7,0,2,8,24,-252734.4,100,30,0,0,934175,321118,0,0,0,0,6295760,8,1202616,0,0,FAJgUH7ejg,RO12,taul,1K8T,487l,JKvcRJR,GHfL3MpXAX,zQEn,9_Y1,1Bp0,VpdQ,IYzP,DHn_WUyBhW_whjA88g9bvA64_,kIsH,uKAI,L84s,CrNX,jawXxsX,lUXE,cJvF,FzaX,QkcOLlW,d0EEeJi,v8Mtisc,LM8l689qOp,WqMG,02N6s8f,F2FyR07IdsN7I
0,1428,7,0,104,130,16,166.56,0,140514,0,2.979919,9,86,0,1070672,0,34929.6,5,4,64,120,162335.2,420,6,450,0,255990,131644,110,0,9,112266,1474692,10,48000,0,0,zKnr4RXktW,RO12,taul,1K8T,OTVu,cmPXOhW,lGXpFd_2Rf,OX9I,9_Y1,Zazx,09_Q,hAFG,me75fM6ugJ,kIsH,uKAI,L84s,XfqtO3UdzaXh_,11p4mKe,MXgy,cJvF,AU8pNoi,tjWYlW4,oslk,T_gzrB7,LM8l689qOp,Xa3G,RAYp,F2FyR07IdsN7I
0,1344,7,1484,176,220,8,306.08,0,4658280,0,5.648579,18,38,35,65896,0,130561.5,45,4,56,32,62090.4,535,66,3897,0,4947395,59722,8780,0,36,5061,10126920,34,237198,0,0,Qu0qrQKzJV,RO12,taul,1K8T,487l,d2iwkuM,ilrY4YM,oMpM,9_Y1,15m3,09_Q,IYzP,me75fM6ugJ,kIsH,uKAI,L84s,NhsEn4L,jawtVhC,Y02c,UYBR,FzaX,1ZRv4zN,oslk,Zd62Oqu,jySVZNlOJy,FSa2,RAYp,F2FyR07IdsN7I
0,1470,14,416,124,155,24,187.76,0,7776000,0,3.644307,27,80,98,0,0,102744,40,4,32,0,111509.2,540,90,4032,0,1046035,518400,210,0,27,0,10435600,6,1036800,0,0,1YVgUHXZeb,RO12,taul,1K8T,pE9z,PFW3ud5,C_u8_AlBK7,V9OO,9_Y1,STGZ,09_Q,IYzP,me75fM6ugJ,kIsH,uKAI,L84s,NhsEn4L,mAjbk_S,Opdm,cJvF,FzaX,OVz6pd1,oslk,AT9E4Qn,LM8l689qOp,453m,RAYp,F2FyR07IdsN7I
0,1197,0,0,144,180,8,166.56,0,0,0,0.002136296,9,58,0,5278360,0,117908.1,5,2,40,80,67569.2,755,0,2799,0,9175400,57192,0,0,9,0,10214360,46,180246,0,0,cFHt0GoOh3,RO12,taul,1K8T,W5sH,vQ_JaGu,q2tfFQq,0UHe,9_Y1,rGJy,VpdQ,IYzP,me75fM6ugJ,kIsH,uKAI,L84s,NhsEn4L,kZJxg4J,ZpWk,UYBR,FzaX,i9JuX8Z,oslk,MRPKMwm,jySVZNlOJy,Qu4f,RAYp,F2FyR07IdsN7I
0,602,7,320,128,160,96,214,0,0,0,3.595813,9,38,112,196480,0,49510.5,0,0,0,16,65290.8,490,0,15435,0,1552320,242946,155,0,18,0,1825988,36,0,0,0,ZSNq9aX0Db,RO12,taul,1K8T,PbOJ,wEJwkuM,uClmtIqR_4fZWfmU,6GA6,9_Y1,Y9Bl,09_Q,43pnToF,me75fM6ugJ,kIsH,uKAI,L84s,NhsEn4L,mAjbk_S,2_b1,UYBR,FzaX,1E1v4zN,oslk,LHq2Oqu,LM8l689qOp,uWr3,RAYp,F2FyR07IdsN7I
0,2219,7,76,1172,1465,368,274,0,3566154,0,3.720359,9,50,7,1158712,0,44786.4,35,22,208,392,-39236.44,2965,408,4419,0,4288000,535834,170,0,18,299390,8765440,224,515934,0,0,M5vt0Gdc_a,RO12,taul,z3mO,lK27,mpVCB0b,IoHEIyTRj9,TNde,9_Y1,cyKH,09_Q,69fI,DHn_WUyBhW_whjA88g9bvA64_,kIsH,g5HH,L84s,CrNX,jawVtwc,290x,cJvF,FzaX,_vikzUz,d0EEeJi,QrEtFwR,LM8l689qOp,me1d,nIGXDli,F2FyR07IdsN7I
0,119,0,0,108,135,0,403.44,0,4004346,0,1.851527,9,14,0,4095816,0,250266,10,6,56,96,221929.2,135,12,0,0,4782705,0,0,0,0,43666,9009560,16,56688,0,0,Y3tqrQKzJV,RO12,taul,1K8T,AHgj,_eYKKPC,_jTP8ioIlJ,J3UK,9_Y1,15m3,VpdQ,IYzP,me75fM6ugJ,kIsH,uKAI,L84s,NhsEn4L,NGZxnJM,MATH,UYBR,FzaX,Z6V30L8,oslk,kbZ_Q4n,LM8l689qOp,FSa2,RAYp,F2FyR07IdsN7I
0,10052,14,2576,196,245,192,220.08,0,904392,0,4.763298,18,116,49,93944,0,11646.45,0,0,32,48,-1538164,8625,18,3393,0,189265,131380,3460,0,18,0,1064072,32,0,0,0,75lr4RXktW,2Knk1KF,taul,1K8T,487l,PHNvXy8,J_sb4dmQwP,oAnL,9_Y1,jakt,VpdQ,Tkho,NKv3VA1BpP,kIsH,uKAI,L84s,Ie_5MZs,ORMTYY2,VNIv,UYBR,AU8_WTd,UF16siJ,zCkv,APgdzOv,jySVZNlOJy,7FJQ,6fzt,Zy3gnGM
0,497,0,0,136,170,56,186.64,0,6021960,0,3.276864,9,28,0,0,0,208939.5,35,8,32,0,112556,550,72,0,0,323415,1182276,0,0,18,0,10385000,8,2073600,0,0,HYTrjIK12c,RO12,taul,1K8T,0Xwj,wppdCrr,C_uQoStwYE,wRb_,HLqf,7WNq,09_Q,IYzP,me75fM6ugJ,sBgB,uKAI,Mtgm,NhsEn4L,mAja5EA,K56n,cJvF,FzaX,7JxoOXS,oslk,3ykshbG,LM8l689qOp,WqMG,RAYp,F2FyR07IdsN7I
0,945,0,0,196,245,40,220.08,0,6491220,0,2.042512,9,58,0,2925088,0,143237.4,15,0,32,48,-57954.4,920,96,1179,0,3492445,269292,0,0,0,0,10159360,38,0,0,0,Foxt0Go8Lb,RO12,taul,1K8T,G6s_,R9_sVcA,hOpRIhsUSP,ydov,9_Y1,C7DI,09_Q,sYC_,me75fM6ugJ,kIsH,uKAI,L84s,NhsEn4L,kq0n8Bj,9prz,cJvF,FzaX,2LwVoxc,oslk,bd1gE7h,jySVZNlOJy,Qu4f,RAYp,F2FyR07IdsN7I
0,1197,7,2484,204,255,176,233.44,0,0,0,6.801538,9,104,84,797768,0,40047.9,0,14,64,96,-116841.2,780,0,4113,0,697420,375162,1675,0,0,161553,1918368,20,316836,0,0,FoxgUHSK8h,X2uI6IsGev,taul,1K8T,JLbT,fqeOwLG,IoHJXfxtHe,mhiv,9_Y1,mTeA,sJzTlal,IYzP,7M47J5GA0pTYIFxg5uy,kIsH,uKAI,L84s,CrNX,kZJigPo,sxsb,UYBR,FzaX,fxJmel6,d0EEeJi,WfsWw2A,LM8l689qOp,FSa2,ZI9m,iyHGyLCEkQ
0,1477,7,332,196,245,96,220.08,0,4296090,0,5.678274,9,52,7,1799056,0,126433.8,15,4,32,72,415540,820,84,26829,0,2177690,1705944,1410,0,0,604800,10481400,18,1036800,0,0,DOvgUHXZeb,RO12,taul,1K8T,lK27,3pg460p,DKUDUftgA7,ZIlk,9_Y1,STGZ,VpdQ,IYzP,me75fM6ugJ,kIsH,uKAI,Mtgm,NhsEn4L,mAjbk_S,s9FI,UYBR,FzaX,Qf2vbB7,oslk,jZZjeOa,LM8l689qOp,453m,RAYp,F2FyR07IdsN7I
0,826,14,368,136,170,32,253.52,0,4752294,0,3.806451,18,104,7,1839656,0,199973.7,25,2,40,24,-17735.16,505,60,40446,0,4339970,633638,2160,0,27,554477,10486760,22,475266,0,0,puvq9aX0Db,RO12,taul,1K8T,JLbT,VcWMqdZ,77i2xdu3Aa,WGbm,9_Y1,Y9Bl,09_Q,hAFG,me75fM6ugJ,sBgB,uKAI,L84s,XfqtO3UdzaXh_,11p4mKe,KGUl,cJvF,FzaX,dBlvOIl,oslk,_83OEra,jySVZNlOJy,uWr3,RAYp,F2FyR07IdsN7I
0,4907,7,1624,212,265,32,220.08,0,26010,0,1.663747,18,136,21,345456,0,24270.45,5,6,64,192,14887.16,1230,48,12294,0,187480,5130,2155,0,27,146335,431156,26,119718,0,0,qFpmfo8zhV,2Knk1KF,taul,1K8T,lK27,vzvxpjZ,Z8ZAV8jDl3,ROCF,9_Y1,7pVf,VpdQ,haYg,me75fM6ugJ,kIsH,uKAI,L84s,XfqtO3UdzaXh_,11p4mKe,BKzU,cJvF,FzaX,_DWjlYU,oslk,wU9Yw04,LM8l689qOp,wX53,RAYp,55YFVY9
0,7707,21,2788,1420,1775,424,312.88,0,518262,0,3.325999,45,136,91,1082112,0,5416.11,160,34,432,464,87355.6,5395,330,14265,0,1559645,124340,205,0,36,212352,2828300,280,179556,0,0,9rAq9at_88,2Knk1KF,taul,1K8T,sbZD,M8_d0DS,9XYw909g5FR2beBj4iI,i6Ct,9_Y1,KfYH,09_Q,hAFG,me75fM6ugJ,kIsH,g5HH,L84s,XfqtO3UdzaXh_,11p4mKe,ltFT,cJvF,FzaX,vjPo2f2,oslk,wzps5nE,LM8l689qOp,me1d,RAYp,55YFVY9
0,721,0,76,124,155,48,233.44,0,0,0,3.964324,18,146,147,4838400,0,242420.4,0,4,32,56,99381.6,495,0,92169,0,6692050,1036800,0,0,27,0,10537640,32,1036800,0,0,Foxt0Go8Lb,onTuEhrJJQy_H3IHkZku5AFczhYGqxJ890,taul,1K8T,g6No,fqeOwLG,FoJylxy,vPeK,9_Y1,rGJy,VpdQ,sYC_,7M47J5GA0pTYIFxg5uy,kIsH,uKAI,L84s,NhsEn4L,beK4AFX,DJaG,UYBR,FzaX,fxJmel6,oslk,WfsWw2A,M_8D,Qu4f,ZI9m,iyHGyLCEkQ
0,812,7,152,168,210,32,258.08,0,5223672,0,6.779962,18,58,0,1267232,0,187044.3,25,4,32,16,119564,655,96,6309,0,3776425,633616,990,0,9,554414,10622080,26,950424,0,0,51rBcmz45j,RO12,taul,1K8T,uNkU,ZIGMqdZ,V6XUlxabJ4VaD,LvoD,9_Y1,EwzD,VpdQ,43pnToF,DHn_WUyBhW_whjA88g9bvA64_,kIsH,uKAI,L84s,CrNX,mAjbq_f,gdXu,cJvF,FzaX,dNsPnKH,d0EEeJi,XoVub85,LM8l689qOp,Qcbd,nIGXDli,F2FyR07IdsN7I
0,2401,0,32,396,495,152,200,0,72450,0,3.114292,18,126,7,1265632,0,36274.8,5,54,120,248,-367556.8,1450,24,128403,0,2050245,357584,0,0,9,526316,3639256,34,888900,0,0,8I1TmBtueT,2Knk1KF,LfvqpCtLOY,1K8T,8qEx,6KF0k8W,daiGnRstPa,OryX,9_Y1,47ra,sJzTlal,sYC_,me75fM6ugJ,kIsH,uKAI,L84s,NhsEn4L,beK4AFX,mNF3,cJvF,AU8_WTd,ot6oLzk,oslk,IIvC99a,jySVZNlOJy,rgKb,RAYp,55YFVY9
0,245,0,0,28,35,0,220.08,0,0,0,5.172613,9,22,0,8064,0,282883.5,15,0,8,8,361385.2,290,0,0,0,2529695,0,0,0,9,7056,9285400,6,0,0,0,KXMWq69R_D,RO12,taul,1K8T,0Xwj,tUu4spc,LJF4fPp,cD9V,F3hy,Px52,VpdQ,zm5i,me75fM6ugJ,kIsH,uKAI,L84s,NhsEn4L,mAja5EA,01zb,UYBR,FzaX,2JI8iqZ,oslk,_1y7DIf,LM8l689qOp,PM2D,RAYp,F2FyR07IdsN7I
0,581,14,432,20,25,8,253.52,0,6343800,0,0.3744926,27,34,7,9676800,0,225226.8,0,0,16,16,-164526.4,355,12,936,0,0,287756,925,0,9,0,9643120,0,0,0,0,eOQt0GoOh3,RO12,taul,1K8T,X94c,RZHcTEF,6UEVDe9,LLmm,9_Y1,MGOA,VpdQ,zm5i,me75fM6ugJ,kIsH,uKAI,L84s,NhsEn4L,mAjAVZm,kFng,cJvF,FzaX,x6SfGrO,oslk,xBBRusu,LM8l689qOp,Qu4f,RAYp,F2FyR07IdsN7I
0,1589,0,0,388,485,192,220.08,0,3317790,0,4.459944,9,28,0,821584,0,11106.21,5,12,96,160,687336,1785,42,0,0,777650,145874,0,0,9,173698,3579240,78,62532,0,0,DHegUHXZeb,RO12,taul,1K8T,h3JW,ks5A1LJ,4soGE0N5VZrWb,0G18,9_Y1,fTh6,09_Q,43pnToF,me75fM6ugJ,kIsH,uKAI,L84s,NhsEn4L,mAja5EA,lD71,cJvF,FzaX,pHXA5lA,oslk,wYvXbDK,LM8l689qOp,453m,RAYp,F2FyR07IdsN7I
0,1680,7,2740,188,235,112,133.12,0,0,0,0.7071139,9,84,126,732848,0,8561.4,0,6,40,120,36602,605,0,23031,0,201570,62112,5205,0,9,155687,676652,30,37122,0,0,euOBcmz45j,RO12,taul,1K8T,KqYs,OJdcVcA,nQUq7hGe64,azFH,9_Y1,WGOH,09_Q,6JmL,me75fM6ugJ,kIsH,uKAI,L84s,XfqtO3UdzaXh_,XTbPUYD,Ll3s,UYBR,FzaX,rPpfql_,oslk,d1cRkup,LM8l689qOp,Qcbd,RAYp,F2FyR07IdsN7I
0,840,7,216,152,190,64,295.6,0,4406826,0,3.368511,9,60,14,1203400,0,197859.6,25,4,32,16,1007172,530,54,6516,0,2693445,1382400,1265,0,0,604800,10447320,24,1036800,0,0,S8dr4RQxul,RO12,taul,1K8T,yMvB,mcp3Naj,JlBPeqq,tddR,9_Y1,z5Ry,09_Q,sYC_,me75fM6ugJ,kIsH,uKAI,L84s,NhsEn4L,NGZPqH0,rR2u,UYBR,FzaX,gg7en4L,oslk,0G2ltRa,M_8D,FSa2,RAYp,F2FyR07IdsN7I
0,1190,7,220,416,520,128,336.08,0,4295034,0,5.244179,9,32,14,2883240,0,130563.6,55,0,40,80,143847.2,1060,210,4014,0,5962300,177790,1020,0,0,95032,10651400,64,0,0,0,a4vrEy7Rm6,RO12,taul,1K8T,Wmd1,zN9Vdmm,9YuuPSz3BI,bwAi,9_Y1,H9GL,VpdQ,IYzP,me75fM6ugJ,kIsH,uKAI,L84s,NhsEn4L,kZJtVhC,sJJD,cJvF,FzaX,Ox8fR8o,oslk,mWoTy9x,LM8l689qOp,Aoh3,RAYp,F2FyR07IdsN7I
0,1736,7,6928,40,50,8,277.2,5,2926212,0,0.3170263,18,76,357,0,0,40266.9,10,0,16,0,-45535.2,380,18,14130,8,3069345,234992,230,0,18,0,9714680,8,0,0,0,Yn7t0Go8Lb,RO12,taul,1K8T,lK27,604wEl4,Yi49a6G,XcYz,9_Y1,rGJy,VpdQ,IYzP,me75fM6ugJ,kIsH,uKAI,L84s,NhsEn4L,TDceha3,Hl_U,UYBR,FzaX,9WBvEWW,oslk,UsL2pc5,LM8l689qOp,Qu4f,RAYp,F2FyR07IdsN7I
0,13258,0,0,164,205,72,253.52,0,3114696,0,5.864559,9,24,0,4147272,0,5980.92,5,4,32,48,190440,680,54,0,0,4674095,864016,0,0,9,0,10594600,28,1036800,0,0,NQ5rEy7Rm6,RO12,taul,1K8T,sKnY,Gbz7P96,_jTP8ioIlJ,uCf9,9_Y1,X8zP,VpdQ,zm5i,me75fM6ugJ,kIsH,uKAI,L84s,NhsEn4L,mAja5EA,_m2z,cJvF,FzaX,aL0TUAd,oslk,vVLXJAQ,LM8l689qOp,Aoh3,RAYp,F2FyR07IdsN7I
0,770,7,76,136,170,152,186.64,0,2242596,0,4.27195,9,38,0,225656,0,195123.9,5,12,32,8,141033.2,595,30,16974,0,56905,3217680,900,0,9,0,10507960,4,3110400,0,0,HAoOj1KXzC,RO12,taul,1K8T,0Y9G,AA1duRc,4soGE0N5VZrWb,ZNMk,9_Y1,_KXv,09_Q,zm5i,me75fM6ugJ,kIsH,uKAI,L84s,NhsEn4L,mAjbk_S,lPYU,cJvF,FzaX,9Udm94s,oslk,hxTaK89,LM8l689qOp,kwS7,RAYp,F2FyR07IdsN7I
0,2373,7,204,404,505,400,166.56,0,14028,0,4.218543,9,106,147,459680,0,6677.07,5,40,232,176,10479.56,1685,12,37305,0,55510,297388,2480,0,18,166516,1118408,12,351120,0,0,FAJgUH7ejg,2Knk1KF,taul,1K8T,72yt,WkHCdxD,bGUqwlz,c2KK,9_Y1,m_h1,VpdQ,Tkho,me75fM6ugJ,kIsH,uKAI,L84s,NhsEn4L,kq0aHkC,BfEk,UYBR,FzaX,scZOjel,oslk,MM1zrB7,LM8l689qOp,WqMG,RAYp,55YFVY9
0,679,7,1380,156,195,32,200,0,39990,0,1.638752,9,124,210,45608,0,5587.89,10,12,40,24,-33717.44,565,18,17649,0,227605,40958,125,0,9,58772,367600,42,70494,0,0,2AAWq69R_D,2Knk1KF,taul,1K8T,8qEx,Fn0AVx0,FoJylxy,i0bt,9_Y1,0A_v,VpdQ,6JmL,me75fM6ugJ,kIsH,uKAI,L84s,XfqtO3UdzaXh_,11p4mKe,tunS,UYBR,FzaX,Qf2oI0_,oslk,R9o52Lp,LM8l689qOp,PM2D,RAYp,55YFVY9
0,1302,7,6040,128,160,8,186.64,0,5605272,0,6.17539,27,208,238,2764800,0,96746.41,25,0,32,32,189779.2,555,66,1512,0,4429110,63752,500,0,45,0,10518040,22,0,0,0,a4vvyxLkBI,2Knk1KF,CiJDdr4TQ0rGERIS,1K8T,GYbZ,fhk21Ss,EXpWEXgaYpMJ7,ZTrH,9_Y1,_r21,VpdQ,oZyB,7M47J5GA0pTYIFxg5uy,kIsH,uKAI,L84s,_5OXC8MSLt,LxWMK5e,ZNfw,cJvF,OFWH,4UxGlow,oslk,catzS2D,LM8l689qOp,xb3V,ZI9m,VjDE
0,693,7,360,108,135,32,253.52,0,3034038,0,6.462295,9,170,175,1267272,0,232430.1,25,2,32,16,290859.2,415,42,1017,0,3168210,633642,185,0,18,0,8363240,16,476880,0,0,AhzZptzip9,2Knk1KF,taul,1K8T,j_M3,fqeOwLG,cMk79Rs,cSte,9_Y1,t_4G,09_Q,kxE9,7M47J5GA0pTYIFxg5uy,kIsH,uKAI,Mtgm,XfqtO3UdzaXh_,XTbIt4R,t89X,UYBR,FzaX,fxJmel6,oslk,WfsWw2A,LM8l689qOp,Qu4f,ZI9m,iyHGyLCEkQ
0,511,0,0,124,155,0,186.64,0,11404800,0,0.8585772,9,28,0,0,0,232062.3,45,0,32,0,609608,485,132,0,0,0,0,0,0,18,0,10713600,0,0,0,0,hSogUHXZeb,RO12,taul,1K8T,rXTS,ks5A1LJ,I1s81Dlb7R,14hG,9_Y1,8BBI,09_Q,IYzP,me75fM6ugJ,kIsH,uKAI,Mtgm,NhsEn4L,mAjbQbU,RRN_,UYBR,FzaX,pHXA5lA,oslk,wYvXbDK,LM8l689qOp,453m,RAYp,F2FyR07IdsN7I
0,581,7,1080,36,45,8,166.56,0,0,0,1.444136,18,138,84,162992,0,101743.2,0,6,48,24,18686.84,45,0,83277,0,5770,1090,335,0,18,156366,98888,4,15894,0,0,HYTrjIK12c,2Knk1KF,taul,1K8T,YVv3,kS7yoBp,etM739XNbCmUu,Xz6c,9_Y1,7WNq,VpdQ,haYg,me75fM6ugJ,kIsH,uKAI,L84s,XfqtO3UdzaXh_,XTbPUYD,CFP2,UYBR,FzaX,3vmoOXS,oslk,wg_DmEs,LM8l689qOp,WqMG,RAYp,55YFVY9
0,1659,7,80,56,70,16,264.96,0,3628800,0,4.74279,9,104,0,3929296,0,44198.7,5,4,40,24,381675.6,680,6,63081,0,4045165,1061300,660,0,27,0,10225560,10,533022,0,0,8Knvyx875g,RO12,taul,1K8T,pGTb,vzPc2Tv,ARvzJXx,A0ND,9_Y1,MBhA,VpdQ,hAFG,me75fM6ugJ,kIsH,uKAI,L84s,XfqtO3UdzaXh_,11p4mKe,rSdj,UYBR,FzaX,tzpRCiV,oslk,Cue6Ztl,LM8l689qOp,WqMG,RAYp,F2FyR07IdsN7I
0,1330,7,4240,152,190,24,186.64,0,23838,0,3.164068,18,154,203,2880696,0,69195.91,0,6,48,72,-736684,510,12,41625,0,5186200,128222,19930,0,45,1200143,6265600,42,605910,0,0,52Iq9ayE15,AERks4l,taul,1K8T,tzKK,fhk21Ss,ARvzJXx,1Ve0,9_Y1,vm5R,VpdQ,CoYW,7M47J5GA0pTYIFxg5uy,kIsH,uKAI,Mtgm,a3CcPDe,11p_E1H,QrEV,cJvF,FzaX,4UxGlow,QKW8DRm,catzS2D,LM8l689qOp,7P5s,ZI9m,ib5G6X1eUxUn6
0,910,14,136,148,185,32,220.08,5,479574,0,3.893826,18,112,0,6220800,0,68480.7,0,2,32,72,144104,520,12,85149,8,8585750,15422,115,0,18,0,10372880,42,64986,0,0,gE8Wq6edh4,2Knk1KF,taul,1K8T,487l,XvJ7pE3,Tg7jjBB,RhgR,9_Y1,_xpN,VpdQ,sYC_,me75fM6ugJ,kIsH,uKAI,L84s,NhsEn4L,beK4AFX,z2pd,UYBR,FzaX,FgkYlW4,oslk,iHXRkup,LM8l689qOp,FSa2,RAYp,55YFVY9
0,637,0,0,300,375,80,220.08,0,5679486,0,4.369793,9,18,0,2557048,0,99003.3,55,12,80,80,217509.6,1155,96,0,0,3287945,661328,0,0,9,280322,10592160,44,204840,0,0,oUPBcmzkzH,RO12,taul,1K8T,ZNsX,P_IO4FC,p528EHj,Xoh1,9_Y1,WGOH,VpdQ,zm5i,me75fM6ugJ,kIsH,uKAI,Mtgm,NhsEn4L,kZJtVhC,rdgs,UYBR,FzaX,WFgfrxM,oslk,HpgObSS,LM8l689qOp,Qcbd,RAYp,F2FyR07IdsN7I
0,266,7,168,20,25,16,202.72,0,0,0,6.204871,9,80,7,0,6,4193.61,0,0,0,0,-15486.72,250,0,27963,48,32955,9694,45,0,0,0,45752,6,0,0,28,1KSqrQK2Mx,RO12,taul,1K8T,lK27,YomnqNs,nkrZF60,Momy,9_Y1,15m3,sJzTlal,IYzP,GjJ35utlTa_GNSvxxpb9ju,kIsH,uKAI,L84s,JBfYVit4g8,kq0wjIN,3lB5,UYBR,FzaX,VsUStrN,Al6ZaUT,v33Gn0i,LM8l689qOp,FSa2,02N6s8f,xwM2aC7IdeMC0
0,1897,7,100,248,310,72,133.12,0,312492,0,2.301431,9,58,0,399544,0,14082.99,40,18,120,128,2456.572,1175,84,4167,0,30635,130560,85,0,9,98658,1087192,12,359940,0,0,oBXTmBtFkL,AERks4l,taul,1K8T,2Ix5,MmX4iqB,BBhiudN5VdgIL,laA9,9_Y1,c2JP,VpdQ,IYzP,GjJ35utlTa_GNSvxxpb9ju,kIsH,uKAI,L84s,JBfYVit4g8,NGZTVtA,7RUA,cJvF,FzaX,bDIa63T,Al6ZaUT,_54n19J,LM8l689qOp,rgKb,02N6s8f,xwM2aC7IdeMC0
0,1253,0,0,148,185,24,333.76,0,6868980,0,3.93762,9,26,0,257296,0,49692.9,50,4,56,8,1059244,595,84,0,0,1904590,338752,0,0,27,0,10471360,14,565872,0,0,tr0gUH7ejg,RO12,taul,1K8T,JLbT,bbJMPAv,E0AoEzR,caxd,9_Y1,m_h1,09_Q,hzlB,me75fM6ugJ,kIsH,uKAI,L84s,XfqtO3UdzaXh_,kq0IkyT,LxvM,UYBR,FzaX,J9KmS85,oslk,kqrML05,LM8l689qOp,WqMG,RAYp,F2FyR07IdsN7I
0,0,0,0,24,30,0,367.2,0,950412,0,1.741935,27,12,0,0,3,91368.59,0,0,0,0,-941608,30,12,0,24,121675,0,0,0,0,0,730948,8,0,0,14,vAsTmBfHUn,RO12,taul,1K8T,OY2L,pro8v8X,3cO76t0,bLJj,9_Y1,4N0K,VpdQ,IYzP,me75fM6ugJ,kIsH,uKAI,L84s,NhsEn4L,kZJtVhC,lyhn,cJvF,FzaX,meWVy8V,oslk,DQ3u3MC,LM8l689qOp,Qu4f,RAYp,F2FyR07IdsN7I
0,231,0,0,40,50,16,233.12,0,7732800,0,1.687887,9,22,0,0,0,282841.2,5,0,8,0,-69423.2,330,18,0,0,4371060,160712,0,0,9,0,10599200,8,0,0,0,vNEvyxLp3Z,RO12,taul,1K8T,ssAy,hbCDijT,VxuX5zo5nA,7zMI,9_Y1,vzJD,09_Q,zm5i,me75fM6ugJ,kIsH,uKAI,Mtgm,NhsEn4L,uZLuNea,wpxr,UYBR,FzaX,pIAexBS,oslk,DtMRwSl,LM8l689qOp,xb3V,RAYp,F2FyR07IdsN7I
0,777,7,900,124,155,0,286.96,0,11404800,0,2.430891,9,62,0,0,0,164672.1,45,0,32,0,184837.2,495,132,41760,0,0,0,1210,0,9,0,10713600,0,0,0,0,2AAWq69R_D,RO12,taul,1K8T,ssAy,6KF0k8W,h3WsUQk,F1zq,9_Y1,0A_v,VpdQ,lVqb,me75fM6ugJ,kIsH,uKAI,L84s,XfqtO3UdzaXh_,XTb10lF,kAYv,UYBR,FzaX,ot6oLzk,oslk,IIvC99a,LM8l689qOp,PM2D,RAYp,F2FyR07IdsN7I
0,560,7,1924,156,195,88,200,0,653484,0,5.201452,9,56,133,263192,0,17271.66,0,0,24,48,106362.8,610,18,15174,0,1200275,34008,640,0,9,0,1595488,38,0,0,0,P1WvyxLp3Z,RO12,taul,1K8T,FPxv,OfJo7aV,msIqHk8toE,gVmZ,9_Y1,vzJD,VpdQ,IYzP,me75fM6ugJ,kIsH,uKAI,L84s,NhsEn4L,mAjbk_S,YzSo,cJvF,FzaX,Nr9j9cC,oslk,TBXQ5_S,LM8l689qOp,xb3V,RAYp,F2FyR07IdsN7I
0,1470,21,1692,432,540,168,253.52,0,7562760,0,3.137791,27,106,147,1540912,0,104803.8,50,16,40,56,165110.8,2160,108,37449,0,2866480,155598,3555,0,18,0,10670240,88,273444,0,0,ZSNq9aX0Db,PomAbFU,taul,1K8T,JLbT,Tsq9ppn,itSGh3t,D9CZ,9_Y1,Y9Bl,VpdQ,haYg,me75fM6ugJ,kIsH,uKAI,Mtgm,XfqtO3UdzaXh_,pMWcmoX,5dEN,cJvF,FzaX,wonvOIl,oslk,_kvTzYj,LM8l689qOp,uWr3,RAYp,iyHGyLCEkQ
0,1743,7,16,204,255,72,186.64,0,5648496,0,5.36082,9,156,0,3200488,0,106897.8,10,4,72,88,117517.2,780,84,297,0,3491950,689040,35,0,36,59367,10583720,26,1036800,0,0,zcRZptzip9,2Knk1KF,taul,1K8T,wGW5,INoV6tQ,gX8xxi_rMwl_W2p4,fici,9_Y1,t_4G,09_Q,kxE9,me75fM6ugJ,kIsH,uKAI,L84s,XfqtO3UdzaXh_,XTbPUYD,fhl_,cJvF,qxDb,kj7fGrO,oslk,pHGT3Cb,jySVZNlOJy,Qu4f,RAYp,TCU50_Yjmm6GIBZ0lL_
0,1603,7,204,316,395,232,133.12,0,0,0,4.823328,9,94,49,280704,0,7328.97,10,28,88,184,11345.84,630,0,77499,0,197800,169176,1695,0,9,84175,799964,22,235242,0,0,ypNt0Go8Lb,RO12,taul,1K8T,lK27,Z8zgFRq,Tg7jjBB,Npgz,9_Y1,t_4G,VpdQ,hAFG,me75fM6ugJ,kIsH,uKAI,L84s,XfqtO3UdzaXh_,XTbPUYD,eRVO,cJvF,FzaX,6JW8mx2,oslk,b6TQK5Q,LM8l689qOp,Qu4f,RAYp,F2FyR07IdsN7I
0,910,7,72,516,645,136,286.32,0,8128440,0,3.49733,36,152,0,1018320,0,51137.4,65,8,392,352,406128,1995,174,57186,0,1392315,764142,55,0,27,110334,10688880,44,455796,0,0,639r4RK2Mx,2Knk1KF,taul,1K8T,0Xwj,0v27GMk,7ruKm4v,g7ag,HLqf,DtNL,09_Q,hAFG,me75fM6ugJ,sBgB,uKAI,L84s,XfqtO3UdzaXh_,XTbPUYD,ipbN,UYBR,FzaX,YBh0nTz,oslk,J_tzF_Q,LM8l689qOp,FSa2,RAYp,55YFVY9
0,448,7,464,132,165,64,166.56,0,95082,0,1.485366,18,104,0,440096,9,31710.6,0,4,0,24,111631.6,385,30,9108,24,907655,286928,80,0,9,0,1656472,30,109584,0,0,zcROj17IEC,RO12,taul,1K8T,TyGl,kLfChn2,nQUq7hGe64,U8XF,9_Y1,iVbl,sJzTlal,sYC_,me75fM6ugJ,kIsH,uKAI,L84s,NhsEn4L,kq0aHkC,US4K,cJvF,FzaX,CjQOZ4E,oslk,FX1z20V,LM8l689qOp,7aLG,RAYp,F2FyR07IdsN7I
0,749,7,656,104,130,0,186.64,0,579612,0,3.519974,18,36,35,4147200,18,174734.4,5,0,32,48,-74110.4,455,12,6336,56,7011250,0,3575,0,9,1814400,9788120,34,0,0,7,639qrQK2Mx,RO12,taul,1K8T,PGNs,LnrlJRo,Iibp4Nm3uQ,J3UK,9_Y1,15m3,09_Q,IYzP,me75fM6ugJ,kIsH,uKAI,L84s,NhsEn4L,mAjbk_S,MATH,UYBR,FzaX,TVjYWu3,oslk,MU1qI2t,LM8l689qOp,FSa2,RAYp,F2FyR07IdsN7I
0,1085,7,68,168,210,72,344.16,0,1284006,0,6.200385,9,30,7,5413280,0,101388,35,12,72,24,157890,1555,48,1629,0,4784390,658540,545,0,9,0,10080480,18,695442,0,0,mzKvyx8zhV,RO12,taul,1K8T,487l,7UBxJVj,YSdoo8_0ec,aySP,9_Y1,3NyY,VpdQ,IYzP,me75fM6ugJ,kIsH,uKAI,L84s,NhsEn4L,mAjbk_S,NDfE,cJvF,FzaX,07mmflk,oslk,NNyRUH6,LM8l689qOp,WqMG,RAYp,F2FyR07IdsN7I
0,1022,7,344,144,180,104,286.96,15,3905454,0,6.790002,9,36,28,960,0,166086,20,10,48,8,149028.8,530,48,21843,24,392995,2246400,2155,0,18,0,10401080,10,2592000,0,0,NESt0G8EIb,RO12,taul,1K8T,487l,gwY4NQF,ElQylxy,fr1w,9_Y1,k13i,sJzTlal,IYzP,me75fM6ugJ,kIsH,uKAI,Mtgm,NhsEn4L,kZJyVg2,iFDy,UYBR,FzaX,t5EoLzk,oslk,ag5iNPX,LM8l689qOp,fKCe,RAYp,F2FyR07IdsN7I
0,112,0,0,136,170,48,20.08,0,166578,0,6.575305,9,16,0,4032096,0,220884.3,0,4,32,48,176525.2,335,24,0,0,6857150,1008024,0,0,0,1209600,10320040,32,1036800,0,0,1KSqrQK2Mx,RO12,taul,1K8T,AnrR,voX4XxH,nQUZfWRfws,Rnrq,9_Y1,15m3,sJzTlal,IYzP,me75fM6ugJ,kIsH,uKAI,Mtgm,NhsEn4L,NGZXJ7z,Gbhz,UYBR,FzaX,_Mc87dl,oslk,Bfv7kpB,LM8l689qOp,FSa2,RAYp,F2FyR07IdsN7I
0,1624,7,136,148,185,56,133.12,0,0,0,0.1162145,18,96,35,2124688,0,25374.9,0,6,40,72,74047.6,655,0,23346,0,2926735,114062,3340,0,9,828940,3818536,36,280020,0,0,zcRZptzip9,RO12,taul,1K8T,487l,iJzviRg,OB4z70R,Oryy,9_Y1,t_4G,09_Q,wMei,7M47J5GA0pTYIFxg5uy,kIsH,uKAI,L84s,4kVnq_T26xq1p,kZJ7L05,t89X,UYBR,FzaX,ch2oGfM,zCkv,P6pu4Vl,jySVZNlOJy,Qu4f,ZI9m,R4y5gQQWY8OodqDV
0,2590,7,300,496,620,176,294.16,0,59190,0,0.6466567,9,156,0,452968,0,6823.11,15,14,240,272,-1417712,1645,24,132678,0,521175,154080,25,0,9,180215,1029572,108,53772,0,0,9rAq9at_88,2Knk1KF,taul,1K8T,sbZD,jZGhurh,WlqPDOD,qqlk,9_Y1,KfYH,VpdQ,IYzP,me75fM6ugJ,kIsH,g5HH,L84s,XfqtO3UdzaXh_,XTbPUYD,7mgE,cJvF,FzaX,A7VQFkJ,oslk,_vBaPjq,LM8l689qOp,me1d,RAYp,TCU50_Yjmm6GIBZ0lL_
0,735,14,316,16,20,0,253.52,0,7257600,0,0.5419782,36,202,301,0,0,132784.5,0,2,0,0,-82217.2,380,12,9144,0,907350,0,10020,0,36,0,7983480,2,3628800,0,0,qFpmfo8zhV,TW8dXluYzKpktZjuY8kSPBaZa,CiJDdr4TQ0rGERIS,1K8T,lK27,fhk21Ss,jt3xMpI_cxIIW,C67z,9_Y1,gnEy,09_Q,y6dw,7M47J5GA0pTYIFxg5uy,kIsH,uKAI,L84s,hFuvTXnQzBljb,11pPX7K,CEfy,UYBR,FzaX,4UxGlow,zCkv,catzS2D,LM8l689qOp,3Cy4,ZI9m,NoEd
0,525,7,1136,48,60,8,240.56,0,3547596,0,0.008972442,9,78,42,1382320,0,177166.8,10,0,24,16,-557572,375,42,23706,0,0,71028,710,0,18,1209530,3889436,0,0,0,0,ZSNq9atbb6,RO12,taul,1K8T,4fje,8XUFpID,yLQyIih7V8,lFIc,9_Y1,KfYH,09_Q,hAFG,me75fM6ugJ,kIsH,g5HH,L84s,XfqtO3UdzaXh_,11p4mKe,afzt,cJvF,FzaX,jbW9sBz,oslk,vj9y5oW,jySVZNlOJy,me1d,RAYp,F2FyR07IdsN7I
0,1904,14,4016,180,225,48,286.96,0,2697114,0,6.982696,27,32,105,4147200,0,87216.59,20,2,48,48,115790.4,820,54,7029,0,5227850,643092,275,0,9,1209600,10444160,38,518400,0,0,ZSNq9aX0Db,e6CkoqApVR,taul,1K8T,lK27,9GJGgoz,bAyJC1anwc,kTWw,9_Y1,Y9Bl,sJzTlal,zm5i,Kxdu,kIsH,uKAI,L84s,FMSzZ91zL2,mAjdzWk,ZHQt,cJvF,FzaX,Tvpip6Z,zCkv,hHJsvbM,LM8l689qOp,uWr3,6fzt,F2FcTt7IdMT_v
0,308,0,0,136,170,88,286.96,0,5184006,0,4.134159,9,22,0,1032704,0,218710.2,20,4,32,24,144404.4,525,60,0,0,1362985,1788180,0,0,9,604800,10537600,8,1036800,0,0,N_vrjIXt5a,RO12,taul,1K8T,ZHNR,LJSguYp,bGUqwlz,9Hqr,9_Y1,LqKm,VpdQ,zm5i,me75fM6ugJ,kIsH,uKAI,Mtgm,NhsEn4L,kZJtVhC,2S0r,UYBR,FzaX,4MyOtFs,oslk,HevED8N,LM8l689qOp,453m,RAYp,F2FyR07IdsN7I
0,2583,14,2124,712,890,400,166.56,0,49872,0,4.807947,18,80,462,69416,0,2032.821,0,30,168,184,-3985.856,2285,102,59040,0,154945,48286,9785,0,9,22484,318520,146,45054,0,0,vAsgUHXM47,RO12,taul,1K8T,AnrR,kJ1ERUT,jse6C5O8_m,mgtd,9_Y1,LqKm,sJzTlal,haYg,7M47J5GA0pTYIFxg5uy,kIsH,uKAI,L84s,leSl,teA09W3,uUa2,cJvF,FzaX,MMTJrCp,QKW8DRm,Rkj9jvX,LM8l689qOp,453m,vJ_w8kB,WfJ2BB2SFSqauljlfOB
0,1624,7,2984,276,345,104,166.56,0,1011192,0,0.6208075,9,148,210,472848,0,24605.67,5,20,48,88,-285374.4,1060,24,60228,0,1316455,345270,1485,0,18,161343,3190656,60,286200,0,0,CEaWq69cTy,onTuEhrJJQy_H3IHkZku5AFczhYGqxJ890,LfvqpCtLOY,1K8T,4fje,fqeOwLG,1kxr72C,Pkzj,9_Y1,RVjC,09_Q,y6dw,7M47J5GA0pTYIFxg5uy,kIsH,uKAI,L84s,4kVnq_T26xq1p,beKeMOD,wVfc,UYBR,FzaX,fxJmel6,zCkv,WfsWw2A,jySVZNlOJy,FSa2,ZI9m,iyHGyLCEkQ
0,1995,7,2280,184,230,24,220.08,0,40812,0,0.416364,9,222,280,830592,0,18777.15,0,4,48,80,-437952,760,6,1710,0,2102845,174560,90,0,27,78785,2518920,60,67530,0,0,dTGmfo8zhV,TW8dXluYzKpktZjuY8kSPBaZa,CiJDdr4TQ0rGERIS,1K8T,lK27,fhk21Ss,msIqHk8toE,Xe0d,9_Y1,gnEy,VpdQ,y6dw,7M47J5GA0pTYIFxg5uy,kIsH,uKAI,L84s,dGiN9qj1jEYX9,y5FDfSp,JXmA,cJvF,FzaX,4UxGlow,Al6ZaUT,catzS2D,LM8l689qOp,3Cy4,ZI9m,NoEd
0,672,7,16,124,155,56,186.64,0,4957860,0,6.482376,9,34,0,3064,0,173308.5,10,4,24,8,-58344.8,525,60,324,0,635365,990666,60,0,18,604800,7178800,18,1036800,0,0,1nlTmBtueT,RO12,taul,1K8T,PbOJ,r6cvJst,LH0BJkjM1L,H9wt,9_Y1,c2JP,09_Q,43pnToF,me75fM6ugJ,kIsH,uKAI,L84s,NhsEn4L,mAjbk_S,2bhz,cJvF,FzaX,hmNvdH_,oslk,SvLqjwa,LM8l689qOp,rgKb,RAYp,F2FyR07IdsN7I
0,812,14,168,124,155,0,186.64,0,0,0,5.560564,18,38,56,5529600,0,227461.5,5,0,40,64,-68202.8,480,0,115083,0,9499450,0,1390,0,9,2419200,10430800,44,0,0,0,mCGq9ayE15,RO12,taul,1K8T,lK27,JNrtyiI,bAyfFVUl1u,Np2E,9_Y1,kJJ7,sJzTlal,zm5i,me75fM6ugJ,kIsH,uKAI,L84s,NhsEn4L,mAjbk_S,UByz,cJvF,FzaX,N0iTUAd,oslk,uz9YHwu,LM8l689qOp,7P5s,RAYp,F2FyR07IdsN7I
0,140,0,0,156,195,80,234.72,0,2581176,0,1.342875,9,16,0,4677552,0,205110.6,5,4,40,56,94027.6,415,48,0,0,3737825,1375716,0,0,0,0,10512320,22,1036800,0,0,Qu0r4RKzJV,RO12,taul,1K8T,lK27,0v27GMk,yLQX8HOoy1,g7ag,9_Y1,DtNL,sJzTlal,IYzP,me75fM6ugJ,kIsH,uKAI,L84s,NhsEn4L,kq0ncmx,ipbN,UYBR,FzaX,YBh0nTz,oslk,J_tzF_Q,LM8l689qOp,FSa2,RAYp,F2FyR07IdsN7I
0,1309,7,7788,244,305,56,310.32,0,4454088,0,4.267464,9,106,1561,274160,3,164686.5,45,2,40,40,330892,1010,66,37647,8,3583915,941582,9380,0,18,6671,10659280,56,5718,0,0,DQlrEyXXnK,2Knk1KF,taul,1K8T,LLPZ,PHNvXy8,IoHCTevctF,ndT0,9_Y1,H1uM,09_Q,haYg,NKv3VA1BpP,kIsH,uKAI,Mtgm,Ie_5MZs,CWNY2py,2lkY,UYBR,FzaX,UF16siJ,zCkv,APgdzOv,jySVZNlOJy,Aoh3,6fzt,Zy3gnGM
0,35,0,0,48,60,32,297.52,0,10518,0,4.111301,18,14,0,616112,0,397620,10,2,8,16,-518560,60,6,0,0,6048000,43140,0,0,0,0,6361920,4,1201428,0,0,2jiWq69cTy,RO12,taul,1K8T,ssAy,tTnn57c,9xAYHTb,8ObD,9_Y1,Px52,sJzTlal,IYzP,me75fM6ugJ,kIsH,uKAI,Mtgm,NhsEn4L,kq0dQfu,RV3Q,UYBR,FzaX,Clz8iqZ,oslk,OVVAgOW,LM8l689qOp,PM2D,RAYp,F2FyR07IdsN7I
0,1582,7,60,216,270,104,133.12,0,408402,0,0.1723991,36,172,42,1431728,0,41364.3,5,6,32,56,-713372,765,18,46116,0,2876090,643782,505,0,36,769608,4914240,54,470382,0,0,Yn7t0Go8Lb,LrdZy8QqgUfkVShG,taul,1K8T,ssAy,fhk21Ss,V_KR_LD,6YaA,9_Y1,rGJy,VpdQ,kxE9,7M47J5GA0pTYIFxg5uy,kIsH,uKAI,Mtgm,XfqtO3UdzaXh_,_JdcICD,KeAq,cJvF,FzaX,4UxGlow,oslk,catzS2D,LM8l689qOp,Qu4f,ZI9m,ib5G6X1eUxUn6
0,812,7,0,136,170,16,186.64,0,9331200,0,6.92053,9,68,0,1197512,0,227391,35,0,32,16,84034,500,108,6651,0,1736125,32388,95,0,9,0,10692440,10,0,0,0,NESWq69R_D,RO12,taul,1K8T,487l,vHHY4q6,LWyFlLYrMm,nyZz,9_Y1,RVjC,VpdQ,43pnToF,me75fM6ugJ,kIsH,uKAI,Mtgm,NhsEn4L,mAja5EA,bru6,UYBR,FzaX,R4hm94s,oslk,oSyMpgG,jySVZNlOJy,FSa2,RAYp,F2FyR07IdsN7I
0,2233,7,220,440,550,144,166.56,0,700662,0,2.528092,9,154,0,740224,0,19444.26,65,8,112,144,201215.6,1520,180,180,0,998455,265268,1765,0,9,212793,2644040,54,225192,0,0,Qu0r4RKzJV,2Knk1KF,taul,1K8T,JLbT,fhk21Ss,7ruFuE4,gpsI,9_Y1,DtNL,VpdQ,wMei,7M47J5GA0pTYIFxg5uy,kIsH,uKAI,L84s,Ie_5MZs,XTbjhEX,O5Ed,UYBR,FzaX,4UxGlow,zCkv,catzS2D,LM8l689qOp,FSa2,ZI9m,TCU50_Yjmm6GIBZ0lL_
0,630,7,4,136,170,16,186.64,0,475230,0,2.983551,18,32,0,5321112,0,218303.1,0,2,32,64,120546.8,535,6,513,0,9176850,244004,20,0,0,1209600,10815560,44,13080,0,0,KXMrEyXXnK,RO12,taul,1K8T,TyGl,apKK0yW,77iJmpaB0e,fmhz,9_Y1,SkZj,09_Q,IYzP,me75fM6ugJ,kIsH,uKAI,L84s,NhsEn4L,mAjbk_S,9gPm,UYBR,FzaX,_amvbB7,oslk,H2gyovK,LM8l689qOp,Aoh3,RAYp,F2FyR07IdsN7I
0,245,0,0,168,210,56,272.08,0,4663572,0,0.1670583,9,16,0,1373808,0,177741.3,20,8,40,24,91102,590,66,0,0,3258940,1121306,0,0,0,31675,10535080,26,1582350,0,0,75lq9ayfAo,RO12,taul,1K8T,JLbT,GUg04mC,7ONkRNQCK7,d8PQ,9_Y1,AKLO,VpdQ,IYzP,me75fM6ugJ,kIsH,uKAI,Mtgm,NhsEn4L,7WwOAni,byLP,UYBR,FzaX,6g5Ojel,oslk,UbjqFbB,LM8l689qOp,TNEC,RAYp,F2FyR07IdsN7I
0,42,0,0,56,70,40,394.96,0,1074738,0,1.260628,9,12,0,495112,0,70091.41,20,2,8,8,-884308,70,18,0,8,0,4642,0,0,0,0,1308372,0,22956,0,7,crIt0Go8Lb,RO12,taul,1K8T,0Xwj,My6jZUX,3sLCbixPQEf1t,MxT5,HLqf,YePk,VpdQ,IYzP,DHn_WUyBhW_whjA88g9bvA64_,sBgB,uKAI,L84s,CrNX,NGZ_12K,38yL,cJvF,FzaX,lK7idD8,d0EEeJi,uYhbyK7,LM8l689qOp,Qu4f,02N6s8f,F2FyR07IdsN7I
0,1533,7,536,272,340,112,220.08,0,5644128,0,2.217689,9,48,112,336496,0,21105.33,35,14,64,56,517004,1345,114,69129,0,3184605,501226,5240,0,18,22008,8615320,28,101490,0,0,52Iq9ayE15,LrdVolaSGUfkVeWC,taul,1K8T,0Xwj,IMI3Naj,BBhiudN5VdgIL,UyUR,HLqf,vm5R,VpdQ,hAFG,me75fM6ugJ,sBgB,uKAI,L84s,XfqtO3UdzaXh_,OFq9NeO,UaoG,cJvF,FzaX,NI568SY,oslk,kWFEVJ2,LM8l689qOp,7P5s,RAYp,R4y5gQQWY8OodqDV
0,1036,7,0,204,255,40,220.08,0,8390280,0,3.214057,9,38,0,625312,0,140957.4,30,6,40,16,111495.6,665,120,198,0,1403175,440776,20,0,9,0,10495040,30,1112418,0,0,64nWq69R_D,RO12,taul,1K8T,8qEx,GdzFZs5,i_uqoiN,YcLb,9_Y1,Px52,VpdQ,wMei,me75fM6ugJ,kIsH,uKAI,Mtgm,NhsEn4L,7WwwAA_,JEC4,UYBR,FzaX,Xsg8XLE,oslk,eIi2qo0,LM8l689qOp,PM2D,RAYp,F2FyR07IdsN7I
0,3507,14,3504,540,675,320,166.56,0,259842,0,4.46849,18,112,238,598632,0,8088.15,10,30,144,184,45463.6,2260,102,7398,0,455890,296048,7950,0,9,218372,1713876,76,387384,0,0,639TmBQxul,2Knk1KF,taul,1K8T,JLbT,rXH4Eny,LH0BJkjM1L,JoKa,9_Y1,mTeA,sJzTlal,haYg,me75fM6ugJ,kIsH,uKAI,L84s,XfqtO3UdzaXh_,11p4mKe,mcPg,UYBR,FzaX,MgW0FxM,oslk,yktAIRG,LM8l689qOp,FSa2,RAYp,55YFVY9
0,3171,0,0,284,355,96,220.08,0,6761220,0,5.997864,9,22,0,2900376,0,18516.57,30,2,56,56,97361.2,2955,138,0,0,3429135,122620,0,0,9,117985,10671440,44,89934,0,0,eOQgUHShse,RO12,taul,1K8T,JLbT,xRePyOH,t187Re3NhK,Y_20,9_Y1,mTeA,VpdQ,zm5i,me75fM6ugJ,kIsH,uKAI,L84s,NhsEn4L,kZJtVhC,QkWE,UYBR,FzaX,jE90Azj,oslk,QhgRt72,LM8l689qOp,FSa2,RAYp,F2FyR07IdsN7I
0,707,7,8,148,185,64,268.96,0,3883536,0,1.092502,9,34,0,4182128,0,180732.6,10,0,40,56,143815.2,590,54,387,0,4025930,1082814,25,0,9,884345,10700120,22,0,0,0,wRXmfo875g,RO12,taul,1K8T,AKN1,dSyX0q9,daiGnRstPa,Mksb,9_Y1,wGwL,09_Q,IYzP,me75fM6ugJ,kIsH,uKAI,L84s,NhsEn4L,NGZXfGp,cthu,cJvF,FzaX,n0ws6v_,oslk,5qERVB_,LM8l689qOp,wX53,RAYp,F2FyR07IdsN7I
0,1302,21,4060,160,200,24,166.56,0,4578,0,0.4907071,36,180,0,1811960,0,53157.9,0,0,40,80,305398.8,535,6,24570,0,4290605,30978,7290,0,27,38612,4403480,52,0,0,0,vAsvyx7ejg,LrdZy8QqgUfkVShG,taul,1K8T,0Xwj,fhk21Ss,yiXKNUCbD1,_dDp,HLqf,RcM7,VpdQ,hAFG,7M47J5GA0pTYIFxg5uy,sBgB,uKAI,L84s,XfqtO3UdzaXh_,_JdH8mF,MQO0,cJvF,FzaX,4UxGlow,oslk,catzS2D,LM8l689qOp,szEZ,ZI9m,ib5G6X1eUxUn6
0,4459,14,1968,692,865,376,133.12,0,74280,0,3.65627,18,110,245,417208,0,5773.05,5,38,200,232,-42656,2090,18,432,0,426420,123328,690,0,45,99470,1074144,148,336852,0,0,P1WvyxLp3Z,2Knk1KF,taul,1K8T,ssAy,gLjbxgw,8o3WlGR,gVmZ,9_Y1,vzJD,sJzTlal,kxE9,me75fM6ugJ,kIsH,uKAI,L84s,XfqtO3UdzaXh_,XTbPUYD,AXct,cJvF,FzaX,qcEoI0_,oslk,fXLavGi,jySVZNlOJy,xb3V,RAYp,55YFVY9
0,2667,7,1188,152,190,96,253.52,0,2840688,0,4.667165,9,42,0,1751208,0,26016.06,10,12,56,32,80443.2,900,36,18738,0,3436970,1594268,205,0,18,1321901,10545320,16,2169132,0,0,tr0Wq69cTy,AERks4l,taul,1K8T,TyGl,3FCrXBz,4l4G867,Cvji,9_Y1,Px52,09_Q,69fI,7M47J5GA0pTYIFxg5uy,kIsH,uKAI,L84s,leSl,pMWWkqO,sqoN,cJvF,FzaX,oatipLp,QKW8DRm,RsCQLlz,LM8l689qOp,PM2D,vJ_w8kB,xwM2aC7IdeMC0
0,1274,7,1960,244,305,136,166.56,0,0,0,6.86285,9,206,0,780344,0,23021.28,0,14,88,96,-1361972,895,0,738,0,1877270,404716,765,0,18,335139,3142700,50,661920,0,0,DOvgUHXZeb,vuPfq6YcbX,CiJDdr4TQ0rGERIS,1K8T,7ALb,fhk21Ss,P9HTde2,Ut_1,9_Y1,STGZ,VpdQ,y6dw,7M47J5GA0pTYIFxg5uy,kIsH,uKAI,Mtgm,_5OXC8MSLt,11pMFCG,Z45h,UYBR,FzaX,4UxGlow,oslk,catzS2D,LM8l689qOp,453m,ZI9m,NoEd
0,784,7,8,132,165,0,220.08,0,10290,0,5.973723,9,124,0,5374416,0,173869.5,10,0,40,64,-126705.2,495,6,198,0,9504000,0,35,0,9,0,10301800,44,0,0,0,BQa9tYsdof,2Knk1KF,taul,1K8T,TyGl,31DqtNX,rmMZilA,zvti,9_Y1,YULl,sJzTlal,hAFG,me75fM6ugJ,kIsH,uKAI,Mtgm,XfqtO3UdzaXh_,XTbPUYD,E9NI,UYBR,FzaX,dMzYH7D,oslk,_wyAgOW,LM8l689qOp,FSa2,RAYp,55YFVY9
0,3059,7,704,548,685,120,286.96,0,6548520,0,5.212561,9,40,133,1984232,0,50908.5,70,18,96,48,358418.4,2470,246,30906,0,2806570,393366,205,0,9,165095,10529160,104,243420,0,0,vAsgUHXM47,RO12,taul,1K8T,JLbT,qbzATNu,xunBDW1,Wl4k,9_Y1,STGZ,VpdQ,zm5i,me75fM6ugJ,kIsH,uKAI,L84s,NhsEn4L,cUQss53,8JrH,UYBR,FzaX,Oj69oV7,oslk,7IeAGfT,jySVZNlOJy,453m,RAYp,F2FyR07IdsN7I
0,924,7,244,92,115,104,166.56,0,1092,0,1.449049,9,138,21,94744,0,14668.14,0,10,16,8,-29731.72,390,6,11205,0,1910,200554,25,0,9,0,521616,6,106320,0,0,Foxt0Go8Lb,AERks4l,taul,1K8T,7gSz,fhk21Ss,q2tfFQq,5Rdf,9_Y1,Z5OU,VpdQ,wMei,7M47J5GA0pTYIFxg5uy,kIsH,uKAI,L84s,4kVnq_T26xq1p,ORMBhvj,5cEc,cJvF,FzaX,4UxGlow,zCkv,catzS2D,LM8l689qOp,Qu4f,ZI9m,ib5G6X1eUxUn6
0,1442,7,2832,396,495,152,146.48,0,102732,0,4.367656,9,184,231,193136,0,75222.59,35,4,64,112,59226.4,1280,162,1467,0,183645,83184,405,0,36,32963,548992,60,29190,0,0,crIt0Go8Lb,LrdZy8QqgUfkVShG,taul,1K8T,487l,fhk21Ss,6UozQZm,BoyN,9_Y1,rGJy,09_Q,oZyB,7M47J5GA0pTYIFxg5uy,kIsH,uKAI,L84s,_5OXC8MSLt,beKj5PX,yR9f,UYBR,FzaX,4UxGlow,oslk,catzS2D,jySVZNlOJy,Qu4f,ZI9m,ib5G6X1eUxUn6
0,1141,7,284,220,275,32,234.88,5,5691756,0,4.120273,9,40,0,2542296,0,155327.7,30,16,104,80,98176,1035,96,18234,8,3069870,153116,755,0,27,127414,9169520,22,157800,0,0,8I1TmBtueT,RO12,taul,1K8T,hAOr,47WdmQ4,GHfL3MpXAX,ZUB4,9_Y1,47ra,VpdQ,zm5i,me75fM6ugJ,kIsH,uKAI,Mtgm,NhsEn4L,kZJtVhC,UItH,cJvF,FzaX,w97ARL_,oslk,hqk7qqc,jySVZNlOJy,rgKb,RAYp,F2FyR07IdsN7I
0,2919,7,36,776,970,376,86.96,15,5408394,0,3.240333,18,76,21,1862728,15,54101.1,15,30,128,248,-137418.8,3220,72,630,64,4915585,212528,150,0,27,204386,9691160,172,229164,0,0,4e7gUH7IEC,RO12,taul,1K8T,72yt,n0UbeSG,lGXpFd_2Rf,Tkse,9_Y1,1Bp0,09_Q,IYzP,me75fM6ugJ,kIsH,uKAI,Mtgm,NhsEn4L,y5FCfxT,SssI,UYBR,FzaX,KA3C5vH,oslk,m1BWuMy,LM8l689qOp,WqMG,RAYp,F2FyR07IdsN7I
0,1701,7,688,244,305,56,166.56,0,6507780,0,4.230079,9,68,329,1379552,0,53511.3,40,4,64,16,506856,1065,120,5004,0,1245555,1192334,590,0,0,604800,10484120,44,1036800,0,0,hSogUHXZeb,RO12,taul,1K8T,lK27,8XUtpNj,77iJmpaB0e,sDah,9_Y1,STGZ,09_Q,IYzP,me75fM6ugJ,kIsH,uKAI,L84s,NhsEn4L,mAjbk_S,2QMU,cJvF,qxDb,m1aNvFm,oslk,UulYV0N,jySVZNlOJy,453m,RAYp,F2FyR07IdsN7I
0,532,7,3460,96,120,24,367.2,10,2680770,0,0.91348,9,122,196,1948440,0,200695.8,5,6,32,24,-493148,425,36,195498,16,3060225,477966,6420,0,45,0,7161320,16,1037088,0,0,DQlgUH7IEC,2Knk1KF,taul,1K8T,JLbT,QDYng1z,3cOC7qZ,umg2,9_Y1,m_h1,VpdQ,giwq,me75fM6ugJ,kIsH,uKAI,Mtgm,h0lfDKh52u4GP,IoI4mKe,8JTE,UYBR,AU8_WTd,CWez3cs,oslk,_8W0zM1,jySVZNlOJy,WqMG,RAYp,55YFVY9
0,1113,7,96,44,55,32,166.56,0,0,0,2.948942,9,142,0,0,0,17022.39,0,0,0,0,-20107.28,720,0,31059,0,575680,45674,605,0,9,0,551892,14,0,0,0,uGLq9ayE15,2Knk1KF,taul,1K8T,yYar,GjukJwu,yLQTWghLEB,6Adr,9_Y1,QBpP,09_Q,hAFG,me75fM6ugJ,kIsH,uKAI,L84s,XfqtO3UdzaXh_,11p4mKe,2di8,cJvF,FzaX,Nzc87dl,oslk,xTFQowC,LM8l689qOp,7P5s,RAYp,55YFVY9
0,1260,14,184,120,150,48,166.56,5,0,0,6.620594,18,136,0,2192144,0,41805,0,6,64,104,-56172,465,0,48897,8,272705,165722,545,0,18,532728,1985368,16,509532,0,0,Mtpt0G8EIb,MJdP52puUMWhmExsNdlkGDbNTFln2Eg,taul,1K8T,wOc1,Fefs43J,r83_sZi,ID43,9_Y1,k13i,VpdQ,haYg,me75fM6ugJ,kIsH,uKAI,L84s,XfqtO3UdzaXh_,XTbPUYD,cTOg,cJvF,FzaX,aNnen4L,oslk,HDDAAUb,LM8l689qOp,fKCe,RAYp,iyHGyLCEkQ
0,203,0,0,148,185,24,391.44,5,4693422,0,5.464644,9,16,0,2536944,0,201806.1,5,8,32,32,288380,490,60,0,8,4832340,475212,0,0,0,1108828,10797760,30,1900848,0,0,xddq9ayfAo,RO12,taul,1K8T,z32l,awTXkK6,YQcPlrpk3WNO0,0bjb,9_Y1,000J,VpdQ,IYzP,me75fM6ugJ,kIsH,uKAI,L84s,NhsEn4L,mAja5EA,9gmt,cJvF,FzaX,stplI5k,oslk,YE7WDFK,LM8l689qOp,7P5s,RAYp,F2FyR07IdsN7I
0,98,0,0,16,20,8,220.08,5,0,0,4.254005,18,24,0,0,0,16594.56,0,0,0,0,-53088,25,0,0,8,215310,1434,0,0,9,0,175116,6,0,0,0,J9Vr4RQZiT,RO12,taul,1K8T,0Xwj,tAqnaaX,lGXpFd_2Rf,MMa_,F3hy,z5Ry,09_Q,IYzP,me75fM6ugJ,kIsH,uKAI,L84s,NhsEn4L,mAja5EA,Cuc3,UYBR,FzaX,B0LYjZW,oslk,4YxEVaf,LM8l689qOp,FSa2,RAYp,F2FyR07IdsN7I
0,441,0,0,132,165,0,220.08,0,475230,0,2.273659,9,26,0,5472048,0,208047,10,2,40,64,717168,390,6,0,0,8919950,0,0,0,9,0,10677040,42,153000,0,0,m9SvyxLkBI,RO12,taul,1K8T,AHrt,_vkk2Zj,AnFl2Mwxzd,CGbI,9_Y1,lXxA,VpdQ,zm5i,me75fM6ugJ,kIsH,uKAI,L84s,NhsEn4L,kZJtVhC,7lJk,cJvF,FzaX,Lu8QrGj,oslk,f4rQ5_S,LM8l689qOp,xb3V,RAYp,F2FyR07IdsN7I
0,77,0,0,140,175,112,86.96,0,2535024,0,1.10062,9,14,0,1084456,0,69354,5,6,48,56,42759.2,205,42,0,0,306115,385120,0,0,0,364210,3669552,6,114864,0,0,1JGTmBQZiT,RO12,taul,1K8T,0Xwj,ofiZR7x,t187Re3NhK,yY6V,F3hy,TjV7,VpdQ,IYzP,me75fM6ugJ,kIsH,uKAI,L84s,NhsEn4L,mAjDcoz,Le7P,UYBR,FzaX,JO03372,oslk,XlgxB9z,LM8l689qOp,FSa2,RAYp,F2FyR07IdsN7I
0,28,0,0,76,95,16,636,0,2508834,0,1.823328,9,14,0,1382400,0,208508.4,10,0,16,16,354815.2,95,30,0,0,2779435,1856,0,0,0,0,5282200,16,0,0,0,vAsgUHXM47,RO12,taul,z3mO,USOt,LHrpdAf,V6XUlxabJ4VaD,1qtb,9_Y1,STGZ,VpdQ,IYzP,me75fM6ugJ,kIsH,uKAI,Mtgm,NhsEn4L,mAj3FSW,s9FI,UYBR,FzaX,rSNVGQ9,oslk,O8szlpr,LM8l689qOp,453m,RAYp,F2FyR07IdsN7I
0,2359,7,0,1204,1505,192,200,0,7063320,0,1.188421,18,78,0,1921400,0,96424.8,300,50,368,160,47298,2445,264,25074,0,2764500,311242,140,0,18,222327,9818280,256,410376,0,0,51rBcmz45j,eSGpMwS8zSGgq_trOpckZ5,taul,1K8T,kwI9,NldASpP,e1XhvTunuD,MXun,9_Y1,EwzD,VpdQ,haYg,DHn_WUyBhW_whjA88g9bvA64_,kIsH,uKAI,L84s,UbxQ8lZ,ORMRote,vS03,cJvF,FzaX,JFM1BiF,Al6ZaUT,NKv4yOc,LM8l689qOp,Qcbd,02N6s8f,R4y5gQQWY8OodqDV
0,2723,7,1428,248,310,24,292.8,0,6940260,0,6.071779,9,40,105,218616,6,54016.2,45,2,64,56,53438.8,1335,120,12771,16,2452265,379564,1250,0,18,87360,10601680,44,475218,0,0,py5rEyXktW,RO12,taul,1K8T,pE9z,Gbz7P96,8o3WlGR,ECLM,9_Y1,SkZj,sJzTlal,zm5i,me75fM6ugJ,kIsH,uKAI,L84s,NhsEn4L,mAjbk_S,ERbN,cJvF,FzaX,aL0TUAd,oslk,vVLXJAQ,LM8l689qOp,Aoh3,RAYp,F2FyR07IdsN7I
0,2093,14,3020,324,405,96,233.44,0,0,0,0.8805811,18,86,14,465472,0,4020.39,0,14,120,288,52621.6,880,0,2412,0,203275,42786,55,0,0,61278,544928,52,96000,0,0,GcUBcmz45j,RO12,taul,1K8T,OTVu,oKsne2L,hOpRIhsUSP,eEh1,9_Y1,WGOH,VpdQ,IYzP,me75fM6ugJ,kIsH,uKAI,L84s,NhsEn4L,kq0aHkC,8t3L,UYBR,FzaX,iEXADXQ,oslk,xWWynIC,LM8l689qOp,Qcbd,RAYp,F2FyR07IdsN7I
0,819,7,264,132,165,24,220.08,0,4936878,0,1.621448,18,38,35,3456000,0,220146.9,10,4,32,40,189118,505,66,19782,0,4165410,518400,920,0,9,604800,10707360,20,941646,0,0,2jiWq69cTy,RO12,taul,1K8T,lK27,wEYeml7,glRbITbnHQ,9emW,9_Y1,0A_v,VpdQ,zm5i,me75fM6ugJ,kIsH,uKAI,L84s,NhsEn4L,mAja5EA,aMoZ,UYBR,FzaX,ncuR2zc,oslk,RO608Cl,LM8l689qOp,PM2D,RAYp,F2FyR07IdsN7I
0,2352,14,980,680,850,320,133.12,0,118626,0,6.033967,18,62,112,880240,0,10547.58,15,22,216,312,-651612,1935,66,18054,0,929320,261486,4600,0,9,95368,1940944,132,206526,0,0,6VLvyx7IEC,RO12,taul,1K8T,lK27,GOBu1hQ,ZZ7H_hi,DBov,9_Y1,RcM7,VpdQ,hAFG,me75fM6ugJ,kIsH,uKAI,L84s,XfqtO3UdzaXh_,XTbPUYD,IIhP,UYBR,FzaX,xtR871e,oslk,LiUPLfR,LM8l689qOp,szEZ,RAYp,F2FyR07IdsN7I
0,1043,7,32,236,295,64,53.52,0,5167332,0,6.390728,9,32,21,1571584,3,135437.7,30,16,64,24,-7105,835,96,3168,8,4688270,81366,180,0,9,31136,9623680,36,575928,0,0,1GdOj1KXzC,RO12,taul,1K8T,X94c,JVF11pK,UFIdC8I,QOgy,9_Y1,vYXv,VpdQ,IYzP,me75fM6ugJ,kIsH,uKAI,L84s,NhsEn4L,kZJtVhC,GOo2,cJvF,FzaX,AOhuZGO,oslk,W8mwS9i,LM8l689qOp,kwS7,RAYp,F2FyR07IdsN7I
0,938,14,160,204,255,96,253.52,0,5952576,0,0.37257,45,46,0,1711040,0,186120.6,30,4,56,72,306945.2,610,78,27936,0,1859950,1171522,640,0,0,0,10573960,18,906948,0,0,eOQt0GoOh3,RO12,taul,1K8T,wGW5,VITX0IX,DKUDUftgA7,yCFy,9_Y1,YePk,VpdQ,IYzP,me75fM6ugJ,kIsH,uKAI,Mtgm,NhsEn4L,mAjMSib,9zca,cJvF,FzaX,s03A5lA,oslk,pgDuVxn,LM8l689qOp,Qu4f,RAYp,F2FyR07IdsN7I
0,336,7,104,32,40,16,166.56,0,3517704,0,0.7797479,9,44,0,4662664,0,75539.09,10,0,8,8,-288430,380,18,74853,0,0,246150,530,0,18,4079831,10007160,0,0,0,0,vAsvyx7ejg,RO12,taul,1K8T,0Xwj,bbmns41,0IWZqtp,gneO,HLqf,RcM7,VpdQ,IYzP,me75fM6ugJ,sBgB,uKAI,L84s,NhsEn4L,mAjbk_S,LMUM,UYBR,FzaX,oatfGrO,oslk,8vXEsaq,LM8l689qOp,szEZ,RAYp,F2FyR07IdsN7I
0,2359,7,692,232,290,0,166.56,0,0,0,5.459731,9,58,147,345088,0,4143.03,0,0,48,120,-492996,1085,0,6300,0,473415,0,455,0,18,166425,551276,86,0,0,0,a4vvyxLkBI,RO12,taul,1K8T,GYbZ,f_ox5tm,nDVACim,F99S,9_Y1,FbIm,09_Q,wMei,7M47J5GA0pTYIFxg5uy,kIsH,uKAI,L84s,L_dnxNc,IoI9dpM,H0vE,cJvF,FzaX,tHIJiTc,QKW8DRm,7zlhNOD,LM8l689qOp,xb3V,vJ_w8kB,WfJ2BB2SFSqauljlfOB
0,84,0,0,132,165,40,333.28,0,4309542,0,5.730186,9,14,0,1900800,0,216187.2,30,0,40,24,84633.6,195,54,0,0,3967240,755586,0,0,0,554400,10409200,20,0,0,0,AUUt0GoOh3,RO12,taul,1K8T,0Xwj,H9Tg2A0,L2yKynabJO1g3,tH4F,F3hy,rGJy,sJzTlal,IYzP,me75fM6ugJ,kIsH,uKAI,Mtgm,NhsEn4L,mAj3FSW,s1Gb,UYBR,FzaX,stpv4zN,oslk,YE7zrB7,LM8l689qOp,Qu4f,RAYp,F2FyR07IdsN7I
0,931,21,5120,176,220,160,361.44,5,2061810,0,3.273446,27,136,294,691200,0,192989.1,5,12,32,8,95128.8,630,30,39537,8,2674115,2106420,615,0,36,0,10354160,22,3110400,0,0,HYTrjIK12c,rEUOq2QD1qfkRr6qpua,taul,1K8T,pGTb,qjkAfi7,V6XUlxabJ4VaD,ckU1,9_Y1,7WNq,VpdQ,haYg,GjJ35utlTa_GNSvxxpb9ju,kIsH,uKAI,L84s,H4p93_uThXwSG,_Jd1ICc,BB1g,cJvF,FzaX,hpqaZbr,Al6ZaUT,F5ypN7o,LM8l689qOp,WqMG,02N6s8f,ib5G6X1eUxUn6
0,161,0,0,36,45,0,313.92,0,10597560,0,1.480667,9,18,0,494616,0,288581.1,5,0,24,16,-50798.8,345,30,0,0,66725,0,0,0,0,0,9706720,2,0,0,0,bZkvyxLkBI,RO12,taul,1K8T,0Xwj,T2e7I6V,EG2hH7KmXr,ASLU,F3hy,FbIm,09_Q,IYzP,7M47J5GA0pTYIFxg5uy,kIsH,uKAI,L84s,NhsEn4L,NGZxnJM,CExE,UYBR,FzaX,ACmTklq,oslk,rDbG_aX,LM8l689qOp,xb3V,ZI9m,F2FyR07IdsN7I
0,784,7,1212,136,170,16,233.44,0,517860,0,3.346294,9,50,0,434936,0,109938.6,40,0,48,24,-1042744,355,6,35370,0,806940,242386,50,0,0,113834,4228600,40,0,0,0,HYTvyx7ejg,RO12,taul,1K8T,Bxva,G2zwXf5,y2LIM01bE1,S67e,9_Y1,f4dr,sJzTlal,IYzP,me75fM6ugJ,kIsH,uKAI,Mtgm,NhsEn4L,kq0n8Bj,DGUD,cJvF,FzaX,KhWfR8o,oslk,0MpQv5o,LM8l689qOp,szEZ,RAYp,F2FyR07IdsN7I
0,1064,0,164,128,160,128,220.08,0,144774,0,2.20658,9,34,0,1382400,0,170412,0,12,32,16,115986.8,515,12,175608,0,2472190,2764800,0,0,18,0,10368680,12,3110400,0,0,CxSr4RXktW,RO12,taul,1K8T,OTVu,MNw47cQ,Iibp4Nm3uQ,PvRZ,9_Y1,TFSW,09_Q,IYzP,me75fM6ugJ,kIsH,uKAI,L84s,NhsEn4L,kZJtVhC,y0lr,cJvF,FzaX,ME5YWu3,oslk,qDl2pc5,LM8l689qOp,Xa3G,RAYp,F2FyR07IdsN7I
0,2254,7,204,304,380,184,166.56,0,171492,0,6.842341,18,46,28,3017312,0,21710.7,0,4,56,120,-13348.28,1310,96,91107,0,961655,617944,965,0,0,947492,3780392,40,228294,0,0,75lr4RXktW,RO12,taul,1K8T,AkfA,mLYOTMK,n1zVHpT8NN,grOX,9_Y1,Cgc3,VpdQ,IYzP,me75fM6ugJ,kIsH,uKAI,L84s,NhsEn4L,mAjbk_S,yaJB,cJvF,FzaX,8_r18fN,oslk,6ZOocsg,jySVZNlOJy,Xa3G,RAYp,F2FyR07IdsN7I
0,3276,7,3872,520,650,192,310.64,0,554526,0,0.7092502,9,180,651,684096,9,25810.5,40,38,128,160,321551.6,1735,90,37692,32,3250505,358294,1290,0,18,224196,4385880,88,469248,0,7,TfiWq69R_D,AERks4l,taul,1K8T,487l,fhk21Ss,wLOHP_YhcL,dZaM,9_Y1,RVjC,09_Q,y6dw,7M47J5GA0pTYIFxg5uy,kIsH,uKAI,L84s,_5OXC8MSLt,LxWMvcL,0bZ9,UYBR,qxDb,4UxGlow,oslk,catzS2D,jySVZNlOJy,FSa2,ZI9m,ib5G6X1eUxUn6
0,791,14,100,152,190,24,220.72,0,5733396,0,1.577013,18,32,126,2619488,3,145123.5,25,2,48,40,113623.6,525,90,1782,8,3525915,245252,545,0,9,0,10322240,18,518400,0,0,zC_Wq6e2Rv,RO12,taul,1K8T,487l,KwenkcQ,hOpRIhsUSP,K3X_,9_Y1,_xpN,VpdQ,zm5i,me75fM6ugJ,sBgB,uKAI,Mtgm,NhsEn4L,kZJtVhC,B773,UYBR,FzaX,XqwYlW4,oslk,sMvE4Qn,LM8l689qOp,FSa2,RAYp,F2FyR07IdsN7I
0,490,0,0,132,165,24,286.96,0,4014990,0,1.628498,9,26,0,0,0,224027.1,15,8,24,0,63756.4,500,60,0,0,5153300,400290,0,0,9,1108828,9666920,26,1900848,0,0,FAJgUH7ejg,RO12,taul,1K8T,JLbT,liIupBg,etM739XNbCmUu,e8Ig,9_Y1,m_h1,VpdQ,zm5i,me75fM6ugJ,kIsH,uKAI,L84s,NhsEn4L,kZJyVg2,Ew1T,UYBR,FzaX,gOrOjel,oslk,n82Rkup,LM8l689qOp,WqMG,RAYp,F2FyR07IdsN7I
0,1204,7,460,128,160,104,166.56,0,683880,0,5.182226,9,106,7,476912,0,24052.98,0,8,40,88,-30004.16,490,12,3195,0,16600,81358,935,0,9,59325,1171104,4,451098,0,0,dRaq9ayE15,RO12,taul,1K8T,mAW3,iJzviRg,OHBjpraUWPnno,xmlr,9_Y1,vm5R,VpdQ,hAFG,7M47J5GA0pTYIFxg5uy,kIsH,uKAI,L84s,WsRVNrF85oPU_,TDcdG6I,yZtY,cJvF,FzaX,ch2oGfM,zCkv,P6pu4Vl,LM8l689qOp,7P5s,ZI9m,R4y5gQQWY8OodqDV
0,1442,7,12,200,250,48,200,0,66708,0,6.082461,9,40,91,243472,0,4920,25,4,24,88,75834.4,850,18,1485,0,190345,34822,15,0,0,4417,571920,46,236802,0,0,hSogUHXZeb,RO12,taul,1K8T,7ALb,mBr7wZ4,sLarhXg,qysa,9_Y1,LqKm,VpdQ,IYzP,me75fM6ugJ,kIsH,uKAI,L84s,NhsEn4L,mAjbk_S,0KL4,UYBR,FzaX,_oSv10k,oslk,kK6wBif,LM8l689qOp,453m,RAYp,F2FyR07IdsN7I
0,434,7,268,64,80,32,200,0,2484,0,2.152959,45,40,0,254024,0,48404.4,15,10,40,24,34628.56,160,6,1143,0,0,242370,5,0,0,123473,951556,0,483138,0,0,_v2TmBftjz,RO12,taul,1K8T,qiF0,DhOMuhr,UFIdC8I,W0Cp,9_Y1,4N0K,VpdQ,IYzP,me75fM6ugJ,kIsH,uKAI,L84s,NhsEn4L,mAjbk_S,rnHM,cJvF,FzaX,3aBuLpj,oslk,jjOYyXX,LM8l689qOp,Qu4f,RAYp,F2FyR07IdsN7I
0,805,7,744,128,160,0,220.08,0,26184,0,4.537278,9,182,0,5472040,0,226138.5,0,2,32,64,142589.6,505,6,54702,0,9396050,0,505,0,27,0,10328000,44,86484,0,0,4bwt0GoOh3,rEUOq2QD1qfkRr6qpua,taul,1K8T,Fq5T,fhk21Ss,IoHY5y1IUI,tr99,9_Y1,rGJy,VpdQ,haYg,7M47J5GA0pTYIFxg5uy,kIsH,uKAI,L84s,DmYOBF5GfjJxb,ORM_IID,NZQT,UYBR,FzaX,4UxGlow,Al6ZaUT,catzS2D,LM8l689qOp,Qu4f,ZI9m,ib5G6X1eUxUn6
0,833,7,0,388,485,216,253.52,0,378534,0,6.647084,9,100,0,422536,0,12904.32,35,10,64,64,-17845.16,1225,120,900,0,473935,274398,45,0,9,165186,1480712,60,80250,0,0,Mtpt0G8EIb,AERks4l,taul,1K8T,487l,ON5Ou9e,y2LuFUfSEo,FyvZ,9_Y1,e7QV,VpdQ,sYC_,DHn_WUyBhW_whjA88g9bvA64_,kIsH,uKAI,L84s,I6KzrtUCei,y5Fn99C,WolC,cJvF,Lmli,p40KIAf,zCkv,C6OGkwT,LM8l689qOp,fKCe,02N6s8f,xwM2aC7IdeMC0
0,1260,7,828,128,160,0,289.2,0,0,0,0.7457808,9,68,56,5308264,0,116973.9,10,0,40,64,68663.6,540,0,927,8,9504000,0,580,6,18,604800,10300480,44,0,0,0,avkq9ayfAo,RO12,taul,z3mO,JLbT,x8bo8ot,ASj4kgY6phhWK,Z93z,9_Y1,vm5R,09_Q,43pnToF,me75fM6ugJ,kIsH,uKAI,L84s,NhsEn4L,TDceha3,5gXh,cJvF,FzaX,tS16hzI,oslk,vHkTy9x,LM8l689qOp,7P5s,RAYp,F2FyR07IdsN7I
0,1946,7,336,336,420,168,166.56,0,180504,0,2.330485,18,64,0,738672,0,24829.41,0,14,80,128,-168492,1280,30,4851,0,1172475,403934,2235,0,18,65625,2520432,70,427368,0,0,C2Dvyx875g,RO12,taul,1K8T,pGTb,iJzviRg,7ruobXU,4Afm,9_Y1,MBhA,VpdQ,giwq,7M47J5GA0pTYIFxg5uy,kIsH,uKAI,L84s,WsRVNrF85oPU_,7WwuANT,F675,UYBR,FzaX,ch2oGfM,zCkv,P6pu4Vl,LM8l689qOp,WqMG,ZI9m,R4y5gQQWY8OodqDV
0,882,7,8,124,155,88,166.72,0,0,0,0.04400769,9,54,0,1382400,0,161491.8,0,12,32,16,82501.2,500,0,6705,0,4602575,1900800,35,0,0,0,10248480,24,3110400,0,0,AhzOj17IEC,RO12,taul,1K8T,JLbT,H9TGiDY,MXlhT5l,dVnR,9_Y1,iVbl,sJzTlal,IYzP,Kxdu,kIsH,uKAI,L84s,FMSzZ91zL2,TDcEYQ6,sNn_,cJvF,FzaX,rSNKYdx,zCkv,O8sb4Lm,jySVZNlOJy,7aLG,6fzt,SbOd7O8ky1wGNxp0Arj0Xs
0,1295,7,2252,136,170,40,186.64,0,3022986,0,3.945738,18,86,0,4147200,0,120846.9,10,0,32,48,69575.6,535,48,30690,0,5198750,758680,5385,0,36,604800,10456480,26,0,0,0,GcUBcmz45j,RO12,taul,1K8T,JLbT,Z4ho8ot,V6XUlxabJ4VaD,kTCl,9_Y1,KubS,VpdQ,TIA9,me75fM6ugJ,kIsH,uKAI,L84s,XfqtO3UdzaXh_,XTbPUYD,uonk,UYBR,FzaX,pqU6hzI,oslk,XKaTy9x,jySVZNlOJy,Qcbd,RAYp,F2FyR07IdsN7I
0,231,7,60,24,30,16,200,0,0,0,2.98291,18,116,0,7480,0,2905.731,0,0,0,16,-22751.84,130,0,51111,0,14640,7132,85,0,9,0,29716,4,0,0,0,V8lBcmz45j,2Knk1KF,taul,1K8T,YPhp,Q9R7qwL,r83_sZi,eAj4,9_Y1,rzbc,VpdQ,haYg,me75fM6ugJ,kIsH,uKAI,L84s,XfqtO3UdzaXh_,11p4mKe,e56I,UYBR,AU8pNoi,Zc06pd1,oslk,SiXzrB7,LM8l689qOp,Qcbd,RAYp,55YFVY9
0,27293,0,0,132,165,8,253.52,0,6388260,0,3.757958,9,18,0,2764800,0,1722.033,20,0,32,32,104948.8,68175,78,0,0,4421105,2146,0,0,9,1209600,10564800,22,0,0,0,AhzZptzip9,RO12,taul,1K8T,OY2L,pro8v8X,aFnW8Sr,oIfG,9_Y1,t_4G,VpdQ,zm5i,me75fM6ugJ,kIsH,uKAI,L84s,NhsEn4L,kZJtVhC,jF2B,UYBR,FzaX,meWVy8V,oslk,DQ3u3MC,LM8l689qOp,Qu4f,RAYp,F2FyR07IdsN7I
0,1204,21,3716,20,25,16,166.56,0,9270,0,2.704764,27,94,280,78096,0,11204.85,0,0,8,8,-305144,130,6,58797,0,2940,3982,2215,0,9,68334,55544,2,0,0,0,S8dr4RQxul,RO12,taul,1K8T,PGNs,apKnqNs,zA2IZno2NK,itBV,9_Y1,z5Ry,VpdQ,sYC_,me75fM6ugJ,kIsH,uKAI,L84s,NhsEn4L,beK4AFX,su4O,UYBR,FzaX,7OmQAVC,oslk,76DYAUb,LM8l689qOp,FSa2,RAYp,F2FyR07IdsN7I
0,1393,14,2416,168,210,48,391.04,5,2380038,0,6.544969,27,178,112,2029136,12,12714.81,5,8,96,120,-411848,455,36,43344,48,2010050,380612,2040,0,0,571697,5292240,20,7320,0,7,Yddq9ayE15,qqimvRzsp8ZZdKRPgzLg68joSn_k,taul,1K8T,0Xwj,fhk21Ss,UFIdC8I,d8PQ,HLqf,AKLO,VpdQ,IYzP,7M47J5GA0pTYIFxg5uy,sBgB,uKAI,L84s,XfqtO3UdzaXh_,beKPUYD,byLP,UYBR,FzaX,4UxGlow,oslk,catzS2D,LM8l689qOp,TNEC,ZI9m,iyHGyLCEkQ
0,749,7,4,124,155,0,186.64,0,0,0,2.25486,9,34,0,4838400,0,167238,5,0,40,56,116575.6,490,0,549,0,9781800,0,135,0,9,0,10245680,46,0,0,0,qXhvyxLp3Z,RO12,taul,1K8T,ssAy,OfJo7aV,V6XUlxabJ4VaD,WClt,9_Y1,vzJD,VpdQ,zm5i,me75fM6ugJ,kIsH,uKAI,L84s,NhsEn4L,mAja5EA,Dtbm,cJvF,FzaX,Nr9j9cC,oslk,TBXQ5_S,LM8l689qOp,xb3V,RAYp,F2FyR07IdsN7I
0,1064,7,80,188,235,112,100.32,0,32892,0,1.487503,9,120,35,407600,0,6461.19,0,6,72,112,25785.72,545,12,369,0,174190,52388,30,0,9,202657,492764,28,34362,0,0,2jiWq69cTy,2Knk1KF,taul,1K8T,0Xwj,6SyRSUd,8x1oaY3538,rYvw,HLqf,0A_v,sJzTlal,sYC_,me75fM6ugJ,sBgB,uKAI,L84s,XfqtO3UdzaXh_,11p4mKe,FWCn,cJvF,FzaX,I0k8jNM,oslk,nmYTL5Q,LM8l689qOp,PM2D,RAYp,55YFVY9
0,1645,14,3544,176,220,32,166.56,0,131904,0,5.444563,18,90,2135,1268344,0,15039.15,0,2,40,80,149596.4,630,42,4194,0,2534875,37306,900,0,27,198772,2849076,44,36684,0,0,yaKt0Go8Lb,AERks4l,LfvqpCtLOY,1K8T,TyGl,PHNvXy8,J1MZ1kd,XrCF,9_Y1,C7DI,09_Q,hAFG,NKv3VA1BpP,kIsH,uKAI,L84s,I6KzrtUCei,kZJ7osE,gEef,cJvF,FzaX,UF16siJ,zCkv,APgdzOv,jySVZNlOJy,Qu4f,6fzt,xwM2aC7IdeMC0
0,840,7,5260,124,155,40,186.64,0,8294460,0,6.546251,18,54,0,0,0,221304.6,35,4,32,0,-295714.4,510,96,5967,0,74655,840276,5,0,0,0,10293720,2,1036800,0,0,Yddq9ayE15,RO12,taul,1K8T,c9jp,kqYygzQ,7ruFuE4,_Bev,9_Y1,AKLO,VpdQ,IYzP,me75fM6ugJ,kIsH,uKAI,L84s,NhsEn4L,mAja5EA,4_nH,cJvF,FzaX,nQmTKvt,oslk,A1pRVB_,LM8l689qOp,TNEC,RAYp,F2FyR07IdsN7I
0,1582,7,1808,232,290,64,133.12,0,22212,0,5.64217,9,104,7,72656,0,2013.699,25,6,112,112,-14504.44,795,24,6921,0,71830,10360,2990,0,9,15603,168664,48,15972,0,0,avkq9ayfAo,2Knk1KF,taul,1K8T,0Xwj,qmXYbuk,GxcywEY,Z93z,F3hy,vm5R,VpdQ,haYg,me75fM6ugJ,kIsH,uKAI,L84s,XfqtO3UdzaXh_,11p4mKe,5gXh,cJvF,FzaX,hDRv66D,oslk,2JfQ3DB,LM8l689qOp,7P5s,RAYp,55YFVY9
0,994,28,8660,164,205,80,233.44,0,4781370,0,6.688528,45,154,952,691200,0,181829.1,30,8,48,8,387092.4,595,60,49005,0,2589080,1072304,2765,0,18,604800,10689160,20,1669080,0,0,cFHt0GoOh3,onTuEhrJJQy_H3IHkZku5AFczhYGqxJ890,taul,1K8T,wGW5,fqeOwLG,OUwXBc_Afl,VzUN,9_Y1,C7DI,VpdQ,6JmL,7M47J5GA0pTYIFxg5uy,kIsH,uKAI,L84s,dznt9poYpmHt7,teAx5I4,bVv7,cJvF,FzaX,fxJmel6,zCkv,WfsWw2A,jySVZNlOJy,Qu4f,ZI9m,iyHGyLCEkQ
0,161,7,2292,52,65,32,85.36,0,0,0,5.563555,9,110,0,29872,0,3851.85,0,0,16,32,-2807.144,210,0,25263,0,35675,7308,20,0,9,0,58092,10,0,0,0,Foxt0Go8Lb,2Knk1KF,taul,1K8T,wGW5,rsmctTK,Z8ZAV8jDl3,m_ym,9_Y1,t_4G,VpdQ,y6dw,me75fM6ugJ,kIsH,uKAI,L84s,XfqtO3UdzaXh_,11p4mKe,nW4Q,cJvF,FzaX,Kgofc8E,oslk,S46Rt72,LM8l689qOp,Qu4f,RAYp,55YFVY9
0,1281,14,452,304,380,152,330.64,0,0,0,0.004272591,18,50,0,2145248,6,61245,10,12,72,104,77879.6,880,0,882,32,2173620,761954,1100,0,18,1087674,5262920,72,1291212,0,14,kMJt0GoOh3,RO12,taul,1K8T,lK27,JVF11pK,yEFIHeU,nIfG,9_Y1,rGJy,VpdQ,IYzP,me75fM6ugJ,kIsH,uKAI,Mtgm,NhsEn4L,TDcECyH,TqZP,UYBR,FzaX,AOhuZGO,oslk,W8mwS9i,jySVZNlOJy,Qu4f,RAYp,F2FyR07IdsN7I
0,1225,7,0,136,170,8,166.56,0,64842,0,6.417859,9,48,0,6220800,0,167328.3,0,0,32,72,146924,510,12,1548,0,9392250,19384,20,0,9,0,10706200,44,0,0,0,qXhPe2ftjz,RO12,taul,1K8T,EJC9,mQkQ6ot,r83zMgS,dZaL,9_Y1,mTeA,VpdQ,43pnToF,me75fM6ugJ,kIsH,uKAI,L84s,NhsEn4L,7WwX8Ya,HySH,UYBR,FzaX,Yo33PT5,oslk,U8cijiT,M_8D,FSa2,RAYp,F2FyR07IdsN7I
0,1617,21,5108,552,690,416,200,0,0,0,0.4289682,45,212,105,368208,0,9262.051,0,14,152,168,-98144.4,1840,0,22590,0,780050,174916,1325,0,36,169134,1229352,116,107064,0,0,KXMrEyXXnK,vuPfq6YcbX,CiJDdr4TQ0rGERIS,1K8T,YFAj,fhk21Ss,V6XUlxabJ4VaD,taKF,9_Y1,SkZj,VpdQ,y6dw,7M47J5GA0pTYIFxg5uy,kIsH,uKAI,L84s,_5OXC8MSLt,LxWMK5e,aINY,UYBR,FzaX,4UxGlow,oslk,catzS2D,LM8l689qOp,Aoh3,ZI9m,NoEd
0,35,0,0,52,65,16,432,0,2466336,0,4.402051,18,12,0,7608,3,381189,20,0,16,8,-474460,65,24,0,24,3201740,103186,0,0,0,0,6607280,4,0,0,14,1YVgUHXZeb,RO12,taul,1K8T,7ALb,i2wDKgt,k10MzgT,MUK5,9_Y1,LqKm,VpdQ,IYzP,me75fM6ugJ,kIsH,uKAI,L84s,NhsEn4L,mAja5EA,mski,cJvF,FzaX,ekOA5lA,oslk,zu6qs0R,LM8l689qOp,453m,RAYp,F2FyR07IdsN7I
0,77,0,0,124,155,96,86.96,0,173556,0,5.001923,9,14,0,3456000,12,247576.8,0,8,32,40,54227.6,185,6,0,32,3888000,2073600,0,0,0,1209600,10483720,18,2073600,0,0,KXMgUH7IEC,RO12,taul,1K8T,lK27,7tlrR6d,MV4DUjA,M3EA,9_Y1,m_h1,VpdQ,IYzP,me75fM6ugJ,kIsH,uKAI,L84s,NhsEn4L,cUQRbBF,pqIQ,UYBR,FzaX,OrnDBnE,oslk,BC4qYia,LM8l689qOp,WqMG,RAYp,F2FyR07IdsN7I
0,196,0,0,124,155,8,499.52,0,8635620,9,5.074557,9,18,0,1382312,0,204846.3,30,0,24,16,61739.6,505,108,0,16,1699210,344,0,0,0,0,9847640,8,0,0,7,vNEOj1dtN_,RO12,taul,1K8T,CRc0,UsSY9Q6,VdhfFQq,jKAR,9_Y1,DFSe,VpdQ,IYzP,me75fM6ugJ,kIsH,g5HH,L84s,NhsEn4L,jawontl,tvJS,cJvF,FzaX,UF10FxM,oslk,BlJqCcD,LM8l689qOp,me1d,RAYp,F2FyR07IdsN7I
0,4256,14,3020,544,680,264,166.56,0,128400,0,4.553087,36,122,21,1065248,0,5626.53,10,28,216,320,-205718.4,2080,144,16020,0,376955,345240,5015,0,9,323169,2003820,46,559458,0,0,HrWrjIXt5a,AERks4l,taul,1K8T,TyGl,fhk21Ss,V4E_TU9097,Doz5,9_Y1,YBFS,09_Q,hAFG,7M47J5GA0pTYIFxg5uy,kIsH,uKAI,L84s,cOJGGr4F_wga1,TDco7Aq,81Tg,cJvF,FzaX,4UxGlow,zCkv,catzS2D,LM8l689qOp,5Acm,ZI9m,ib5G6X1eUxUn6
0,777,7,12,16,20,8,253.52,0,475218,0,2.483657,9,96,0,0,0,201772.2,0,0,0,0,-625972,460,6,179235,8,75730,158408,15,0,27,0,694212,4,0,2,0,l7Fq9ayE15,RO12,taul,1K8T,yYar,DK_ZJjN,glRBFJT8NN,n33g,9_Y1,QBpP,VpdQ,haYg,DHn_WUyBhW_whjA88g9bvA64_,kIsH,uKAI,L84s,CrNX,AuSPDRg,3DAg,cJvF,FzaX,WZAvDm5,d0EEeJi,_YxQgHm,LM8l689qOp,7P5s,nIGXDli,F2FyR07IdsN7I
0,140,0,0,48,60,32,200,0,0,0,1.219611,9,28,0,41952,0,5848.02,0,0,8,16,1729.856,165,0,0,0,136330,11718,0,0,0,0,153476,12,0,0,0,0vimfo8zhV,RO12,taul,1K8T,QQSE,QMLgCVv,ASj4kgY6phhWK,cLnz,9_Y1,6Kw9,09_Q,IYzP,me75fM6ugJ,kIsH,uKAI,L84s,NhsEn4L,mAja5EA,aDJ5,cJvF,FzaX,6XEoI0_,oslk,bSgltRa,LM8l689qOp,3Cy4,RAYp,F2FyR07IdsN7I
0,700,7,152,52,65,24,288.4,20,4010016,9,3.31489,9,154,14,4458688,6,95910.91,10,2,48,24,283484,385,12,7947,56,3769505,1069828,1535,0,18,3955966,10278880,4,153054,0,0,oyGrjIXt5a,2Knk1KF,b_3Q,1K8T,vsvk,fhk21Ss,wHfQYg4FYrxwdCQ6,fZQG,9_Y1,nr0d,VpdQ,kxE9,7M47J5GA0pTYIFxg5uy,kIsH,uKAI,L84s,E1aAZ0x7vd,XTbJ4br,HLfm,cJvF,AU8_WTd,4UxGlow,QKW8DRm,catzS2D,jySVZNlOJy,5Acm,ZI9m,ib5G6X1eUxUn6
0,357,7,2564,28,35,16,166.56,0,70494,0,0.9102756,9,132,105,0,0,17388,0,6,0,0,-392214,420,6,10341,0,2775,9436,10,0,9,0,100960,2,49308,0,0,a4v9tYsGvO,2Knk1KF,taul,1K8T,0Xwj,31DqtNX,LJF4fPp,zvti,HLqf,YULl,VpdQ,sYC_,me75fM6ugJ,sBgB,uKAI,Mtgm,NhsEn4L,beK4AFX,E9NI,UYBR,qxDb,dMzYH7D,oslk,_wyAgOW,LM8l689qOp,FSa2,RAYp,55YFVY9
0,1337,7,3024,312,390,160,166.56,0,87678,0,3.194617,18,52,770,382656,0,17562.06,0,16,56,104,71172.4,1135,96,25308,0,504040,166490,13115,0,0,57379,1061080,42,112632,0,0,8I1r4RXXnK,RO12,taul,1K8T,EzKK,fIZg0iR,V6XUlxabJ4VaD,QASw,9_Y1,TFSW,VpdQ,IYzP,me75fM6ugJ,kIsH,uKAI,L84s,NhsEn4L,mAjbk_S,RM12,cJvF,FzaX,kM3Ojel,oslk,20HE4Qn,LM8l689qOp,Xa3G,RAYp,F2FyR07IdsN7I
0,1085,7,112,232,290,96,186.64,0,3128208,0,2.587054,9,40,0,569456,0,69259.5,10,16,48,32,-475468,745,54,18864,0,1841125,357880,1270,0,9,344813,5973360,46,1320396,0,0,Yddq9ayE15,RO12,taul,1K8T,487l,ezgcTEF,msI6okrs6a,gsgF,9_Y1,pQsY,VpdQ,43pnToF,me75fM6ugJ,kIsH,uKAI,L84s,NhsEn4L,mAjbk_S,zPvi,UYBR,FzaX,xtRfGrO,oslk,N0GRusu,LM8l689qOp,TNEC,RAYp,F2FyR07IdsN7I
0,4438,7,392,144,180,32,166.56,0,5057064,0,3.676779,18,36,0,0,0,50371.2,40,6,40,0,94096.8,895,66,126,0,3077790,520912,505,0,0,54453,10207280,20,1083474,0,0,qXhvyxLp3Z,RO12,taul,1K8T,0Xwj,SohyOPj,AnFl2Mwxzd,6DKK,F3hy,FbIm,VpdQ,IYzP,me75fM6ugJ,kIsH,uKAI,L84s,NhsEn4L,mAjbk_S,DtSC,cJvF,FzaX,ASloI0_,oslk,uC5DSFl,jySVZNlOJy,xb3V,RAYp,F2FyR07IdsN7I
0,203,0,0,152,190,56,220.08,0,2935506,0,1.995514,9,16,0,235024,0,190352.4,30,6,56,24,55531.6,535,60,0,0,1912320,1668780,0,0,0,556969,9755000,18,1368198,0,0,_v2vyx7IEC,RO12,taul,1K8T,FgS1,8ij6Lg8,6uerj6GG35,VVNl,9_Y1,RcM7,VpdQ,IYzP,me75fM6ugJ,kIsH,uKAI,L84s,NhsEn4L,mAja5EA,rl8K,cJvF,FzaX,7OmVzos,oslk,76DJixu,LM8l689qOp,szEZ,RAYp,F2FyR07IdsN7I
0,1631,21,1172,116,145,32,133.12,0,32076,0,3.141209,63,90,28,2683608,0,17870.52,5,8,48,88,72261.6,530,12,3564,0,243430,6710,2835,0,0,215761,1645360,14,80184,0,0,DHerjIKQ76,RO12,taul,1K8T,JLbT,3fI4jEC,LnRiudN5VwCx3,gBL1,9_Y1,7WNq,VpdQ,sYC_,me75fM6ugJ,kIsH,uKAI,L84s,NhsEn4L,kq0aHkC,31LB,UYBR,FzaX,pHXYlW4,oslk,wYv2Oqu,LM8l689qOp,WqMG,RAYp,F2FyR07IdsN7I
0,4025,35,6368,596,745,344,173.2,0,7302,0,1.527879,45,96,679,405424,0,6890.43,10,48,248,232,-158336.4,2570,12,142794,0,315870,156204,7525,0,9,194558,1005220,98,347016,0,0,gOyvyx7ejg,RO12,taul,1K8T,yMvB,I6Bd3iM,yEFIHeU,2k9D,9_Y1,RcM7,VpdQ,sYC_,me75fM6ugJ,kIsH,uKAI,L84s,NhsEn4L,beK4AFX,A1VJ,UYBR,FzaX,bBmOw16,oslk,CcdTy9x,LM8l689qOp,szEZ,RAYp,F2FyR07IdsN7I
0,889,0,0,252,315,40,296.08,0,4326258,0,0.2614826,18,28,0,2098384,0,135405.6,35,12,56,64,240834,790,78,0,0,5274250,113172,0,0,9,97699,10494200,48,212682,0,0,Qu0TmBQZiT,RO12,taul,1K8T,TyGl,X94uP03,yiXKNUCbD1,Ygw4,9_Y1,TjV7,VpdQ,zm5i,me75fM6ugJ,kIsH,uKAI,L84s,NhsEn4L,kZJtVhC,M1pQ,UYBR,FzaX,YXh0FxM,oslk,s5vObSS,LM8l689qOp,FSa2,RAYp,F2FyR07IdsN7I
0,3318,7,200,200,250,48,186.64,0,1366008,0,4.075839,9,36,28,5761360,0,41245.2,0,6,56,72,44128,675,24,8757,0,6400700,331696,165,0,9,606739,9576440,56,1662,0,0,cFHt0GoOh3,RO12,taul,1K8T,wGW5,YLTY4q6,UFIdC8I,aFB2,9_Y1,t_4G,VpdQ,IYzP,me75fM6ugJ,kIsH,uKAI,L84s,NhsEn4L,mAjbk_S,Smus,cJvF,FzaX,wZZm94s,oslk,l9eMpgG,LM8l689qOp,Qu4f,RAYp,F2FyR07IdsN7I
0,1036,14,4456,212,265,88,286.08,0,6235260,0,0.3251442,18,86,70,577800,3,90058.2,40,0,48,24,224069.2,1180,96,90468,8,1423345,858210,9520,0,27,1050,9721560,30,0,0,0,1JGqrQKzJV,RO12,taul,1K8T,0Xwj,n0UnRzy,kULklZT5As,Gt1c,HLqf,15m3,VpdQ,TIA9,me75fM6ugJ,sBgB,uKAI,L84s,XfqtO3UdzaXh_,XTbPUYD,WFD8,UYBR,FzaX,1YVRx5o,oslk,fXVIXkw,LM8l689qOp,FSa2,RAYp,F2FyR07IdsN7I
0,259,0,0,132,165,8,233.44,0,2659362,0,4.409742,9,18,0,4147200,0,189796.2,15,2,40,48,-19753.56,615,36,0,0,6912000,31750,0,0,0,116144,10493040,32,99552,0,0,KXMgUH7IEC,AERks4l,taul,1K8T,vSNn,UAKpLPy,jt3xMpI_cxIIW,NXWa,9_Y1,m_h1,09_Q,IYzP,GjJ35utlTa_GNSvxxpb9ju,kIsH,uKAI,L84s,JBfYVit4g8,TDctq2l,jdx1,cJvF,FzaX,YhdmiV7,Al6ZaUT,6I9qRrF,LM8l689qOp,WqMG,02N6s8f,xwM2aC7IdeMC0
0,1253,7,188,92,115,0,166.56,0,0,0,3.156377,9,110,7,47648,0,9770.13,0,0,16,40,-111901.6,670,0,101763,0,300395,0,790,0,27,0,264140,36,0,0,0,HYTrjIK12c,2Knk1KF,taul,1K8T,YVv3,4RmXeD9,wHfQYg4FYPyudCQ6,b8wF,9_Y1,7WNq,VpdQ,kxE9,DHn_WUyBhW_whjA88g9bvA64_,kIsH,uKAI,L84s,CrNX,AuSDRR8,3_AY,cJvF,FzaX,TPHGJAW,d0EEeJi,ymfNDpz,jySVZNlOJy,WqMG,nIGXDli,55YFVY9
0,308,0,0,160,200,8,220.08,0,8685960,0,5.275796,27,20,0,1399072,0,145207.2,35,8,64,32,-4416.52,690,102,0,0,2229115,8800,0,0,9,67214,10705280,14,206790,0,0,52Iq9ayE15,RO12,taul,1K8T,wOc1,zQqh3kj,Tg7jjBB,vNM8,9_Y1,000J,VpdQ,zm5i,DHn_WUyBhW_whjA88g9bvA64_,kIsH,uKAI,L84s,CrNX,y5FewfI,azdH,cJvF,FzaX,7JxszER,d0EEeJi,4K2GgwO,LM8l689qOp,7P5s,02N6s8f,F2FyR07IdsN7I
0,2170,7,836,428,535,176,133.12,0,3480,0,3.215766,9,202,49,402416,0,4877.34,5,12,88,128,31087.72,1495,6,9594,0,616350,50800,5040,0,27,167664,836868,122,50160,0,0,LDPvyx7IEC,ByQdnLRlFnny2k4AJzG,taul,1K8T,487l,fhk21Ss,glRBFJT8NN,Jk9D,9_Y1,f4dr,VpdQ,y6dw,7M47J5GA0pTYIFxg5uy,kIsH,uKAI,L84s,_5OXC8MSLt,y5Fxyzk,nsS1,cJvF,FzaX,4UxGlow,oslk,catzS2D,jySVZNlOJy,szEZ,ZI9m,NoEd
0,1659,7,36,196,245,56,166.56,0,7783980,0,0.7137364,9,146,0,764248,0,90193.8,40,2,56,48,611524,705,108,51804,0,1432720,235466,50,0,9,585529,9841280,18,86916,0,0,JMGq9aXt5a,2Knk1KF,b_3Q,1K8T,TLkP,fhk21Ss,UnPEkD6Pex,d9gL,9_Y1,Y9Bl,VpdQ,wMei,7M47J5GA0pTYIFxg5uy,kIsH,uKAI,L84s,E1aAZ0x7vd,CWNBi3w,TfFx,cJvF,FzaX,4UxGlow,QKW8DRm,catzS2D,LM8l689qOp,uWr3,ZI9m,ib5G6X1eUxUn6
0,1883,7,1292,256,320,152,133.12,0,5034,0,4.91113,9,48,273,278000,0,3862.05,0,12,48,176,1001,1370,24,11241,0,84010,104572,13820,0,0,0,429144,26,15654,0,0,CxSr4RXktW,RO12,taul,1K8T,AkfA,GQplhSa,9xAFApr,Wtr4,9_Y1,Cgc3,09_Q,IYzP,me75fM6ugJ,kIsH,uKAI,L84s,NhsEn4L,TDcECyH,mPUZ,cJvF,FzaX,9WbYE38,oslk,ZI_Qhib,LM8l689qOp,Xa3G,RAYp,F2FyR07IdsN7I
0,686,7,2248,176,220,0,166.56,0,19362,0,1.68746,9,114,56,175488,0,2879.109,0,0,56,168,-1129452,515,12,6570,0,121900,0,920,0,9,0,198172,42,0,0,0,MwmgUHShse,2Knk1KF,taul,1K8T,JLbT,mMJ77fS,_03xtaMIkZsn1,i4KB,9_Y1,z5Ry,VpdQ,wMei,me75fM6ugJ,kIsH,uKAI,Mtgm,h0lfDKh52u4GP,jaw6EGC,r7yD,UYBR,OFWH,DI4Rx5o,oslk,qPMXf2S,LM8l689qOp,FSa2,RAYp,55YFVY9
0,2275,14,788,20,25,0,166.56,0,2136912,0,6.863277,18,156,35,0,0,33528.9,0,0,0,0,131511.2,415,6,9972,0,12096000,0,1395,0,27,0,11101400,8,0,0,0,HYTvyx7ejg,2Knk1KF,taul,1K8T,lK27,60sg0bq,Tg7jjBB,fdB6,9_Y1,YGOC,VpdQ,kxE9,me75fM6ugJ,kIsH,uKAI,L84s,XfqtO3UdzaXh_,_JdcICD,b3XO,UYBR,OFWH,ooBv48t,oslk,wtiz4Af,LM8l689qOp,szEZ,RAYp,TCU50_Yjmm6GIBZ0lL_
0,245,7,48,188,235,224,166.56,0,8484,0,0.7116001,18,146,0,7360,0,5326.29,0,8,8,8,-17417,625,6,774,0,77655,130490,475,0,27,0,351412,26,28458,0,0,2jirEyXktW,g62hiBSaKg,taul,1K8T,JLbT,fhk21Ss,Yi49a6G,Wpx3,9_Y1,SkZj,VpdQ,haYg,7M47J5GA0pTYIFxg5uy,kIsH,uKAI,L84s,a3CcPDe,11p_E1H,K6CO,cJvF,FzaX,4UxGlow,QKW8DRm,catzS2D,LM8l689qOp,Aoh3,ZI9m,ib5G6X1eUxUn6
0,1533,7,84,332,415,208,133.12,0,29988,0,2.818628,9,98,35,254040,0,3849,10,4,48,72,-102479.2,1110,48,1701,0,135615,70790,575,0,0,131712,453400,72,76128,0,0,xOXr4RXktW,RO12,taul,1K8T,JLbT,OnikTQ1,ARvzJXx,Phiv,9_Y1,TFSW,VpdQ,sYC_,me75fM6ugJ,kIsH,uKAI,L84s,NhsEn4L,kq0aHkC,uAgP,UYBR,FzaX,O30mFX7,oslk,IhKskzO,LM8l689qOp,Xa3G,RAYp,F2FyR07IdsN7I
0,609,7,4,132,165,96,255.2,0,2304582,0,3.920316,9,28,7,1382400,0,209543.7,10,8,32,16,175183.6,515,36,14301,0,2740410,2073600,120,0,18,1209600,10640720,14,2073600,0,0,_v2rjIKQ76,RO12,taul,1K8T,xgSF,SHXbfVI,qj03jwcNh2VDYrHl,ZHYH,9_Y1,7WNq,09_Q,IYzP,me75fM6ugJ,kIsH,uKAI,Mtgm,NhsEn4L,NGZxnJM,Q_Iv,UYBR,FzaX,7GEoYtn,oslk,4QlaK89,LM8l689qOp,WqMG,RAYp,F2FyR07IdsN7I
0,1582,7,920,212,265,112,331.04,0,210,0,4.339671,9,52,161,586032,0,10441.59,15,8,40,96,57505.2,940,6,27594,0,262965,161202,240,0,0,157752,916248,38,109758,0,0,9rAq9at_88,RO12,taul,1K8T,sbZD,WkH7nZN,GaiKBrAX8V,tjo7,9_Y1,KfYH,sJzTlal,IYzP,me75fM6ugJ,kIsH,g5HH,L84s,NhsEn4L,mAjk2hr,HsUK,cJvF,FqMWi1g,scZ0Q3K,oslk,zmvzrB7,bCPvVye,me1d,RAYp,F2FyR07IdsN7I
0,1442,7,1976,188,235,88,220.08,0,4666242,0,0.1399274,9,100,231,2494088,0,102295.2,30,8,48,40,156888,575,66,30915,0,2973035,925020,5770,0,18,604800,10551800,20,1518462,0,0,HrWq9aXt5a,RO12,taul,1K8T,TLkP,iJzviRg,7qIEVHeq8Qb64AjqhpU,Ic2I,9_Y1,6TCl,VpdQ,wMei,7M47J5GA0pTYIFxg5uy,kIsH,uKAI,L84s,4kVnq_T26xq1p,cUQGHf4,g2Ry,cJvF,FzaX,ch2oGfM,zCkv,P6pu4Vl,LM8l689qOp,uWr3,ZI9m,R4y5gQQWY8OodqDV
0,399,0,0,152,190,16,288.56,5,4223052,0,1.993591,9,24,0,4898024,0,160519.8,5,0,32,64,1455496,670,54,0,8,5723000,185638,0,0,18,0,10559680,36,0,0,0,OdsvyxMDH2,RO12,taul,1K8T,ssAy,dRqabdC,4soGE0N5VZrWb,NIwu,9_Y1,FbIm,09_Q,IYzP,me75fM6ugJ,kIsH,g5HH,L84s,NhsEn4L,kZJtVhC,GB9u,UYBR,FzaX,eJsfrxM,oslk,renAIRG,LM8l689qOp,xb3V,RAYp,F2FyR07IdsN7I
0,476,7,252,128,160,8,166.56,0,5616636,0,1.934416,9,56,70,3205432,0,228605.1,20,0,32,40,275779.2,310,66,36864,0,4282370,158506,3435,0,9,0,10472440,22,0,0,0,Qu0TmBQZiT,RO12,taul,1K8T,JLbT,2gN7C3_,r83_sZi,4Aj4,9_Y1,TjV7,VpdQ,43pnToF,me75fM6ugJ,kIsH,uKAI,L84s,NhsEn4L,7WwX8Ya,WBEw,UYBR,FzaX,sx5YWu3,oslk,FlORusu,jySVZNlOJy,FSa2,RAYp,F2FyR07IdsN7I
0,1477,7,156,476,595,168,253.52,0,4719792,0,5.065157,9,56,49,1539648,0,119680.5,50,14,120,128,382071.6,1540,114,125496,0,4196420,553556,4305,0,9,432740,10709600,92,859746,0,0,kMJt0GoOh3,AERks4l,taul,1K8T,JLbT,0_QtpNj,lGXpFd_2Rf,_zcQ,9_Y1,rGJy,sJzTlal,IYzP,GjJ35utlTa_GNSvxxpb9ju,kIsH,uKAI,Mtgm,JBfYVit4g8,TDcg1OS,PmU4,UYBR,FzaX,YXhFJyp,Al6ZaUT,QYkNbBP,LM8l689qOp,Qu4f,02N6s8f,xwM2aC7IdeMC0
0,1519,7,360,396,495,328,169.92,0,202584,0,6.550737,18,84,14,327504,0,10982.73,0,22,104,112,-625392,1200,24,5859,0,328425,396664,900,0,18,213157,1633756,58,418320,0,0,ZSNq9aX0Db,RO12,taul,1K8T,TLkP,9GJGgoz,glRjXWTFrI,s1nD,9_Y1,6TCl,VpdQ,6JmL,Kxdu,kIsH,uKAI,L84s,FMSzZ91zL2,jawnQiL,LqnF,cJvF,FzaX,Tvpip6Z,zCkv,hHJsvbM,LM8l689qOp,uWr3,6fzt,SbOd7O8ky1wGNxp0Arj0Xs
0,896,7,124,136,170,0,186.64,0,7812900,0,3.694723,9,42,14,2073608,0,186118.2,25,2,32,24,103099.6,810,96,556479,0,2764350,0,245,0,9,0,10241080,18,84288,0,0,oyGrjIXt5a,RO12,taul,1K8T,ZHNR,YDGnrqW,V_KvNzO,yjIC,9_Y1,xQ2A,VpdQ,IYzP,me75fM6ugJ,kIsH,uKAI,L84s,NhsEn4L,TDcECyH,rdnf,cJvF,FzaX,DI493UA,oslk,xZb2pc5,LM8l689qOp,5Acm,RAYp,F2FyR07IdsN7I
0,35,0,0,76,95,72,326.8,0,1124124,0,2.800684,9,12,0,0,0,212257.2,10,6,24,0,-474776,95,24,0,8,231670,1392164,0,0,0,0,5377200,2,1450350,0,7,vAsgUHXM47,RO12,taul,1K8T,pE9z,7tlwdK9,J1MZ1kd,5EA0,9_Y1,8BBI,09_Q,IYzP,me75fM6ugJ,kIsH,uKAI,L84s,NhsEn4L,kZJtVhC,K7cu,UYBR,FzaX,FonRPEi,oslk,IGDRHnW,LM8l689qOp,453m,RAYp,F2FyR07IdsN7I
0,756,14,13316,124,155,8,220.08,0,9849600,0,4.63448,18,218,588,0,0,211357.5,45,0,32,0,259689.6,570,114,22167,0,864000,87486,3140,0,45,0,10542960,4,0,0,0,_v2TmBftjz,2Knk1KF,CiJDdr4TQ0rGERIS,1K8T,TyGl,fhk21Ss,_UtlxbJ,IEDl,9_Y1,4N0K,VpdQ,oZyB,7M47J5GA0pTYIFxg5uy,kIsH,uKAI,Mtgm,62ZfA6x0SiWOX,7N74Q2u,ynbO,UYBR,FzaX,4UxGlow,JIiEFBU,catzS2D,jySVZNlOJy,Qu4f,ZI9m,r_7E
0,1869,7,2912,164,205,64,286.96,0,4145316,0,6.864559,9,152,336,1071080,0,41787.6,40,2,48,32,100220,640,60,1134,0,3175540,1037010,1220,0,45,197008,10402360,20,475230,0,0,1KSr4RK2Mx,2Knk1KF,taul,1K8T,TyGl,xziuXRS,o64y9zI,Vp67,9_Y1,DtNL,VpdQ,hAFG,me75fM6ugJ,kIsH,uKAI,L84s,XfqtO3UdzaXh_,XTbPUYD,qrMW,cJvF,FzaX,uUY0Q3K,oslk,HMhOTZB,LM8l689qOp,FSa2,RAYp,55YFVY9
0,15484,7,1492,84,105,24,253.52,0,6111240,0,1.093143,9,58,0,935320,0,8702.58,15,0,16,32,233826,45085,30,4023,0,4548935,234716,1740,0,9,0,9296960,12,0,0,0,NQ5vyxLkBI,RO12,taul,1K8T,ssAy,f_onF0C,6uerj6GG35,Zl36,9_Y1,_r21,VpdQ,IYzP,me75fM6ugJ,kIsH,uKAI,L84s,NhsEn4L,kZJtVhC,gneq,cJvF,FzaX,8_rYWu3,oslk,rT1Esaq,LM8l689qOp,xb3V,RAYp,F2FyR07IdsN7I
0,1043,7,1232,124,155,0,233.44,0,0,0,5.52382,18,54,35,5529600,0,143680.5,0,0,32,64,110389.2,485,0,66762,0,9825250,0,1900,0,27,1209600,10625000,46,0,0,0,dTGmfo8zhV,RO12,taul,1K8T,TyGl,iJzviRg,e1XhvTunuD,S05K,9_Y1,_48V,VpdQ,giwq,7M47J5GA0pTYIFxg5uy,kIsH,uKAI,L84s,9fipLB8rlL,uZLAN5C,K5qu,cJvF,FzaX,ch2oGfM,zCkv,P6pu4Vl,LM8l689qOp,3Cy4,ZI9m,R4y5gQQWY8OodqDV
0,3185,7,32,204,255,96,20.08,0,1507608,0,6.816493,9,32,14,3443744,3,37884.3,25,6,72,72,-123906,830,24,53217,8,5959600,61070,370,0,9,243586,8670720,36,686010,0,0,1GdOj1KXzC,RO12,taul,1K8T,0Y9G,X94yoBp,msIFlLyI91,5xFs,9_Y1,_KXv,VpdQ,IYzP,me75fM6ugJ,kIsH,uKAI,L84s,NhsEn4L,kZJyVg2,w2xD,cJvF,FzaX,YXhOtFs,oslk,JAwObSS,LM8l689qOp,kwS7,RAYp,F2FyR07IdsN7I
0,1484,7,3984,124,155,0,253.52,0,4665600,0,0.06537065,18,164,322,3143336,0,107430.9,15,0,32,40,108506.4,480,54,9540,0,6048000,0,410,0,27,0,10557280,28,0,0,0,FAJWq69cTy,AERks4l,taul,1K8T,8qEx,fhk21Ss,_jTP8ioIlJ,3gyZ,9_Y1,Px52,VpdQ,G_zk,7M47J5GA0pTYIFxg5uy,kIsH,uKAI,L84s,QsQAxv5,11pJPFL,ifYK,cJvF,FzaX,4UxGlow,QKW8DRm,catzS2D,LM8l689qOp,PM2D,ZI9m,ib5G6X1eUxUn6
0,959,7,16,140,175,16,143.12,0,462246,0,5.916257,9,70,28,530648,0,31494.6,0,10,48,64,-123084.4,560,18,15768,0,988830,94224,250,0,0,134407,1838276,34,427914,0,0,dRaTmBfHUn,RO12,taul,1K8T,JLbT,ho_heVi,EXpWEXgaYpMJ7,56MN,9_Y1,4N0K,VpdQ,sYC_,me75fM6ugJ,kIsH,uKAI,L84s,NhsEn4L,7Wwzptu,hMIm,cJvF,tdJW_Pm,ImpAWQ7,oslk,lcWqFbB,bCPvVye,Qu4f,RAYp,F2FyR07IdsN7I
0,756,7,2060,124,155,0,220.08,0,11404800,0,4.635975,9,56,182,0,0,190642.2,45,0,32,0,341190.4,480,132,124101,0,0,0,240,0,9,0,10713640,0,0,0,0,BQavyxLp3Z,RO12,taul,1K8T,ssAy,dRqabdC,CRwkRNVRGo,q4kx,9_Y1,FbIm,VpdQ,IYzP,me75fM6ugJ,kIsH,uKAI,L84s,NhsEn4L,mAjbk_S,VySk,cJvF,FzaX,eJsfrxM,oslk,renAIRG,LM8l689qOp,xb3V,RAYp,F2FyR07IdsN7I
0,1218,7,236,300,375,144,200,0,353412,0,1.110874,9,70,133,124160,0,25942.05,5,16,64,48,85565.2,1150,36,2736,0,837915,135974,1590,0,9,127988,1466460,72,338304,0,0,IXSgUHShse,RO12,taul,1K8T,94m7,NzJptnj,LH0kFz12FM,v92S,9_Y1,RVjC,09_Q,sYC_,DHn_WUyBhW_whjA88g9bvA64_,kIsH,uKAI,L84s,CrNX,pMWQVqj,EdSO,UYBR,FzaX,hP0vMqN,d0EEeJi,Z_EvLoR,jySVZNlOJy,FSa2,nIGXDli,F2FyR07IdsN7I
0,868,7,628,140,175,16,280.24,0,1620762,0,4.870113,9,42,280,4838400,0,173796.3,5,2,32,56,228504.4,485,30,13032,0,7777300,114632,2630,0,9,604800,10404720,38,162426,0,0,l7Fq9ayE15,RO12,taul,1K8T,z32l,tUuO1hZ,ElQylxy,KCbZ,9_Y1,kJJ7,09_Q,zm5i,Kxdu,kIsH,uKAI,L84s,FMSzZ91zL2,7WwINSR,EEzi,cJvF,FzaX,2JIKlta,zCkv,HI2n4Yj,LM8l689qOp,7P5s,6fzt,SbOd7O8ky1wGNxp0Arj0Xs
0,1057,7,140,344,430,24,166.56,0,648,0,0.8630635,9,40,98,339240,0,5946.93,0,2,88,200,75538.8,1080,6,10962,0,358200,7824,3325,0,0,48062,473456,112,1794,0,0,NQ5vyxLkBI,RO12,taul,1K8T,ssAy,dRqabdC,Tg7jjBB,tGCk,9_Y1,FbIm,VpdQ,IYzP,me75fM6ugJ,kIsH,uKAI,L84s,NhsEn4L,mAjbk_S,KGSS,UYBR,FzaX,eJsfrxM,oslk,renAIRG,LM8l689qOp,xb3V,RAYp,F2FyR07IdsN7I
0,2366,0,0,980,1225,736,200,0,238602,0,5.121128,9,50,0,970384,0,19205.88,65,44,400,368,-76393.2,2955,72,18765,0,568535,674532,0,0,0,244482,2945580,120,549108,0,0,vAsvyx7ejg,RO12,taul,1K8T,487l,pKHV6tQ,JlBOWXS,gzit,9_Y1,RcM7,VpdQ,sYC_,me75fM6ugJ,kIsH,uKAI,L84s,NhsEn4L,kq0n8Bj,91h_,cJvF,FzaX,ROefGrO,oslk,0VTT3Cb,LM8l689qOp,szEZ,RAYp,F2FyR07IdsN7I
0,1379,21,4444,176,220,40,342.24,10,2511030,0,6.258278,36,76,448,561872,0,16585.29,10,4,56,64,234594,965,36,16101,16,1016310,1395518,16330,0,9,119686,8416320,42,324096,0,0,1KSqrQK2Mx,RO12,taul,1K8T,ssAy,cGZJt03,LJsg,l9oF,9_Y1,15m3,VpdQ,IYzP,me75fM6ugJ,kIsH,uKAI,L84s,NhsEn4L,mAjbk_S,2XaC,cJvF,AU8pNoi,EN4vOIl,oslk,82XQQMs,LM8l689qOp,FSa2,RAYp,F2FyR07IdsN7I
0,560,7,3652,180,225,128,166.56,0,14580,0,0.1817988,9,124,245,51808,0,3973.98,0,14,40,32,-26812,465,30,72639,0,71520,49996,5945,0,9,55559,239588,26,70134,0,0,a4v9tYsGvO,onTuEhrJJQy_H3IHkZku5AFczhYGqxJ890,taul,1K8T,kNzO,fqeOwLG,q2tfFQq,18g2,9_Y1,YULl,VpdQ,haYg,7M47J5GA0pTYIFxg5uy,kIsH,uKAI,L84s,fSKKIQdIPDXgw,beKUiiP,2ozN,UYBR,AU8_WTd,fxJmel6,zCkv,WfsWw2A,jySVZNlOJy,FSa2,ZI9m,F2FcTt7IdMT_v
0,1239,7,2412,240,300,136,133.12,0,0,0,0.6438795,9,148,77,60560,0,2407.662,0,4,48,72,-150046.8,995,0,4896,0,59470,27600,1045,0,27,3969,136176,64,4680,0,0,hSogUHXZeb,onTuEhrJJQy_H3IHkZku5AFczhYGqxJ890,taul,1K8T,TyGl,fhk21Ss,hCdK,upEj,9_Y1,STGZ,VpdQ,itlM,7M47J5GA0pTYIFxg5uy,kIsH,uKAI,L84s,TVE1uh4F_wOi_,OFqSTqG,Caho,UYBR,wwPEXoilkr,4UxGlow,zCkv,catzS2D,LM8l689qOp,453m,ZI9m,iyHGyLCEkQ
0,266,0,0,180,225,48,262.72,0,6050280,0,0.6906644,27,16,0,2554392,3,130641,20,8,56,40,130321.2,715,78,0,8,3024050,599370,0,0,0,580125,10678320,26,867504,0,0,jg6vyxLkBI,RO12,taul,1K8T,R4_H,gLjbxgw,gY5snKP,GtIA,9_Y1,FbIm,VpdQ,IYzP,me75fM6ugJ,kIsH,uKAI,L84s,NhsEn4L,uZL60aU,MH3H,cJvF,FzaX,qcEoI0_,oslk,fXLavGi,LM8l689qOp,xb3V,RAYp,F2FyR07IdsN7I
0,1225,7,732,160,200,16,253.52,0,5507082,0,5.873318,9,38,0,2488920,0,127293.9,25,2,48,32,58520,585,78,26082,0,4833440,91346,3425,0,9,0,10523480,30,288,0,0,DHerjIKQ76,RO12,taul,1K8T,lK27,3fI4jEC,yLQX8HOoy1,da5V,9_Y1,7WNq,09_Q,zm5i,me75fM6ugJ,kIsH,uKAI,L84s,NhsEn4L,mAjbk_S,2D0a,cJvF,FzaX,pHXYlW4,oslk,wYv2Oqu,LM8l689qOp,WqMG,RAYp,F2FyR07IdsN7I
0,126,0,0,196,245,32,328.4,5,7935240,0,3.833369,9,16,0,1213848,0,155083.8,30,2,80,72,319593.6,315,114,0,8,1827430,475566,0,0,9,44121,10187680,20,3612,0,0,wx50AqAqGL,RO12,taul,1K8T,TyGl,3cunsla,k10MzgT,0xFv,9_Y1,RVjC,VpdQ,zm5i,me75fM6ugJ,kIsH,uKAI,Mtgm,NhsEn4L,kq0UfMN,Kz6e,UYBR,FzaX,kH5mFX7,oslk,BNrD3Yd,LM8l689qOp,FSa2,RAYp,F2FyR07IdsN7I
0,735,7,28,144,180,56,253.52,0,6744960,0,0.9154027,9,32,28,0,0,215220.9,40,4,40,0,753592,515,90,31797,0,432530,1119420,845,0,9,604800,10418480,8,1036800,0,0,S8dr4RQxul,RO12,taul,1K8T,0Xwj,tTnXEFX,EXpWEXgaYWQf4,3vOP,HLqf,z5Ry,VpdQ,zm5i,me75fM6ugJ,sBgB,uKAI,L84s,NhsEn4L,NGZXfGp,lVRV,UYBR,FzaX,hf1YH7D,oslk,yr_z4Af,LM8l689qOp,FSa2,RAYp,F2FyR07IdsN7I
0,3220,7,3012,324,405,96,347.44,15,5506080,0,0.395642,18,154,497,580392,0,46982.1,50,8,32,48,-211361.6,1280,78,7749,24,1076155,215244,1760,0,45,0,6881280,72,203520,0,0,Ie5gUH7IEC,2Knk1KF,taul,1K8T,ekye,fhk21Ss,3clyC8L,jLjs,9_Y1,DmlN,VpdQ,G_zk,7M47J5GA0pTYIFxg5uy,kIsH,uKAI,L84s,Ie_5MZs,CWNY2py,uLA93tJ,cJvF,FzaX,4UxGlow,zCkv,catzS2D,jySVZNlOJy,w_Ub,ZI9m,TCU50_Yjmm6GIBZ0lL_
0,2821,7,1104,192,240,32,231.44,15,3859950,0,5.885922,9,52,182,279584,12,4276.2,10,0,48,104,-253978,1685,42,9153,64,767275,56682,1160,0,18,0,3961996,44,0,0,7,a4vPe2fHUn,RO12,taul,1K8T,D68y,2sVYDup,FsDMvLF,T5aZ,9_Y1,mTeA,sJzTlal,IYzP,me75fM6ugJ,kIsH,uKAI,Mtgm,NhsEn4L,mAja5EA,YS4i,UYBR,FzaX,do03REx,oslk,4JJCVtG,LM8l689qOp,FSa2,RAYp,F2FyR07IdsN7I
0,98,0,0,140,175,48,200,0,440502,0,5.233924,9,18,0,1499136,0,89998.2,25,2,88,64,21054.84,175,6,0,0,1832885,330522,0,0,0,1005410,4199920,28,1500,0,0,KXMrEyXXnK,RO12,taul,1K8T,TyGl,cMj3aWy,msIqHk8toE,L59h,9_Y1,SkZj,VpdQ,IYzP,me75fM6ugJ,kIsH,uKAI,L84s,NhsEn4L,mAja5EA,4Yqp,cJvF,FzaX,hSo6hzI,oslk,qpSEKx8,LM8l689qOp,Aoh3,RAYp,F2FyR07IdsN7I
0,840,14,256,144,180,16,268.48,0,4754676,0,2.673147,36,154,259,1879272,0,213966.3,20,2,24,24,105417.2,550,66,26730,0,4725045,210946,3535,0,27,554407,9895360,30,475206,0,0,avkq9ayfAo,2Knk1KF,taul,1K8T,z32l,IMI3Naj,CdPgMY1Z52,1_v2,9_Y1,vm5R,VpdQ,haYg,me75fM6ugJ,kIsH,uKAI,Mtgm,XfqtO3UdzaXh_,_JdcICD,qjDV,UYBR,FzaX,NI568SY,oslk,kWFEVJ2,LM8l689qOp,7P5s,RAYp,TCU50_Yjmm6GIBZ0lL_
0,1113,7,608,140,175,136,195.92,0,3156,0,2.459304,9,40,35,247392,0,21585.51,0,12,24,32,-94398.4,745,6,1800,0,123520,201856,1560,0,0,49560,790780,14,243678,0,0,75lTmBtFkL,RO12,taul,1K8T,F9g8,PTPYR4W,k2w937Sptb8I4AR_,MBL1,9_Y1,47ra,sJzTlal,IYzP,me75fM6ugJ,kIsH,uKAI,L84s,NhsEn4L,mAjbk_S,F3t3,cJvF,FzaX,NlJA1m8,oslk,rUjzgmc,LM8l689qOp,rgKb,RAYp,F2FyR07IdsN7I
0,3157,7,2392,772,965,456,200,0,566202,0,0.2424696,9,140,154,1039520,0,10180.65,20,32,216,248,129059.6,2625,144,12204,0,1168700,335078,1570,0,18,310562,2923096,122,553176,0,0,_v2vyx7IEC,AERks4l,taul,1K8T,Bxva,fhk21Ss,nQUxgtZEqo,Z1hR,9_Y1,qaiO,VpdQ,kxE9,7M47J5GA0pTYIFxg5uy,kIsH,uKAI,L84s,WsRVNrF85oPU_,teAG9ir,mReg,UYBR,FzaX,4UxGlow,zCkv,catzS2D,LM8l689qOp,szEZ,ZI9m,ib5G6X1eUxUn6
0,1589,14,2180,188,235,144,133.12,0,4242,0,0.4900662,18,56,742,857536,0,24075.81,0,14,88,104,-109427.6,730,6,5598,0,595945,513240,940,0,0,502439,2265392,16,495840,0,0,51rBcmz45j,RO12,taul,1K8T,0WHw,GUgwv86,8nstQ62E0C,vRu9,9_Y1,EwzD,VpdQ,IYzP,me75fM6ugJ,kIsH,uKAI,L84s,NhsEn4L,TDceha3,8Z_I,cJvF,FzaX,iVsfql_,oslk,jG3QowC,LM8l689qOp,Qcbd,RAYp,F2FyR07IdsN7I
0,1127,7,20,180,225,64,166.56,0,12108,0,4.131596,18,82,0,255704,0,37305.3,0,12,48,32,-19445.72,685,18,36099,0,2158040,191946,35,0,9,151830,2620100,48,560778,0,0,HrWq9aXt5a,RO12,taul,1K8T,L80O,PHNvXy8,y2LIM01bE1,PJFh,9_Y1,Y9Bl,sJzTlal,43pnToF,NKv3VA1BpP,kIsH,uKAI,L84s,Ie_5MZs,kZJhGy4,Rlho,cJvF,FzaX,UF16siJ,zCkv,APgdzOv,LM8l689qOp,uWr3,6fzt,xwM2aC7IdeMC0
0,3451,7,68,120,150,64,200,0,798,0,1.693869,9,54,0,801032,6,10164.78,0,2,24,56,-1887012,810,6,51246,16,604020,109438,5,0,0,332136,1130180,26,40560,0,0,DHevyx7IEC,RO12,taul,1K8T,7wJ6,cMjcTxR,mzDZadGIEhIBI,q4GF,9_Y1,qaiO,09_Q,IYzP,me75fM6ugJ,kIsH,uKAI,L84s,NhsEn4L,mAjbk_S,_RJq,cJvF,wwPEXoilkr,fabfGrO,oslk,TT_zF_Q,LM8l689qOp,szEZ,RAYp,F2FyR07IdsN7I
0,203,0,0,60,75,0,186.64,0,2383662,0,1.005982,18,18,0,9676800,0,252214.8,10,4,24,16,192456,430,30,0,0,2406270,0,0,0,0,4233600,10179360,8,2263500,0,0,Y3tqrQKzJV,RO12,taul,1K8T,0Xwj,cGZJt03,NBVUlxabJhR17,l9oF,F3hy,15m3,09_Q,IYzP,me75fM6ugJ,kIsH,uKAI,L84s,NhsEn4L,mAja5EA,Nijs,cJvF,FzaX,EN4vOIl,oslk,82XQQMs,LM8l689qOp,FSa2,RAYp,F2FyR07IdsN7I
0,1225,7,284,140,175,8,220.08,0,2073600,0,0.8408459,9,136,7,4032072,0,92505,25,4,48,48,100837.6,485,24,1440,0,6885450,158410,145,0,18,0,10644200,34,213468,0,0,LDPq9ayfAo,g62hiBSaKg,taul,1K8T,0Xwj,fhk21Ss,V6XUlxabJ4VaD,hwEL,HLqf,vm5R,VpdQ,wMei,7M47J5GA0pTYIFxg5uy,sBgB,uKAI,L84s,4kVnq_T26xq1p,7Wwy9Cq,4Lz9,cJvF,FzaX,4UxGlow,zCkv,catzS2D,LM8l689qOp,7P5s,ZI9m,ib5G6X1eUxUn6
0,1008,7,2472,392,490,216,166.56,0,1484100,0,6.079684,9,112,147,103216,0,11895.87,60,24,184,64,-1099924,540,132,31149,0,3325180,63680,1050,0,36,92309,4054000,34,124974,0,0,l7Fq9ayE15,2Knk1KF,taul,1K8T,99vr,AaAsz2a,y2LuFUfSEo,Pey_,9_Y1,kJJ7,VpdQ,sYC_,me75fM6ugJ,kIsH,uKAI,L84s,NhsEn4L,cUQBu6y,2KE0,cJvF,FzaX,aldjB1v,oslk,g1PwuDg,LM8l689qOp,7P5s,RAYp,55YFVY9
0,847,7,40,132,165,24,220.08,0,662310,0,4.138218,9,76,21,6220800,0,142468.2,0,0,32,72,161936.4,540,12,20412,0,7742350,43038,15,0,18,0,9831880,38,0,0,0,KXMrEyXXnK,RO12,taul,1K8T,0Xwj,LKy47iP,hCdK,DFE6,HLqf,SkZj,VpdQ,haYg,me75fM6ugJ,sBgB,uKAI,L84s,XfqtO3UdzaXh_,XTbPUYD,PAqM,UYBR,FzaX,ZLrmfvd,oslk,khtiNPX,LM8l689qOp,Aoh3,RAYp,F2FyR07IdsN7I
0,567,14,812,224,280,136,133.12,0,0,0,2.966674,18,94,35,700248,0,12384.93,0,12,56,96,56963.2,655,0,65034,0,140315,136770,185,0,9,528465,805112,42,103794,0,0,vAsTmBfHUn,RO12,taul,1K8T,xgSF,65yJUS7,6uerj6GG35,jTqE,9_Y1,4N0K,VpdQ,6JmL,me75fM6ugJ,kIsH,uKAI,L84s,XfqtO3UdzaXh_,XTbPUYD,K2PH,cJvF,FzaX,qcEvOIl,oslk,INp7j0h,LM8l689qOp,Qu4f,RAYp,F2FyR07IdsN7I
0,2499,14,5968,416,520,192,166.56,0,2944590,0,1.986114,18,84,196,1357632,0,58352.1,10,20,128,168,-249725.6,1820,114,13851,0,2504765,541400,310,0,0,282317,6881160,56,1418370,0,0,2jigUH7ejg,RO12,taul,1K8T,7ALb,QfdNj4_,UFIdC8I,BGAR,9_Y1,m_h1,VpdQ,sYC_,me75fM6ugJ,kIsH,uKAI,L84s,NhsEn4L,kq0aHkC,8JTE,UYBR,FzaX,yOONioI,oslk,ZjaoG9v,LM8l689qOp,WqMG,RAYp,F2FyR07IdsN7I
0,693,7,456,140,175,56,270.64,0,2745222,0,3.468917,9,40,21,1267232,0,209504.7,40,2,48,16,174294.4,495,36,22509,0,3992845,1032058,625,0,9,0,10573440,22,475212,0,0,1KSqrQK2Mx,RO12,taul,1K8T,EJC9,wGQJeCE,gX87gyRGMwl_nJyY,Gt1c,9_Y1,15m3,09_Q,zm5i,me75fM6ugJ,kIsH,uKAI,L84s,NhsEn4L,mAjbk_S,nziA,UYBR,FzaX,dpuv1FD,oslk,o6f7A2G,LM8l689qOp,FSa2,RAYp,F2FyR07IdsN7I
0,448,7,16,88,110,80,186.64,0,0,0,3.932493,9,88,0,48952,0,6409.53,0,8,24,24,21728.72,110,0,1125,0,37305,58302,300,0,9,57596,213892,10,64452,0,0,bZkvyxLkBI,w9ygS99Qp_,taul,1K8T,pdks,RWSNw5i,9HOPNsJ,qzWW,9_Y1,_r21,09_Q,6JmL,DHn_WUyBhW_whjA88g9bvA64_,kIsH,uKAI,L84s,CrNX,AuSBTw7,prId,cJvF,FzaX,OXxZ6bl,d0EEeJi,RLnHLQK,LM8l689qOp,xb3V,nIGXDli,R4y5gQQWY8OodqDV
0,1414,7,12,220,275,48,372.8,0,6768540,0,3.233497,18,32,7,0,0,94615.5,45,0,32,0,79850.4,720,108,324,0,2357895,470100,730,0,9,0,10370320,44,0,0,0,ZSNq9atbb6,RO12,taul,1K8T,sbZD,SkIJ4lp,VaHKj8BUAfcaM72tAJQ,GGnX,9_Y1,KfYH,VpdQ,wMei,me75fM6ugJ,kIsH,g5HH,L84s,NhsEn4L,TDc4Td_,4cib,cJvF,FzaX,wIf0IU9,oslk,atnQv5o,LM8l689qOp,me1d,RAYp,F2FyR07IdsN7I
0,532,0,0,140,175,48,166.56,0,15528,0,2.572741,9,28,0,134760,0,4478.16,0,0,64,72,32941.24,465,6,0,0,157710,25994,0,0,0,3857,255888,38,0,0,0,_v2vyx7IEC,RO12,taul,1K8T,Bxva,tGKE15b,3Sp5xEl,FHZg,9_Y1,f4dr,VpdQ,IYzP,me75fM6ugJ,kIsH,uKAI,L84s,NhsEn4L,mAja5EA,9sc8,cJvF,FzaX,gwjDGHt,oslk,BlJznPS,LM8l689qOp,szEZ,RAYp,F2FyR07IdsN7I
0,91,0,0,124,155,8,255.04,0,4665600,0,4.899167,9,14,0,2073600,0,214581,30,0,32,24,100008.8,260,54,0,0,5184000,13494,0,0,0,0,10285400,24,0,0,0,DHeq9ayfAo,RO12,LfvqpCtLOY,1K8T,yYar,cGZPV0c,JQFeOYK,g_zB,9_Y1,QBpP,VpdQ,IYzP,me75fM6ugJ,kIsH,uKAI,L84s,NhsEn4L,kZJyVg2,YIxJ,UYBR,FzaX,rulfc8E,oslk,y9NqhZX,LM8l689qOp,7P5s,RAYp,F2FyR07IdsN7I
0,756,7,4,144,180,40,186.64,0,3011472,0,6.02179,9,70,14,2764800,0,109869.6,15,4,32,32,110188.8,510,48,1224,0,4435575,785042,25,0,18,0,10236600,28,1036800,0,0,4e7gUH7IEC,RO12,taul,1K8T,TyGl,ucg7asP,bGUqwlz,ytDz,9_Y1,LqKm,VpdQ,hAFG,me75fM6ugJ,kIsH,uKAI,L84s,XfqtO3UdzaXh_,XTbPUYD,ecm_,UYBR,FzaX,bbyYE38,oslk,EL4R6zD,LM8l689qOp,453m,RAYp,F2FyR07IdsN7I
0,7490,7,212,640,800,232,300.32,0,3663468,0,4.099124,9,34,7,3114872,0,22636.65,25,28,160,232,-773264,4810,186,234,0,2626535,561634,75,0,9,201432,8120200,104,601398,0,0,Y3tqrQKzJV,RO12,taul,1K8T,AnrR,B9C_VFS,7vJz3tk,hdqt,9_Y1,15m3,VpdQ,zm5i,me75fM6ugJ,kIsH,uKAI,Mtgm,NhsEn4L,NGZXfGp,WmEN,cJvF,FzaX,ylC3DH0,oslk,kiBhOcm,LM8l689qOp,FSa2,RAYp,F2FyR07IdsN7I
0,882,0,0,252,315,88,253.52,5,4126956,0,3.747276,9,124,0,2764800,0,191969.4,25,0,32,32,98732.4,710,162,4122,8,3299740,885224,0,0,18,604800,10369840,32,0,0,0,hSogUHXZeb,AERks4l,taul,1K8T,7ALb,fhk21Ss,n2YfB05aPZ,05fg,9_Y1,LqKm,sJzTlal,kxE9,7M47J5GA0pTYIFxg5uy,kIsH,uKAI,L84s,4ylQpLr46xum2hHQ,7WwRlzF,3sVB,cJvF,FzaX,4UxGlow,z4pH,catzS2D,M_8D,453m,ZI9m,ib5G6X1eUxUn6
0,182,0,0,148,185,48,286.96,0,2738466,0,3.353771,9,18,0,3168192,0,217971.3,0,6,32,40,1025752,500,54,0,0,5280400,950452,0,0,0,1108870,10485440,28,1425690,0,0,m9SrEy7Rm6,RO12,taul,1K8T,nQZ6,Xh35_CT,bGUqwlz,XbiG,9_Y1,X8zP,VpdQ,IYzP,me75fM6ugJ,kIsH,uKAI,L84s,NhsEn4L,NGZxnJM,cClV,cJvF,FzaX,YQX8hdx,oslk,jvYzF_Q,LM8l689qOp,Aoh3,RAYp,F2FyR07IdsN7I
0,5040,28,2556,220,275,48,296.96,0,10424760,0,2.240547,54,104,161,23296,0,35244.6,45,2,40,40,176140.8,1695,126,2718,0,426295,22850,14470,0,27,0,10678920,26,493344,0,0,64nWq69R_D,2Knk1KF,taul,1K8T,yMvB,6SyRSUd,CRwkRNVRGo,IMrf,9_Y1,0A_v,VpdQ,sYC_,me75fM6ugJ,kIsH,uKAI,Mtgm,NhsEn4L,teAyFc5,lf_R,UYBR,FzaX,I0k8jNM,oslk,nmYTL5Q,LM8l689qOp,PM2D,RAYp,55YFVY9
0,1715,14,1188,208,260,120,100.32,0,141792,0,0.168981,36,160,84,121248,0,4496.37,0,12,80,80,-1566372,965,90,7002,0,29330,52592,55,0,27,46088,302888,12,28632,0,0,py5rEyXktW,rEUOq2QD1qfkRr6qpua,taul,1K8T,hoa9,fhk21Ss,_UtlxbJ,c_2I,9_Y1,VwCR,VpdQ,lVqb,7M47J5GA0pTYIFxg5uy,kIsH,uKAI,L84s,DmYOBF5GfjJxb,OFqAhVm,Zl7J,cJvF,FzaX,4UxGlow,Al6ZaUT,catzS2D,LM8l689qOp,Aoh3,ZI9m,ib5G6X1eUxUn6
0,4767,7,80,612,765,360,233.44,0,0,0,0.4441359,27,56,63,545728,0,5324.4,0,24,128,120,-326031.6,2595,0,288,0,1068400,112272,80,0,9,312151,1452460,162,150498,0,0,Mtpt0G8EIb,RO12,taul,1K8T,2Ix5,UsKnCPt,Iibp4Nm3uQ,jVc9,9_Y1,k13i,VpdQ,Tkho,me75fM6ugJ,kIsH,uKAI,L84s,NhsEn4L,kq0n8Bj,myDa,UYBR,FzaX,hNj88FJ,oslk,VKYAwsZ,LM8l689qOp,fKCe,RAYp,F2FyR07IdsN7I
0,1911,7,7008,396,495,200,200,5,20058,0,1.537706,9,160,1008,1363576,0,23335.74,5,16,64,64,265204.4,1445,30,51165,8,2313190,283602,2055,0,45,464051,3751356,104,434322,0,0,V8lBcmz45j,AERks4l,taul,1K8T,GtOw,fhk21Ss,IZistTOAxvHEk9JPQEc,c641,9_Y1,WGOH,VpdQ,kxE9,7M47J5GA0pTYIFxg5uy,kIsH,uKAI,L84s,9fipLB8rlL,pMWHTVR,awyv,cJvF,FzaX,4UxGlow,zCkv,catzS2D,LM8l689qOp,Qcbd,ZI9m,ib5G6X1eUxUn6
0,2744,7,248,208,260,56,153.2,0,5693760,0,0.7556078,9,60,0,1484944,0,50441.4,30,6,176,152,105545.2,3840,66,28611,0,999475,1116834,520,0,0,0,10374320,12,1555200,0,0,py5rEyXktW,RO12,taul,1K8T,YFAj,dBHnfk1,9YuuPSz3BI,c_2I,9_Y1,VwCR,VpdQ,IYzP,me75fM6ugJ,kIsH,uKAI,L84s,NhsEn4L,TDcECyH,x3um,cJvF,FzaX,_DWABPr,oslk,Tw0O8fW,M_8D,Aoh3,RAYp,F2FyR07IdsN7I
0,826,7,232,128,160,0,186.64,0,11299980,0,1.554155,9,38,21,0,0,220018.2,45,0,32,0,619992,505,132,36675,0,83225,0,50,0,9,0,10710320,2,0,0,0,6VLvyx7IEC,RO12,taul,1K8T,Bxva,cMjcTxR,MypvvoIQqc,WU0y,9_Y1,qaiO,09_Q,zm5i,me75fM6ugJ,kIsH,uKAI,L84s,NhsEn4L,mAjbk_S,6efi,UYBR,FzaX,fabfGrO,oslk,TT_zF_Q,LM8l689qOp,szEZ,RAYp,F2FyR07IdsN7I
0,1855,7,1916,864,1080,400,220.48,0,1294920,0,1.506943,9,90,0,544864,0,6549.72,115,34,152,136,34808.72,2395,498,14571,0,410550,343790,1250,0,18,358197,2989508,52,725160,0,0,M5vt0Gdc_a,RO12,taul,1K8T,lK27,SY4EQZQ,_jTP8ioIlJ,AFaK,9_Y1,cyKH,VpdQ,hAFG,me75fM6ugJ,kIsH,g5HH,L84s,XfqtO3UdzaXh_,XTbPUYD,gyCx,cJvF,FzaX,vU6NT4W,oslk,Oh06Kfh,LM8l689qOp,me1d,RAYp,F2FyR07IdsN7I
0,763,14,76,124,155,0,253.52,0,7257780,0,3.809656,18,36,35,1382400,0,218761.2,35,0,32,16,130313.6,480,84,6327,0,3356415,0,70,0,9,0,10634080,16,0,0,0,64nWq69R_D,RO12,taul,1K8T,FPxv,zv8CdSD,q2tfFQq,DyOa,9_Y1,Px52,VpdQ,zm5i,DHn_WUyBhW_whjA88g9bvA64_,sBgB,uKAI,L84s,CrNX,jawspbU,DwEk,cJvF,FzaX,YBhfFel,d0EEeJi,xKMS6Wu,LM8l689qOp,PM2D,nIGXDli,F2FyR07IdsN7I
0,3283,7,404,728,910,192,166.56,0,88920,0,1.421491,9,84,0,395888,0,7008.479,50,18,192,312,94255.6,2170,102,13761,0,959030,112296,3270,0,9,133175,1348584,166,106350,0,0,4e7gUH7IEC,RO12,taul,1K8T,72yt,3cuvZgk,G7uhjcMgI1QYJc_X,sJPH,9_Y1,m_h1,VpdQ,sYC_,me75fM6ugJ,sBgB,uKAI,L84s,NhsEn4L,beK4AFX,xgZL,UYBR,OFWH,9WBo2f2,oslk,OXJML05,jySVZNlOJy,WqMG,RAYp,F2FyR07IdsN7I
0,64589,21,15044,20708,25885,6000,176.56,0,3062238,0,3.704123,36,210,287,2450216,3,1683.372,3325,402,4432,2280,-74667.6,69095,9408,15534,16,3074590,543448,550,0,18,389690,8305480,3416,938364,0,7,uUdt0G8EIb,AERks4l,CiJDdr4TQ0rGERIS,1K8T,PbOJ,fhk21Ss,_03xtaMIkZsn1,dPz6,9_Y1,k13i,VpdQ,y6dw,7M47J5GA0pTYIFxg5uy,kIsH,uKAI,L84s,ZtujLmj9uJdIkLfg,uZL5OcV,gsiT,cJvF,FzaX,4UxGlow,QKW8DRm,catzS2D,jySVZNlOJy,fKCe,ZI9m,NoEd
0,154,0,0,152,190,32,267.6,0,5757186,0,5.915617,9,16,0,3446552,0,187484.1,20,2,40,48,150470,430,84,0,8,3327000,522490,0,0,0,798007,10653360,18,177168,0,7,u6tWq6edh4,RO12,taul,1K8T,TyGl,XvJ7pE3,8pP7n17,IIMg,9_Y1,_xpN,VpdQ,IYzP,me75fM6ugJ,kIsH,uKAI,Mtgm,NhsEn4L,7WwOAni,ARAA,UYBR,FzaX,FgkYlW4,oslk,iHXRkup,LM8l689qOp,FSa2,RAYp,F2FyR07IdsN7I
0,938,14,7828,136,170,40,286.96,0,3801708,0,2.902585,45,112,896,1267232,0,127847.1,20,8,32,16,302051.2,495,48,13131,0,4356110,792022,985,0,18,554414,10771480,22,1900854,0,0,J9Vr4RQZiT,2Knk1KF,taul,1K8T,487l,PHNvXy8,r83_sZi,_KdE,9_Y1,z5Ry,VpdQ,sYC_,NKv3VA1BpP,kIsH,uKAI,L84s,Ie_5MZs,ORMVQS8,tCpO,UYBR,FzaX,UF16siJ,zCkv,APgdzOv,LM8l689qOp,FSa2,6fzt,Zy3gnGM
0,875,7,2112,124,155,8,266.88,0,7776120,0,2.546892,9,116,252,1382416,0,190771.8,35,0,32,16,77078.4,485,90,13527,0,2592020,76286,450,0,36,0,10520720,12,0,0,0,9hRmfo875g,2Knk1KF,taul,1K8T,LloI,OmRAfi7,YQcPlrpk3ptPA,8FB6,9_Y1,gnEy,VpdQ,sYC_,me75fM6ugJ,kIsH,uKAI,L84s,NhsEn4L,teAyFc5,FM6S,UYBR,FzaX,JFMoGGc,oslk,NKv5Ui8,LM8l689qOp,3Cy4,RAYp,55YFVY9
0,1120,14,6608,224,280,56,253.52,0,7717800,0,1.098911,36,76,392,454344,0,152730.3,45,2,72,56,20376.28,935,102,27216,0,1282130,307704,670,0,9,35602,9793440,30,14604,0,0,HYTvyx7ejg,RO12,taul,1K8T,Bxva,LcO47iP,0IWZqtp,y1jr,9_Y1,YGOC,VpdQ,43pnToF,me75fM6ugJ,kIsH,uKAI,L84s,NhsEn4L,mAjbk_S,gNT5,cJvF,FzaX,WEgKcb0,oslk,cpKnyWQ,LM8l689qOp,szEZ,RAYp,F2FyR07IdsN7I
0,476,0,140,248,310,128,200,0,151062,0,2.416364,9,58,0,0,0,9850.68,0,0,0,0,111237.2,730,84,10845,0,691740,182860,0,0,9,0,1019820,64,0,0,0,NQ5rEy7Rm6,RO12,taul,1K8T,TyGl,fqeOwLG,Tg7jjBB,btVf,9_Y1,X8zP,VpdQ,sYC_,7M47J5GA0pTYIFxg5uy,kIsH,uKAI,L84s,FMSzZ91zL2,TDcEYQ6,NcBY,UYBR,FzaX,fxJmel6,zCkv,WfsWw2A,LM8l689qOp,Aoh3,ZI9m,SbOd7O8ky1wGNxp0Arj0Xs
0,49,0,0,44,55,16,186.64,0,0,0,6.171545,9,14,0,6264096,0,437598,5,2,32,16,365204.8,115,0,0,8,3814205,214096,0,0,0,1247813,9031000,10,282,0,7,vAsgUHXM47,AERks4l,taul,1K8T,7ALb,3FCrXBz,Gai9lEF2Fr,9Hqr,9_Y1,LqKm,09_Q,IYzP,7M47J5GA0pTYIFxg5uy,kIsH,uKAI,L84s,leSl,NGZiGpF,2S0r,UYBR,FzaX,oatipLp,QKW8DRm,RsCQLlz,LM8l689qOp,453m,vJ_w8kB,xwM2aC7IdeMC0
0,833,7,0,64,80,32,317.2,0,0,0,0.2189703,9,62,0,160472,0,175233,5,8,16,40,-816944,415,0,3564,0,424870,398576,5,0,18,0,2065012,4,1216692,0,0,yaKt0Go8Lb,PomAbFU,taul,1K8T,0Xwj,G6aMVop,GHfL3MpXAX,XrCF,HLqf,C7DI,VpdQ,kxE9,me75fM6ugJ,sBgB,uKAI,L84s,XfqtO3UdzaXh_,XTbPUYD,gEef,cJvF,FzaX,Xsgmfvd,oslk,uBYMak1,M_8D,Qu4f,RAYp,F2FcTt7IdMT_v
0,6706,7,316,1180,1475,312,431.36,0,3898092,9,1.190344,9,80,476,2438496,0,13623.09,270,36,312,184,475364,4145,534,4464,8,3644380,868020,30,0,18,278992,10118720,144,843264,0,0,Yn7t0Go8Lb,RO12,LfvqpCtLOY,1K8T,lK27,iJzviRg,uEl3,jI22,9_Y1,MGOA,VpdQ,43pnToF,7M47J5GA0pTYIFxg5uy,kIsH,uKAI,Mtgm,4kVnq_T26xq1p,kZJ2rsm,Jogw,UYBR,ylgWTXl,ch2oGfM,zCkv,P6pu4Vl,bCPvVye,Qu4f,ZI9m,R4y5gQQWY8OodqDV
0,854,7,152,132,165,48,253.52,0,8294400,0,3.070711,9,54,7,64840,0,218579.1,25,8,40,8,87147.6,555,96,43587,0,79160,1036800,1125,0,0,1209600,10587000,2,1795080,0,0,YddrjIQ5Ph,RO12,LfvqpCtLOY,1K8T,JLbT,1nw8HPr,EXpWEXgaYpMJ7,kWfE,9_Y1,RVjC,VpdQ,sYC_,me75fM6ugJ,kIsH,uKAI,L84s,NhsEn4L,kq0n8Bj,4a9J,UYBR,FzaX,lbrmS85,oslk,_szAaaM,M_8D,FSa2,RAYp,F2FyR07IdsN7I
0,70,7,16,72,90,40,171.12,0,2073600,0,1.326212,9,136,0,0,0,63879,15,0,8,0,-115307.6,200,24,35910,0,420590,728684,85,0,0,0,4213040,12,0,0,0,y3bgUHQfP4,2Knk1KF,taul,1K8T,pE9z,X5GYdQE,CdPgMY1Z52,EOBC,9_Y1,8BBI,VpdQ,IYzP,me75fM6ugJ,sBgB,g5HH,L84s,NhsEn4L,beK4AFX,RRN_,UYBR,FzaX,Nh_v8BP,oslk,mW_QD5a,jySVZNlOJy,453m,RAYp,55YFVY9
0,707,7,4488,136,170,64,200,0,4788216,0,0.4563127,18,76,161,124176,0,73208.09,30,0,32,16,202314,505,102,2052,0,28950,275118,2590,0,0,0,4591560,2,0,0,0,FAJgUH7ejg,RO12,taul,1K8T,ekye,ho_bxgw,_cbSbDOBz2h3_9de,u8XF,9_Y1,DmlN,VpdQ,IYzP,me75fM6ugJ,kIsH,uKAI,L84s,NhsEn4L,kq062QV,9vxiVmn,cJvF,FzaX,AvcOVQC,oslk,r757j0h,LM8l689qOp,w_Ub,RAYp,F2FyR07IdsN7I
0,546,0,0,144,180,48,186.64,0,3397914,0,5.831447,9,28,0,2764800,0,215214.9,15,4,32,32,120761.2,530,48,0,0,4948915,683206,0,0,9,0,10384640,26,1036800,0,0,a4vvyxLkBI,RO12,taul,1K8T,UpNf,8Nsn57c,7ruFuE4,9UAz,9_Y1,vzJD,VpdQ,zm5i,me75fM6ugJ,kIsH,uKAI,L84s,NhsEn4L,mAja5EA,aSko,UYBR,FzaX,07m8iqZ,oslk,VjJAgOW,LM8l689qOp,xb3V,RAYp,F2FyR07IdsN7I
0,924,14,2140,132,165,24,292.24,0,10277460,0,3.170263,36,68,35,415872,0,151568.1,35,2,40,16,297215.6,505,120,39906,0,0,482814,5005,0,9,93982,10790000,0,518400,0,0,LDPq9ayfAo,RO12,taul,1K8T,z32l,MvUxJVj,glRbITbnHQ,PhfY,9_Y1,kJJ7,VpdQ,sYC_,me75fM6ugJ,kIsH,uKAI,L84s,NhsEn4L,7WweNKW,H0RC,cJvF,FzaX,cXse4eD,oslk,qWj5Ui8,jySVZNlOJy,7P5s,RAYp,F2FyR07IdsN7I
0,483,0,0,156,195,40,240.56,0,1395900,0,5.349071,9,24,0,1160648,0,57056.7,25,6,48,64,-268858,565,24,0,0,1994040,105296,0,0,9,360458,3442148,28,129984,0,0,ZSNq9atbb6,RO12,taul,1K8T,5B99,OENRWXF,C_uQoStwYE,uSSw,9_Y1,KfYH,sJzTlal,wMei,me75fM6ugJ,kIsH,g5HH,L84s,NhsEn4L,TDc4Td_,HsUK,cJvF,FzaX,rHB9eoy,oslk,1j2Q5_S,LM8l689qOp,me1d,RAYp,F2FyR07IdsN7I
0,3731,0,96,156,195,112,286.96,0,8310180,0,1.938902,9,44,0,414384,0,28109.34,10,4,8,8,-109493.2,810,78,0,0,1056970,944506,0,0,18,0,9381240,14,406224,0,0,1YVgUHXZeb,RO12,taul,1K8T,TyGl,rxYsSKu,CdPgMY1Z52,GM8_,9_Y1,STGZ,VpdQ,IYzP,me75fM6ugJ,kIsH,uKAI,L84s,NhsEn4L,kZJyVg2,bPPy,UYBR,FzaX,5LLAVkR,oslk,4IrvFmd,LM8l689qOp,453m,RAYp,F2FyR07IdsN7I
0,532,0,0,140,175,88,261.92,0,1164468,0,0.4900662,9,28,0,3023256,0,219793.2,5,8,32,40,162652.8,515,24,0,0,2898330,1900800,0,0,18,604800,10084760,20,1996416,0,0,1YVvyx7IEC,RO12,taul,1K8T,hM6W,GOBu1hQ,DEW6UbM_ORO9qycdC7l,GjtT,9_Y1,RcM7,09_Q,IYzP,me75fM6ugJ,kIsH,uKAI,L84s,NhsEn4L,mAja5EA,PKBP,cJvF,AU8pNoi,xtR871e,oslk,LiUPLfR,LM8l689qOp,szEZ,RAYp,F2FyR07IdsN7I
0,1008,14,124,140,175,80,133.12,0,0,0,4.312326,18,48,42,1120704,0,60953.7,0,10,32,40,-205140,610,0,1197,0,1493040,332606,130,0,0,588049,2695348,30,413028,0,0,xOXTmBtFkL,RO12,taul,1K8T,PbOJ,GraVrOv,fzYu9l3,aXfA,9_Y1,c2JP,09_Q,IYzP,DHn_WUyBhW_whjA88g9bvA64_,kIsH,uKAI,L84s,CrNX,7WwCSJk,VisE,cJvF,FzaX,Oy_I6t2,d0EEeJi,FS4PLsZ,LM8l689qOp,rgKb,nIGXDli,F2FyR07IdsN7I
0,31213,7,1136,456,570,160,273.6,5,1750110,0,0.5097201,36,104,56,3442840,0,6164.4,50,8,88,128,651916,16295,150,40230,8,6572050,567228,2035,0,9,355040,10493880,78,606120,0,0,639r4RK2Mx,RO12,taul,1K8T,0Xwj,GCB7Cob,jgyr5WV,Oq3x,F3hy,DtNL,VpdQ,sYC_,me75fM6ugJ,kIsH,uKAI,L84s,NhsEn4L,kq0aHkC,N8lL,UYBR,OFWH,aMaC8W8,oslk,tM4cxqP,jySVZNlOJy,FSa2,RAYp,F2FyR07IdsN7I
0,203,7,16,4,5,0,166.56,0,0,0,5.371288,9,54,0,0,0,5745.06,0,0,0,0,16542.64,5,0,270,8,5085,0,5,6,9,0,4068,2,0,0,0,BQavyxLp3Z,RO12,taul,1K8T,GYbZ,f_onF0C,IoHCTe99VL,sGbZ,9_Y1,_r21,09_Q,IYzP,me75fM6ugJ,kIsH,uKAI,L84s,NhsEn4L,mAjbk_S,ls5w,cJvF,FzaX,8_rYWu3,oslk,rT1Esaq,LM8l689qOp,xb3V,RAYp,F2FyR07IdsN7I
0,2037,7,2732,340,425,184,153.2,0,15060,0,0.7829524,9,50,469,2496024,0,33178.8,0,12,40,96,-455860,1315,18,4293,0,2163280,561280,785,0,0,368410,4422880,82,467484,0,0,m9SrEy7Rm6,RO12,taul,1K8T,487l,ngQGqNL,R8MGBE0NRjQOv,XbiG,9_Y1,X8zP,09_Q,IYzP,DHn_WUyBhW_whjA88g9bvA64_,kIsH,uKAI,Mtgm,CrNX,7WwCSJk,Kvs9,cJvF,OFWH,UxSZ1p4,d0EEeJi,pdnZ8Dt,jySVZNlOJy,Aoh3,nIGXDli,F2FyR07IdsN7I
0,539,0,116,24,30,8,200,0,0,0,4.063662,27,134,21,928080,0,137216.1,0,0,8,32,-90577.2,100,0,64206,0,580,2640,0,0,9,255430,469784,2,0,0,0,eOQt0GoOh3,2Knk1KF,taul,1K8T,0Xwj,8RVBmIU,r83_sZi,4bTR,F3hy,MGOA,VpdQ,6JmL,me75fM6ugJ,kIsH,uKAI,Mtgm,XfqtO3UdzaXh_,11p4mKe,bHR7,UYBR,FzaX,HlomS85,oslk,MMuldxq,LM8l689qOp,Qu4f,RAYp,55YFVY9
0,735,7,1924,136,170,32,336.48,0,8294400,0,0.4466994,18,32,35,0,0,60387,45,2,40,0,266643.6,635,96,3510,0,184510,691200,3835,0,9,0,10305960,8,518400,0,0,uGLq9ayE15,RO12,taul,1K8T,LZs_,awTXkK6,Oe4E7cR6Kt,7Imq,9_Y1,000J,VpdQ,lVqb,me75fM6ugJ,kIsH,uKAI,L84s,XfqtO3UdzaXh_,XTbPUYD,QWzL,UYBR,FzaX,stplI5k,oslk,YE7WDFK,LM8l689qOp,7P5s,RAYp,F2FyR07IdsN7I
0,686,7,1300,164,205,64,166.56,0,1419708,0,4.652638,9,88,14,2451336,0,97446.3,10,6,48,48,462536,670,30,4464,0,2010140,1040848,255,0,0,604800,6912920,34,1267296,0,0,0vimfo8zhV,RO12,taul,1K8T,ssAy,jlzAv9G,Vxueejji0f,9b9Q,9_Y1,gnEy,VpdQ,IYzP,me75fM6ugJ,kIsH,uKAI,L84s,NhsEn4L,mAjbk_S,WdYL,cJvF,FzaX,6VNOjel,oslk,ilgAGfT,jySVZNlOJy,3Cy4,RAYp,F2FyR07IdsN7I
0,1022,7,272,216,270,152,266.88,0,143808,0,1.900876,9,58,7,277824,0,22525.23,10,14,72,56,-278545.2,785,42,666,0,264245,321834,70,0,0,69251,1308416,24,287562,0,0,1PnZptzip9,RO12,taul,1K8T,JLbT,rXHcNhj,bGUqwlz,pDLX,9_Y1,t_4G,VpdQ,IYzP,me75fM6ugJ,kIsH,uKAI,L84s,NhsEn4L,kq0n8Bj,OpIX,UYBR,FzaX,u9OfrxM,oslk,5Doz_Kt,LM8l689qOp,Qu4f,RAYp,F2FyR07IdsN7I
0,1309,7,24,152,190,72,259.84,0,4519176,0,0.5071566,9,134,35,3168128,0,81378.3,20,2,40,40,210190.8,540,60,225,0,2915735,1252684,70,0,27,1108842,10706680,18,475218,0,0,AUUt0GoOh3,2Knk1KF,taul,1K8T,g6No,a5zOfm0,nQUveAzAF7,Y8G_,9_Y1,t_4G,VpdQ,wMei,me75fM6ugJ,kIsH,uKAI,L84s,h0lfDKh52u4GP,IoI4mKe,8xD7,UYBR,FzaX,lRbfSEp,oslk,zccO8fW,LM8l689qOp,Qu4f,RAYp,55YFVY9
0,3486,7,280,340,425,24,286.96,0,2961024,0,6.454817,9,170,119,3682096,0,47352.6,70,4,136,128,185342.4,1515,126,33687,0,6773000,166068,3790,0,36,81270,10833800,58,91794,0,0,1PnOj1KVEH,AERks4l,taul,1K8T,487l,fhk21Ss,P9HTde2,BXRf,9_Y1,jdbz,VpdQ,wMei,7M47J5GA0pTYIFxg5uy,kIsH,uKAI,Mtgm,ZtujLmj9uJdIkLfg,kZJ2ZbD,4_ve,UYBR,FzaX,4UxGlow,QKW8DRm,catzS2D,jySVZNlOJy,kwS7,ZI9m,ib5G6X1eUxUn6
0,1155,0,0,176,220,40,327.12,0,6840240,0,4.134159,9,52,0,445936,0,160766.4,25,8,40,32,112431.2,1020,90,7812,0,1625195,790180,0,0,9,554414,10513840,22,1900854,0,0,NESWq69R_D,RO12,taul,1K8T,94m7,lXBVhVN,qTSH6kogwg,0xFv,9_Y1,RVjC,09_Q,sYC_,me75fM6ugJ,kIsH,uKAI,L84s,NhsEn4L,7WwLBg6,Kz6e,UYBR,wwPEXoilkr,OgVTe_2,oslk,BXGuEQ2,LM8l689qOp,FSa2,RAYp,F2FyR07IdsN7I
0,735,7,92,108,135,16,166.56,0,0,0,6.762444,9,32,0,46304,0,4535.43,0,6,16,64,-106596,425,0,432,0,126710,3454,155,0,0,0,157492,28,39096,0,0,xOXrjIQq3d,RO12,taul,1K8T,0Xwj,kJ1JA2C,IG_G867,P9KQ,HLqf,RVjC,VpdQ,IYzP,me75fM6ugJ,sBgB,uKAI,L84s,NhsEn4L,mAjbk_S,4a9J,UYBR,FzaX,MMTv4zN,oslk,GfSQowC,LM8l689qOp,FSa2,RAYp,F2FyR07IdsN7I
0,630,7,280,148,185,56,253.52,0,4454484,0,6.430891,9,120,7,3801696,0,221009.1,10,2,32,48,185469.6,525,60,2007,0,3575185,1108828,80,0,18,554414,10898720,22,475212,0,0,vAsgUHXM47,2Knk1KF,taul,1K8T,pE9z,PFW3ud5,Tg7jjBB,ZIlk,9_Y1,STGZ,VpdQ,wMei,me75fM6ugJ,kIsH,uKAI,L84s,h0lfDKh52u4GP,IoI4mKe,s9FI,UYBR,FzaX,OVz6pd1,oslk,AT9E4Qn,LM8l689qOp,453m,RAYp,55YFVY9
0,1386,14,96,244,305,144,266.88,0,0,0,1.541124,18,82,0,661976,0,38975.7,0,18,64,160,54702,825,0,114732,0,1394820,715970,75,0,9,473312,3690144,28,1217040,0,0,oBXq9ayfAo,RO12,taul,1K8T,2Ix5,B5n4Lhq,ErM0Vcg68N,ML07,9_Y1,NFMt,VpdQ,IYzP,me75fM6ugJ,kIsH,uKAI,L84s,NhsEn4L,beK4AFX,3Hhd,cJvF,FzaX,_vdOjel,oslk,ghXQowC,LM8l689qOp,TNEC,RAYp,F2FyR07IdsN7I
0,1211,7,1244,172,215,136,166.56,0,0,0,6.040803,9,44,84,1954864,0,14260.05,30,16,56,64,144871.2,415,0,8721,0,402355,109876,265,0,18,432782,1691448,8,190068,0,0,9hRmfo875g,RO12,taul,1K8T,QQSE,QMLgCVv,8nstQ62E0C,xiQZ,9_Y1,_48V,VpdQ,haYg,me75fM6ugJ,kIsH,uKAI,L84s,XfqtO3UdzaXh_,11p4mKe,BW0b,cJvF,AU8pNoi,6XEoI0_,oslk,bSgltRa,LM8l689qOp,3Cy4,RAYp,F2FyR07IdsN7I
0,1400,7,0,292,365,224,166.56,0,0,0,3.9953,9,76,0,2028152,0,46867.8,0,20,128,128,66840.4,890,0,351,0,528070,615090,10,0,0,692447,2998232,38,497280,0,0,LDPq9ayfAo,eSGpMwS8zSGgq_trOpckZ5,taul,1K8T,yYar,YG1nH_V,_jTP8ioIlJ,3mel,9_Y1,QBpP,VpdQ,IYzP,GjJ35utlTa_GNSvxxpb9ju,kIsH,uKAI,L84s,UbxQ8lZ,y5FPsys,YHIl,cJvF,FzaX,3JmCsbI,Al6ZaUT,PZROZS_,LM8l689qOp,7P5s,02N6s8f,R4y5gQQWY8OodqDV
0,6307,7,784,1708,2135,536,220.08,0,111084,0,5.347362,9,198,189,636240,0,8448.9,85,106,48,80,153318,10575,24,16821,0,2868605,523680,660,0,36,342377,4069040,552,485256,0,0,_v2vyx7IEC,bYmQ4nc,taul,1K8T,hM6W,fhk21Ss,4hMlgkf58mhwh,Ef1y,9_Y1,RcM7,VpdQ,y6dw,7M47J5GA0pTYIFxg5uy,kIsH,uKAI,L84s,WsRVNrF85oPU_,_Jd5M9A,A1VJ,UYBR,FzaX,4UxGlow,zCkv,catzS2D,LM8l689qOp,szEZ,ZI9m,ib5G6X1eUxUn6
0,707,7,1492,100,125,64,253.52,0,3393690,0,4.397351,18,88,245,0,0,205341,5,10,24,0,-652828,465,48,19917,0,725400,1235446,515,0,0,0,7254120,6,2392242,0,0,hSogUHXZeb,RO12,taul,1K8T,pE9z,iXH8HPr,RuVy67M,zxsN,9_Y1,STGZ,VpdQ,IYzP,me75fM6ugJ,kIsH,uKAI,Mtgm,NhsEn4L,mAjbk_S,s9FI,UYBR,FzaX,TIBmS85,oslk,eu1AaaM,LM8l689qOp,453m,RAYp,F2FyR07IdsN7I
0,196,0,0,36,45,0,260.16,0,1905024,0,3.32194,9,18,0,0,0,287684.1,30,2,0,0,204941.6,375,6,0,0,1447565,0,0,0,18,0,10145440,2,559884,0,0,HYTvyx7ejg,RO12,taul,1K8T,OTVu,60sg0bq,kmL8CT_,fdB6,9_Y1,YGOC,sJzTlal,zm5i,me75fM6ugJ,kIsH,uKAI,L84s,NhsEn4L,mAja5EA,b3XO,UYBR,FzaX,ooBv48t,oslk,wtiz4Af,LM8l689qOp,szEZ,RAYp,F2FyR07IdsN7I
0,2485,7,80,464,580,280,166.56,0,93498,0,5.675283,9,38,0,454208,0,8282.37,40,20,136,200,-1457376,1900,42,99855,0,427770,370546,10,0,18,45290,1842996,62,515328,0,0,Yn7t0Go8Lb,RO12,taul,1K8T,lK27,PTPnCPt,KhDb8PW,3XiJ,9_Y1,rGJy,VpdQ,IYzP,me75fM6ugJ,kIsH,uKAI,L84s,NhsEn4L,mAjbk_S,7EM2,UYBR,FzaX,t0r88FJ,oslk,CqxAwsZ,LM8l689qOp,Qu4f,RAYp,F2FyR07IdsN7I
0,497,0,0,148,185,32,253.52,0,7415760,0,2.703482,9,24,0,358304,0,89588.09,45,2,48,16,111964,855,96,0,0,1361700,521018,0,0,9,234087,10222120,10,39372,0,0,HrWq9aXt5a,RO12,taul,1K8T,PbOJ,Nflu1hQ,d6zx_0v,6PqM,9_Y1,6TCl,VpdQ,zm5i,me75fM6ugJ,kIsH,uKAI,Mtgm,NhsEn4L,kZJtVhC,GVNc,UYBR,FzaX,kog871e,oslk,m9rPLfR,LM8l689qOp,uWr3,RAYp,F2FyR07IdsN7I
0,10073,14,4880,1172,1465,720,308.4,0,3951378,0,3.32493,45,106,546,1226128,0,11588.28,60,26,360,344,-721480,12500,114,31302,0,1947815,766848,225,0,18,622111,7309720,232,635760,0,0,zcROj17IEC,2Knk1KF,taul,1K8T,JLbT,QxkOoyT,ZkibjLN5VwJ2V,7dqt,9_Y1,iVbl,VpdQ,sYC_,me75fM6ugJ,kIsH,uKAI,L84s,NhsEn4L,beK4AFX,zhWS,cJvF,FzaX,LWkjtxg,oslk,7cF6Ztl,LM8l689qOp,7aLG,RAYp,55YFVY9
0,497,0,0,204,255,32,538.56,0,7000320,0,5.667806,9,22,0,1753184,0,160848.6,35,8,72,48,-37567.16,705,120,0,0,3149275,87536,0,0,9,438277,10499560,20,965634,0,0,qFpmfo8zhV,ues7INAmyjdS1vDd0YL9jU,taul,1K8T,LloI,6Wu7zLh,ThrnFOQ,1EcY,9_Y1,_48V,09_Q,zm5i,7M47J5GA0pTYIFxg5uy,kIsH,uKAI,L84s,NhsEn4L,uZLOAni,FCox,UYBR,FzaX,8c8KEbL,oslk,UQenOT8,LM8l689qOp,3Cy4,ZI9m,F2FcTt7IdMT_v
0,1792,7,908,208,260,88,166.56,0,1368,0,6.512497,9,46,0,1802032,0,73206.3,0,10,64,64,-31360.44,930,6,5112,0,3781090,615742,2695,0,0,775642,5940800,54,1173744,0,0,vAsgUHXM47,RO12,taul,1K8T,TyGl,8XUtpNj,Tg7jjBB,zt7c,9_Y1,LqKm,VpdQ,IYzP,me75fM6ugJ,kIsH,uKAI,L84s,NhsEn4L,TDcECyH,MTr9,cJvF,FzaX,m1aNvFm,oslk,UulYV0N,LM8l689qOp,453m,RAYp,F2FyR07IdsN7I
0,8526,7,12,1156,1445,176,220.08,0,648588,18,0.9008759,9,34,0,239288,0,2770.398,0,12,8,32,-1292456,4475,1050,112788,16,590375,68286,40,0,9,0,1205224,164,66474,0,0,LDPvyx7IEC,RO12,taul,1K8T,hM6W,0IyMY82,75HtAGU,DBov,9_Y1,RcM7,VpdQ,43pnToF,me75fM6ugJ,kIsH,uKAI,Mtgm,NhsEn4L,kZJtVhC,IIhP,UYBR,qxDb,kogDFjT,oslk,ZXG0V7y,LM8l689qOp,szEZ,RAYp,F2FyR07IdsN7I
0,76195,7,0,108,135,16,286.96,0,4106388,0,2.227088,9,34,0,2435944,0,1612.635,10,2,24,32,1992.144,3810,60,3582,0,5324400,164674,140,0,18,468209,9365720,16,475212,0,0,xearjIX0Db,RO12,taul,1K8T,_Clr,3ZjbFkF,ElQylxy,h9oF,9_Y1,EKFb,09_Q,zm5i,me75fM6ugJ,kIsH,uKAI,Mtgm,NhsEn4L,kZJtVhC,MD0n,cJvF,FzaX,eTk1UQz,oslk,sd7w991,LM8l689qOp,5Acm,RAYp,F2FyR07IdsN7I
0,574,0,1512,156,195,32,286.96,0,7248840,0,2.774621,18,126,0,1710992,0,212000.7,20,2,40,64,142521.6,525,96,19845,0,2301715,691200,0,0,27,420,10639840,12,518400,0,0,FAJWq69cTy,2Knk1KF,taul,1K8T,pdks,xowRB4d,n1zVHpT8NN,YcLb,9_Y1,Px52,09_Q,kxE9,me75fM6ugJ,kIsH,uKAI,L84s,XfqtO3UdzaXh_,11p4mKe,JEC4,UYBR,qxDb,YTC88FJ,oslk,4JmTzYj,LM8l689qOp,PM2D,RAYp,55YFVY9
0,1092,7,2900,316,395,200,253.52,0,574266,0,1.817347,9,126,728,333728,0,91166.09,0,18,48,104,-1372312,990,18,48996,0,637560,166238,210,0,36,119812,1530788,58,207834,0,0,g5dmfo875g,2Knk1KF,taul,1K8T,AKN1,GRlq8UC,bAyfFVUl1u,ZmQ_,9_Y1,Bw19,sJzTlal,haYg,me75fM6ugJ,kIsH,uKAI,L84s,XfqtO3UdzaXh_,XTbPUYD,09Cn,cJvF,FzaX,I5GYlW4,oslk,mYNAGfT,LM8l689qOp,wX53,RAYp,55YFVY9
0,35,0,0,92,115,16,462.4,0,5712876,0,4.280496,9,12,0,433288,0,216313.2,20,0,24,8,-305950.4,115,78,0,16,1296005,94588,0,0,0,0,6633600,6,0,0,14,m9SvyxLkBI,RO12,taul,1K8T,pdks,ca70key,ELRUn57,jzzw,9_Y1,_r21,VpdQ,IYzP,DHn_WUyBhW_whjA88g9bvA64_,kIsH,uKAI,L84s,CrNX,y5FewfI,lYj3,cJvF,FzaX,6DF5OXG,d0EEeJi,B1Fl4vL,LM8l689qOp,xb3V,02N6s8f,F2FyR07IdsN7I
0,2352,7,340,148,185,24,20.72,0,4825974,18,6.638325,9,138,245,3296624,9,30054.3,20,0,32,48,183390,1485,60,4365,40,4879035,412782,290,0,36,604800,10527800,28,0,0,0,jg69tYsGvO,2Knk1KF,taul,1K8T,ssAy,DW3heVi,yEFIHeU,l7SR,9_Y1,YULl,VpdQ,sYC_,me75fM6ugJ,kIsH,uKAI,Mtgm,NhsEn4L,IoIkyHo,i5sT,UYBR,FzaX,THMQrGj,oslk,cObaF5M,LM8l689qOp,FSa2,RAYp,55YFVY9
0,3101,7,248,540,675,320,203.36,0,5328,0,1.67101,9,152,70,166944,0,5204.49,0,24,88,144,-78362.4,1870,12,621,0,354820,90746,255,0,27,24549,571376,126,28506,0,0,NESWq69R_D,2Knk1KF,taul,1K8T,TyGl,QMLASYT,NYI7gyRGMwl_nJyY,nyZz,9_Y1,RVjC,09_Q,kxE9,me75fM6ugJ,kIsH,uKAI,L84s,XfqtO3UdzaXh_,XTbPUYD,bru6,UYBR,FzaX,efgm94s,oslk,OvO5roF,LM8l689qOp,FSa2,RAYp,55YFVY9
0,2744,7,64,332,415,72,183.2,0,0,0,5.507157,18,104,7,441312,0,2635.578,0,0,104,344,-447200,990,0,81,0,111240,12722,1560,0,0,1757,335092,62,0,0,0,zC_Wq6e2Rv,2Knk1KF,taul,1K8T,487l,SmUaRDg,Iibp4Nm3uQ,X8e8,9_Y1,_xpN,09_Q,sYC_,DHn_WUyBhW_whjA88g9bvA64_,kIsH,uKAI,L84s,CrNX,kZJigPo,8_fO,UYBR,FzaX,lQQwVAt,d0EEeJi,dGnnjc4,jySVZNlOJy,FSa2,nIGXDli,55YFVY9
0,553,7,1496,120,150,112,99.68,0,0,0,0.4808801,9,146,28,0,0,2189.247,0,0,0,0,-16342.28,355,0,45477,0,46780,14792,40,0,18,0,67008,32,0,0,0,vAsvyx7ejg,rEUOq2QD1qfkRr6qpua,taul,1K8T,FgS1,fhk21Ss,DKUDUftgA7,gtyJ,9_Y1,RcM7,VpdQ,hAFG,7M47J5GA0pTYIFxg5uy,kIsH,uKAI,L84s,4kVnq_T26xq1p,OFqKdLX,T2DS,cJvF,OFWH,4UxGlow,zCkv,catzS2D,M_8D,szEZ,ZI9m,ib5G6X1eUxUn6
0,805,0,4,128,160,0,253.52,0,227868,0,6.425764,18,116,0,5529600,0,226766.7,0,0,32,64,121529.2,520,12,33111,0,9448550,0,0,0,9,2419200,10475560,44,0,0,0,Y3tqrQKzJV,2Knk1KF,taul,1K8T,AnrR,m9HANMR,Tg7jjBB,hdqt,9_Y1,15m3,VpdQ,IYzP,me75fM6ugJ,kIsH,uKAI,L84s,NhsEn4L,teAyFc5,rWFu,cJvF,FzaX,QkcNgdR,oslk,v8MjPJU,M_8D,FSa2,RAYp,55YFVY9
0,749,7,60,164,205,72,166.56,0,3594336,0,5.099124,18,148,7,362344,0,62352.6,15,8,56,24,614436,715,84,1656,0,1510645,171098,75,0,18,30114,4973920,16,228222,0,0,gE8Wq6edh4,2Knk1KF,taul,1K8T,487l,r6oXgvp,aEgYKGwDgTeFJu7y,qUsF,9_Y1,_xpN,VpdQ,hAFG,me75fM6ugJ,kIsH,uKAI,L84s,XfqtO3UdzaXh_,_JdcICD,Ua0x,UYBR,FzaX,8UAYE38,oslk,rJxz_Kt,LM8l689qOp,FSa2,RAYp,55YFVY9
0,924,7,140,64,80,32,186.64,0,7296,0,2.195471,9,82,28,864,0,17380.74,20,4,32,8,-74418.8,315,6,18108,0,24765,52754,1165,0,9,0,168112,8,30126,0,0,2jigUH7ejg,RO12,taul,1K8T,0Xwj,FSDtKRt,n1zVHpT8NN,auvb,HLqf,m_h1,09_Q,sYC_,me75fM6ugJ,sBgB,uKAI,L84s,NhsEn4L,beK4AFX,JfTq,UYBR,FzaX,dNsNN3u,oslk,PrQYAUb,LM8l689qOp,WqMG,RAYp,F2FyR07IdsN7I
0,1533,7,228,316,395,72,186.64,0,4896432,0,5.980346,9,100,56,1430632,0,52213.2,35,6,80,72,304132,1905,108,1683,0,2609305,398318,85,0,18,639702,9363720,66,1097424,0,0,1YVvyx7IEC,RO12,taul,1K8T,Bxva,9GJGgoz,UFIeb_t,wO7g,9_Y1,qaiO,VpdQ,wMei,Kxdu,kIsH,uKAI,L84s,FMSzZ91zL2,11pMkO_,8ATH,cJvF,FzaX,Tvpip6Z,zCkv,hHJsvbM,LM8l689qOp,szEZ,6fzt,SbOd7O8ky1wGNxp0Arj0Xs
0,511,0,0,148,185,40,335.2,0,8131860,0,5.600513,9,28,0,197312,0,211894.5,35,2,24,8,62252,535,96,0,0,503895,691804,0,0,9,604800,9947320,14,518400,0,0,crIt0Go8Lb,RO12,taul,1K8T,X94c,8DBOkab,glRBFJT8NN,Afq7,9_Y1,MGOA,VpdQ,zm5i,me75fM6ugJ,kIsH,uKAI,L84s,NhsEn4L,NGZxnJM,B28J,UYBR,FzaX,0bjfql_,oslk,c1HOTZB,LM8l689qOp,Qu4f,RAYp,F2FyR07IdsN7I
0,161,0,0,8,10,8,166.56,0,0,0,6.487503,9,36,0,0,0,9470.4,0,2,0,0,-345755.2,70,0,981,0,0,1004,0,0,9,0,4300,0,3438,0,0,1PnOj1KVEH,AERks4l,taul,1K8T,0Xwj,lelxXwC,ELRUn57,qSzu,HLqf,_KXv,VpdQ,y6dw,me75fM6ugJ,sBgB,uKAI,L84s,XfqtO3UdzaXh_,XTbPUYD,ZOIJ,cJvF,FzaX,meWC5vH,oslk,1VXmuYm,LM8l689qOp,kwS7,RAYp,F2FcTt7IdMT_v
0,798,7,3660,128,160,8,301.6,0,9201180,0,6.411023,9,120,679,2073600,0,224790.6,30,0,32,24,347993.2,495,108,23499,0,1310170,51402,1075,0,36,0,10395480,8,0,0,0,Foxt0Go8Lb,RO12,taul,1K8T,TyGl,9GJGgoz,VxuX5zo5nA,t7tD,9_Y1,rGJy,sJzTlal,haYg,Kxdu,kIsH,uKAI,Mtgm,FMSzZ91zL2,11pG9ir,XZu1,UYBR,AU8_WTd,Tvpip6Z,zCkv,hHJsvbM,jySVZNlOJy,Qu4f,6fzt,4rd_
0,1680,0,0,980,1225,584,200,0,16824,0,2.381115,18,24,0,435120,0,3249.81,0,32,152,408,106832.4,3020,30,0,0,426290,146898,0,0,18,132398,961008,200,146106,0,0,wRXmfo875g,RO12,taul,1K8T,LloI,Wju1gJV,mzDZadGIEhIBI,Mksb,9_Y1,wGwL,sJzTlal,IYzP,me75fM6ugJ,kIsH,uKAI,L84s,NhsEn4L,mAjbk_S,DBGR,cJvF,FzaX,2JIC5vH,oslk,_1yunYn,LM8l689qOp,wX53,RAYp,F2FyR07IdsN7I
0,931,7,376,144,180,8,320.4,0,10275840,0,6.137578,18,78,112,177712,0,203484.3,45,0,32,8,117983.6,545,126,43515,0,266300,172800,3420,0,0,0,10490680,8,0,0,0,HOvt0Go8Lb,RO12,taul,1K8T,wGW5,oSpM9_c,e1XhvTunuD,Hfs5,9_Y1,rGJy,09_Q,IYzP,me75fM6ugJ,kIsH,uKAI,Mtgm,NhsEn4L,mAjbk_S,EH3H,cJvF,OFWH,_KnuhvP,oslk,k0gYyp5,M_8D,Qu4f,RAYp,F2FyR07IdsN7I
0,1309,0,16,228,285,48,552.24,0,2649168,0,2.639607,9,184,0,3786760,0,107802.3,15,10,80,64,111084,710,108,16578,0,3665660,221862,0,0,18,111783,7610800,34,84846,0,0,25_t0Gdncc,2Knk1KF,taul,1K8T,bhvQ,fhk21Ss,nQUHwvXN9l,Bp6l,9_Y1,cyKH,09_Q,haYg,7M47J5GA0pTYIFxg5uy,kIsH,g5HH,L84s,_5OXC8MSLt,LxWhDOK,bCpn,cJvF,FzaX,4UxGlow,oslk,catzS2D,LM8l689qOp,me1d,ZI9m,iyHGyLCEkQ
0,1232,14,1980,136,170,48,254,0,3480360,0,4.132023,18,120,266,3168080,12,99507.59,20,2,32,40,44727.2,500,54,2043,64,3300760,754810,360,0,9,554414,9391680,18,392496,2,21,jg69tYsGvO,2Knk1KF,taul,1K8T,0Xwj,4e3JKO_,ttS8,MQZB,HLqf,YULl,VpdQ,sYC_,me75fM6ugJ,sBgB,uKAI,L84s,NhsEn4L,teAyFc5,EbmI,UYBR,FzaX,IGMYlW4,oslk,IbpTE6Y,jySVZNlOJy,FSa2,RAYp,55YFVY9
0,2555,7,1080,308,385,208,166.56,0,1629558,0,5.57445,9,142,301,1098984,0,28041.66,10,20,96,104,135600.8,1420,42,36171,0,1326455,335598,285,0,9,367703,4664480,38,1087092,0,0,2AAWq69R_D,rEUOq2QD1qfkRr6qpua,taul,1K8T,j1T2,aSDuXRS,FoJylxy,2g7F,9_Y1,0A_v,VpdQ,wMei,DHn_WUyBhW_whjA88g9bvA64_,kIsH,uKAI,L84s,UbxQ8lZ,teAAe2o,yCtu,UYBR,FzaX,fOgip6Z,Al6ZaUT,meh9hga,LM8l689qOp,PM2D,02N6s8f,ib5G6X1eUxUn6
0,882,0,0,336,420,120,166.56,0,30846,0,5.463363,18,26,0,231080,0,3157.44,5,18,176,200,780.284,1035,42,0,0,139155,37826,0,0,0,46060,341264,54,21618,0,0,GcUBcmz45j,RO12,taul,1K8T,uNkU,oKsne2L,ZZ7H_hi,cqg9,9_Y1,KubS,VpdQ,IYzP,me75fM6ugJ,sBgB,uKAI,L84s,NhsEn4L,uZL60aU,NLby,cJvF,FzaX,iEXADXQ,oslk,xWWynIC,LM8l689qOp,Qcbd,RAYp,F2FyR07IdsN7I
0,406,7,64,32,40,8,11.56128,0,0,0,0.77163,9,34,0,20288,0,3460.74,0,8,16,16,-1774236,105,0,30393,0,6890,2236,350,0,0,0,34684,2,21834,0,0,xddq9ayfAo,w9ygS99Qp_,taul,1K8T,PShj,NUXXmCB,Z8ZAV8jDl3,JlzJ,9_Y1,vm5R,VpdQ,IYzP,DHn_WUyBhW_whjA88g9bvA64_,kIsH,uKAI,Mtgm,CrNX,7N7iRy5,fiay,cJvF,FzaX,31vfMTs,d0EEeJi,8YsJhJw,LM8l689qOp,7P5s,nIGXDli,R4y5gQQWY8OodqDV
0,28,0,28,196,245,24,166.56,0,0,0,6.319803,27,50,0,0,0,7278.84,0,0,0,0,-32208.16,890,0,11394,0,175995,534,0,0,0,0,141864,92,0,0,0,zKnr4RXktW,RO12,taul,1K8T,AkfA,cOsn2LP,_jTP8ioIlJ,apFl,9_Y1,Cgc3,VpdQ,IYzP,DHn_WUyBhW_whjA88g9bvA64_,kIsH,uKAI,L84s,CrNX,mAjbq_f,s1MO,cJvF,FzaX,s3v3a4R,d0EEeJi,pYQHjQO,M_8D,Xa3G,nIGXDli,F2FyR07IdsN7I
0,182,0,0,132,165,8,220.08,0,4075230,0,2.808588,9,16,0,1008576,3,156768.3,15,4,40,40,241111.2,525,72,0,8,6544450,35308,0,0,0,163555,10012560,20,269256,0,0,LDPvyx7IEC,RO12,taul,1K8T,Bxva,G2zwXf5,S85klZI_wB,UnLR,9_Y1,f4dr,09_Q,IYzP,me75fM6ugJ,kIsH,uKAI,L84s,NhsEn4L,mAjAVZm,46_H,cJvF,FzaX,KhWfR8o,oslk,0MpQv5o,LM8l689qOp,szEZ,RAYp,F2FyR07IdsN7I
0,441,7,52,92,115,48,166.56,0,0,0,6.15894,9,148,7,76680,0,7533.6,0,4,24,32,-41520.4,375,0,51039,0,167340,30922,210,0,18,71477,303248,22,103788,0,0,dRagUHXM47,onTuEhrJJQy_H3IHkZku5AFczhYGqxJ890,taul,1K8T,0Xwj,fqeOwLG,Gai9lEF2Fr,ZZSJ,HLqf,fTh6,sJzTlal,haYg,7M47J5GA0pTYIFxg5uy,sBgB,uKAI,L84s,TVE1uh4F_wOi_,OFqSTqG,LI0l,UYBR,FzaX,fxJmel6,zCkv,WfsWw2A,LM8l689qOp,453m,ZI9m,iyHGyLCEkQ
0,4018,21,2852,1656,2070,248,261.52,0,7347240,0,4.64388,27,196,175,832600,0,21530.7,35,0,24,320,55781.6,5895,150,8136,0,2827380,101544,1060,0,18,0,9698280,622,0,0,0,dRagUHXM47,RO12,taul,1K8T,JLbT,fhk21Ss,r83_sZi,upEj,9_Y1,STGZ,VpdQ,y6dw,7M47J5GA0pTYIFxg5uy,kIsH,uKAI,L84s,_5OXC8MSLt,7N7IJ5y,Caho,UYBR,FzaX,4UxGlow,oslk,catzS2D,M_8D,453m,ZI9m,iyHGyLCEkQ
0,2716,7,468,200,250,48,220.08,0,6532620,0,5.415082,9,36,7,1650792,0,32549.7,25,4,56,32,193548.8,840,108,22221,0,3544715,586520,335,0,9,249158,10723600,30,146634,0,0,8Iqt0G8rTN,RO12,taul,1K8T,NF63,gwY4NQF,y2LIM03TrE,1lzu,9_Y1,k13i,09_Q,IYzP,me75fM6ugJ,kIsH,uKAI,L84s,NhsEn4L,mAjcfkM,pKu6,cJvF,FzaX,t5EoLzk,oslk,ag5iNPX,LM8l689qOp,fKCe,RAYp,F2FyR07IdsN7I
0,1540,7,1960,172,215,128,226.72,0,6540,0,6.440077,9,180,42,685456,3,13456.2,0,14,56,120,-12362.56,835,12,28809,16,72020,237164,1610,0,18,164899,1034668,6,233454,0,7,C2Dvyx875g,AERks4l,taul,1K8T,JLbT,fhk21Ss,k10MzgT,D6lg,9_Y1,MBhA,VpdQ,kxE9,7M47J5GA0pTYIFxg5uy,kIsH,uKAI,L84s,XfqtO3UdzaXh_,_JdH8mF,5smi,UYBR,FzaX,4UxGlow,oslk,catzS2D,LM8l689qOp,WqMG,ZI9m,ib5G6X1eUxUn6
0,784,7,1932,132,165,40,253.52,0,3328608,0,1.55565,9,74,231,3169032,0,228861.6,15,4,32,40,253508.4,510,42,30573,0,4358235,792560,2620,0,18,0,10460280,22,950916,0,0,_v2TmBftjz,RO12,ev6I,1K8T,ssAy,FJDupBg,0Q6reaCvqu,S3Ne,9_Y1,4N0K,VpdQ,wMei,7M47J5GA0pTYIFxg5uy,kIsH,uKAI,L84s,E1aAZ0x7vd,OFqVH0t,NGkP,cJvF,FzaX,OYHoGfM,QKW8DRm,RlTh9x_,LM8l689qOp,Qu4f,vJ_w8kB,WfJYmPMksSqa1pajvfG
0,1806,21,4912,304,380,96,33.44,10,1662,9,2.353343,27,58,189,358600,0,21491.52,0,0,88,152,-56335.6,1525,6,2916,24,781095,51504,810,0,9,81690,908292,88,0,0,0,CEaBcmz45j,AERks4l,taul,1K8T,KqYs,PHNvXy8,_jTP8ioIlJ,QAo7,9_Y1,KubS,VpdQ,IYzP,NKv3VA1BpP,kIsH,uKAI,L84s,Ie_5MZs,y5FEvJ5,wxsM,cJvF,FzaX,UF16siJ,zCkv,APgdzOv,LM8l689qOp,Qcbd,6fzt,xwM2aC7IdeMC0
0,1596,14,4096,112,140,32,243.44,0,2395674,0,0.01260414,18,130,371,2444920,3,97509.91,15,0,24,32,253766.4,1515,42,14490,8,6146000,870626,2255,0,36,0,10428080,20,0,0,0,crIt0Go8Lb,2Knk1KF,taul,1K8T,xgSF,wGQ47iP,IG_G867,SSYN,9_Y1,Z5OU,VpdQ,sYC_,me75fM6ugJ,kIsH,uKAI,L84s,NhsEn4L,beK4AFX,oouM,UYBR,FzaX,GOYABPr,oslk,huSQguc,LM8l689qOp,Qu4f,RAYp,55YFVY9
0,756,7,520,148,185,24,258.88,0,6633780,0,3.354198,18,42,7,1382400,0,227875.5,35,0,40,16,94655.6,540,84,13005,0,3586275,62434,175,0,9,604800,10315120,22,0,0,0,zKnr4RXktW,RO12,taul,1K8T,0YIT,fIZg0iR,LH0kFz12FM,1RZ6,9_Y1,TFSW,09_Q,zm5i,me75fM6ugJ,kIsH,uKAI,L84s,NhsEn4L,mAjbk_S,kE_W,cJvF,Lmli,kM3Ojel,oslk,20HE4Qn,M_8D,Xa3G,RAYp,F2FyR07IdsN7I
0,770,7,276,184,230,88,176.56,0,3801684,0,2.715232,9,52,112,702024,6,56395.5,25,8,40,48,672592,600,84,75924,24,652090,439184,1125,0,9,48979,5836000,12,489528,0,7,zKnr4RXktW,RO12,taul,1K8T,1TqK,cmPXOhW,qZsAqpg,zuv2,9_Y1,Zazx,09_Q,43pnToF,me75fM6ugJ,kIsH,uKAI,L84s,NhsEn4L,mAjbk_S,WMli,UYBR,FzaX,tjWYlW4,oslk,T_gzrB7,LM8l689qOp,Xa3G,RAYp,F2FyR07IdsN7I
0,791,7,40,120,150,0,286.96,0,27090,0,3.712028,9,76,0,5529608,0,187952.1,0,0,32,64,183607.2,480,6,153,0,9072000,0,100,0,27,0,10040480,42,0,0,0,8I1q9ayE15,RO12,taul,1K8T,487l,7CnExHa,y2LuFUfSEo,CIJD,9_Y1,AKLO,VpdQ,IYzP,me75fM6ugJ,kIsH,uKAI,L84s,NhsEn4L,mAja5EA,nQWJ,cJvF,FzaX,82JRa8C,oslk,bIKqbV5,LM8l689qOp,TNEC,RAYp,F2FyR07IdsN7I
0,959,7,1904,196,245,56,286.96,0,4073790,0,1.828669,9,88,14,6209768,0,144824.7,0,0,32,72,134898.8,660,66,3177,0,5297800,231038,4905,0,18,604800,10521080,44,0,0,0,KXMgUH7IEC,RO12,taul,1K8T,TyGl,9GJGgoz,q5U59Gc,_zWW,9_Y1,1Bp0,VpdQ,6JmL,Kxdu,kIsH,uKAI,L84s,FMSzZ91zL2,jawnQiL,y2dh,cJvF,FzaX,Tvpip6Z,zCkv,hHJsvbM,LM8l689qOp,WqMG,6fzt,SbOd7O8ky1wGNxp0Arj0Xs
0,994,21,4480,276,345,232,166.56,0,45384,0,2.884426,27,132,231,252288,0,4950.99,0,4,40,64,-1699876,885,42,28566,0,220470,124354,8530,0,9,74193,604472,46,34482,0,0,75lq9ayfAo,2Knk1KF,taul,1K8T,hAOr,im_AExd,BIxuwM5,nhBW,9_Y1,F_Lu,VpdQ,haYg,me75fM6ugJ,kIsH,uKAI,Mtgm,XfqtO3UdzaXh_,11p4mKe,6WAf,cJvF,FzaX,ClzQFkJ,oslk,PCWjxQb,LM8l689qOp,TNEC,RAYp,55YFVY9
0,798,7,8,116,145,104,133.12,0,2527506,0,6.465499,9,46,0,304,0,183639.3,15,8,24,8,-39856.56,510,30,4482,0,1296000,2246400,145,0,0,266,9536880,6,2073600,0,0,vAsTmBfHUn,RO12,taul,1K8T,LFM_,gNIgCYR,EtTrj68WJU,lJO3,9_Y1,4N0K,sJzTlal,IYzP,me75fM6ugJ,kIsH,uKAI,Mtgm,NhsEn4L,TDcECyH,nKzj,UYBR,FzaX,aD1vOIl,oslk,NnYzgmc,jySVZNlOJy,Qu4f,RAYp,F2FyR07IdsN7I
0,1183,7,324,152,190,8,373.04,0,5943690,0,4.923948,9,60,14,3078472,0,165086.1,20,6,56,40,1088956,550,84,18702,0,4381440,38970,2825,0,18,0,10623320,22,234330,0,0,qXhOj1dtN_,RO12,taul,1K8T,4fje,UsSY9Q6,yiXKNUCbD1,2abi,9_Y1,DFSe,VpdQ,hzlB,me75fM6ugJ,kIsH,g5HH,L84s,XfqtO3UdzaXh_,mAjKef6,JrMM,cJvF,FzaX,UF10FxM,oslk,BlJqCcD,jySVZNlOJy,me1d,RAYp,F2FyR07IdsN7I
0,525,7,304,40,50,32,200,0,35328,0,0.000640889,9,30,0,0,0,10732.47,0,0,0,0,4063.44,235,6,82485,0,17470,7688,1505,0,0,0,52904,10,0,0,0,BQavyxLp3Z,AERks4l,taul,1K8T,JLbT,fayYfhR,glRBFJT8NN,S7OZ,9_Y1,vzJD,VpdQ,IYzP,DHn_WUyBhW_whjA88g9bvA64_,kIsH,uKAI,L84s,JBfYVit4g8,mAjw7zy,Hqf1,cJvF,FzaX,KbkKEj0,Al6ZaUT,QqVuch3,LM8l689qOp,xb3V,02N6s8f,xwM2aC7IdeMC0
0,1078,7,132,124,155,0,295.52,0,144300,0,2.402905,18,100,0,6220800,0,139817.4,0,0,32,72,149137.2,510,6,37359,0,9072000,0,30,0,18,604800,10464200,42,0,0,0,1GdOj17ejg,RO12,taul,1K8T,aD1X,9GJGgoz,_UtlxbJ,m8nX,9_Y1,zfpA,VpdQ,hzlB,Kxdu,kIsH,uKAI,L84s,FMSzZ91zL2,11pG9ir,lgEx,UYBR,FzaX,Tvpip6Z,zCkv,hHJsvbM,LM8l689qOp,7aLG,6fzt,SbOd7O8ky1wGNxp0Arj0Xs
0,1316,0,0,212,265,136,166.56,0,0,0,0.6507156,9,26,0,465432,0,20070.33,0,12,24,80,-76771.6,1020,0,0,0,1134190,194834,0,0,18,137676,1788304,40,387852,0,0,vAsvyx7ejg,RO12,taul,1K8T,7M9D,G2zwXf5,nJy8d8N5V7yiy,841I,9_Y1,f4dr,VpdQ,IYzP,me75fM6ugJ,kIsH,uKAI,L84s,NhsEn4L,mAjbk_S,4xfT,cJvF,FzaX,KhWfR8o,oslk,0MpQv5o,LM8l689qOp,szEZ,RAYp,F2FyR07IdsN7I
0,581,0,12,84,105,8,278.08,0,0,0,6.355266,9,58,0,369896,0,5758.35,0,2,24,16,-2172.428,410,0,0,0,137400,1832,0,0,0,240170,316996,34,27696,0,0,dRaq9ayE15,RO12,taul,1K8T,kNzO,JZmRiq8,yEFIHeU,5EtP,9_Y1,kJJ7,VpdQ,IYzP,me75fM6ugJ,kIsH,uKAI,L84s,NhsEn4L,kq0n8Bj,T98R,UYBR,FzaX,tS19OJS,oslk,unpQ3DB,LM8l689qOp,7P5s,RAYp,F2FyR07IdsN7I
0,931,0,4,168,210,120,233.44,0,162,0,3.432386,9,58,7,1585488,0,55662.3,0,14,32,80,-508592,645,6,2196,0,755615,50528,0,0,0,370741,1626880,18,192720,0,0,HYTrjIK12c,RO12,taul,1K8T,487l,iUUFmdU,itSGh3t,NtSq,9_Y1,7WNq,VpdQ,IYzP,me75fM6ugJ,kIsH,uKAI,L84s,NhsEn4L,kq0n8Bj,ht8x,cJvF,qxDb,yMClh_I,oslk,cwUu5Qc,LM8l689qOp,WqMG,RAYp,F2FyR07IdsN7I
0,301,7,56,208,260,208,198.72,5,555948,0,1.775048,9,104,0,368824,9,10576.71,0,12,48,64,-1489848,395,12,2943,48,251115,352378,360,0,9,279349,1799564,20,508308,0,14,CxSr4RXktW,RO12,taul,1K8T,EzKK,Np_47cQ,JsluJ5C,Wtr4,9_Y1,Cgc3,VpdQ,IYzP,me75fM6ugJ,kIsH,uKAI,L84s,XfqtO3UdzaXh_,11p4mKe,aH0r,cJvF,FzaX,uHZYWu3,oslk,8C02pc5,LM8l689qOp,Xa3G,RAYp,F2FyR07IdsN7I
0,973,7,1660,168,210,64,253.52,0,4470510,0,3.106387,9,152,812,3268816,0,176719.2,20,4,40,48,118014,580,72,30726,0,3610460,827398,1290,0,27,0,10532320,20,160680,0,0,DHeTmBftjz,LrdZy8QqgUfkVShG,taul,1K8T,OY2L,fhk21Ss,k10MzgT,M2aQ,9_Y1,Gx0B,VpdQ,wMei,7M47J5GA0pTYIFxg5uy,kIsH,uKAI,L84s,UbxQ8lZ,teAAe2o,WiRn,cJvF,FzaX,4UxGlow,Al6ZaUT,catzS2D,LM8l689qOp,Qu4f,ZI9m,ib5G6X1eUxUn6
0,980,7,32,84,105,24,265.76,0,5618490,0,2.763726,9,36,0,1707672,0,138437.1,5,2,16,8,3957.284,430,42,2592,0,2967955,831494,265,0,27,2275553,10117280,16,1950474,0,0,64ngUH7IEC,RO12,taul,1K8T,dm89,eYPJuq4,9HOPNsJ,Tkse,9_Y1,1Bp0,09_Q,zm5i,me75fM6ugJ,kIsH,uKAI,L84s,NhsEn4L,kZJtVhC,SssI,UYBR,FzaX,42Uv66D,oslk,_BMKSUK,LM8l689qOp,WqMG,RAYp,F2FyR07IdsN7I
0,1043,7,5536,92,115,64,176.56,0,9480,0,6.387951,9,174,364,107224,0,3616.26,0,2,40,56,23861.16,890,6,15075,0,40655,9746,1220,0,9,3206,113780,12,2748,0,0,2jirEyXktW,qqimvRzsp8ZZdKRPgzLg68joSn_k,taul,1K8T,0Xwj,fhk21Ss,P9HTde2,iBMC,HLqf,SkZj,VpdQ,haYg,7M47J5GA0pTYIFxg5uy,sBgB,uKAI,L84s,XfqtO3UdzaXh_,_JdH8mF,QSB0,cJvF,wwPEXoilkr,4UxGlow,oslk,catzS2D,LM8l689qOp,Aoh3,ZI9m,iyHGyLCEkQ
0,448,0,0,136,170,0,242.56,0,1512030,0,6.170263,9,24,0,3456000,0,210529.2,30,4,56,40,470800,540,18,0,0,7478850,0,0,0,9,604800,10347400,36,378054,0,0,LDPvyx7IEC,RO12,taul,1K8T,Bxva,cMjcTxR,88EhRq8,k2fE,9_Y1,qaiO,sJzTlal,zm5i,me75fM6ugJ,kIsH,uKAI,L84s,NhsEn4L,mAja5EA,9aZN,cJvF,FzaX,fabfGrO,oslk,TT_zF_Q,LM8l689qOp,szEZ,RAYp,F2FyR07IdsN7I
0,602,7,88,28,35,0,86.96,10,152718,0,3.791497,18,98,7,1382400,6,142668.3,0,0,8,16,-757916,215,6,68967,40,1728000,0,1170,0,27,604800,2175412,8,0,0,7,HAoOj1KXzC,RO12,taul,1K8T,ZNsX,60saF5r,FeQwJIsgtE1A3,NQ9M,9_Y1,vYXv,09_Q,TIA9,me75fM6ugJ,kIsH,uKAI,L84s,XfqtO3UdzaXh_,11p4mKe,FWYo,cJvF,FzaX,nJQfR8o,oslk,4lYAgOW,LM8l689qOp,kwS7,RAYp,F2FyR07IdsN7I
0,1064,7,3604,168,210,56,186.64,0,3726996,0,5.850886,27,118,1281,1382400,0,165273.3,15,8,32,16,101140,670,48,12915,0,3829545,1081040,1860,0,36,1209600,10468440,36,1736412,0,0,hSovyx7IEC,RO12,taul,1K8T,wOc1,iJzviRg,glRBFJT8NN,Bwjm,9_Y1,xSqs,VpdQ,giwq,7M47J5GA0pTYIFxg5uy,kIsH,uKAI,L84s,a3CcPDe,CWNY0Yo,s55p,UYBR,FzaX,ch2oGfM,QKW8DRm,P6pu4Vl,LM8l689qOp,szEZ,ZI9m,R4y5gQQWY8OodqDV
0,3178,28,2372,132,165,8,269.76,0,0,0,3.021363,54,70,609,2938072,0,28287.39,0,6,32,64,17932.56,575,0,693,0,5750600,23538,17325,0,18,644749,6551280,42,652044,0,0,YddTmBtueT,RO12,taul,1K8T,AnrR,9GJGgoz,bAyJC1anwc,jtvC,9_Y1,C6Eu,sJzTlal,giwq,Kxdu,kIsH,uKAI,L84s,FMSzZ91zL2,11pnaL4,QmWT,cJvF,FzaX,Tvpip6Z,zCkv,hHJsvbM,jySVZNlOJy,rgKb,6fzt,R4y5gQQWY8OodqDV
0,2107,7,312,228,285,40,166.56,0,358230,0,3.222602,9,46,7,3144536,0,42923.4,10,0,48,96,261910.4,920,60,37107,0,4898265,50878,485,0,9,111720,5871560,56,0,0,0,mCGq9ayE15,RO12,taul,1K8T,0Xwj,JNrtyiI,8nstQ62E0C,x4fh,HLqf,QBpP,VpdQ,43pnToF,me75fM6ugJ,sBgB,uKAI,L84s,NhsEn4L,mAjbk_S,IE9_,cJvF,FzaX,N0iTUAd,oslk,uz9YHwu,LM8l689qOp,7P5s,RAYp,F2FyR07IdsN7I
0,875,0,0,188,235,40,220.08,0,2567142,0,0.1826533,9,28,0,3710552,0,65754,45,4,88,64,547412,695,42,0,0,5603300,457930,0,0,18,0,10498600,32,227946,0,0,Yddq9ayE15,RO12,taul,1K8T,lK27,BrhNGWG,P9HTde2,RWBp,9_Y1,F_Lu,VpdQ,IYzP,DHn_WUyBhW_whjA88g9bvA64_,kIsH,uKAI,Mtgm,CrNX,y5FewfI,Fggj,UYBR,FzaX,yMC_H4Q,d0EEeJi,mS4Cort,jySVZNlOJy,TNEC,nIGXDli,F2FyR07IdsN7I
0,854,7,4532,164,205,72,384.8,0,1269912,0,2.360607,18,94,203,2764800,0,202213.8,20,4,32,32,83489.2,610,36,49428,0,4344265,1468210,3360,0,45,604800,10372000,32,1036800,0,0,voArjIXt5a,AERks4l,taul,1K8T,IvdZ,PHNvXy8,glRBFJT8NN,mYqm,9_Y1,WIr3,VpdQ,TIA9,NKv3VA1BpP,kIsH,uKAI,L84s,Ie_5MZs,OFqdri0,c0Iv,cJvF,FzaX,UF16siJ,zCkv,APgdzOv,jySVZNlOJy,5Acm,6fzt,xwM2aC7IdeMC0
0,245,0,0,8,10,0,286.96,0,0,0,3.676138,27,24,0,0,0,174131.7,0,0,0,0,-990156,245,0,0,0,127370,0,0,0,9,0,101896,4,0,0,0,HrWq9aXt5a,RO12,taul,1K8T,TLkP,xUTqnbN,NW71mrodGH,gaWR,9_Y1,Y9Bl,VpdQ,zm5i,me75fM6ugJ,kIsH,uKAI,L84s,NhsEn4L,mAja5EA,AOJZ,cJvF,FzaX,LwGVino,oslk,xYH_Q4n,LM8l689qOp,uWr3,RAYp,F2FyR07IdsN7I
0,826,14,180,112,140,72,253.52,0,1555200,0,6.475326,18,88,0,2764800,0,197618.7,5,10,32,32,263441.2,355,18,9981,0,2173715,1551528,370,0,18,0,9095480,12,2232990,0,0,dRaTmBfHUn,RO12,taul,1K8T,LFM_,65yJUS7,msIzzNai_Z,Q5Ne,9_Y1,4N0K,VpdQ,sYC_,me75fM6ugJ,kIsH,uKAI,L84s,NhsEn4L,beK4AFX,FxCC,cJvF,FzaX,qcEvOIl,oslk,INp7j0h,jySVZNlOJy,Qu4f,RAYp,F2FyR07IdsN7I
0,1029,14,168,144,180,24,254.72,0,6333840,0,6.856013,27,54,231,2182176,0,100675.2,25,2,48,40,112349.2,545,78,33210,0,3780075,385082,2195,0,9,42945,10427080,18,40770,0,0,zcRZptzip9,RO12,taul,1K8T,lK27,F2Ocuxz,hCdK,1AB4,9_Y1,t_4G,VpdQ,43pnToF,DHn_WUyBhW_whjA88g9bvA64_,kIsH,uKAI,L84s,CrNX,NGZ_12K,BIXx,cJvF,qxDb,ZhBuEK3,d0EEeJi,ptT89kv,LM8l689qOp,Qu4f,nIGXDli,F2FyR07IdsN7I
0,651,14,1244,132,165,8,240.16,0,7620780,0,5.788079,27,32,119,3456000,0,232921.5,20,0,32,40,153146,480,90,684,0,2932585,40936,560,0,9,0,10618880,16,0,0,0,DHevyx7IEC,RO12,taul,1K8T,lK27,cJKfmkh,n1zVHpT8NN,kKp4,9_Y1,YGOC,09_Q,IYzP,me75fM6ugJ,kIsH,uKAI,L84s,NhsEn4L,kZJtVhC,SMDf,UYBR,FzaX,HJNVoxc,oslk,qlCDnag,jySVZNlOJy,szEZ,RAYp,F2FyR07IdsN7I
0,1001,14,3276,140,175,64,166.56,0,4742934,0,2.962828,27,168,742,1177984,0,109492.8,5,6,24,40,-6388.28,650,66,39168,0,1896825,684710,4030,0,27,0,7908640,14,1555200,0,0,Iskvyx875g,bYmQ4nc,taul,1K8T,yMvB,fhk21Ss,LH0kFz12FM,PFwG,9_Y1,MBhA,09_Q,haYg,7M47J5GA0pTYIFxg5uy,kIsH,uKAI,L84s,4kVnq_T26xq1p,XTbSTqG,D_Jh,UYBR,FzaX,4UxGlow,zCkv,catzS2D,jySVZNlOJy,WqMG,ZI9m,ib5G6X1eUxUn6
0,483,7,976,48,60,16,220.08,0,6720120,0,0.1758171,9,30,0,5023824,0,231053.1,5,0,16,16,773676,405,36,118665,0,195230,405738,10420,0,0,0,9195760,2,0,0,0,xOXr4RXktW,RO12,taul,1K8T,Bxva,ojHnF0C,n1zVHpT8NN,r9NH,9_Y1,Zazx,sJzTlal,IYzP,me75fM6ugJ,kIsH,uKAI,L84s,NhsEn4L,mAjAVZm,oi70,cJvF,FzaX,KhlYWu3,oslk,83UEsaq,LM8l689qOp,Xa3G,RAYp,F2FyR07IdsN7I
0,1715,28,1720,20,25,24,253.52,0,0,0,2.045076,36,106,63,0,0,46716.6,0,2,0,0,1184444,565,0,26118,0,1690870,2932160,1130,0,36,0,9636240,2,3628800,0,0,_v2vyx7IEC,2Knk1KF,taul,1K8T,Bxva,tSzBmIU,r83_sZi,Qx0q,9_Y1,f4dr,VpdQ,haYg,me75fM6ugJ,kIsH,uKAI,L84s,XfqtO3UdzaXh_,XTbPUYD,6rIo,cJvF,FzaX,GpvmS85,oslk,HD2ldxq,LM8l689qOp,szEZ,RAYp,55YFVY9
0,665,0,616,24,30,16,220.08,0,2989680,0,3.958556,9,34,7,4763728,0,253887.6,0,0,8,8,1416480,285,18,0,0,0,2419200,0,0,27,0,9213400,0,0,0,0,639qrQK2Mx,RO12,taul,1K8T,0Xwj,XvJ7pE3,Gai9lEF2Fr,ihqY,F3hy,15m3,09_Q,zm5i,me75fM6ugJ,kIsH,uKAI,L84s,NhsEn4L,mAjbk_S,kchB,cJvF,FzaX,FgkYlW4,oslk,iHXRkup,LM8l689qOp,FSa2,RAYp,F2FyR07IdsN7I
0,1085,14,972,140,175,16,186.64,0,10738680,0,5.099765,18,78,21,1382400,0,145244.4,35,0,32,16,172572,525,132,27405,0,457715,44394,1660,0,9,0,10724480,4,0,0,0,639TmBQxul,RO12,taul,1K8T,EJC9,zBUVCna,C4RQCNp,HoxR,9_Y1,TjV7,VpdQ,43pnToF,me75fM6ugJ,kIsH,uKAI,L84s,NhsEn4L,mAjbk_S,_2Cs,UYBR,FzaX,Y2C3PT5,oslk,OIZcOcw,LM8l689qOp,FSa2,RAYp,F2FyR07IdsN7I
0,2975,7,224,668,835,384,230.08,0,6834900,0,4.561846,18,32,28,1317120,0,57413.7,35,14,152,272,142452,1960,96,55314,0,2691920,615074,90,0,9,263753,10729680,110,582804,0,0,FAJWq69cTy,RO12,taul,1K8T,j1T2,gLjbxgw,msIqHk8toE,bhcB,9_Y1,Px52,VpdQ,IYzP,me75fM6ugJ,kIsH,uKAI,L84s,NhsEn4L,kZJtVhC,6Pxx,cJvF,FzaX,qcEoI0_,oslk,fXLavGi,LM8l689qOp,PM2D,RAYp,F2FyR07IdsN7I
0,798,0,3068,132,165,16,230.08,0,5848026,0,5.21427,54,104,21,162832,0,69845.41,10,0,24,16,-613948,365,78,58068,0,605665,86296,0,0,18,0,5228480,28,0,0,0,a4vvyxLkBI,RO12,taul,1K8T,UpNf,UKQvcTJ,9YuYZx0Xsm,fTvJ,9_Y1,vzJD,VpdQ,Tkho,me75fM6ugJ,kIsH,uKAI,L84s,NhsEn4L,kq0aHkC,zPlC,cJvF,FzaX,75woGGc,oslk,23ZMCCr,LM8l689qOp,xb3V,RAYp,F2FyR07IdsN7I
0,756,7,1112,44,55,24,256.96,0,894858,0,3.168981,9,40,112,1849832,0,213840.3,0,4,8,8,-31915.72,345,12,8964,0,4145850,169498,3610,0,18,4233600,10015560,6,7257600,0,0,npOBcmzkzH,RO12,taul,1K8T,tXti,XaPbxgw,NW71mrodGH,M6U0,9_Y1,4nnx,VpdQ,lVqb,me75fM6ugJ,kIsH,uKAI,L84s,XfqtO3UdzaXh_,11p4mKe,w4nh,cJvF,FzaX,vU6OVQC,oslk,POx7j0h,LM8l689qOp,Qcbd,RAYp,F2FyR07IdsN7I
0,924,14,2084,144,180,32,253.52,0,6293640,0,6.797479,18,80,35,3919520,0,170291.7,10,2,40,56,276438.8,545,84,6093,0,3102945,529090,625,0,18,604800,10569640,16,518400,0,0,LDPq9ayfAo,RO12,taul,1K8T,JLbT,0Vr7wZ4,9YuuPSz3BI,p8yf,9_Y1,kJJ7,VpdQ,43pnToF,Kxdu,kIsH,uKAI,Mtgm,FMSzZ91zL2,kq04MS5,su6u,cJvF,FzaX,XbZitea,zCkv,DHPNgqU,LM8l689qOp,7P5s,6fzt,JnGLH58smNxIYcGK39k
0,2576,7,336,356,445,304,200,0,12714,0,6.089083,27,82,0,1876592,0,26523.96,0,26,96,136,62919.2,1530,42,612,0,705055,534768,55,0,27,480816,3073864,28,740268,0,0,2jiWq69cTy,RO12,taul,1K8T,ssAy,tUu4spc,VFlQOb9Jb2VDUnx_,rUj7,9_Y1,Px52,09_Q,lVqb,me75fM6ugJ,kIsH,uKAI,L84s,XfqtO3UdzaXh_,11p4mKe,XzF9,cJvF,FzaX,2JI8iqZ,oslk,_1y7DIf,LM8l689qOp,PM2D,RAYp,F2FyR07IdsN7I
0,595,7,224,64,80,16,166.56,0,7272,0,3.974792,9,74,70,57424,0,5848.11,0,2,8,24,-74924,425,6,53298,0,31100,5488,460,0,9,0,93684,18,36402,0,0,1fZWq6e2Rv,snf9xe6PBwBZ8lKzhEz,taul,1K8T,0Xwj,iYI85Wp,8o3WlGR,MGaR,F3hy,_xpN,09_Q,kxE9,NKv3VA1BpP,kIsH,uKAI,L84s,1YxyYTLbzthWO,IoIsDf5,TN2A,UYBR,FzaX,R8kKx11,zCkv,X9a41Yn,LM8l689qOp,FSa2,6fzt,xwM2aC7IdeMC0
0,2863,7,24,460,575,376,166.56,0,144438,0,5.311899,9,96,0,81496,0,18243.24,45,44,152,96,-297178,1020,102,12366,0,48675,132850,510,0,0,37107,633444,16,55722,0,0,IXSgUHShse,RO12,taul,1K8T,4fje,jwhtMxl,X9VTIUe,85IW,9_Y1,RVjC,VpdQ,IYzP,me75fM6ugJ,kIsH,uKAI,L84s,NhsEn4L,kq062QV,ETNp,UYBR,FzaX,fabLnWA,oslk,EPqQcw6,LM8l689qOp,FSa2,RAYp,F2FyR07IdsN7I
0,2135,21,292,500,625,440,166.56,0,9378,0,0.8797265,27,34,252,78800,0,7610.521,5,32,136,144,41118.8,2200,36,3834,0,194375,185654,280,0,0,48069,670416,58,143442,0,0,8Iqt0G8rTN,RO12,taul,1K8T,lK27,gwY4NQF,wXYSEee,iI4_,9_Y1,k13i,09_Q,IYzP,me75fM6ugJ,kIsH,uKAI,L84s,NhsEn4L,mAjbk_S,MEyD,cJvF,FzaX,t5EoLzk,oslk,ag5iNPX,LM8l689qOp,fKCe,RAYp,F2FyR07IdsN7I
0,21,0,0,28,35,0,247.76,0,728454,0,3.330058,9,12,0,1128928,6,301083,0,2,8,16,-300838,35,6,0,24,948485,0,0,0,0,378980,2810096,6,1501812,0,7,m9SrEy7Rm6,RO12,taul,1K8T,0Xwj,dpLnqNs,nQU2P_OLn0,8jQy,HLqf,X8zP,VpdQ,IYzP,me75fM6ugJ,sBgB,uKAI,L84s,NhsEn4L,NGZxnJM,z5GL,cJvF,FzaX,9F7m0jM,oslk,jrbDSFl,LM8l689qOp,Aoh3,RAYp,F2FyR07IdsN7I
0,1022,7,4,36,45,8,253.52,0,7257600,0,2.164495,9,32,0,62176,0,111761.4,10,0,24,16,434432,310,12,180,0,2436540,480,10,0,9,49770,10454360,4,0,0,0,py5gUH7ejg,RO12,taul,1K8T,ekye,w7C4iqB,qj0GmRvqw2VDCyI0,iO_y,9_Y1,bJXB,09_Q,sYC_,me75fM6ugJ,kIsH,uKAI,L84s,NhsEn4L,uZL60aU,yiE0Ssq,cJvF,qxDb,ifWOhQy,oslk,FNJQZmh,LM8l689qOp,w_Ub,RAYp,F2FyR07IdsN7I
0,889,7,5368,164,205,48,153.2,0,0,0,1.14655,9,82,280,2460280,0,86592,0,12,40,72,-101828.8,570,0,1341,0,3539270,142076,2525,0,9,707728,4470520,40,187236,0,0,avkq9ayfAo,w9ygS99Qp_,taul,1K8T,LZs_,M8_7Duj,lhQHnI5,JIsO,9_Y1,000J,VpdQ,wMei,DHn_WUyBhW_whjA88g9bvA64_,kIsH,uKAI,L84s,CrNX,7N7iRy5,TvhO,cJvF,FzaX,KVXdE1y,d0EEeJi,A2TAyp5,LM8l689qOp,7P5s,nIGXDli,R4y5gQQWY8OodqDV
0,56,0,0,16,20,0,220.08,0,2457048,0,5.171545,9,16,0,9676800,0,461145,0,2,8,16,-210214.4,135,6,0,0,0,0,0,0,0,0,7997640,0,2281824,0,0,dTGmfo8zhV,RO12,taul,1K8T,lK27,cwyCreM,9YuYZx0Xsm,8FB6,9_Y1,gnEy,VpdQ,IYzP,me75fM6ugJ,kIsH,uKAI,L84s,NhsEn4L,TDcwKda,FM6S,UYBR,wwPEXoilkr,stpDZvv,oslk,1bwwFs9,LM8l689qOp,3Cy4,RAYp,F2FyR07IdsN7I
0,1085,21,480,172,215,56,253.52,0,2866602,0,2.314249,27,52,98,3000992,0,97879.2,20,4,40,48,-308876.8,960,54,110520,0,3103465,1101080,2820,0,0,738941,9245120,30,540852,0,0,2jirEyXktW,RO12,taul,1K8T,Wmd1,ZTQvcTJ,nQUq7hGe64,C9_x,9_Y1,SkZj,09_Q,IYzP,me75fM6ugJ,kIsH,uKAI,L84s,NhsEn4L,mAjbk_S,kTZI,cJvF,FzaX,9WBDQF4,oslk,OXJytFJ,LM8l689qOp,Aoh3,RAYp,F2FyR07IdsN7I
0,77,0,0,36,45,16,186.64,0,17856,0,3.139287,9,16,0,0,0,453246,5,0,0,0,1364372,150,12,0,0,5880100,1397944,0,0,9,0,9578840,8,0,0,0,3HjOj17ejg,RO12,taul,1K8T,aD1X,7AWP5H9,WICZqsx,UjVo,9_Y1,zfpA,VpdQ,zm5i,DHn_WUyBhW_whjA88g9bvA64_,kIsH,uKAI,L84s,CrNX,NGZ_12K,7XLd,cJvF,FzaX,tCbsZNf,d0EEeJi,PsvfiRf,LM8l689qOp,7aLG,02N6s8f,F2FyR07IdsN7I
0,2303,7,412,304,380,176,166.56,0,321438,0,2.555223,9,108,14,2809536,3,12900.42,15,6,64,64,-584548,1340,132,38754,16,556470,699482,7215,0,18,1256535,4148000,36,977448,0,7,_v2gUHXZeb,w9ygS99Qp_,taul,1K8T,h3JW,Gk5nV1D,glRBFJT8NN,qysa,9_Y1,LqKm,VpdQ,haYg,DHn_WUyBhW_whjA88g9bvA64_,kIsH,uKAI,Mtgm,CrNX,11piGKz,Wn_H,cJvF,FzaX,hLKzk_W,d0EEeJi,U4qr3XO,LM8l689qOp,453m,nIGXDli,R4y5gQQWY8OodqDV
0,1176,7,4,208,260,64,104.72,0,3718332,0,4.570391,9,30,0,1091784,0,95775.59,15,8,48,96,-270192,855,60,1035,0,2872225,223922,190,0,0,115430,6782080,30,811002,0,0,avkq9ayfAo,RO12,taul,1K8T,487l,ka3eV8O,J3fgbi2,eRGr,9_Y1,vm5R,VpdQ,IYzP,DHn_WUyBhW_whjA88g9bvA64_,kIsH,uKAI,L84s,CrNX,uZLj9VB,dqOZ,cJvF,FzaX,UvL_w6z,d0EEeJi,nuwugiB,LM8l689qOp,7P5s,nIGXDli,F2FyR07IdsN7I
0,1792,7,1672,288,360,48,308.8,0,4139190,0,0.5349284,18,58,14,1761848,0,71818.5,40,18,136,64,66209.6,1220,96,52569,0,2875815,132370,895,0,0,221389,8037840,50,811908,0,0,9u0r4Rdncc,RO12,taul,1K8T,4fje,GYqMgvV,AojhC_B,poJj,9_Y1,em8I,VpdQ,IYzP,me75fM6ugJ,kIsH,g5HH,L84s,NhsEn4L,mAjk2hr,ipbg,cJvF,FzaX,Z6VDnJ7,oslk,Bzj0Joi,LM8l689qOp,me1d,RAYp,F2FyR07IdsN7I
0,728,7,2040,124,155,8,193.28,0,10206660,0,2.523392,9,54,35,287040,0,216573,35,2,32,8,867784,375,120,34317,0,62490,172800,140,0,0,0,10108360,2,518400,0,0,zcROj17IEC,RO12,taul,1K8T,aD1X,mfjcTEF,q2tfFQq,_aN1,9_Y1,zfpA,VpdQ,IYzP,me75fM6ugJ,kIsH,uKAI,L84s,NhsEn4L,kq0emRG,pdWQ,cJvF,FzaX,kogfGrO,oslk,uClRusu,jySVZNlOJy,7aLG,RAYp,F2FyR07IdsN7I
0,21,0,0,48,60,16,376.64,0,299748,0,5.44969,9,12,0,633632,0,315459,10,0,16,8,-510892,60,18,0,0,1813805,13400,0,0,0,554428,5047320,8,0,0,0,DHegUHXZeb,RO12,taul,1K8T,xgSF,WIUdTJr,q2tfFQq,g_hI,9_Y1,LqKm,VpdQ,IYzP,me75fM6ugJ,kIsH,uKAI,L84s,NhsEn4L,NGZxnJM,Hfjb,cJvF,FzaX,ALC68SY,oslk,9JvQQMs,LM8l689qOp,453m,RAYp,F2FyR07IdsN7I
0,679,0,268,12,15,0,166.56,0,0,0,6.563341,9,66,0,21288,0,4787.73,0,0,16,16,-3310.036,135,0,113715,0,1530,0,0,0,0,10164,11868,2,0,0,0,zKnr4RXktW,RO12,taul,1K8T,ZNsX,GQplhSa,JlBPeqq,cAwj,9_Y1,ZKJc,09_Q,IYzP,me75fM6ugJ,kIsH,uKAI,L84s,NhsEn4L,TDcECyH,fK0O,cJvF,FzaX,9WbYE38,oslk,ZI_Qhib,LM8l689qOp,7FJQ,RAYp,F2FyR07IdsN7I
0,189,0,0,172,215,56,254.96,0,3149862,0,2.948302,9,16,0,3212120,0,188762.7,25,4,56,48,590296,500,66,0,0,4321540,950904,0,0,0,0,11009880,24,950460,0,0,HYTvyx7ejg,RO12,taul,1K8T,hM6W,86dToXU,koda1Jh,ZsGL,9_Y1,xSqs,VpdQ,IYzP,me75fM6ugJ,kIsH,uKAI,Mtgm,NhsEn4L,mAja5EA,5eOb,cJvF,FzaX,QMaRwBA,oslk,0D0gQ7h,LM8l689qOp,szEZ,RAYp,F2FyR07IdsN7I
0,3325,7,468,192,240,88,200,20,2706018,0,2.337107,9,132,140,2410904,18,8972.67,20,6,64,40,161738.8,1715,84,187380,96,3636070,1596172,4340,0,36,18123,10575960,22,532590,0,14,EsYrjIX0Db,2Knk1KF,taul,1K8T,0Xwj,oYenjxa,nQUq7hGe64,EVMP,F3hy,xQ2A,09_Q,haYg,me75fM6ugJ,kIsH,uKAI,Mtgm,XfqtO3UdzaXh_,XTbPUYD,LusX,cJvF,FzaX,lK7KVq0,oslk,AnY9Iwb,LM8l689qOp,5Acm,RAYp,55YFVY9
0,791,14,2164,132,165,8,220.08,0,2822082,0,4.330271,18,56,273,4838400,0,197383.5,10,0,32,56,170392,565,36,18954,0,7081600,214,430,0,0,0,10657480,34,0,0,0,DQlrEyXXnK,RO12,taul,1K8T,LLPZ,T7cp9gW,zJIwUbLPQVlp8,4wTx,9_Y1,SkZj,09_Q,sYC_,me75fM6ugJ,kIsH,uKAI,L84s,NhsEn4L,kq0n8Bj,7dq7,cJvF,FzaX,9Hi6hzI,oslk,93cqqb8,M_8D,Aoh3,RAYp,F2FyR07IdsN7I
0,2009,7,88,136,170,8,233.44,0,11127720,0,4.480239,9,96,168,171456,0,45863.1,40,0,32,8,806656,480,132,50229,0,98430,11082,2510,0,0,0,10369920,4,0,0,0,Qu0r4RKzJV,RO12,taul,1K8T,ssAy,nmmMbg2,S85OeCBjSz,Oq3x,9_Y1,DtNL,09_Q,IYzP,me75fM6ugJ,kIsH,uKAI,L84s,NhsEn4L,kq0aHkC,3jBb,UYBR,FzaX,KX8Ku_a,oslk,WwTr3XO,jySVZNlOJy,FSa2,RAYp,F2FyR07IdsN7I
0,2261,7,188,224,280,72,293.84,0,7592280,0,6.034394,99,116,0,358272,0,62616.6,40,6,24,80,298120.4,695,90,1206,0,96670,1481252,10,0,27,604800,10026120,22,1555200,0,0,0vimfo8zhV,2Knk1KF,taul,1K8T,7gSz,x44vEdV,Tg7jjBB,Z2nO,9_Y1,_48V,VpdQ,hAFG,me75fM6ugJ,kIsH,uKAI,L84s,XfqtO3UdzaXh_,11p4mKe,Ndul,cJvF,FzaX,ys1oLzk,oslk,rnqMak1,M_8D,3Cy4,RAYp,55YFVY9
0,840,7,2816,128,160,128,289.44,0,2832024,0,0.9987182,9,40,189,2073600,0,216656.1,10,8,32,24,87943.6,545,36,95211,0,98405,2570660,595,0,18,0,10218480,2,2073600,0,0,1YVvyx7IEC,RO12,taul,1K8T,dWQK,cYcsKl9,xunBDW1,GjtT,9_Y1,RcM7,VpdQ,zm5i,me75fM6ugJ,kIsH,uKAI,L84s,NhsEn4L,mAja5EA,PKBP,cJvF,FzaX,sx5j5jp,oslk,BUAwEWL,LM8l689qOp,szEZ,RAYp,F2FyR07IdsN7I
0,91,0,0,160,200,64,270.88,0,3553848,0,6.518906,9,12,0,294128,0,75620.09,40,6,24,16,-47162.8,200,72,0,16,449320,11100,0,0,0,0,4033080,14,8472,0,14,1KSqrQK2Mx,RO12,taul,1K8T,TyGl,0Sn_9E2,KyxX4chnKM,l9oF,9_Y1,15m3,09_Q,IYzP,me75fM6ugJ,kIsH,uKAI,L84s,NhsEn4L,uZL60aU,sT6y,cJvF,FzaX,rHB3PT5,oslk,Nzzhnk3,LM8l689qOp,FSa2,RAYp,F2FyR07IdsN7I
0,1596,7,8656,148,185,16,166.56,0,4680918,0,4.146336,9,144,161,1298040,0,76754.41,25,8,32,32,359494.8,555,60,4491,0,4313620,251920,290,0,9,0,9719160,24,1059768,0,0,KXMWq69R_D,2Knk1KF,taul,1K8T,ssAy,jJ_nXHo,V6XUlxabJ4VaD,OFh8,9_Y1,Px52,VpdQ,sYC_,me75fM6ugJ,kIsH,uKAI,L84s,NhsEn4L,beK4AFX,7Psc,UYBR,FzaX,uyr88FJ,oslk,FlVqhZX,LM8l689qOp,PM2D,RAYp,55YFVY9
0,2149,7,7368,340,425,136,220.08,0,6974340,0,0.7022004,18,204,469,3294832,0,77774.41,35,8,64,88,143104.4,1375,132,32427,0,2396280,410372,1275,0,45,730142,10544200,48,633360,0,0,BQa9tYsdof,2Knk1KF,taul,1K8T,TyGl,fhk21Ss,Tg7jjBB,85FF,9_Y1,DtNL,VpdQ,oZyB,7M47J5GA0pTYIFxg5uy,kIsH,uKAI,L84s,_5OXC8MSLt,___S1kf,Z_JU,cJvF,FzaX,4UxGlow,oslk,catzS2D,LM8l689qOp,FSa2,ZI9m,VjDE
0,721,7,2636,120,150,0,253.52,0,9849600,0,4.265328,27,78,70,691200,0,233900.4,35,0,24,8,114138,465,114,56511,0,1296000,0,8045,0,9,0,10368000,6,0,0,0,Iskvyx875g,RO12,taul,1K8T,Guv5,innngaa,qj03jwcNh2VDUnx_,D6lg,9_Y1,MBhA,09_Q,giwq,me75fM6ugJ,kIsH,uKAI,L84s,NhsEn4L,TDceha3,5smi,UYBR,FzaX,1FARoKG,oslk,CnZoIp0,M_8D,WqMG,RAYp,F2FyR07IdsN7I
0,679,14,236,100,125,80,166.56,0,0,0,6.681479,18,80,28,33112,0,5530.86,5,8,40,16,-5767.72,335,0,118503,0,53190,25710,890,0,0,20111,135108,16,27018,0,0,302Oj17IEC,RO12,taul,1K8T,aD1X,32pvHAP,zHqZhXv,XPya,9_Y1,iVbl,sJzTlal,IYzP,me75fM6ugJ,kIsH,uKAI,L84s,NhsEn4L,mAjbk_S,uNlU,cJvF,FzaX,dRiOVQC,oslk,z042C8o,LM8l689qOp,7aLG,RAYp,F2FyR07IdsN7I
0,581,7,11976,124,155,104,286.64,0,0,0,3.18244,9,68,133,704000,0,28322.88,0,6,40,24,46701.2,550,0,13311,0,325095,205944,7320,0,0,515067,1056748,24,49176,0,0,m9SvyxLkBI,RO12,taul,1K8T,R4_H,cU31MZE,AnFl2Mwxzd,QG8p,9_Y1,_r21,VpdQ,IYzP,me75fM6ugJ,kIsH,uKAI,L84s,NhsEn4L,TDceha3,naj3,UYBR,FzaX,tzpCqnG,oslk,5nQuVKu,LM8l689qOp,xb3V,RAYp,F2FyR07IdsN7I
0,168,0,0,16,20,0,186.64,0,0,0,4.777398,9,18,0,0,0,326946,0,0,0,0,-176887.6,250,0,0,0,12096000,0,0,0,9,0,9676800,8,0,0,0,IXSgUHShse,RO12,taul,1K8T,TyGl,kjvBmIU,I1sFbvOhm1,gMVu,9_Y1,RVjC,sJzTlal,zm5i,me75fM6ugJ,kIsH,uKAI,L84s,NhsEn4L,mAja5EA,YihF,UYBR,FzaX,1vNmS85,oslk,MkQldxq,LM8l689qOp,FSa2,RAYp,F2FyR07IdsN7I
0,105,0,0,84,105,64,166.56,0,274566,0,6.16065,9,18,0,0,0,27306.09,15,2,8,0,-739024,385,30,0,0,790055,140400,0,0,0,0,1364516,8,107634,0,0,xearjIX0Db,RO12,taul,1K8T,hoa9,B5nc5gJ,daiGnRstPa,WNmp,9_Y1,Nbbb,09_Q,IYzP,me75fM6ugJ,kIsH,uKAI,L84s,NhsEn4L,mAja5EA,vnXH,cJvF,FzaX,CJTY_02,oslk,ygD7j0h,LM8l689qOp,5Acm,RAYp,F2FyR07IdsN7I
0,637,0,0,112,140,32,253.52,0,4277022,0,1.630207,9,32,0,3801736,0,218429.1,5,0,24,48,-61304.4,470,54,3690,0,3168120,548900,0,0,0,554421,8701320,16,0,0,0,tr0rEyXktW,RO12,taul,1K8T,TyGl,T7cp9gW,EG2hH7KmXr,YMPo,9_Y1,SkZj,09_Q,IYzP,me75fM6ugJ,kIsH,uKAI,L84s,NhsEn4L,mAjbk_S,Xzba,UYBR,FzaX,9Hi6hzI,oslk,93cqqb8,LM8l689qOp,Aoh3,RAYp,F2FyR07IdsN7I
0,1792,21,1708,136,170,80,166.56,0,4666776,0,2.97116,54,200,91,9368,0,98378.7,30,8,48,16,217849.6,1950,60,1809,0,699870,1683904,625,0,27,0,10376080,4,2073600,0,0,Mtpt0G8EIb,NRCqczK,CiJDdr4TQ0rGERIS,1K8T,wOc1,fhk21Ss,_jTP8ioIlJ,lbjH,9_Y1,k13i,VpdQ,y6dw,7M47J5GA0pTYIFxg5uy,kIsH,uKAI,L84s,_5OXC8MSLt,11pMFCG,Bf78,cJvF,FzaX,4UxGlow,oslk,catzS2D,LM8l689qOp,fKCe,ZI9m,NoEd
0,798,7,24,136,170,160,200,0,1477884,0,0.7489852,9,144,0,83064,0,92820.91,15,2,8,24,-1098832,635,30,29538,0,9070,166732,70,0,18,117313,1450688,4,100554,0,0,CEat0G8rTN,onTuEhrJJQy_H3IHkZku5AFczhYGqxJ890,taul,1K8T,487l,6CXYbuk,CdPgMY1Z52,DUuu,9_Y1,k13i,VpdQ,69fI,Kxdu,kIsH,uKAI,Mtgm,FMSzZ91zL2,11p7rdm,YuXi,UYBR,FzaX,ROeipLp,zCkv,K2SqEo9,LM8l689qOp,fKCe,6fzt,iyHGyLCEkQ
0,63,0,0,40,50,8,167.2,0,0,0,4.326853,9,28,0,103912,0,9511.71,0,0,8,8,-1842300,85,0,0,0,149800,3172,0,0,0,90923,178140,16,0,0,0,1PnOj1KVEH,RO12,taul,1K8T,sj_R,nbUDj08,ELRUn57,jNiU,9_Y1,jdbz,VpdQ,IYzP,DHn_WUyBhW_whjA88g9bvA64_,sBgB,uKAI,Mtgm,CrNX,AuSDRR8,Zgao,cJvF,FzaX,806BYXB,d0EEeJi,Ru0UBjl,LM8l689qOp,kwS7,nIGXDli,F2FyR07IdsN7I
0,1442,14,64,136,170,8,286.96,0,9110520,0,6.027131,36,92,0,1092168,0,55961.1,40,0,32,16,133734,705,108,95787,0,1602115,15624,105,0,18,0,10487280,10,0,0,0,uGLq9ayE15,LrdVolaSGUfkVeWC,taul,1K8T,d6Mq,Ml6pXKQ,FoJd6Lr,bbTc,9_Y1,kJJ7,VpdQ,hAFG,me75fM6ugJ,kIsH,uKAI,L84s,XfqtO3UdzaXh_,OFq9NeO,E2Mo,cJvF,FzaX,Y2C68SY,oslk,RJNqhZX,LM8l689qOp,7P5s,RAYp,R4y5gQQWY8OodqDV
0,2625,21,1560,304,380,56,200,0,581760,0,3.407392,36,56,259,2478072,0,43847.7,40,12,112,144,-234676,1290,72,19521,0,2878575,76308,1355,0,9,706181,4331160,50,334248,0,0,crIt0Go8Lb,RO12,taul,1K8T,wGW5,dgtxY95,glRBFJT8NN,iNJD,9_Y1,C7DI,VpdQ,sYC_,me75fM6ugJ,kIsH,uKAI,L84s,NhsEn4L,kq0n8Bj,tc29,cJvF,FzaX,lER6V3V,oslk,cFZAKIt,LM8l689qOp,Qu4f,RAYp,F2FyR07IdsN7I
0,2954,7,48,232,290,144,160.48,0,432,0,4.449903,9,44,0,105616,0,6289.2,0,14,80,64,-734360,1305,6,150543,0,206465,104462,270,0,0,48874,509324,48,123198,0,0,DHeTmBftjz,w9ygS99Qp_,taul,1K8T,LFM_,lIqhzPV,lGXpFd_2Rf,LJKm,9_Y1,Gx0B,09_Q,IYzP,DHn_WUyBhW_whjA88g9bvA64_,kIsH,uKAI,Mtgm,CrNX,11piGKz,vuKQ,cJvF,FzaX,6JWPCVq,d0EEeJi,utqHl6s,jySVZNlOJy,Qu4f,nIGXDli,R4y5gQQWY8OodqDV
0,3388,7,328,560,700,440,166.56,0,3114,0,5.041017,36,148,35,472176,0,5871.87,0,42,216,200,-176266,2285,18,9360,0,284480,140302,1145,0,18,141358,904600,72,237372,0,0,HrWq9aXt5a,2Knk1KF,taul,1K8T,L80O,K6McVcA,YKgs2B0Igg,msSD,9_Y1,6TCl,VpdQ,kxE9,me75fM6ugJ,kIsH,uKAI,L84s,h0lfDKh52u4GP,IoI4mKe,y5YR,cJvF,FzaX,OYHAk0_,oslk,qjNw0n7,LM8l689qOp,uWr3,RAYp,55YFVY9
0,1526,21,7356,420,525,200,186.64,0,1606614,0,4.48088,27,130,1386,2187952,12,80256,45,20,80,88,-283560.4,1350,126,32391,32,4040210,323474,4155,0,18,183407,6832840,58,465168,0,0,NESt0G8EIb,2Knk1KF,taul,1K8T,0Xwj,PHNvXy8,tru3GNC3u14shA_jA7L,xlCc,HLqf,k13i,09_Q,haYg,NKv3VA1BpP,sBgB,uKAI,Mtgm,Ie_5MZs,teAjUwW,L_3f,UYBR,FzaX,UF16siJ,zCkv,APgdzOv,LM8l689qOp,fKCe,6fzt,Zy3gnGM
0,154,0,0,140,175,32,299.92,0,2851254,0,5.147404,9,16,0,2534440,0,212296.8,15,6,32,32,271963.2,430,36,0,0,5946700,633610,0,0,0,1108814,10969920,30,1425618,0,0,DQlgUH7IEC,AERks4l,taul,1K8T,lK27,3FCrXBz,UFIdC8I,c2KK,9_Y1,m_h1,VpdQ,IYzP,7M47J5GA0pTYIFxg5uy,kIsH,uKAI,Mtgm,fnfcPDe,NGZf5u4,BfEk,UYBR,FzaX,oatipLp,QKW8DRm,RsCQLlz,LM8l689qOp,WqMG,vJ_w8kB,xwM2aC7IdeMC0
0,840,0,0,100,125,40,265.76,0,6633720,0,6.636829,9,38,0,2015864,0,219951,10,2,32,24,612272,535,48,1953,0,2475275,1204536,0,0,18,0,10398880,12,129660,0,0,xearjIX0Db,RO12,taul,1K8T,sKnY,GOB80XX,I1sqWRxUAv,2G9x,9_Y1,_r21,sJzTlal,zm5i,me75fM6ugJ,kIsH,uKAI,L84s,NhsEn4L,NGZxnJM,jQFy,UYBR,FzaX,xtRQVF9,oslk,e2OYONy,LM8l689qOp,xb3V,RAYp,F2FyR07IdsN7I
0,679,7,164,168,210,24,221.12,0,2028270,0,1.867336,9,84,28,134568,0,96576,0,8,56,64,-1033972,585,66,36198,0,463860,40100,695,0,0,44366,1902168,32,47124,0,0,py5rEyXktW,RO12,taul,1K8T,TyGl,BC27GMk,A52IdppttuZ9yxh1,3kFS,9_Y1,SkZj,VpdQ,IYzP,me75fM6ugJ,kIsH,uKAI,L84s,NhsEn4L,beK4AFX,N4he,cJvF,FzaX,md_v66D,oslk,OMyw_BK,LM8l689qOp,Aoh3,RAYp,F2FyR07IdsN7I
0,1414,0,0,32,40,8,166.56,0,14515200,0,6.892972,9,34,0,17464,0,96359.41,10,0,8,8,217739.2,345,24,657,0,0,718548,0,0,9,0,11922160,0,0,0,0,4e7Wq69R_D,RO12,taul,1K8T,ssAy,6KF0k8W,ELRUn57,opnx,9_Y1,0A_v,VpdQ,IYzP,me75fM6ugJ,kIsH,uKAI,L84s,NhsEn4L,mAjbk_S,aShm,cJvF,FzaX,ot6oLzk,oslk,IIvC99a,LM8l689qOp,PM2D,RAYp,F2FyR07IdsN7I
0,1036,7,56,164,205,80,166.56,0,0,0,1.819269,9,62,35,196352,0,7141.95,0,2,32,80,48974,795,0,405,0,325865,54672,95,0,18,106988,468532,40,480,0,0,avkq9ayfAo,AERks4l,taul,1K8T,4fje,PHNvXy8,Yi49a6G,yZAu,9_Y1,000J,VpdQ,kxE9,NKv3VA1BpP,kIsH,uKAI,L84s,I6KzrtUCei,kZJ790Y,Psh4,cJvF,FzaX,UF16siJ,zCkv,APgdzOv,LM8l689qOp,7P5s,6fzt,xwM2aC7IdeMC0
0,630,7,1092,156,195,72,286.96,15,4252770,0,2.133946,9,136,903,122136,0,185193,25,6,40,16,325143.6,490,72,16461,24,2711775,1378870,1490,0,27,46935,10426880,16,1555200,0,0,Foxt0Go8Lb,rEUOq2QD1qfkRr6qpua,taul,1K8T,lK27,fhk21Ss,QMx9sNd,_zcQ,9_Y1,rGJy,09_Q,haYg,7M47J5GA0pTYIFxg5uy,kIsH,7A3j,L84s,WsRVNrF85oPU_,_JdjUtW,PmU4,UYBR,FzaX,4UxGlow,zCkv,catzS2D,LM8l689qOp,Qu4f,ZI9m,ib5G6X1eUxUn6
0,1204,14,252,140,175,136,233.44,0,17730,0,2.732963,18,54,0,428688,0,21237.9,0,8,48,32,-1783600,830,6,23193,0,345280,227284,230,0,0,450828,1171460,18,321756,0,0,puvq9aX0Db,RO12,taul,1K8T,TLkP,ryQJDqx,WjM4WDD,5n5e,9_Y1,Y9Bl,VpdQ,IYzP,me75fM6ugJ,kIsH,uKAI,Mtgm,NhsEn4L,kq0n8Bj,ae6W,UYBR,FzaX,tCbv48t,oslk,Exf7DIf,LM8l689qOp,uWr3,RAYp,F2FyR07IdsN7I
0,714,7,500,144,180,40,292.72,0,10368180,0,4.612903,9,32,147,5296,0,188221.2,25,4,40,8,181272.8,585,120,34245,0,191965,630260,9945,0,9,0,10760640,6,1036800,0,0,4e7gUH7IEC,RO12,taul,1K8T,USOt,6CXYbuk,lL9c3pxXdL,BiLN,9_Y1,m_h1,VpdQ,zm5i,Kxdu,kIsH,uKAI,L84s,9pUnzWLbztKTo,mAj8aDu,yYEN,UYBR,FzaX,ROeipLp,zCkv,K2SqEo9,jySVZNlOJy,WqMG,6fzt,am14IcfM7tWLrUmRT52KtA
0,1106,7,3200,148,185,56,166.56,0,0,0,0.268746,18,80,105,1826792,0,67198.2,0,8,32,40,-26408.56,595,0,26604,0,3297635,33576,2435,0,0,964215,3834144,42,323232,0,0,DHevyx7IEC,RO12,taul,1K8T,FgS1,ml5cNhj,MXlhT5l,5723,9_Y1,RcM7,sJzTlal,IYzP,me75fM6ugJ,kIsH,uKAI,L84s,NhsEn4L,mAjbk_S,OH3C,UYBR,FzaX,XbZfrxM,oslk,QfJz_Kt,LM8l689qOp,szEZ,RAYp,F2FyR07IdsN7I
0,1148,7,4,64,80,32,166.56,0,4431996,9,1.448195,18,178,0,5244392,3,113008.8,5,4,24,16,-199917.6,465,18,558,16,1104865,543938,5,0,36,0,8673880,8,1158150,0,0,52Iq9ayE15,AERks4l,taul,1K8T,0Xwj,fhk21Ss,xtMzxjAuQ_,CpYR,HLqf,000J,09_Q,6JmL,7M47J5GA0pTYIFxg5uy,sBgB,uKAI,L84s,4kVnq_T26xq1p,IoIcawr,tyNe,cJvF,FzaX,4UxGlow,zCkv,catzS2D,LM8l689qOp,7P5s,ZI9m,ib5G6X1eUxUn6
0,35,0,0,24,30,8,257.6,0,3628800,0,5.648793,9,14,0,0,0,355980,5,0,8,0,714660,120,6,0,0,4495925,1209600,0,0,0,0,9348440,6,0,0,0,wRXmfo875g,RO12,taul,1K8T,0Xwj,rBuV_8u,V6XUlxabJ4VaD,XYM6,HLqf,_48V,VpdQ,IYzP,DHn_WUyBhW_whjA88g9bvA64_,sBgB,uKAI,L84s,CrNX,NGZ_12K,eOnq,cJvF,FzaX,stpsiJC,d0EEeJi,c8qetdt,LM8l689qOp,3Cy4,02N6s8f,F2FyR07IdsN7I
0,1323,7,880,148,185,72,305.04,0,1454388,0,1.817988,9,104,210,2764800,0,42768,5,8,32,32,105793.2,535,30,5859,0,4514165,1421530,2170,0,36,604800,10406160,28,1881282,0,0,HrWq9aXt5a,RO12,taul,1K8T,L80O,gRirkF8,BQyl2MjOuY,x3o3,9_Y1,Y9Bl,VpdQ,sYC_,me75fM6ugJ,kIsH,uKAI,L84s,NhsEn4L,beK4AFX,604y,UYBR,FzaX,vcuv48t,oslk,OTXAgOW,LM8l689qOp,uWr3,RAYp,F2FyR07IdsN7I
0,3185,14,3580,564,705,320,166.56,0,1338858,0,4.888272,18,226,70,1034928,0,22247.61,15,20,152,256,299948.8,1990,60,48078,0,1035770,432148,1510,0,36,491736,3612776,92,725706,0,0,qXhrEy7VR2,vuPfq6YcbX,CiJDdr4TQ0rGERIS,1K8T,TyGl,fhk21Ss,hOpRIhsUSP,lU40,9_Y1,X8zP,VpdQ,oZyB,7M47J5GA0pTYIFxg5uy,kIsH,uKAI,L84s,iwn6,TDcSrRM,je9i,cJvF,FzaX,4UxGlow,QKW8DRm,catzS2D,LM8l689qOp,Aoh3,ZI9m,NoEd
0,2191,7,400,56,70,16,253.52,0,7610820,0,4.671438,9,196,28,0,0,37298.7,10,2,16,0,46492,840,30,8109,0,4666565,1105728,170,0,27,0,11899000,8,122646,0,0,V8lBcmz45j,LrdZy8QqgUfkVShG,taul,1K8T,0Xwj,fhk21Ss,LJF4fPp,JEqV,F3hy,yrDU,VpdQ,y6dw,7M47J5GA0pTYIFxg5uy,kIsH,uKAI,L84s,TW8UhnX,_Jd5pUp,xmB8,UYBR,FzaX,4UxGlow,QKW8DRm,catzS2D,LM8l689qOp,Qcbd,ZI9m,ib5G6X1eUxUn6
0,1778,7,964,332,415,264,99.68,0,450,0,2.558428,9,154,91,127560,0,3303.21,0,16,112,168,35574.56,890,6,5571,0,129275,43900,605,0,18,31297,282232,40,40398,0,0,64nWq69R_D,AERks4l,taul,1K8T,0Xwj,fhk21Ss,V6XUlxabJ4VaD,2ZSr,HLqf,Px52,VpdQ,kxE9,7M47J5GA0pTYIFxg5uy,sBgB,uKAI,L84s,4kVnq_T26xq1p,teAaNR4,n7Py,UYBR,FzaX,4UxGlow,zCkv,catzS2D,LM8l689qOp,PM2D,ZI9m,ib5G6X1eUxUn6
0,14,0,0,28,35,0,246,10,2073612,0,4.744286,9,12,0,0,3,228510,10,0,8,0,-1052516,35,24,0,32,73940,0,0,6,0,0,2132760,2,0,0,0,tr0gUH7ejg,RO12,taul,1K8T,0WHw,ho_bxgw,Vxu_jOIy4u,qyCs,9_Y1,DmlN,sJzTlal,IYzP,me75fM6ugJ,kIsH,uKAI,L84s,NhsEn4L,kZJtVhC,4_kv,UYBR,FzaX,AvcOVQC,oslk,r757j0h,LM8l689qOp,w_Ub,RAYp,F2FyR07IdsN7I
0,889,7,2040,144,180,152,286.96,0,651606,0,5.844905,9,160,98,8664,0,188894.4,5,16,32,8,122934.4,560,12,11088,0,537205,3267160,5630,0,27,0,10381800,10,4147200,0,0,V8lBcmz45j,AERks4l,taul,1K8T,JLbT,fhk21Ss,q2tfFQq,o5H_,9_Y1,RVjC,VpdQ,haYg,7M47J5GA0pTYIFxg5uy,kIsH,7A3j,L84s,TW8UhnX,beKflXJ,TQqY,UYBR,FzaX,4UxGlow,QKW8DRm,catzS2D,LM8l689qOp,FSa2,ZI9m,ib5G6X1eUxUn6
0,945,7,588,80,100,16,20.08,0,891804,0,4.232856,9,54,7,5520560,6,145667.4,5,2,16,32,163040,425,12,18207,24,3439120,97326,1670,0,27,0,9246480,20,789762,0,7,3HjOj17ejg,RO12,taul,1K8T,lK27,I6Bd3iM,zA2IZno2NK,tXhW,9_Y1,iVbl,VpdQ,IYzP,me75fM6ugJ,kIsH,uKAI,L84s,NhsEn4L,mAja5EA,kMBf,cJvF,FzaX,bBmOw16,oslk,CcdTy9x,LM8l689qOp,7aLG,RAYp,F2FyR07IdsN7I
0,2296,0,0,548,685,160,166.56,0,484062,0,5.568682,9,30,0,167520,0,8210.25,40,16,152,144,-51398,1545,156,0,0,605845,106030,0,0,0,33131,1400240,114,237396,0,0,crIt0Go8Lb,RO12,taul,1K8T,wGW5,83ixW2B,yEFIHeU,X9xa,9_Y1,YePk,VpdQ,IYzP,me75fM6ugJ,kIsH,uKAI,L84s,NhsEn4L,mAjcfkM,xVIP,cJvF,FzaX,kH5mflk,oslk,TDg9lNX,LM8l689qOp,Qu4f,RAYp,F2FyR07IdsN7I
0,987,14,12,344,430,368,176.56,0,8490,0,3.838069,36,52,7,198192,0,5691.42,5,8,64,112,-33693.44,1315,6,1431,0,130550,103222,400,0,9,89110,455068,40,31662,0,0,EsYrjIX0Db,RO12,taul,1K8T,vsvk,oYenjxa,LIH3TPf,MXmX,9_Y1,m7JR,09_Q,haYg,me75fM6ugJ,kIsH,uKAI,L84s,XfqtO3UdzaXh_,XTbPUYD,2YFq,cJvF,FzaX,lK7KVq0,oslk,AnY9Iwb,LM8l689qOp,5Acm,RAYp,F2FyR07IdsN7I
0,28,0,0,56,70,16,253.52,0,359694,0,3.817347,9,14,0,700680,0,77472.59,5,2,8,16,-119000.4,70,6,0,0,659020,103972,0,0,0,0,1446156,14,5256,0,0,DQlgUH7IEC,RO12,taul,1K8T,xgSF,2a3q7r9,IG_G867,0drn,9_Y1,1Bp0,VpdQ,IYzP,me75fM6ugJ,kIsH,uKAI,L84s,NhsEn4L,kZJyVg2,g97a,cJvF,FzaX,uSaYWu3,oslk,T3zAKIt,LM8l689qOp,WqMG,RAYp,F2FyR07IdsN7I
0,364,0,116,132,165,56,186.64,0,4104162,0,5.900449,27,122,7,3801848,0,229694.4,15,2,32,48,-30959.16,495,54,33660,0,2772170,1096760,0,0,36,0,10315560,14,475236,0,0,8Knvyx875g,2Knk1KF,taul,1K8T,YVv3,vzPc2Tv,kVnsKsr0Z8,mW3T,9_Y1,MBhA,09_Q,sYC_,me75fM6ugJ,kIsH,uKAI,Mtgm,NhsEn4L,teAyFc5,BdeV,UYBR,FzaX,tzpRCiV,oslk,Cue6Ztl,jySVZNlOJy,WqMG,RAYp,55YFVY9
0,581,7,252,128,160,16,186.64,0,1725144,0,2.191199,9,76,14,5113368,0,130147.2,0,0,32,64,91800,435,24,238536,0,7668050,210528,495,0,18,1209600,10262280,36,0,0,0,1fZWq6e2Rv,RO12,taul,1K8T,487l,3cunsla,V6XUlxabJ4VaD,qaX_,9_Y1,_xpN,VpdQ,IYzP,me75fM6ugJ,kIsH,uKAI,L84s,NhsEn4L,TDceha3,F4AQ,cJvF,FzaX,kH5mFX7,oslk,BNrD3Yd,jySVZNlOJy,FSa2,RAYp,F2FyR07IdsN7I
0,161,0,0,136,170,40,276.48,0,5212308,9,3.208289,9,16,0,2675408,0,225939.3,25,0,48,40,133465.6,400,66,0,8,3168200,792048,0,0,0,677684,10515320,16,0,0,0,5_lq9aXt5a,RO12,taul,1K8T,L80O,wEJwkuM,Gai9lEF2Fr,rsON,9_Y1,Y9Bl,09_Q,IYzP,me75fM6ugJ,kIsH,uKAI,L84s,NhsEn4L,mAja5EA,TJaG,cJvF,FzaX,1E1v4zN,oslk,LHq2Oqu,LM8l689qOp,uWr3,RAYp,F2FyR07IdsN7I
0,959,7,2232,120,150,64,255.44,0,3326418,0,4.708395,9,102,301,1809296,0,151737.3,20,4,40,24,24340.44,695,42,20655,0,2376005,1267206,75,0,27,0,9141600,12,475386,0,0,vAsgUHXM47,RO12,taul,1K8T,JLbT,oKsnV1D,zA2IZno2NK,Ut_1,9_Y1,STGZ,VpdQ,hAFG,me75fM6ugJ,kIsH,uKAI,L84s,XfqtO3UdzaXh_,jawoH6T,Z45h,UYBR,FzaX,iEXNN3u,oslk,VTxynIC,LM8l689qOp,453m,RAYp,F2FyR07IdsN7I
0,3696,7,2028,692,865,248,233.44,0,148662,0,2.753899,18,154,301,439280,0,2846.628,85,18,264,368,-85942.4,2730,192,4698,0,140850,45996,430,0,9,105952,652388,76,122046,0,0,YddrjIQ5Ph,2Knk1KF,taul,1K8T,TyGl,uMA4Shd,FoJylxy,o5H_,9_Y1,RVjC,VpdQ,kxE9,me75fM6ugJ,kIsH,uKAI,L84s,h0lfDKh52u4GP,IoI4mKe,TQqY,UYBR,FzaX,meWmFX7,oslk,DQ3iZDY,jySVZNlOJy,FSa2,RAYp,TCU50_Yjmm6GIBZ0lL_
0,924,7,12,140,175,48,234.64,0,4193028,0,5.322794,9,34,0,1900872,0,170898.6,20,6,32,24,144359.6,640,54,28377,0,3483565,828224,205,0,0,0,10406760,20,1425654,0,0,qXhvyxLp3Z,AERks4l,taul,1K8T,487l,81o7kIo,visRnQYNudD4F,toZY,9_Y1,vzJD,VpdQ,IYzP,GjJ35utlTa_GNSvxxpb9ju,kIsH,uKAI,L84s,JBfYVit4g8,uZLz8Sc,3uFX,UYBR,FzaX,stpt_SW,Al6ZaUT,rWh3yNE,LM8l689qOp,xb3V,02N6s8f,xwM2aC7IdeMC0
0,651,7,636,124,155,56,233.44,0,6190920,0,3.671011,9,82,0,1990232,0,204705.9,10,0,16,32,222817.2,465,78,62910,0,1353215,866798,40,0,0,0,8337840,10,0,0,0,Qu0qrQKzJV,RO12,taul,1K8T,JLbT,4e311pK,75HH_hi,5Rb0,9_Y1,15m3,VpdQ,giwq,me75fM6ugJ,kIsH,uKAI,L84s,NhsEn4L,mAjbk_S,NvHl,UYBR,FzaX,kC8vOIl,oslk,OjiRt72,LM8l689qOp,FSa2,RAYp,F2FyR07IdsN7I
0,532,0,0,140,175,0,186.64,0,4841826,0,3.70455,18,26,0,2919408,0,221676.3,20,8,24,40,426012,500,60,0,0,4808170,0,0,0,9,0,9974600,24,87108,0,0,uUdt0G8EIb,RO12,taul,1K8T,TyGl,F0DSdMg,ThrHXVS,AP4W,9_Y1,e7QV,sJzTlal,43pnToF,me75fM6ugJ,kIsH,uKAI,L84s,NhsEn4L,mAjbk_S,I3PY,cJvF,FzaX,1Fq88FJ,oslk,XByOEra,LM8l689qOp,fKCe,RAYp,F2FyR07IdsN7I
0,1596,7,44,244,305,120,220.64,0,493578,0,6.671224,9,54,7,59176,0,9861.36,5,8,16,24,-1298872,795,102,6993,0,375400,132100,1085,0,0,38241,1000380,42,109476,0,0,O8Zr4Rdc_a,RO12,taul,1K8T,L_LK,6oGKKVi,9YuYZx0Xsm,3Nhl,9_Y1,em8I,VpdQ,IYzP,me75fM6ugJ,kIsH,g5HH,L84s,XfqtO3UdzaXh_,mAjKef6,6500,cJvF,FzaX,MiS0IU9,oslk,8oT2fT4,LM8l689qOp,me1d,RAYp,F2FyR07IdsN7I
0,1848,21,6604,784,980,216,269.92,0,143766,0,4.832301,36,164,616,40136,3,1216.389,65,20,120,168,-1313136,2215,354,15327,8,76630,11644,2865,0,36,10962,220412,132,13086,0,0,1qmgUHEuty,2Knk1KF,taul,1K8T,TyGl,2a3rD2b,8o3WlGR,ycAW,9_Y1,em8I,sJzTlal,CoYW,me75fM6ugJ,kIsH,g5HH,L84s,XfqtO3UdzaXh_,XTbIt4R,Ijs4,cJvF,FzaX,yOO0IU9,oslk,XI4EKx8,jySVZNlOJy,me1d,RAYp,TCU50_Yjmm6GIBZ0lL_
0,777,7,1936,124,155,0,291.28,0,0,0,3.805597,18,56,154,6220800,0,227900.7,0,0,32,72,1123064,485,0,40752,0,9504000,0,11365,0,9,0,10713600,44,0,0,0,CxSr4RXktW,RO12,taul,1K8T,kwI9,apKnqNs,ELRUn57,CobA,9_Y1,Albh,VpdQ,Tkho,me75fM6ugJ,kIsH,uKAI,L84s,NhsEn4L,kq0n8Bj,oKTW,cJvF,FzaX,7OmQAVC,oslk,76DYAUb,M_8D,Xa3G,RAYp,F2FyR07IdsN7I
0,1540,14,2836,24,30,8,232,0,2874108,0,6.570818,36,142,252,1192,0,28787.67,0,2,8,8,-231497.2,280,6,14598,0,2475010,961344,5950,0,36,1113959,6455920,4,954822,0,0,crIgUHSK8h,2Knk1KF,taul,1K8T,kNzO,WkHrLeh,9HOPNsJ,Mx5G,9_Y1,RVjC,09_Q,hAFG,me75fM6ugJ,kIsH,uKAI,Mtgm,XfqtO3UdzaXh_,11p4mKe,9haV,UYBR,FzaX,MPav4zN,oslk,kEYAGfT,LM8l689qOp,FSa2,RAYp,55YFVY9
0,154,0,0,280,350,96,403.44,0,2141004,0,2.209143,27,14,0,3260760,0,99751.2,25,6,72,112,10572,350,84,0,8,4844430,588500,0,0,0,218680,9310120,44,157014,0,7,tr0rEyXktW,RO12,taul,1K8T,KXDt,XQIpeE9,EXpWEXgaYWQf4,lDeZ,9_Y1,H1uM,VpdQ,IYzP,me75fM6ugJ,kIsH,uKAI,L84s,NhsEn4L,uZL60aU,TJNC,cJvF,FzaX,EAnR2zc,oslk,WuhqJRo,LM8l689qOp,Aoh3,RAYp,F2FyR07IdsN7I
0,1778,7,2788,636,795,464,294.8,0,4427766,0,5.583636,27,52,308,2436680,0,17266.17,50,40,216,184,9518.2,1850,132,3753,0,3625410,377246,535,0,36,369726,9309760,52,670800,0,0,zKnr4RXktW,RO12,taul,1K8T,0Y9G,kJ1ERUT,byFAQF9,rDNJ,9_Y1,jakt,VpdQ,wMei,7M47J5GA0pTYIFxg5uy,kIsH,uKAI,L84s,leSl,CWNHJ27,KKX2,cJvF,FzaX,MMTJrCp,QKW8DRm,Rkj9jvX,LM8l689qOp,7FJQ,vJ_w8kB,WfJ2BB2SFSqauljlfOB
0,721,7,24,120,150,104,166.56,0,0,0,5.117069,9,130,0,1382400,0,244919.1,0,12,32,16,122138.8,455,0,127845,0,3888000,2246400,145,0,18,0,10368000,18,3110400,0,0,302Oj17IEC,2Knk1KF,taul,1K8T,aD1X,E3lAQJk,bGUqwlz,pPoY,9_Y1,zfpA,VpdQ,6JmL,me75fM6ugJ,kIsH,uKAI,L84s,XfqtO3UdzaXh_,XTbPUYD,c9st,UYBR,FzaX,hNjm0jM,oslk,M7Q52Lp,M_8D,7aLG,RAYp,55YFVY9
0,476,0,0,132,165,8,220.08,0,6506160,0,5.735741,9,28,0,3456000,0,234924.3,20,0,32,40,140545.2,450,78,0,0,3459465,40172,0,0,9,0,10295760,20,0,0,0,wRXmfo875g,RO12,taul,1K8T,42Cy,jlzAv9G,V_KvNzO,9b9Q,9_Y1,gnEy,VpdQ,zm5i,me75fM6ugJ,kIsH,uKAI,L84s,NhsEn4L,kZJtVhC,WdYL,cJvF,FzaX,6VNOjel,oslk,ilgAGfT,LM8l689qOp,3Cy4,RAYp,F2FyR07IdsN7I
0,861,21,568,164,205,96,253.52,0,4327080,0,5.143773,45,86,56,1687272,0,217269.3,20,4,40,32,104141.6,570,60,15903,0,2601775,1435898,455,0,0,0,10582520,18,950454,0,0,_v2gUHXZeb,RO12,taul,1K8T,TyGl,mBr7wZ4,glRBFJT8NN,WwTJ,9_Y1,LqKm,VpdQ,sYC_,me75fM6ugJ,kIsH,uKAI,Mtgm,NhsEn4L,kq0aHkC,TUQ_,cJvF,FzaX,_oSv10k,oslk,kK6wBif,LM8l689qOp,453m,RAYp,F2FyR07IdsN7I
0,1386,14,620,204,255,128,166.56,0,104394,0,1.118137,36,80,42,994104,0,26986.68,0,6,32,88,-1022396,1120,36,14994,0,1059955,257784,165,0,0,336721,2134100,30,305880,0,0,u6tWq6edh4,RO12,taul,1K8T,EJC9,r6ccy5d,HKFGqS8,qUsF,9_Y1,_xpN,VpdQ,IYzP,me75fM6ugJ,kIsH,uKAI,Mtgm,NhsEn4L,mAjbk_S,pLPE,UYBR,wwPEXoilkr,LWkYE38,oslk,8ag7A2G,LM8l689qOp,FSa2,RAYp,F2FyR07IdsN7I
0,1155,7,1584,380,475,128,220.08,10,3994914,9,5.073275,9,58,77,1957832,3,13635.15,20,4,72,88,-461048,920,84,27000,32,2141165,139476,4215,0,18,106148,6874600,96,149190,0,0,Qu0r4RKzJV,RO12,taul,1K8T,JLbT,7qvk2Zj,daiGnRstPa,gpsI,9_Y1,DtNL,09_Q,Tkho,me75fM6ugJ,kIsH,uKAI,L84s,NhsEn4L,kq0n8Bj,O5Ed,UYBR,FzaX,FhTm94s,oslk,TIxsTKW,LM8l689qOp,FSa2,RAYp,F2FyR07IdsN7I
0,2128,7,2012,412,515,256,166.56,0,53742,0,4.655202,9,84,0,86696,0,3995.22,45,18,136,104,62225.2,860,42,2457,0,134050,57986,4270,0,27,42903,339932,66,30834,0,0,4e7Wq69R_D,RO12,taul,1K8T,ssAy,H4ZMGuV,0ZlStaN,NKTj,9_Y1,0A_v,VpdQ,Tkho,DHn_WUyBhW_whjA88g9bvA64_,kIsH,uKAI,L84s,CrNX,pMWQVqj,tunS,UYBR,FzaX,aNndqJQ,d0EEeJi,a2rPIsU,LM8l689qOp,PM2D,nIGXDli,F2FyR07IdsN7I
0,2506,7,20,520,650,312,300.32,0,1940916,0,3.678488,9,32,0,3067608,0,51753.9,40,62,216,136,77331.6,2015,84,6480,0,7540650,119430,20,0,0,220948,10673800,42,568740,0,0,2jigUH7ejg,AERks4l,taul,1K8T,dm89,8_Vd0DS,zA2IZno2NK,fHYR,9_Y1,1Bp0,VpdQ,IYzP,GjJ35utlTa_GNSvxxpb9ju,kIsH,uKAI,L84s,JBfYVit4g8,TDctq2l,E5t7,cJvF,FzaX,ROea63T,Al6ZaUT,QQiAp1i,LM8l689qOp,WqMG,02N6s8f,xwM2aC7IdeMC0
0,560,7,1272,48,60,40,200,0,0,0,5.277291,9,102,21,0,0,7574.61,0,2,8,0,-2457,160,0,73350,0,73095,38768,1360,0,9,0,153708,12,26544,0,0,HYTrjIK12c,RO12,taul,1K8T,TyGl,kS7yoBp,jgyr5WV,8MF2,9_Y1,7WNq,VpdQ,IYzP,me75fM6ugJ,kIsH,uKAI,L84s,NhsEn4L,kq0aHkC,VQD8,UYBR,FzaX,3vmoOXS,oslk,wg_DmEs,LM8l689qOp,WqMG,RAYp,F2FyR07IdsN7I
0,203,7,1412,136,170,64,176.56,5,18192,0,1.892117,9,126,14,11480,0,5489.61,5,0,0,16,14518.84,365,18,76608,8,167835,17578,1595,0,9,0,188248,40,0,0,0,cFHt0GoOh3,g62hiBSaKg,taul,1K8T,7gSz,7DUrmCU,P9HTde2,xiUi,9_Y1,Z5OU,VpdQ,wMei,DHn_WUyBhW_whjA88g9bvA64_,kIsH,uKAI,L84s,CrNX,7N7iRy5,XhDd,UYBR,FzaX,8EdxcXk,d0EEeJi,eHpkfMA,LM8l689qOp,Qu4f,nIGXDli,ib5G6X1eUxUn6
0,1330,7,68,244,305,144,133.12,0,511380,0,1.950011,9,68,112,791336,0,8590.979,0,22,88,120,39465.44,880,30,2511,0,10420,59958,85,0,9,112651,869188,24,6522,0,0,DHevyx7IEC,RO12,taul,1K8T,7M9D,iJzviRg,88EhRq8,A4KB,9_Y1,f4dr,09_Q,wMei,7M47J5GA0pTYIFxg5uy,kIsH,uKAI,L84s,4kVnq_T26xq1p,7WwhGy4,9KKt,cJvF,FzaX,ch2oGfM,zCkv,P6pu4Vl,LM8l689qOp,szEZ,ZI9m,R4y5gQQWY8OodqDV
0,1022,0,60,24,30,24,286.32,0,475224,0,3.611194,9,32,0,301312,0,128208,0,2,0,8,-1219480,330,6,3582,0,0,475230,0,0,9,0,1497132,0,118800,0,0,oBXTmBtFkL,RO12,taul,1K8T,TyGl,X7nM3I9,CRwkRNVRGo,294Q,9_Y1,c2JP,VpdQ,zm5i,me75fM6ugJ,kIsH,uKAI,L84s,NhsEn4L,mAjAVZm,oFZS,cJvF,FzaX,RnYQ_Zs,oslk,4Iey5oW,LM8l689qOp,rgKb,RAYp,F2FyR07IdsN7I
0,1183,21,224,148,185,32,253.52,0,7957860,0,0.1036103,36,172,7,1382792,0,145143.9,35,0,32,24,282238.4,545,96,39276,0,1394485,563158,650,0,36,0,10515360,14,0,0,0,75lq9ayfAo,2Knk1KF,taul,1K8T,hAOr,kkNNXZR,2TwXCiT,gzjv,9_Y1,F_Lu,VpdQ,CoYW,me75fM6ugJ,kIsH,uKAI,L84s,XfqtO3UdzaXh_,XTbPUYD,xBKJ,cJvF,FzaX,OTgfc8E,oslk,GeD7j0h,LM8l689qOp,TNEC,RAYp,TCU50_Yjmm6GIBZ0lL_
0,308,0,0,272,340,168,246.8,0,45780,0,1.447981,9,26,0,1025304,0,80695.5,10,24,80,48,417308,520,12,0,0,2429905,749836,0,0,9,658644,4579280,50,883374,0,0,HYTrjIK12c,RO12,taul,z3mO,pGTb,3fI4jEC,JlBPeqq,gBL1,9_Y1,7WNq,sJzTlal,zm5i,me75fM6ugJ,kIsH,uKAI,L84s,NhsEn4L,kZJtVhC,31LB,UYBR,FzaX,pHXYlW4,oslk,wYv2Oqu,LM8l689qOp,WqMG,RAYp,F2FyR07IdsN7I
0,1281,7,20,140,175,96,133.12,0,0,0,2.849178,18,56,28,381032,0,46064.1,5,16,64,48,248335.2,460,0,32112,0,208840,436754,925,0,0,160846,2055648,16,1178952,0,0,wRXmfo875g,RO12,taul,1K8T,lK27,Kn7uqyB,V_KR_LD,JdsB,9_Y1,gnEy,VpdQ,IYzP,me75fM6ugJ,kIsH,uKAI,L84s,NhsEn4L,TDceha3,wBDT,UYBR,FzaX,OYHOVQC,oslk,RlTRt72,LM8l689qOp,3Cy4,RAYp,F2FyR07IdsN7I
0,553,7,3304,28,35,0,337.68,5,4305072,0,3.139073,9,64,56,4838400,0,32073.9,5,0,16,8,257553.6,305,18,109143,8,4240800,0,10160,0,9,0,10394880,4,0,0,0,mCGq9ayE15,RO12,taul,1K8T,0Xwj,cGZPV0c,zA2IZno2NK,p7Eb,F3hy,QBpP,VpdQ,IYzP,me75fM6ugJ,kIsH,uKAI,Mtgm,NhsEn4L,TDceha3,Bbhh,UYBR,FzaX,rulfc8E,oslk,y9NqhZX,LM8l689qOp,7P5s,RAYp,F2FyR07IdsN7I
0,2408,14,7852,400,500,248,166.56,0,37458,0,6.19013,27,170,392,694536,0,15179.55,20,20,96,144,46052.4,1430,24,31725,0,1183935,315830,4995,0,27,193858,2276916,66,454998,0,0,a4v9tYsGvO,LrdZy8QqgUfkVShG,taul,1K8T,0Xwj,fhk21Ss,TRIyiRk,2tQN,HLqf,YULl,09_Q,hAFG,7M47J5GA0pTYIFxg5uy,sBgB,uKAI,L84s,XfqtO3UdzaXh_,_JdcICD,CyOz,UYBR,FzaX,4UxGlow,oslk,catzS2D,LM8l689qOp,FSa2,ZI9m,ib5G6X1eUxUn6
0,1365,7,88,132,165,16,40.16,0,453882,0,3.577013,18,48,0,5528600,3,129333,0,0,32,64,141854.4,725,12,1503,8,8675800,125630,615,0,27,0,10258760,42,0,0,0,LDPgUHXZeb,RO12,taul,1K8T,487l,7z8szr3,3GJjsw4DrPEVQ,F4vN,9_Y1,STGZ,VpdQ,IYzP,me75fM6ugJ,kIsH,uKAI,L84s,NhsEn4L,TDcECyH,e9fs,UYBR,FzaX,Nvc6w_1,oslk,EXUR6zD,jySVZNlOJy,453m,RAYp,F2FyR07IdsN7I
0,420,7,1888,108,135,16,66.88,0,0,0,6.970946,9,128,0,61976,0,3826.83,0,0,0,56,-2019964,385,0,132885,0,95525,3964,55,0,27,0,115336,36,0,0,0,Yn7t0Go8Lb,2Knk1KF,taul,1K8T,TyGl,H9Tg2A0,k10MzgT,gqB4,9_Y1,rGJy,VpdQ,hzlB,me75fM6ugJ,kIsH,uKAI,Mtgm,XfqtO3UdzaXh_,XTbPUYD,5mMR,UYBR,FzaX,stpv4zN,oslk,YE7zrB7,LM8l689qOp,Qu4f,RAYp,55YFVY9
0,1043,0,0,180,225,8,234.72,0,8044200,0,5.010254,9,24,0,691200,0,78231.91,40,2,48,8,941952,815,102,0,0,2778240,27324,0,0,18,62013,10560600,34,53154,0,0,tr0gUH7ejg,RO12,taul,1K8T,487l,Wtcr3WP,76j2P_OLn0,4k4u,9_Y1,1Bp0,VpdQ,zm5i,me75fM6ugJ,kIsH,uKAI,L84s,NhsEn4L,kZJtVhC,UZlk,UYBR,FzaX,5ZxD5lR,oslk,WUmqPCU,LM8l689qOp,WqMG,RAYp,F2FyR07IdsN7I
0,1127,7,3812,248,310,72,166.56,0,0,0,4.367229,9,58,266,358704,0,12192.87,0,18,72,104,-113857.2,845,0,3276,0,874500,86568,750,0,9,178836,1137596,62,128262,0,0,1KSr4RK2Mx,RO12,taul,1K8T,TyGl,9GJGgoz,nQUveAzAF7,gpsI,9_Y1,DtNL,VpdQ,IYzP,Kxdu,sBgB,uKAI,L84s,FMSzZ91zL2,TDcEYQ6,O5Ed,UYBR,qxDb,Tvpip6Z,zCkv,hHJsvbM,jySVZNlOJy,FSa2,6fzt,SbOd7O8ky1wGNxp0Arj0Xs
0,1323,7,512,168,210,32,253.52,0,3787350,0,6.076906,27,150,70,2490256,0,132248.4,25,4,32,32,254538,720,72,3024,0,5702150,108734,6000,0,36,0,10086440,30,124350,0,0,dTGmfo8zhV,2Knk1KF,taul,1K8T,AKN1,QMLgCVv,5q1hF23,HOgy,9_Y1,wGwL,09_Q,6JmL,me75fM6ugJ,kIsH,uKAI,Mtgm,XfqtO3UdzaXh_,OFqmdNV,04ku,cJvF,AU8pNoi,6XEoI0_,oslk,bSgltRa,LM8l689qOp,wX53,RAYp,55YFVY9
0,15757,0,0,168,210,48,253.52,0,8817000,0,3.278787,9,38,0,0,0,12865.65,40,4,32,0,244380.4,8595,114,5742,0,687430,531202,0,0,9,604800,10706480,14,1036800,0,0,V8lBcmz45j,RO12,taul,1K8T,YPhp,4jFcSKu,SpV8_Al9t_,gvC7,9_Y1,EwzD,sJzTlal,zm5i,me75fM6ugJ,kIsH,uKAI,L84s,NhsEn4L,NGZXfGp,QTI0,UYBR,FzaX,Z6VfSEp,oslk,503RDbC,LM8l689qOp,Qcbd,RAYp,F2FyR07IdsN7I
0,910,14,6816,144,180,32,250,0,6687480,0,1.64217,18,180,343,1664616,0,193687.5,30,2,40,24,92999.2,580,78,20664,0,2162815,629708,1930,0,36,604800,10280120,18,402732,0,0,ZSNq9atbb6,2Knk1KF,taul,1K8T,4fje,fhk21Ss,r83_sZi,kuUe,9_Y1,KfYH,VpdQ,haYg,7M47J5GA0pTYIFxg5uy,kIsH,g5HH,L84s,Ie_5MZs,pMWNPrB,GtVP,cJvF,FzaX,4UxGlow,zCkv,catzS2D,M_8D,me1d,ZI9m,TCU50_Yjmm6GIBZ0lL_
0,1288,21,852,144,180,48,253.52,0,5488500,0,2.856441,27,56,595,1267264,0,57071.1,0,8,24,16,79405.6,525,72,24921,0,3135555,730578,505,0,9,1663291,9529520,24,1900908,0,0,oBXrjIQq3d,RO12,taul,1K8T,PGNs,4JE9Df6,DKUDUftgA7,VNjO,9_Y1,RVjC,09_Q,IYzP,me75fM6ugJ,kIsH,uKAI,L84s,NhsEn4L,kq0emRG,p8c0,UYBR,FzaX,Nh_v4zN,oslk,MKETE6Y,LM8l689qOp,FSa2,RAYp,F2FyR07IdsN7I
0,350,7,8168,28,35,0,393.68,0,3720714,0,4.241828,9,136,0,0,0,175500,10,0,0,0,-351467.2,195,18,10089,0,4989415,0,1250,0,27,0,6495840,4,0,0,0,1nlTmBtueT,2Knk1KF,taul,1K8T,JLbT,Dqp4lx4,17VONbZnAuZ90atz,NzyG,9_Y1,c2JP,VpdQ,haYg,me75fM6ugJ,kIsH,uKAI,Mtgm,XfqtO3UdzaXh_,XTbPUYD,0WQt,cJvF,FzaX,ZDjoI0_,oslk,Ws9i7an,LM8l689qOp,rgKb,RAYp,55YFVY9
0,868,7,940,204,255,56,220.08,5,93906,0,1.37257,9,48,7,1692824,0,87512.09,0,12,32,40,52059.6,865,78,13743,8,4852815,919354,700,0,9,945056,7666040,40,1554066,0,0,CEat0G8rTN,RO12,taul,1K8T,lK27,gwY4NQF,5q1hF23,R9J5,9_Y1,e7QV,09_Q,IYzP,me75fM6ugJ,kIsH,uKAI,L84s,NhsEn4L,mAja5EA,6NSw,cJvF,FzaX,t5EoLzk,oslk,ag5iNPX,LM8l689qOp,fKCe,RAYp,F2FyR07IdsN7I
0,910,7,1476,4,5,8,266.88,0,0,0,4.827174,18,102,0,0,0,30444.9,0,0,0,0,-1104000,250,0,59832,0,0,636,15,0,45,0,1272,0,0,0,0,dRarjIK12c,RO12,taul,1K8T,pGTb,vfNlTUr,C_u8_AlBK7,MXX4,9_Y1,7WNq,sJzTlal,6JmL,me75fM6ugJ,kIsH,uKAI,L84s,XfqtO3UdzaXh_,kq0cPRz,ZRlu,cJvF,FzaX,YhdYH7D,oslk,6l0qqb8,jySVZNlOJy,WqMG,RAYp,F2FyR07IdsN7I
0,777,7,600,104,130,32,267.04,0,2353206,0,6.388592,9,60,0,1382408,0,159039.6,25,4,32,16,608456,360,42,14706,0,1776850,559244,100,0,0,565516,7196760,12,1003128,0,0,v0Nt0Go8Lb,RO12,taul,1K8T,487l,wGQ47iP,9YuuPSz3BI,MnIU,9_Y1,Z5OU,VpdQ,IYzP,me75fM6ugJ,kIsH,uKAI,L84s,NhsEn4L,mAjbk_S,qWiZ,cJvF,FzaX,GOYABPr,oslk,huSQguc,LM8l689qOp,Qu4f,RAYp,F2FyR07IdsN7I
0,231,0,0,60,75,16,286.96,0,676986,0,3.594317,9,18,0,5038536,0,206127,20,2,32,24,-64123.6,480,12,0,0,5103250,312972,0,0,9,0,8617760,6,261072,0,0,oUPBcmzkzH,RO12,taul,1K8T,tXti,xUTqnbN,y2LIM01bE1,VyZ6,9_Y1,WGOH,sJzTlal,zm5i,me75fM6ugJ,kIsH,uKAI,L84s,NhsEn4L,jawB6UP,Mnru,cJvF,FzaX,LwGVino,oslk,xYH_Q4n,LM8l689qOp,Qcbd,RAYp,F2FyR07IdsN7I
0,980,7,88,104,130,64,204.96,0,3628800,0,1.323222,9,34,0,2632816,9,47783.4,0,6,16,40,739364,615,6,63,32,1121570,117746,45,0,18,505099,4928120,18,89640,0,7,ZSNrjIX0Db,RO12,taul,1K8T,lK27,6CXYbuk,ohK7BAH,1Veh,9_Y1,Nbbb,09_Q,43pnToF,Kxdu,kIsH,uKAI,L84s,9pUnzWLbztKTo,TDcBmwK,Wl_B,cJvF,FzaX,ROeipLp,zCkv,K2SqEo9,LM8l689qOp,5Acm,6fzt,am14IcfM7tWLrUmRT52KtA
0,2401,7,3048,320,400,248,166.56,0,20088,0,6.667806,9,104,70,30592,0,6598.89,10,26,88,80,-114399.2,1320,12,6966,0,124045,48036,200,0,9,2548,254988,44,43944,0,0,tr0rEyXktW,RO12,taul,1K8T,0Xwj,iJzviRg,yEFIHeU,K23q,HLqf,H1uM,VpdQ,hAFG,7M47J5GA0pTYIFxg5uy,sBgB,uKAI,L84s,4ylQpLr46xum2hHQ,7WwK5g3,TlPl,cJvF,FzaX,ch2oGfM,z4pH,P6pu4Vl,LM8l689qOp,Aoh3,ZI9m,R4y5gQQWY8OodqDV
0,1169,21,5420,116,145,48,253.52,0,260550,0,4.125614,27,154,196,113144,0,14776.5,0,12,104,80,-113696.8,445,6,6462,0,666430,127784,345,0,18,362306,1411716,12,589098,0,0,FAJWq69cTy,onTuEhrJJQy_H3IHkZku5AFczhYGqxJ890,taul,1K8T,pdks,fqeOwLG,31mjDsKSQu,0XzP,9_Y1,Px52,VpdQ,hAFG,7M47J5GA0pTYIFxg5uy,kIsH,uKAI,Mtgm,IZwBHOJhfS,_JdTbdK,JEC4,UYBR,FzaX,fxJmel6,zCkv,WfsWw2A,LM8l689qOp,PM2D,ZI9m,iyHGyLCEkQ
0,1155,14,1848,628,785,440,153.2,0,12366,0,6.464644,27,144,441,545408,0,71936.41,5,10,80,232,-1034868,1140,6,8280,0,3346805,519878,6955,0,9,206787,4680440,132,987180,0,0,uGLq9ayE15,2Knk1KF,taul,1K8T,0Xwj,creaF5r,rRTn3fZ,h7KG,HLqf,QBpP,09_Q,6JmL,me75fM6ugJ,sBgB,uKAI,L84s,XfqtO3UdzaXh_,XTbPUYD,Augw,UYBR,OFWH,PhzfR8o,oslk,JEtAgOW,jySVZNlOJy,7P5s,RAYp,55YFVY9
0,959,0,64,196,245,88,233.44,0,3267948,0,4.100833,18,38,7,730056,0,181301.7,50,14,48,24,16573,650,42,720,0,3930530,614598,0,0,9,452116,9668560,22,2237166,0,0,xearjIX0Db,RO12,TnJpfvsJgF,1K8T,dTod,ykmL8P4,hOpRIhsUSP,DLh_,9_Y1,Nbbb,09_Q,43pnToF,me75fM6ugJ,kIsH,uKAI,L84s,NhsEn4L,mAjbk_S,rmCU,cJvF,FzaX,KPaDGHt,oslk,1nr95F0,LM8l689qOp,5Acm,RAYp,F2FyR07IdsN7I
0,189,0,0,384,480,216,402.48,0,118998,0,3.35847,9,14,0,1013784,0,13511.1,0,20,120,136,145947.2,480,48,0,8,630340,232428,0,0,0,257404,1729420,68,261102,0,7,75lq9ayfAo,RO12,taul,1K8T,GYbZ,mhknt93,h3WsUQk,6WeP,9_Y1,F_Lu,VpdQ,IYzP,me75fM6ugJ,kIsH,uKAI,L84s,NhsEn4L,kZJyVg2,W29H,UYBR,FzaX,WWmfR8o,oslk,c4R2fT4,LM8l689qOp,TNEC,RAYp,F2FyR07IdsN7I
0,791,7,224,188,235,16,133.12,0,0,0,2.196326,9,136,0,24040,0,1488.873,0,2,24,48,-30869.16,715,0,60687,0,60435,11338,100,0,9,896,83556,76,768,0,0,py5rEyXktW,rEUOq2QD1qfkRr6qpua,taul,1K8T,487l,fhk21Ss,y4g9XoZ,qzf7,9_Y1,VwCR,VpdQ,kxE9,7M47J5GA0pTYIFxg5uy,kIsH,uKAI,L84s,4kVnq_T26xq1p,TDcy1yk,dJ9S,UYBR,FzaX,4UxGlow,zCkv,catzS2D,LM8l689qOp,Aoh3,ZI9m,ib5G6X1eUxUn6
0,1211,7,1836,192,240,136,166.56,0,726078,0,2.671865,9,60,168,608624,0,12102.81,0,10,48,120,134823.2,720,18,10080,0,195515,200586,6405,0,18,328853,1568060,16,333168,0,0,Qu0TmBQZiT,RO12,taul,1K8T,WkTj,VQWOjS3,9YuuPSz3BI,DSAx,9_Y1,TjV7,VpdQ,hAFG,me75fM6ugJ,kIsH,uKAI,L84s,XfqtO3UdzaXh_,XTbPUYD,E3av,UYBR,FzaX,54petck,oslk,eEfa_vf,LM8l689qOp,FSa2,RAYp,F2FyR07IdsN7I
0,343,7,356,44,55,8,200,0,78834,0,4.688955,9,74,0,0,0,28209.51,0,0,0,0,-940172,185,42,197703,0,123430,25184,1210,0,9,0,201668,6,0,0,0,m9SvyxLkBI,RO12,taul,1K8T,487l,cU31MZE,MypvvoIQqc,jV3I,9_Y1,_r21,09_Q,giwq,me75fM6ugJ,kIsH,uKAI,L84s,NhsEn4L,cUQmao5,PhJK,UYBR,FzaX,tzpCqnG,oslk,5nQuVKu,jySVZNlOJy,xb3V,RAYp,F2FyR07IdsN7I
0,784,21,12768,128,160,24,220.48,0,1555200,0,4.574023,36,210,1015,3824552,0,241202.1,15,2,32,48,147486.8,480,18,11988,0,6523800,518400,20815,0,36,322483,10411880,32,518400,0,0,9rAq9at_88,2Knk1KF,CiJDdr4TQ0rGERIS,1K8T,sbZD,fhk21Ss,Tg7jjBB,i6Ct,9_Y1,KfYH,VpdQ,haYg,7M47J5GA0pTYIFxg5uy,kIsH,g5HH,L84s,MeOIHRG3F9,juKY5dR,ltFT,cJvF,FzaX,4UxGlow,zCkv,catzS2D,LM8l689qOp,me1d,ZI9m,VjDE
0,1673,7,2636,32,40,0,283.6,0,1104318,0,5.833583,18,160,203,0,0,100331.7,5,0,0,0,362452.4,265,6,130977,0,13293550,0,6350,0,27,0,11853800,12,0,0,0,qFpmfo8zhV,g62hiBSaKg,taul,1K8T,TyGl,fhk21Ss,vJBeoKaaV8wSqD2trrJ,3taI,9_Y1,wGwL,VpdQ,haYg,7M47J5GA0pTYIFxg5uy,kIsH,uKAI,L84s,WsRVNrF85oPU_,pMW4vQ7,VA4Q,UYBR,FzaX,4UxGlow,zCkv,catzS2D,LM8l689qOp,wX53,ZI9m,ib5G6X1eUxUn6
0,448,0,0,152,190,112,220.08,0,1704792,0,1.036744,9,28,0,1983464,0,182145.6,0,4,32,40,494720,435,36,0,0,1986255,1425592,0,0,9,1015098,6828320,22,389784,0,0,Y3tqrQKzJV,RO12,taul,1K8T,GYbZ,4e311pK,nQUsa0C0oX,t65Y,9_Y1,15m3,sJzTlal,zm5i,me75fM6ugJ,kIsH,uKAI,L84s,NhsEn4L,kZJtVhC,oWky,UYBR,FzaX,kC8vOIl,oslk,OjiRt72,LM8l689qOp,FSa2,RAYp,F2FyR07IdsN7I
0,910,7,32,148,185,64,256.88,0,2887020,0,6.2884,9,84,0,973600,0,129782.4,25,6,40,40,619632,720,48,1557,0,375680,816400,60,0,0,916104,5441600,16,1132422,0,0,CxSr4RXktW,RO12,taul,1K8T,0YIT,ceYPo8p,DKUDUftgA7,zs8x,9_Y1,ZKJc,VpdQ,giwq,DHn_WUyBhW_whjA88g9bvA64_,kIsH,uKAI,L84s,CrNX,mAjbq_f,a_LO,UYBR,FzaX,YZ2cLVk,d0EEeJi,VhSYcYb,jySVZNlOJy,7FJQ,nIGXDli,F2FyR07IdsN7I
0,875,7,6172,160,200,88,196.64,0,117384,0,2.596026,18,124,315,31056,0,20079.18,5,10,24,24,-1895788,590,30,13410,0,342060,115818,3390,0,27,0,705612,30,104376,0,0,YddrjIQ5Ph,g62hiBSaKg,taul,1K8T,TyGl,zmMlkJq,8o3zKbi,v_8I,9_Y1,RVjC,sJzTlal,wMei,DHn_WUyBhW_whjA88g9bvA64_,kIsH,uKAI,L84s,CrNX,7N7iRy5,Al7w,UYBR,AU8pNoi,ErGovo7,d0EEeJi,a4o7nDv,LM8l689qOp,FSa2,nIGXDli,ib5G6X1eUxUn6
0,847,7,244,24,30,24,253.52,0,315870,0,0.6197394,9,122,21,0,0,149732.1,0,0,0,0,-409584,330,6,2682,0,2777785,3628800,665,0,27,0,9690400,4,0,0,0,gOyq9ayE15,2Knk1KF,taul,1K8T,z32l,3FCrXBz,YWSKjQNChg,7bQH,9_Y1,QBpP,VpdQ,kxE9,7M47J5GA0pTYIFxg5uy,kIsH,uKAI,L84s,JBfYVit4g8,beKBENh,bHt7,cJvF,FzaX,oatipLp,Al6ZaUT,RsCQLlz,LM8l689qOp,7P5s,vJ_w8kB,Zy3gnGM
0,1085,7,84,104,130,24,126.8,15,2064534,0,6.210425,9,52,14,1131760,0,15033.75,20,2,40,16,-1096512,550,36,19944,24,672790,364154,90,0,9,0,3277004,20,83070,0,0,vAsvyx7ejg,RO12,taul,1K8T,Bxva,3xzAPoI,k10MzgT,aKtP,9_Y1,qaiO,VpdQ,IYzP,me75fM6ugJ,kIsH,uKAI,L84s,NhsEn4L,TDcECyH,6JNs,cJvF,FzaX,CxcVeMS,oslk,uMzpRtK,LM8l689qOp,szEZ,RAYp,F2FyR07IdsN7I
0,2037,7,576,824,1030,336,133.12,0,70176,0,6.20188,18,56,357,243040,0,5255.76,35,60,240,184,29132.84,1865,126,24903,0,214775,82854,295,0,0,25508,630004,166,163770,0,0,FAJWq69cTy,PomAbFU,taul,1K8T,ssAy,6KF0k8W,k10MzgT,D1Er,9_Y1,Px52,VpdQ,IYzP,me75fM6ugJ,kIsH,uKAI,L84s,NhsEn4L,TDceha3,WxAt,UYBR,qxDb,ot6oLzk,oslk,IIvC99a,LM8l689qOp,PM2D,RAYp,F2FcTt7IdMT_v
0,2331,7,260,356,445,256,0,0,0,0,4.415082,9,38,0,760640,0,17606.82,10,22,128,200,-287225.2,1395,0,306,0,519695,178780,260,0,9,145964,1770636,38,161196,0,0,oBXq9ayfAo,RO12,taul,1K8T,42Cy,XktPwWy,BQyoaYmhkr,8U0C,9_Y1,pQsY,VpdQ,hAFG,me75fM6ugJ,kIsH,uKAI,L84s,XfqtO3UdzaXh_,11p4mKe,foZS,cJvF,FzaX,82JfrxM,oslk,bIKqCcD,LM8l689qOp,TNEC,RAYp,F2FyR07IdsN7I
0,1225,0,0,192,240,176,200,0,1380,0,6.926085,9,104,0,2704472,0,51583.5,15,2,32,64,71891.2,1000,6,1053,0,980865,728938,0,0,9,1252601,3625804,26,42,0,0,tr0Wq69cTy,RO12,taul,1K8T,ssAy,iJzviRg,kWmBrXN,1o8Y,9_Y1,Px52,VpdQ,6JmL,7M47J5GA0pTYIFxg5uy,kIsH,uKAI,L84s,9fipLB8rlL,jawnm3o,I04_,cJvF,FzaX,ch2oGfM,zCkv,P6pu4Vl,LM8l689qOp,PM2D,ZI9m,R4y5gQQWY8OodqDV
0,2240,14,340,256,320,72,186.64,0,4334508,0,3.331126,27,142,28,958440,0,15894.09,40,14,56,72,91532.4,1700,96,243,0,4935065,206944,185,0,45,989989,10300880,30,837312,0,0,cFHt0GoOh3,2Knk1KF,taul,1K8T,wGW5,dgtng1z,msI6okrs6a,sbg_,9_Y1,t_4G,VpdQ,hAFG,me75fM6ugJ,kIsH,uKAI,L84s,XfqtO3UdzaXh_,OFqmdNV,yu9V,cJvF,FzaX,CWefR8o,oslk,_8WEKx8,LM8l689qOp,Qu4f,RAYp,55YFVY9
0,16814,35,7196,988,1235,104,200,0,3992292,0,6.381329,45,80,833,1252896,0,13073.61,10,18,160,128,157899.2,6235,168,6993,0,1978790,1861916,17725,0,0,101010,10341600,358,1642986,0,0,EsYrjIX0Db,RO12,taul,1K8T,TyGl,im_bujo,Wj5i_3d,_DzI,9_Y1,xQ2A,VpdQ,IYzP,me75fM6ugJ,kIsH,uKAI,L84s,NhsEn4L,mAja5EA,4bXO,cJvF,FzaX,hf11Ctd,oslk,6Uhw_BK,M_8D,5Acm,RAYp,F2FyR07IdsN7I
0,2464,7,4,432,540,424,218.32,0,55896,0,0.487289,9,78,0,860360,0,20880.9,15,20,96,144,-486236,1490,30,45603,0,408835,829986,225,0,9,199605,3092232,38,682158,0,0,NESWq69R_D,RO12,taul,1K8T,JLbT,eIf4RJE,1l6qRiH,JqwB,9_Y1,mTeA,VpdQ,sYC_,me75fM6ugJ,kIsH,uKAI,L84s,NhsEn4L,beK4AFX,VqrQ,UYBR,FzaX,JgwYjZW,oslk,hrE2qo0,LM8l689qOp,FSa2,RAYp,F2FyR07IdsN7I
0,4907,0,0,1276,1595,376,286.32,0,5063256,0,6.029267,9,22,0,466648,0,12319.95,90,48,184,152,192945.6,7425,720,0,0,3434480,193388,0,0,9,71211,10296040,182,3371028,0,0,FoxgUHSK8h,RO12,taul,1K8T,JLbT,JGqKjkn,_UtlxbJ,koiU,9_Y1,_xpN,VpdQ,zm5i,me75fM6ugJ,kIsH,uKAI,L84s,NhsEn4L,mAja5EA,qqJY,cJvF,FzaX,x6S3Wv3,oslk,xPi_44J,LM8l689qOp,FSa2,RAYp,F2FyR07IdsN7I
0,868,7,412,132,165,8,246.8,0,5586006,0,1.450758,9,88,245,3538792,0,154075.2,20,0,40,48,1559420,520,66,774,0,4651255,18292,255,0,27,0,10633400,22,0,0,0,dRagUHXM47,RO12,taul,1K8T,h3JW,3pg460p,wLOHP_YhcL,c2KK,9_Y1,m_h1,09_Q,6JmL,me75fM6ugJ,kIsH,uKAI,L84s,XfqtO3UdzaXh_,11p4mKe,BfEk,UYBR,FzaX,Qf2vbB7,oslk,jZZjeOa,M_8D,WqMG,RAYp,F2FyR07IdsN7I
0,651,0,0,332,415,32,220.08,0,2860662,0,2.074343,9,28,0,514824,0,20961.63,5,2,360,376,-629376,805,36,0,0,352020,208054,0,0,9,26236,3215836,48,11988,0,0,8I1r4RXXnK,RO12,taul,1K8T,lK27,cmPXOhW,k10MzgT,zuv2,9_Y1,Zazx,VpdQ,zm5i,me75fM6ugJ,kIsH,uKAI,L84s,NhsEn4L,kZJtVhC,WMli,UYBR,FzaX,tjWYlW4,oslk,T_gzrB7,LM8l689qOp,Xa3G,RAYp,F2FyR07IdsN7I
0,630,0,0,220,275,144,234.72,0,1713804,0,4.077761,9,28,0,1382400,0,57550.2,0,12,32,16,-449152,895,102,0,0,2767700,2294580,0,0,18,1209600,10710680,24,3110400,0,0,NQ5rEy7Rm6,RO12,taul,1K8T,TyGl,KVQd0DS,I1sqWRxUAv,lU40,9_Y1,X8zP,09_Q,zm5i,me75fM6ugJ,kIsH,uKAI,L84s,NhsEn4L,kZJtVhC,m57E,cJvF,FzaX,kj7871e,oslk,nTRqEo9,LM8l689qOp,Aoh3,RAYp,F2FyR07IdsN7I
0,371,0,0,172,215,112,263.52,0,475230,0,1.289041,9,16,0,1234280,0,123774.9,20,8,40,32,-73860.4,555,6,0,0,3864005,1796750,0,0,0,0,9872720,32,1604286,0,0,eOQgUHShse,RO12,taul,1K8T,TyGl,qbzATNu,iFbP2w4Cgw,xklU,9_Y1,RVjC,sJzTlal,IYzP,me75fM6ugJ,kIsH,uKAI,L84s,NhsEn4L,7WwwAA_,H3p7,UYBR,FzaX,Oj69oV7,oslk,7IeAGfT,LM8l689qOp,FSa2,RAYp,F2FyR07IdsN7I
0,196,0,0,72,90,0,1537.76,0,5532012,0,4.593249,9,24,0,691200,15,223151.7,20,0,16,8,-710500,430,66,0,56,458185,0,0,6,9,0,5782560,4,0,2,0,CEaBcmz45j,RO12,taul,1K8T,OTVu,esxkA1P,YjRIAZ3ZEuEZC,6LD6,9_Y1,EwzD,09_Q,zm5i,me75fM6ugJ,kIsH,uKAI,L84s,NhsEn4L,kZJtVhC,QRq2,cJvF,FzaX,EPImS85,oslk,MI8s5nE,LM8l689qOp,Qcbd,RAYp,F2FyR07IdsN7I
0,1239,0,64,132,165,8,253.52,0,286764,0,1.371715,9,40,0,5529144,0,136630.2,0,0,32,64,588680,520,18,184446,0,8970650,116174,0,0,9,0,10364640,42,0,0,0,EsYrjIX0Db,RO12,taul,1K8T,lK27,YDGnrqW,V_KvNzO,ZBNx,9_Y1,xQ2A,VpdQ,zm5i,me75fM6ugJ,kIsH,uKAI,L84s,NhsEn4L,mAja5EA,gvA6,UYBR,FzaX,DI493UA,oslk,xZb2pc5,LM8l689qOp,5Acm,RAYp,F2FyR07IdsN7I
0,5740,7,1172,272,340,88,286.96,0,2799990,0,1.508866,9,50,224,290224,0,27565.56,80,6,80,40,13543.56,3325,84,27702,0,1419485,1461606,930,0,0,0,7945400,38,1145754,0,0,8I1TmBtueT,RO12,taul,1K8T,PbOJ,qE4ODwF,NFeIdppttuZ9yxh1,jtvC,9_Y1,C6Eu,VpdQ,IYzP,me75fM6ugJ,kIsH,7A3j,L84s,NhsEn4L,mAjbk_S,fL61,cJvF,FzaX,IJReT2p,oslk,a0xaK89,M_8D,rgKb,RAYp,F2FyR07IdsN7I
0,1232,0,0,296,370,176,181.28,5,12234,0,0.4144413,9,28,0,580168,15,9438.99,0,10,88,88,60386.8,1055,6,0,80,1096885,179460,0,0,27,203868,1625028,70,135540,2,21,DQlgUH7IEC,RO12,taul,1K8T,vSNn,Gra1e1h,nQUveAzAF7,HjUV,9_Y1,1Bp0,VpdQ,zm5i,me75fM6ugJ,kIsH,uKAI,L84s,XfqtO3UdzaXh_,11p4mKe,DhWa,cJvF,FzaX,Oy_VHK6,oslk,HatO6Fb,LM8l689qOp,WqMG,RAYp,F2FyR07IdsN7I
0,3332,7,1316,544,680,384,99.68,0,5808,0,6.22132,9,130,7,218648,0,1665.486,0,44,256,336,-2587.284,1925,12,32211,0,74840,46418,1140,0,9,50050,300456,44,51828,0,0,1GdOj17ejg,2Knk1KF,taul,1K8T,aD1X,32pvHAP,hOpRIhsUSP,Vh6p,9_Y1,iVbl,VpdQ,haYg,me75fM6ugJ,kIsH,uKAI,L84s,XfqtO3UdzaXh_,11p4mKe,xHiW,cJvF,FzaX,dRiOVQC,oslk,z042C8o,LM8l689qOp,7aLG,RAYp,55YFVY9
0,1351,7,2224,136,170,8,216.72,0,575424,0,4.168767,9,156,224,5332976,0,36786.3,5,0,40,64,141132.8,485,12,12393,0,9114750,68138,5310,0,27,1814400,10484200,44,0,0,0,dRagUHXM47,AERks4l,taul,1K8T,rXTS,fhk21Ss,VDuk08JjsV,ZAhc,9_Y1,8BBI,VpdQ,hzlB,7M47J5GA0pTYIFxg5uy,kIsH,uKAI,L84s,DmYOBF5GfjJxb,OFqAhVm,Vb4e,cJvF,FzaX,4UxGlow,Al6ZaUT,catzS2D,LM8l689qOp,453m,ZI9m,ib5G6X1eUxUn6
0,924,0,0,332,415,224,166.56,0,31290,0,1.062807,9,18,0,330952,0,9222.87,5,22,72,72,-160611.2,1300,6,0,0,511125,118710,0,0,0,35812,991336,66,230478,0,0,a4vvyxLkBI,RO12,taul,1K8T,R4_H,seBlmZ6,LGkbsIMsMFR2MgMc70h,Jh2k,9_Y1,_r21,09_Q,IYzP,me75fM6ugJ,kIsH,uKAI,L84s,NhsEn4L,mAja5EA,jRr7,UYBR,AU8pNoi,YQXRPEi,oslk,EpjUsvC,LM8l689qOp,xb3V,RAYp,F2FyR07IdsN7I
0,651,14,2404,80,100,24,253.52,0,3804876,0,0.6532792,18,160,14,3342424,0,74410.2,5,2,32,24,185034.4,405,12,18333,0,2511840,1142714,1975,0,45,279174,9264960,20,329772,0,0,CEaBcmz45j,2Knk1KF,taul,1K8T,0Xwj,fhk21Ss,_jTP8ioIlJ,Sj0V,HLqf,WGOH,VpdQ,haYg,7M47J5GA0pTYIFxg5uy,sBgB,uKAI,Mtgm,Ie_5MZs,CWNY2py,0PwL,cJvF,FzaX,4UxGlow,zCkv,catzS2D,LM8l689qOp,Qcbd,ZI9m,TCU50_Yjmm6GIBZ0lL_
0,1099,7,4096,204,255,144,166.56,0,702,0,4.786157,9,104,490,1490424,0,53540.4,5,6,48,88,-1064576,1120,6,1872,0,1196050,814108,1210,0,9,1051365,3834376,34,737448,0,0,bZk9tYsGvO,2Knk1KF,taul,1K8T,TyGl,OX9yQy1,V4EEkD4AAZ,xPEx,9_Y1,YULl,09_Q,sYC_,DHn_WUyBhW_whjA88g9bvA64_,kIsH,uKAI,Mtgm,CrNX,pMWQVqj,_wBR,UYBR,wwPEXoilkr,U8IZoEQ,d0EEeJi,R2LvLoR,LM8l689qOp,FSa2,nIGXDli,55YFVY9
0,49,7,96,44,55,24,186.64,0,32502,0,0.7842342,18,136,0,3048,6,7031.34,5,6,40,8,-915276,115,6,174447,32,16155,21320,20,6,9,30765,115112,4,37362,0,7,KXMgUH7IEC,2Knk1KF,taul,1K8T,JLbT,lUpdCrr,Oe4E7cR6Kt,NXWa,9_Y1,m_h1,VpdQ,69fI,me75fM6ugJ,sBgB,uKAI,L84s,XfqtO3UdzaXh_,XTbPUYD,jdx1,cJvF,AU8pNoi,t39OtFs,oslk,G9lTL5Q,LM8l689qOp,WqMG,RAYp,55YFVY9
0,665,7,96,60,75,8,166.56,0,0,0,1.71395,9,86,0,14736,0,21013.47,0,8,32,16,24372.8,210,0,4257,0,32090,19364,440,0,0,0,125408,16,80460,0,0,wRXmfo875g,RO12,taul,1K8T,QQSE,VWnXzAw,msIqHk8toE,unG8,9_Y1,6Kw9,VpdQ,sYC_,me75fM6ugJ,kIsH,uKAI,L84s,NhsEn4L,kq0aHkC,NIXF,cJvF,AU8pNoi,2WbYjZW,oslk,p2sz20V,LM8l689qOp,3Cy4,RAYp,F2FyR07IdsN7I
0,1925,7,496,160,200,56,253.52,0,6333180,0,3.284982,9,82,0,1546488,0,69074.7,25,6,40,24,10295.16,830,102,284742,0,1249445,775004,2755,0,27,41552,9882440,10,1036566,0,0,AUUt0GoOh3,RO12,taul,1K8T,7gSz,XX3vpGW,jXIs0KG,DQ0L,9_Y1,rGJy,VpdQ,sYC_,me75fM6ugJ,kIsH,uKAI,L84s,NhsEn4L,kq0aHkC,dimX,UYBR,FzaX,n2dvEWW,oslk,xInqI2t,LM8l689qOp,Qu4f,RAYp,F2FyR07IdsN7I
0,805,7,224,28,35,0,166.56,0,3731778,0,2.95407,9,114,14,14515200,0,202032.6,0,0,24,24,252711.6,285,18,73971,0,157855,0,1645,0,36,8467200,9871720,2,0,0,0,UCDvyx8zhV,2Knk1KF,taul,1K8T,vSNn,G6aMVop,NFlfMbKIm3,EGIK,9_Y1,QMes,09_Q,sYC_,me75fM6ugJ,kIsH,uKAI,L84s,NhsEn4L,beK4AFX,OJkH,UYBR,qxDb,Xsgmfvd,oslk,uBYMak1,jySVZNlOJy,WqMG,RAYp,55YFVY9
0,161,0,0,128,160,8,220.08,0,6220800,0,6.255074,9,16,0,2764800,0,243836.4,25,0,32,32,110880,400,72,0,0,4176825,59104,0,0,0,0,10668240,20,0,0,0,Mtpt0G8EIb,RO12,taul,1K8T,TyGl,RZHR5DT,PAsv0xf,9sk9,9_Y1,k13i,09_Q,IYzP,me75fM6ugJ,kIsH,uKAI,L84s,NhsEn4L,kZJtVhC,7lZq,UYBR,FzaX,rLf8iqZ,oslk,bIUTy9x,LM8l689qOp,fKCe,RAYp,F2FyR07IdsN7I
0,1043,7,296,164,205,64,166.56,0,25230,0,6.435377,9,62,0,63952,0,4290.03,0,4,64,72,23067.56,615,6,972,0,203555,40610,195,0,0,47334,319008,42,39222,0,0,Y3tqrQKzJV,AERks4l,taul,1K8T,AnrR,PHNvXy8,Tg7jjBB,oV7C,9_Y1,15m3,VpdQ,IYzP,NKv3VA1BpP,kIsH,uKAI,L84s,Ie_5MZs,y5FEvJ5,R3nq,UYBR,AU8pNoi,UF16siJ,zCkv,APgdzOv,LM8l689qOp,FSa2,6fzt,xwM2aC7IdeMC0
0,3080,7,20,156,195,16,271.92,5,5494650,0,3.689596,9,62,7,909520,0,47559,45,0,40,16,115337.6,775,72,54909,8,4608885,195032,425,0,18,0,10566520,28,0,0,0,LDPvyx7IEC,RO12,taul,1K8T,Bxva,ZBORawV,nQUq7hGe64,8c6M,9_Y1,YGOC,09_Q,43pnToF,me75fM6ugJ,kIsH,uKAI,L84s,NhsEn4L,TDceha3,bwXv,cJvF,FzaX,JO0WZR6,oslk,ZwrmOr3,LM8l689qOp,szEZ,RAYp,F2FyR07IdsN7I
0,637,0,0,360,450,176,166.56,0,0,0,4.091861,9,26,0,1115464,0,15497.94,0,16,40,64,-780684,1070,0,0,0,1873340,420816,0,0,9,567273,3036184,104,207222,0,0,YddTmBtueT,RO12,taul,1K8T,hAOr,FrORSm1,FoJylxy,RnNc,9_Y1,C6Eu,VpdQ,zm5i,DHn_WUyBhW_whjA88g9bvA64_,kIsH,uKAI,Mtgm,CrNX,NGZ_12K,7W4P,cJvF,FzaX,x_lM8GC,d0EEeJi,YnOHjWw,jySVZNlOJy,rgKb,nIGXDli,F2FyR07IdsN7I
0,1512,7,36,204,255,176,275.92,0,0,0,5.218543,18,58,7,450024,0,11564.22,0,8,32,72,-1706956,680,0,106461,0,273895,128160,550,0,0,331373,783832,32,125076,0,0,avkq9ayfAo,RO12,taul,1K8T,lK27,KiMpAK4,o64y9zI,4dCp,9_Y1,000J,VpdQ,IYzP,DHn_WUyBhW_whjA88g9bvA64_,kIsH,uKAI,L84s,CrNX,mAjbq_f,4vgH,cJvF,FzaX,agO_GwW,d0EEeJi,GwOyLgb,LM8l689qOp,7P5s,nIGXDli,F2FyR07IdsN7I
0,469,0,0,204,255,80,186.64,0,0,0,0.6231574,9,24,0,808104,0,134477.7,0,2,24,80,90855.2,615,0,0,0,1061870,32550,0,0,9,74921,1322772,60,6186,0,0,dukmfo8zhV,RO12,taul,1K8T,AKN1,jX5lhSa,r83_sZi,UPi7,9_Y1,Bw19,VpdQ,zm5i,me75fM6ugJ,kIsH,uKAI,L84s,XfqtO3UdzaXh_,XTbPUYD,yeAd,UYBR,FzaX,WEga9N8,oslk,NbpRb9q,LM8l689qOp,wX53,RAYp,F2FyR07IdsN7I
0,483,0,0,136,170,24,338.24,0,6123300,0,5.5768,9,26,0,1382400,0,207671.7,30,2,32,16,89735.6,560,84,0,0,3248730,465492,0,0,18,604800,10393240,16,518400,0,0,ZSNrjIX0Db,AERks4l,taul,1K8T,dTod,6Wu7zLh,_jTP8ioIlJ,MAZq,9_Y1,xQ2A,VpdQ,zm5i,7M47J5GA0pTYIFxg5uy,kIsH,uKAI,Mtgm,NhsEn4L,jawR0Ac,lTeB,UYBR,FzaX,8c8KEbL,oslk,UQenOT8,LM8l689qOp,5Acm,ZI9m,F2FcTt7IdMT_v
0,882,7,3248,128,160,0,220.08,0,462,0,1.253792,9,158,287,5529600,0,209710.2,0,0,32,64,100916,485,6,12024,0,9829600,0,465,0,27,604800,10628800,46,0,0,0,dukmfo8zhV,2Knk1KF,taul,1K8T,EJC9,VWnXzAw,RuVy67M,ITft,9_Y1,6Kw9,VpdQ,haYg,me75fM6ugJ,kIsH,uKAI,Mtgm,XfqtO3UdzaXh_,XTbPUYD,LJRr,UYBR,FzaX,2WbYjZW,oslk,p2sz20V,LM8l689qOp,3Cy4,RAYp,TCU50_Yjmm6GIBZ0lL_
0,1561,7,592,144,180,48,299.52,0,4400772,0,0.6218756,9,36,119,2764800,0,161046.3,25,0,32,32,183262.8,980,54,1170,0,4655760,439882,180,0,9,0,10608320,24,0,0,0,9hRmfo875g,RO12,taul,1K8T,FgS1,Wju1gJV,4hMlgkf58mhwh,e3e3,9_Y1,wGwL,VpdQ,zm5i,me75fM6ugJ,kIsH,7A3j,L84s,NhsEn4L,kZJtVhC,EpXh,cJvF,AU8pNoi,2JIC5vH,oslk,_1yunYn,LM8l689qOp,wX53,RAYp,F2FyR07IdsN7I
0,581,0,0,144,180,8,375.2,0,9759300,0,4.518907,9,26,0,11192,0,168083.4,45,0,32,8,1044132,605,120,0,0,756690,107590,0,0,9,0,10442720,10,0,0,0,ZSNrjIX0Db,RO12,taul,z3mO,0Xwj,BBmE5D8,J1MZ1kd,ZBmN,HLqf,xQ2A,sJzTlal,zm5i,me75fM6ugJ,sBgB,uKAI,L84s,NhsEn4L,NGZxnJM,YQbj,cJvF,FzaX,sTyTe_2,oslk,XBfNMua,LM8l689qOp,5Acm,RAYp,F2FyR07IdsN7I
0,3185,7,4820,472,590,304,133.12,0,132798,0,3.321299,9,104,42,1283992,0,9958.17,20,22,168,208,107781.6,1950,42,29520,0,460500,535794,18365,0,0,145572,2511768,64,426966,0,0,C2Dvyx875g,2Knk1KF,taul,1K8T,JLbT,aKBg0iR,P9HTde2,D6lg,9_Y1,MBhA,VpdQ,sYC_,me75fM6ugJ,kIsH,uKAI,L84s,NhsEn4L,kq0aHkC,5smi,UYBR,FzaX,8GKOjel,oslk,APUE4Qn,LM8l689qOp,WqMG,RAYp,55YFVY9
0,931,7,1772,192,240,96,292.96,20,7685340,0,4.666951,9,48,42,691200,0,59624.1,35,2,32,8,163214.8,1165,108,22986,32,601025,867074,6810,0,9,0,10429360,18,344106,0,0,75lr4RXktW,RO12,taul,1K8T,EzKK,OnikTQ1,CdPgMY1Z52,ITqC,9_Y1,Albh,VpdQ,IYzP,me75fM6ugJ,kIsH,uKAI,L84s,NhsEn4L,mAjbk_S,lNhR,cJvF,FzaX,O30mFX7,oslk,IhKskzO,jySVZNlOJy,Xa3G,RAYp,F2FyR07IdsN7I
0,1834,14,1292,164,205,88,298.72,0,5524560,0,2.651784,18,60,84,1741464,0,118609.8,25,0,40,48,129100.8,735,72,29421,0,2142355,1348140,3250,0,9,0,10510120,14,0,0,0,LDPvyx7IEC,RO12,taul,1K8T,JLbT,P3bnFi6,9YuuPSz3BI,jv62,9_Y1,RcM7,VpdQ,43pnToF,me75fM6ugJ,kIsH,uKAI,L84s,NhsEn4L,7WwX8Ya,A1VJ,UYBR,FzaX,IhOfGrO,oslk,wWB2pc5,jySVZNlOJy,szEZ,RAYp,F2FyR07IdsN7I
0,0,0,0,20,25,32,212,0,572682,0,0.08587909,9,12,0,0,0,63667.2,0,0,0,0,-708076,25,6,0,0,0,21330,0,0,0,0,424448,0,0,0,0,HrWq9aXt5a,RO12,taul,1K8T,lK27,ryQJDqx,bGUqwlz,xzph,9_Y1,Y9Bl,VpdQ,IYzP,me75fM6ugJ,kIsH,uKAI,L84s,NhsEn4L,mAja5EA,tU_W,UYBR,FzaX,tCbv48t,oslk,Exf7DIf,LM8l689qOp,uWr3,RAYp,F2FyR07IdsN7I
0,35,0,0,36,45,0,421.04,0,5462076,0,6.961119,27,14,0,660864,0,580620,5,0,16,24,198663.2,85,12,0,0,6560450,0,0,0,0,0,11639360,6,0,0,0,hSogUHXZeb,AERks4l,taul,1K8T,lK27,6CXYbuk,a9AudoCgrg,Hnyn,9_Y1,8BBI,VpdQ,IYzP,Kxdu,kIsH,uKAI,L84s,FMSzZ91zL2,kq0jANs,U6Hx,UYBR,FzaX,ROeipLp,zCkv,K2SqEo9,LM8l689qOp,453m,6fzt,F2FcTt7IdMT_v
0,875,0,0,260,325,56,253.52,0,6147060,0,2.464858,9,26,0,952808,0,119672.7,35,8,64,80,55218,1250,126,0,0,3848455,82472,0,0,9,7581,10371160,32,823122,0,0,bZk9tYsGvO,RO12,taul,1K8T,kwI9,kUCp_2L,_jTP8ioIlJ,WfTZ,9_Y1,YULl,VpdQ,zm5i,me75fM6ugJ,kIsH,uKAI,L84s,NhsEn4L,kZJtVhC,ZbGN,cJvF,FzaX,0bjDSPW,oslk,IkiDnag,LM8l689qOp,FSa2,RAYp,F2FyR07IdsN7I
0,6419,7,548,4184,5230,144,166.56,0,3647688,0,3.383679,9,126,21,1162120,0,18046.32,355,520,3976,1384,144914.8,6325,2796,12726,0,2479715,1643108,645,0,9,58611,10334160,116,2147172,0,0,8I1r4RXXnK,2Knk1KF,taul,1K8T,TyGl,DW3heVi,yEFIHeU,qKrq,9_Y1,Albh,VpdQ,sYC_,me75fM6ugJ,kIsH,uKAI,L84s,NhsEn4L,beK4AFX,H4vx,cJvF,AU8pNoi,THMQrGj,oslk,cObaF5M,M_8D,Xa3G,RAYp,55YFVY9
0,637,7,668,132,165,48,280.24,0,3801870,0,6.601795,18,150,70,2534584,0,199533.3,10,4,32,32,596612,480,48,1260,0,4356325,950464,2195,0,36,554428,10455160,22,950460,0,0,IXSgUHShse,LrdZy8QqgUfkVShG,taul,1K8T,487l,fhk21Ss,ARvzJXx,Mx5G,9_Y1,RVjC,VpdQ,CoYW,7M47J5GA0pTYIFxg5uy,kIsH,uKAI,Mtgm,XfqtO3UdzaXh_,XTbPUYD,9haV,UYBR,FzaX,4UxGlow,oslk,catzS2D,LM8l689qOp,FSa2,ZI9m,ib5G6X1eUxUn6
0,525,0,0,144,180,16,286.96,0,3477012,0,2.136296,36,28,0,3340856,0,159927.3,10,2,32,40,148203.6,675,54,0,0,5938650,316814,0,0,9,1209600,10265760,34,388710,0,0,a4vvyxLkBI,RO12,taul,1K8T,UpNf,pxFX3gM,yLQX8HOoy1,fTvJ,9_Y1,vzJD,09_Q,zm5i,me75fM6ugJ,kIsH,uKAI,L84s,NhsEn4L,kZJtVhC,HAUi,UYBR,FzaX,efgsTJ7,oslk,_JxR5uO,LM8l689qOp,xb3V,RAYp,F2FyR07IdsN7I
0,686,7,2204,136,170,48,186.64,0,5184042,0,6.31254,9,54,35,2764800,0,139571.1,15,0,24,32,-34746.28,510,60,10737,0,4339565,66964,815,0,0,0,9386320,22,0,0,0,Tfit0G8EIb,RO12,taul,1K8T,wOc1,qEdASpP,xtMzxjAuQ_,N89u,9_Y1,e7QV,sJzTlal,IYzP,me75fM6ugJ,kIsH,uKAI,L84s,NhsEn4L,TDceha3,dJJD,cJvF,FzaX,0AJo2f2,oslk,2Kb5FSF,jySVZNlOJy,fKCe,RAYp,F2FyR07IdsN7I
0,868,7,8,328,410,64,220.08,0,4944984,0,4.55565,9,160,0,199104,0,48401.7,25,4,40,24,870336,1665,270,216,0,3291750,588528,85,0,45,178045,8900200,38,154416,0,0,302Oj17IEC,rEUOq2QD1qfkRr6qpua,taul,1K8T,mAW3,fhk21Ss,Gai9lEF2Fr,68dw,9_Y1,eQTr,09_Q,haYg,7M47J5GA0pTYIFxg5uy,kIsH,uKAI,L84s,leSl,teA09W3,Gwu1,cJvF,AU8pNoi,4UxGlow,QKW8DRm,catzS2D,LM8l689qOp,7aLG,ZI9m,ib5G6X1eUxUn6
0,1484,21,196,128,160,8,256.88,0,11404800,0,6.201025,36,184,0,0,0,25417.08,45,0,32,0,184105.2,495,132,3456,0,0,46440,1025,0,27,0,10806480,0,0,0,0,8I1r4RXXnK,5QKIjwyXr4MCZTEp7uAkS8PtBLcn,LfvqpCtLOY,1K8T,ZNsX,fhk21Ss,ZkibjLN5VwJ2V,uKCK,9_Y1,ZKJc,VpdQ,haYg,7M47J5GA0pTYIFxg5uy,kIsH,uKAI,L84s,5u2Bxlj9ua90kqrA,7WwtEtr,xwNT,cJvF,FzaX,4UxGlow,JIiEFBU,catzS2D,jySVZNlOJy,7FJQ,ZI9m,iyHGyLCEkQ
0,5187,7,236,496,620,360,143.12,0,27156,0,5.958129,9,56,105,491472,0,4486.8,20,46,184,248,90682.4,1680,66,34758,0,42700,359286,4775,0,9,323911,1315524,20,393300,0,0,1PnOj1KVEH,RO12,taul,1K8T,ONrL,T7ckueW,VKmQoSsVfi,U_8b,9_Y1,jdbz,09_Q,haYg,me75fM6ugJ,kIsH,uKAI,L84s,XfqtO3UdzaXh_,XTbPUYD,NwRz,UYBR,FzaX,WZA8iqZ,oslk,jCiQv5o,jySVZNlOJy,kwS7,RAYp,F2FyR07IdsN7I
0,714,7,2248,132,165,48,317.28,0,3326412,0,5.555437,27,178,14,3168008,0,199363.8,15,4,32,40,387007.6,665,42,139725,0,3960000,950400,415,0,18,0,10454400,20,950400,0,0,zcRZptzip9,rEUOq2QD1qfkRr6qpua,taul,1K8T,WkTj,fhk21Ss,msIqHk8toE,Oryy,9_Y1,t_4G,VpdQ,hAFG,7M47J5GA0pTYIFxg5uy,kIsH,uKAI,L84s,TVE1uh4F_wOi_,CWNdri0,t89X,UYBR,FzaX,4UxGlow,zCkv,catzS2D,M_8D,Qu4f,ZI9m,ib5G6X1eUxUn6
0,126,0,0,84,105,32,232.4,5,4930596,0,1.510361,9,18,0,1909520,0,256719,10,6,32,8,-267052,380,24,0,8,4090130,663198,0,0,9,0,9493680,14,29610,0,0,kMJt0GoOh3,RO12,taul,1K8T,g6No,lKNMukw,oRaYO4j,nIfG,9_Y1,rGJy,VpdQ,zm5i,me75fM6ugJ,kIsH,uKAI,Mtgm,NhsEn4L,7WwuNea,TqZP,UYBR,FzaX,3vmv1FD,oslk,X7rObSS,LM8l689qOp,Qu4f,RAYp,F2FyR07IdsN7I
0,3129,21,2600,708,885,448,166.56,0,42924,0,1.464644,36,54,161,347848,0,3534.99,0,20,184,352,73590.4,2690,42,12258,0,423150,122260,2105,0,0,74599,871944,120,129546,0,0,TfiBcmzkzH,RO12,taul,1K8T,JLbT,SDw7JO2,Tg7jjBB,0R5r,9_Y1,yrDU,VpdQ,sYC_,me75fM6ugJ,kIsH,uKAI,L84s,NhsEn4L,kq0n8Bj,HMb2,cJvF,FzaX,kH5C5vH,oslk,dc9c_aX,LM8l689qOp,Qcbd,RAYp,F2FyR07IdsN7I
0,2576,21,7388,504,630,280,266.88,10,130512,0,3.415296,27,82,1470,1399856,0,19077.45,10,16,152,320,-34568.16,1540,24,441,16,318345,589426,815,0,0,126518,2642448,74,559254,0,0,yaKt0Go8Lb,RO12,taul,1K8T,JLbT,PccnqNs,GVWDufEPyV,lT2l,9_Y1,Z5OU,VpdQ,IYzP,me75fM6ugJ,kIsH,uKAI,L84s,NhsEn4L,kq0aHkC,78p0,UYBR,FzaX,aoBA1m8,oslk,6iNOEra,LM8l689qOp,Qu4f,RAYp,F2FyR07IdsN7I
0,889,21,13168,136,170,48,220.08,0,4277388,0,6.373425,27,106,1155,2534744,0,206471.7,15,4,32,32,166267.2,535,54,54837,0,3960520,950526,8350,0,18,1108961,10772640,20,950532,0,0,a4v9tYsGvO,2Knk1KF,taul,1K8T,kNzO,4rXxfeC,C_u8_AlBK7,xPEx,9_Y1,YULl,09_Q,sYC_,me75fM6ugJ,kIsH,uKAI,L84s,NhsEn4L,beK4AFX,_wBR,UYBR,FzaX,llYv48t,oslk,V51EKx8,LM8l689qOp,FSa2,RAYp,55YFVY9
0,1092,7,324,904,1130,384,268.32,0,6429960,0,6.972228,9,36,7,712792,0,138697.8,45,22,128,192,77834,1650,120,41157,0,3062520,231040,3475,0,18,259070,10395720,228,812670,0,0,HAoOj1KXzC,RO12,taul,1K8T,0Y9G,mfjR5DT,Nu1b2Lyme0,LyxK,9_Y1,jdbz,VpdQ,IYzP,me75fM6ugJ,kIsH,uKAI,L84s,NhsEn4L,NGZXfGp,cXbB,cJvF,FzaX,vh98iqZ,oslk,5R7Ty9x,LM8l689qOp,kwS7,RAYp,F2FyR07IdsN7I
0,1358,7,2732,132,165,40,269.36,0,4281918,0,3.856441,18,128,168,2534464,0,26537.85,30,2,40,32,150904.8,1495,54,216603,0,3168080,792020,5,0,9,554414,10458000,16,475212,0,0,_v2vyx7IEC,2Knk1KF,taul,1K8T,7M9D,t_SVxtY,0IWZqtp,S67e,9_Y1,f4dr,VpdQ,kxE9,7M47J5GA0pTYIFxg5uy,kIsH,uKAI,L84s,XfqtO3UdzaXh_,XTbPUYD,DGUD,cJvF,FzaX,KPafrxM,oslk,l_fTL5Q,jySVZNlOJy,szEZ,RAYp,55YFVY9
0,21,0,0,32,40,8,297.52,5,10206120,0,1.621021,9,14,0,1928,0,794823,5,0,16,8,127806.4,45,24,0,8,1479810,587502,0,0,0,0,9535600,2,0,0,0,LDPvyx7IEC,RO12,taul,1K8T,_8YK,86dToXU,7OQTfyc,FRAm,9_Y1,qaiO,sJzTlal,IYzP,me75fM6ugJ,kIsH,uKAI,Mtgm,NhsEn4L,kq0dQfu,550g,UYBR,FzaX,QMaRwBA,oslk,0D0gQ7h,LM8l689qOp,szEZ,RAYp,F2FyR07IdsN7I
0,35,0,0,40,50,0,325.44,0,183666,9,5.405042,9,12,0,1382400,3,144945.6,15,0,8,16,-790816,50,6,0,24,1378480,0,0,0,0,604800,1932608,8,0,0,7,M5vt0Gdc_a,RO12,taul,1K8T,bhvQ,x8bPoJV,77iNHt972x,7IQH,9_Y1,cyKH,09_Q,IYzP,me75fM6ugJ,kIsH,g5HH,L84s,NhsEn4L,TDc4Td_,IAGl,cJvF,FzaX,Ik20nTz,oslk,DNvRusu,LM8l689qOp,me1d,RAYp,F2FyR07IdsN7I
0,1799,21,312,236,295,120,233.44,0,154428,0,0.2454604,27,162,0,734288,0,21679.65,15,16,80,72,-1311572,1015,24,31113,0,1027290,583926,435,0,0,294357,3081792,40,836316,0,0,HrWq9aXt5a,onTuEhrJJQy_H3IHkZku5AFczhYGqxJ890,taul,1K8T,JLbT,fqeOwLG,daiGnRstPa,NtsF,9_Y1,Y9Bl,09_Q,IYzP,7M47J5GA0pTYIFxg5uy,kIsH,uKAI,Mtgm,5u2Bxlj9ua90kqrA,CWNxSNg,BCds,UYBR,FzaX,fxJmel6,JIiEFBU,WfsWw2A,LM8l689qOp,uWr3,ZI9m,iyHGyLCEkQ
0,539,7,620,104,130,56,196.64,0,518400,0,5.654775,18,42,21,1437872,0,76592.09,5,2,32,32,428220,425,6,44028,0,2198535,697838,3230,0,9,489188,4572720,24,12132,0,0,KXMrEyXXnK,RO12,taul,1K8T,YFAj,XaPdR0M,9UgkRNa9Jb,rLH9,9_Y1,SkZj,VpdQ,zm5i,me75fM6ugJ,kIsH,uKAI,L84s,NhsEn4L,mAjbk_S,1hye,cJvF,AU8pNoi,Hrl6pd1,oslk,dOHQowC,LM8l689qOp,Aoh3,RAYp,F2FyR07IdsN7I
0,210,0,0,48,60,56,166.56,0,19980,0,5.000854,9,20,0,35824,0,6047.43,5,0,8,24,-13973.56,385,6,0,0,0,41524,0,0,0,0,117868,0,0,0,0,oUPBcmzkzH,RO12,taul,1K8T,lK27,uwNODwF,C_u8_AlBK7,OEtL,9_Y1,rzbc,sJzTlal,IYzP,me75fM6ugJ,kIsH,uKAI,L84s,NhsEn4L,mAja5EA,_FcA,cJvF,FzaX,Jth6pd1,oslk,TW37kpB,LM8l689qOp,Qcbd,RAYp,F2FyR07IdsN7I
0,973,7,2900,160,200,96,200,0,5634954,0,1.182867,9,62,49,2076768,0,172029.3,25,2,40,32,77127.6,530,66,213183,0,2715975,558414,3540,0,0,0,9905640,14,518400,0,0,l7Fq9ayE15,RO12,taul,1K8T,PJLW,P3bxW2B,q2tfFQq,R8Qz,9_Y1,vm5R,VpdQ,sYC_,me75fM6ugJ,kIsH,uKAI,L84s,NhsEn4L,kq0n8Bj,FbcX,cJvF,FzaX,hN86hzI,oslk,h2ZOtEt,LM8l689qOp,7P5s,RAYp,F2FyR07IdsN7I
0,1323,14,2152,72,90,56,166.56,0,0,0,0.5524461,18,160,238,246712,0,8784.449,0,10,64,24,-67081.2,575,0,49428,0,181475,15974,2555,0,9,336441,431680,6,196794,0,0,NESt0G8EIb,2Knk1KF,taul,1K8T,487l,Fcmnmrh,C_u8_AlBK7,agam,9_Y1,e7QV,09_Q,wMei,me75fM6ugJ,kIsH,uKAI,L84s,h0lfDKh52u4GP,IoI4mKe,HEX_,UYBR,FzaX,OXxK_Of,oslk,nH3o61n,LM8l689qOp,fKCe,RAYp,TCU50_Yjmm6GIBZ0lL_
0,1295,14,1028,236,295,200,233.44,0,236352,0,5.356761,27,60,0,1670608,0,53342.1,15,16,88,56,-352198.4,785,18,1233,0,655215,206336,205,0,0,262563,2155240,26,258006,0,0,tr0rEyXktW,RO12,taul,1K8T,LLPZ,9GJGgoz,Cy0RhGn,Xeg6,9_Y1,SkZj,VpdQ,IYzP,Kxdu,kIsH,uKAI,L84s,FMSzZ91zL2,TDcEYQ6,hMUM,cJvF,FzaX,Tvpip6Z,zCkv,hHJsvbM,jySVZNlOJy,Aoh3,6fzt,SbOd7O8ky1wGNxp0Arj0Xs
0,203,14,48,32,40,24,254.64,0,86436,0,6.443068,18,100,0,0,9,17291.46,0,0,0,0,-730892,120,24,8568,32,22815,14532,65,0,0,0,104940,2,0,0,7,O8Zr4Rdc_a,RO12,taul,1K8T,0Xwj,ZRZs43J,daiGnRstPa,aD3R,HLqf,em8I,09_Q,IYzP,me75fM6ugJ,sBgB,g5HH,L84s,XfqtO3UdzaXh_,XTbPUYD,AlQ5,cJvF,FzaX,VA_mahk,oslk,sxHPIsU,LM8l689qOp,me1d,RAYp,F2FyR07IdsN7I
0,2317,7,2964,124,155,144,166.56,0,0,0,1.929075,9,62,483,995368,0,14661.69,0,6,32,56,-9781.16,600,0,32787,0,391605,439514,280,0,9,642593,1827696,6,206550,0,0,avkq9ayfAo,RO12,taul,1K8T,PJLW,3fI4jEC,7OQTfyc,kVZt,9_Y1,vm5R,sJzTlal,IYzP,me75fM6ugJ,kIsH,uKAI,L84s,NhsEn4L,kq0emRG,XqfQ,UYBR,FzaX,pHXYlW4,oslk,wYv2Oqu,LM8l689qOp,7P5s,RAYp,F2FyR07IdsN7I
0,1127,14,3284,208,260,40,303.6,0,4434480,0,0.5030976,18,134,35,1443560,0,145879.2,35,8,72,40,909200,760,78,19908,0,5504300,39080,345,0,27,666771,10422320,36,1417350,0,0,gOyq9ayE15,2Knk1KF,taul,1K8T,z32l,eUquP03,YQcPlrpk3WNO0,6byX,9_Y1,vm5R,VpdQ,wMei,me75fM6ugJ,kIsH,uKAI,L84s,h0lfDKh52u4GP,IoI4mKe,Boah,cJvF,FzaX,Owlv10k,oslk,hjFYw04,jySVZNlOJy,7P5s,RAYp,55YFVY9
0,1015,7,220,180,225,96,166.56,0,527334,0,1.18778,9,64,7,1020208,0,84258.3,0,12,40,72,267701.2,600,12,79578,0,3182190,235094,2095,0,0,672707,4699240,32,1232442,0,0,qXhPe2ftjz,RO12,taul,1K8T,lK27,6CXYbuk,5q1Htep,pAwI,9_Y1,mTeA,09_Q,IYzP,Kxdu,kIsH,uKAI,L84s,FMSzZ91zL2,TDcEYQ6,Mt1o,UYBR,FzaX,ROeipLp,zCkv,K2SqEo9,LM8l689qOp,FSa2,6fzt,SbOd7O8ky1wGNxp0Arj0Xs
0,1246,7,20,444,555,240,133.12,0,22188,0,1.250587,9,64,0,57176,0,6546.57,0,32,80,80,46639.2,1195,30,225,0,371435,110158,235,0,9,51926,664104,100,154890,0,0,CEaBcmz45j,RO12,taul,1K8T,yMvB,P_IO4FC,r83_sZi,6xB5,9_Y1,WGOH,VpdQ,IYzP,me75fM6ugJ,kIsH,uKAI,L84s,NhsEn4L,mAjbk_S,2yAz,UYBR,FzaX,WFgfrxM,oslk,HpgObSS,LM8l689qOp,Qcbd,RAYp,F2FyR07IdsN7I
0,980,7,1076,220,275,80,200,0,3202068,0,4.026704,18,130,35,2715208,0,160728,25,6,64,64,151426.4,955,90,7263,0,4083990,421090,100,0,9,405174,9029080,28,350016,0,0,FoxgUHSK8h,2Knk1KF,taul,1K8T,AHgj,bn8YSmA,9YuuPSz3BI,ePU0,9_Y1,mTeA,VpdQ,sYC_,me75fM6ugJ,kIsH,uKAI,L84s,NhsEn4L,beK4AFX,jC3e,UYBR,FzaX,Qnx0IU9,oslk,38lqqb8,jySVZNlOJy,FSa2,RAYp,55YFVY9
0,1610,7,4272,188,235,48,434.16,5,5300778,0,6.869899,9,110,21,2254200,3,83135.7,20,0,32,32,103219.6,635,108,9585,32,4079100,768398,19530,0,36,219499,10648680,30,0,2,7,1GdOj1KXzC,2Knk1KF,taul,1K8T,dTod,T7ckueW,I1s81Dlb7R,U_8b,9_Y1,jdbz,sJzTlal,sYC_,me75fM6ugJ,kIsH,uKAI,Mtgm,NhsEn4L,cUQBu6y,NwRz,UYBR,FzaX,WZA8iqZ,oslk,jCiQv5o,LM8l689qOp,kwS7,RAYp,55YFVY9
0,2254,7,5296,340,425,160,207.36,0,685956,0,5.497757,9,80,133,1155608,0,11259.21,20,8,72,96,-353160.8,1190,84,43137,0,560485,155530,11385,0,18,352492,2105292,62,193656,0,0,LDPvyx7IEC,RO12,taul,1K8T,OTVu,B88OFqD,MypvvoIQqc,7ypD,9_Y1,qaiO,09_Q,6JmL,7M47J5GA0pTYIFxg5uy,kIsH,uKAI,L84s,NjlyLMM,teAsDf5,9x5c,cJvF,FzaX,FonKRpF,zCkv,PC0nYS3,jySVZNlOJy,szEZ,6fzt,xwM2aC7IdeMC0
0,1477,21,1600,140,175,32,247.92,10,5560878,0,5.052126,36,72,91,1716264,0,38032.2,25,2,32,32,97018.8,535,84,16128,16,2777835,611382,920,0,9,0,9637680,14,305214,0,0,1KSr4RK2Mx,RO12,taul,1K8T,TyGl,0v27GMk,pbNgbi2,guIy,9_Y1,DtNL,VpdQ,43pnToF,me75fM6ugJ,kIsH,uKAI,L84s,NhsEn4L,mAjbk_S,_A_f,UYBR,qxDb,YBh0nTz,oslk,J_tzF_Q,LM8l689qOp,FSa2,RAYp,F2FyR07IdsN7I
0,3430,7,48,564,705,280,133.12,5,16608,0,6.993164,9,56,14,1523912,0,19909.56,0,14,176,304,-92423.6,1825,12,76194,8,1933900,181414,440,0,0,513191,2959788,118,415218,0,0,LDPvyx7IEC,RO12,taul,1K8T,Bxva,gHidiSi,y2LuFUfSEo,7u3Y,9_Y1,qaiO,VpdQ,IYzP,me75fM6ugJ,kIsH,uKAI,L84s,NhsEn4L,TDceha3,bssX,cJvF,FzaX,7DI8krz,oslk,tzXqDyy,LM8l689qOp,szEZ,RAYp,F2FyR07IdsN7I
0,371,7,264,88,110,88,6.72,0,1086,0,0.301645,9,32,0,0,0,10579.32,0,12,24,0,48372.4,275,6,8604,0,76990,88710,3005,0,0,132888,420168,8,270648,0,0,MlYvyx875g,RO12,taul,1K8T,YVv3,6CXYbuk,k10MzgT,uGO4,9_Y1,MBhA,VpdQ,IYzP,Kxdu,kIsH,uKAI,L84s,9pUnzWLbztKTo,TDcBmwK,8teJ,UYBR,FzaX,ROeipLp,zCkv,K2SqEo9,LM8l689qOp,WqMG,6fzt,am14IcfM7tWLrUmRT52KtA
0,728,7,8804,16,20,8,294.24,5,3628800,0,0.2003845,9,158,133,0,0,251164.2,0,0,0,0,31731.56,310,6,632853,8,4334415,1209600,2485,0,18,0,8305920,4,0,0,0,YddrjIQ5Ph,2Knk1KF,taul,1K8T,0Xwj,fhk21Ss,LcSgcJLyFb2Wa,YBGC,HLqf,RVjC,09_Q,haYg,7M47J5GA0pTYIFxg5uy,sBgB,uKAI,L84s,Ie_5MZs,CWNY2py,1Zzr,UYBR,FzaX,4UxGlow,zCkv,catzS2D,jySVZNlOJy,FSa2,ZI9m,TCU50_Yjmm6GIBZ0lL_
0,847,7,1340,56,70,32,288.56,0,3993978,0,4.873104,9,98,462,314304,0,160895.7,0,2,0,16,82090.8,500,30,6525,0,4118710,1511436,305,0,27,0,9482880,4,517836,0,0,HYTvyx7ejg,RO12,taul,1K8T,Bxva,ckoxY95,glRBFJT8NN,IeTB,9_Y1,qaiO,VpdQ,kxE9,me75fM6ugJ,kIsH,uKAI,L84s,XfqtO3UdzaXh_,XTbPUYD,HNIa,cJvF,FzaX,cXsjB1v,oslk,qWjjxQb,jySVZNlOJy,szEZ,RAYp,F2FyR07IdsN7I
0,217,0,0,148,185,40,253.52,0,4898568,0,2.725913,9,20,0,1853680,0,202552.8,10,8,40,24,127473.2,550,66,0,0,4638010,605678,0,0,9,1067549,10773440,24,1451868,0,0,LDPvyx7IEC,RO12,taul,1K8T,0Xwj,cMjcTxR,NBVUlxabJhR17,7ypD,F3hy,qaiO,09_Q,zm5i,me75fM6ugJ,kIsH,uKAI,L84s,NhsEn4L,kZJtVhC,n8rz,cJvF,FzaX,fabfGrO,oslk,TT_zF_Q,LM8l689qOp,szEZ,RAYp,F2FyR07IdsN7I
0,917,14,1608,128,160,8,166.56,0,5702400,0,1.599445,18,82,14,2764800,0,206590.8,30,0,40,32,538516,520,66,96759,0,4031815,118280,205,0,0,1209600,10700320,20,0,0,0,a4vvyxLkBI,RO12,taul,1K8T,yMvB,l7cbiah,nQUBcBcErl,wh0f,9_Y1,vzJD,VpdQ,IYzP,me75fM6ugJ,kIsH,uKAI,L84s,NhsEn4L,mAjbk_S,_OE0,cJvF,AU8_WTd,dpuDiZ1,oslk,CFQ6Ztl,jySVZNlOJy,xb3V,RAYp,F2FyR07IdsN7I
0,287,0,0,372,465,232,286.96,5,3043248,0,6.29844,9,16,0,3168248,0,32799,0,4,24,40,213762,1695,150,0,16,1838965,1188604,0,6,0,1108849,8094960,64,950442,0,0,NQ5rEy7Rm6,RO12,taul,1K8T,Wmd1,Xh35_CT,Gai9lEF2Fr,4PHW,9_Y1,X8zP,09_Q,IYzP,me75fM6ugJ,kIsH,uKAI,L84s,NhsEn4L,NGZxnJM,D3Pi,cJvF,FzaX,YQX8hdx,oslk,jvYzF_Q,LM8l689qOp,Aoh3,RAYp,F2FyR07IdsN7I
0,917,7,472,140,175,120,240.16,0,4492752,0,1.983123,45,42,7,99864,0,168727.8,10,8,24,16,316833.6,505,54,3798,0,185505,2571460,480,0,27,0,10342520,6,2073600,0,0,4e7gUH7IEC,RO12,taul,1K8T,JLbT,LG0vbUP,hOpMh7dRpW,bDi2,9_Y1,DmlN,sJzTlal,zm5i,me75fM6ugJ,kIsH,uKAI,L84s,NhsEn4L,kq0n8Bj,T7FPq0h,cJvF,FzaX,sE0uLpj,oslk,G9maF5M,LM8l689qOp,w_Ub,RAYp,F2FyR07IdsN7I
0,777,7,1188,144,180,40,364.4,0,4768926,0,3.945311,9,40,42,2534464,0,216534,20,6,32,32,311162.8,535,66,12816,0,3125480,636750,460,0,18,554414,10438040,18,1425636,0,0,yaKt0Go8Lb,RO12,taul,1K8T,JLbT,4bQly5F,_jTP8ioIlJ,Taoo,9_Y1,Z5OU,VpdQ,IYzP,7M47J5GA0pTYIFxg5uy,kIsH,uKAI,Mtgm,NhsEn4L,kq06N9t,PrZW,UYBR,FzaX,30WKvsy,z4pH,bvvVP29,LM8l689qOp,Qu4f,ZI9m,F2FyR07IdsN7I
0,420,7,588,132,165,80,309.76,5,2393382,0,0.9895322,9,44,252,8256,0,24055.14,10,6,8,8,15519.28,490,6,11439,8,5720400,541922,755,0,9,4452,8229640,32,7692,0,0,wRXmfo875g,RO12,taul,1K8T,0Xwj,iJzviRg,DKUDUftgA7,rEF1,HLqf,Bw19,VpdQ,haYg,7M47J5GA0pTYIFxg5uy,sBgB,uKAI,L84s,4kVnq_T26xq1p,jawX8Ya,2zV8,cJvF,FzaX,ch2oGfM,zCkv,P6pu4Vl,LM8l689qOp,wX53,ZI9m,R4y5gQQWY8OodqDV
0,3010,14,192,620,775,536,286.96,0,4019016,0,3.114933,27,58,0,1997424,0,56189.7,45,34,144,48,120068,1725,156,88578,0,5479750,236374,980,0,9,90909,10599760,60,210180,0,0,HAoOj1KXzC,RO12,taul,1K8T,ZNsX,60saF5r,daiGnRstPa,weGb,9_Y1,vYXv,09_Q,IYzP,me75fM6ugJ,kIsH,uKAI,Mtgm,NhsEn4L,mAjbk_S,mLLy,UYBR,AU8_WTd,nJQfR8o,oslk,4lYAgOW,jySVZNlOJy,kwS7,RAYp,F2FyR07IdsN7I
0,602,0,0,40,50,24,372.08,0,3666540,0,1.288186,9,28,0,4838400,0,226461.3,0,0,8,8,-37197.56,360,18,0,0,6269550,404406,0,0,9,0,10688000,6,0,0,0,eOQt0GoOh3,RO12,taul,1K8T,0Xwj,Mi6c9XZ,LH0BJkjM1L,ZKNH,HLqf,C7DI,sJzTlal,zm5i,DHn_WUyBhW_whjA88g9bvA64_,sBgB,uKAI,L84s,CrNX,jawG8bG,HROU,cJvF,FzaX,Jt8fM9g,d0EEeJi,JAnNDWm,LM8l689qOp,Qu4f,nIGXDli,F2FyR07IdsN7I
0,1596,14,2872,252,315,80,593.92,0,8044980,0,6.418927,18,144,224,857720,0,134027.4,25,4,48,40,133610,870,120,51291,0,1444860,776028,8190,0,36,486444,10518080,42,538506,0,0,E3dr4RQxul,2Knk1KF,taul,1K8T,PGNs,n0tQn2A,qZsAqpg,MMa_,9_Y1,z5Ry,09_Q,hAFG,me75fM6ugJ,kIsH,uKAI,L84s,XfqtO3UdzaXh_,XTbPUYD,Cuc3,UYBR,AU8_WTd,Qui18fN,oslk,ep2j7qz,jySVZNlOJy,FSa2,RAYp,55YFVY9
0,910,7,4208,132,165,40,322.72,0,5270502,0,2.835932,27,240,112,2491024,0,205069.2,15,2,24,32,111485.6,505,66,48366,0,3565650,703326,340,0,54,554407,10285560,18,475206,0,0,bZk9tYsGvO,_7J0OGNN8s6gFzbM,CiJDdr4TQ0rGERIS,1K8T,PGNs,fhk21Ss,glRBFJT8NN,ZNIX,9_Y1,YULl,VpdQ,y6dw,7M47J5GA0pTYIFxg5uy,kIsH,uKAI,L84s,MeOIHRG3F9,EknepHi,qQof,UYBR,FzaX,4UxGlow,zCkv,catzS2D,LM8l689qOp,FSa2,ZI9m,ZeaF
0,805,7,748,128,160,8,253.52,0,371388,0,6.663533,9,56,0,6220800,0,217518.6,0,0,32,72,114628,475,6,10026,0,8871150,101304,430,0,0,604800,10657520,42,0,0,0,V8lBcmz45j,RO12,taul,1K8T,uNkU,0BLFAbb,I1sFbvOhm1,jhvm,9_Y1,KubS,09_Q,IYzP,me75fM6ugJ,kIsH,uKAI,L84s,NhsEn4L,mAja5EA,VqFP,cJvF,FzaX,TPHDGHt,oslk,VuhHKhk,LM8l689qOp,Qcbd,RAYp,F2FyR07IdsN7I
0,700,7,76,112,140,16,288.32,0,6969600,0,4.734458,9,32,0,1382400,0,217644.6,25,0,24,16,-104454,465,84,4203,0,1777955,31640,45,0,9,604800,8551240,10,0,0,0,qXhvyxLp3Z,RO12,taul,1K8T,ssAy,xowcVcA,RuVy67M,8NgO,9_Y1,FbIm,VpdQ,zm5i,me75fM6ugJ,kIsH,uKAI,L84s,NhsEn4L,kZJtVhC,5oGC,UYBR,FzaX,AOhfql_,oslk,BMVRkup,LM8l689qOp,xb3V,RAYp,F2FyR07IdsN7I
0,1246,7,96,160,200,72,253.52,0,7008660,0,0.005981628,9,34,14,0,0,153621.3,45,2,40,0,310556,965,84,50499,0,1707170,695410,1650,0,9,0,10758760,14,518400,0,0,_v2vyx7IEC,RO12,taul,1K8T,lK27,bbmns41,y2LIM01bE1,NkoA,9_Y1,RcM7,09_Q,zm5i,me75fM6ugJ,kIsH,uKAI,L84s,NhsEn4L,NGZXfGp,GDWu,cJvF,FzaX,oatfGrO,oslk,8vXEsaq,LM8l689qOp,szEZ,RAYp,F2FyR07IdsN7I
0,2359,7,1696,992,1240,304,200,0,7300560,0,5.438581,9,138,7,1495776,0,76557.91,55,14,200,328,286183.6,3475,132,43938,0,2693255,255404,2515,0,27,518147,10579240,258,230292,0,0,Yddq9ayE15,2Knk1KF,taul,1K8T,GYbZ,kkNNXZR,_UtlxbJ,f8qu,9_Y1,F_Lu,VpdQ,haYg,me75fM6ugJ,kIsH,uKAI,L84s,XfqtO3UdzaXh_,XTbPUYD,Prge,cJvF,FzaX,OTgfc8E,oslk,GeD7j0h,LM8l689qOp,TNEC,RAYp,55YFVY9
0,2184,14,15904,396,495,152,133.12,0,246300,0,4.293314,36,146,1897,560576,0,8607.271,45,16,120,112,69567.6,1490,96,83295,0,706260,42340,8420,0,27,312011,1349900,66,134574,0,0,BQavyxLp3Z,2Knk1KF,LfvqpCtLOY,1K8T,FPxv,PHNvXy8,y2LIM03TrE,7zMI,9_Y1,vzJD,sJzTlal,hAFG,NKv3VA1BpP,kIsH,uKAI,L84s,Ie_5MZs,CWNY2py,wpxr,UYBR,Lmli,UF16siJ,zCkv,APgdzOv,jySVZNlOJy,xb3V,6fzt,Zy3gnGM
0,896,14,984,124,155,16,260.24,0,868764,0,6.503098,36,146,0,4838400,0,216511.5,10,0,32,56,40827.2,520,12,9972,0,7635850,216994,1970,0,27,1209600,10232240,36,0,0,0,VvRt0GoOh3,2Knk1KF,taul,1K8T,xgSF,8DBOkab,o64y9zI,JBoW,9_Y1,MGOA,VpdQ,hAFG,me75fM6ugJ,kIsH,uKAI,L84s,XfqtO3UdzaXh_,XTbPUYD,zMWg,cJvF,FzaX,0bjfql_,oslk,c1HOTZB,LM8l689qOp,Qu4f,RAYp,55YFVY9
0,2079,7,1044,332,415,224,233.76,0,3124764,0,6.173254,9,58,112,1028288,0,7977.66,10,12,40,136,314737.6,1230,66,31896,0,310990,163106,8390,0,0,16835,3931148,38,101436,0,0,ypNt0Go8Lb,RO12,taul,1K8T,qiF0,My6r5B6,o64y9zI,FwBJ,9_Y1,rGJy,VpdQ,IYzP,me75fM6ugJ,kIsH,uKAI,L84s,NhsEn4L,TDceha3,fDtq,cJvF,FzaX,WWmDBnE,oslk,CR7p_o3,LM8l689qOp,Qu4f,RAYp,F2FyR07IdsN7I
0,938,21,3004,208,260,88,186.64,0,2521314,0,4.728691,27,108,77,3251360,0,192340.2,20,8,64,72,94040,675,42,95580,0,5010950,885736,4950,0,27,32109,10347600,34,27522,0,0,8Fdr4RXXnK,w9ygS99Qp_,taul,1K8T,1TqK,QZivpGW,7aPrx0x,PdGE,9_Y1,TFSW,sJzTlal,hAFG,DHn_WUyBhW_whjA88g9bvA64_,kIsH,uKAI,L84s,CrNX,AuSBTw7,4pzv,cJvF,FzaX,_95aCXf,d0EEeJi,QC1PLsZ,jySVZNlOJy,Xa3G,nIGXDli,R4y5gQQWY8OodqDV
0,1722,14,436,176,220,24,200,0,6845400,0,2.409955,27,48,238,2287352,0,92522.41,25,2,32,32,62120.4,935,102,6237,0,3157510,55498,1155,0,0,604800,10255760,28,275214,0,0,KXMgUH7IEC,RO12,taul,1K8T,UpNf,gF91x3Z,aEghjcMgI1QYJu7y,HSY1,9_Y1,1Bp0,VpdQ,sYC_,me75fM6ugJ,kIsH,uKAI,L84s,NhsEn4L,kq0n8Bj,7m1O,cJvF,Lmli,9UdCLWs,oslk,G6quVxn,M_8D,WqMG,RAYp,F2FyR07IdsN7I
0,1316,7,1020,180,225,40,53.52,0,6511500,0,1.035462,9,32,364,976792,3,102319.2,30,10,40,16,349508.8,715,114,1116,8,1577715,817500,4965,0,9,131901,10578240,16,1594134,0,0,npOBcmzkzH,RO12,taul,1K8T,487l,_vkLDAi,r83_sZi,uwwf,9_Y1,yrDU,VpdQ,zm5i,me75fM6ugJ,kIsH,uKAI,L84s,NhsEn4L,kZJtVhC,ykzL,UYBR,FzaX,Lu8RPlm,oslk,Sxi9h3w,LM8l689qOp,Qcbd,RAYp,F2FyR07IdsN7I
0,175,14,2804,200,250,64,133.12,0,126510,0,1.435804,27,134,483,55736,0,14495.37,0,0,16,32,15369.72,665,24,124461,0,515735,35970,3515,0,18,0,596736,68,0,0,0,JMGrjIXt5a,onTuEhrJJQy_H3IHkZku5AFczhYGqxJ890,taul,1K8T,vsvk,GraN0hm,ELqaUgs,_PFP,9_Y1,nr0d,09_Q,kxE9,DHn_WUyBhW_whjA88g9bvA64_,kIsH,uKAI,L84s,cntt3uu,X1Bqg6c,6DFA,cJvF,AU8pNoi,tCb_h5s,d0EEeJi,7k4CsYF,LM8l689qOp,5Acm,nIGXDli,iyHGyLCEkQ
0,448,0,0,120,150,120,186.64,0,19500,0,4.928862,18,20,0,1459536,9,27788.07,0,2,16,48,165682.8,540,18,0,24,79465,233778,0,0,9,627858,1417316,10,215130,0,0,vAsTmBfHUn,RO12,taul,1K8T,xgSF,TeByZ8I,itSGh3t,w882,9_Y1,4N0K,VpdQ,zm5i,me75fM6ugJ,kIsH,uKAI,L84s,NhsEn4L,mAja5EA,cC2u,cJvF,qxDb,h72T5R2,oslk,e7btFxo,jySVZNlOJy,Qu4f,RAYp,F2FyR07IdsN7I
0,1596,7,3676,176,220,40,253.52,0,3745602,0,3.950224,9,110,469,2016032,0,118146,30,4,48,24,104004.4,855,66,5805,0,3875730,544720,870,0,27,554428,10182240,34,793032,0,0,zKnr4RXktW,2Knk1KF,taul,1K8T,1TqK,PHNvXy8,Tg7jjBB,hrS4,9_Y1,TFSW,VpdQ,haYg,NKv3VA1BpP,kIsH,uKAI,L84s,Ie_5MZs,teAY_NX,qmXq,cJvF,FzaX,UF16siJ,zCkv,APgdzOv,LM8l689qOp,Xa3G,6fzt,Zy3gnGM
0,868,7,1868,124,155,24,166.56,0,4427874,0,1.119633,9,216,63,4580760,0,214670.4,10,0,32,56,224979.2,540,54,918,0,4320000,518400,365,0,9,0,10426280,20,0,0,0,1PnOj1KVEH,Fveq5yuDUj6drSMiZO3mXe,ev6I,1K8T,0Y9G,fhk21Ss,glRBFJT8NN,_LKa,9_Y1,ID5l,VpdQ,y6dw,7M47J5GA0pTYIFxg5uy,kIsH,uKAI,Mtgm,iwn6,TDcSrRM,ku7K,UYBR,FzaX,4UxGlow,QKW8DRm,catzS2D,jySVZNlOJy,kwS7,ZI9m,VjDE
0,1309,35,4768,236,295,152,143.12,0,5046,0,2.92288,54,132,777,2705952,0,53413.5,15,2,40,64,44240.4,860,6,6885,0,1093710,659510,1115,0,27,818482,3603752,54,72114,0,0,75lTmBtFkL,2Knk1KF,taul,1K8T,EPHy,iYI85Wp,_jTP8ioIlJ,GHne,9_Y1,c2JP,VpdQ,hAFG,NKv3VA1BpP,kIsH,uKAI,L84s,pY3B3JjkfO,ORMWM38,NqZx,cJvF,FzaX,R8kKx11,QKW8DRm,X9a41Yn,LM8l689qOp,rgKb,6fzt,Zy3gnGM
0,798,0,0,112,140,48,210,0,0,0,4.493912,9,64,0,397176,0,25301.91,0,6,64,72,-192513.2,470,0,15390,0,95965,36092,0,0,9,157808,388704,20,61740,0,0,V8lt0G8rTN,RO12,taul,1K8T,lK27,gwY4NQF,qj0oQEvF92VDKt00,gFwX,9_Y1,e7QV,sJzTlal,hAFG,me75fM6ugJ,kIsH,uKAI,L84s,XfqtO3UdzaXh_,XTbPUYD,JoQR,cJvF,FzaX,t5EoLzk,oslk,ag5iNPX,jySVZNlOJy,fKCe,RAYp,F2FyR07IdsN7I
0,1456,7,824,352,440,72,173.28,0,0,0,2.040803,9,104,21,995360,0,7916.91,0,14,96,216,-265581.2,1005,0,2781,0,1159280,77716,3085,0,45,338058,1657972,90,116154,0,0,qFpmfo8zhV,2Knk1KF,taul,1K8T,AnrR,fhk21Ss,P9HTde2,6arG,9_Y1,6Kw9,VpdQ,kxE9,7M47J5GA0pTYIFxg5uy,kIsH,uKAI,L84s,Ie_5MZs,OFqdri0,HAoa,cJvF,FzaX,4UxGlow,zCkv,catzS2D,LM8l689qOp,3Cy4,ZI9m,Zy3gnGM
0,595,0,0,144,180,24,333.76,0,4320576,0,6.278146,9,26,0,786616,0,203626.5,30,8,48,16,132041.2,550,60,0,0,4200695,475212,0,0,18,688289,10479160,22,1490484,0,0,Ie5gUH7IEC,RO12,taul,1K8T,UkfA,jX5DIoU,wLOHP_YhcL,shC2,9_Y1,m_h1,09_Q,zm5i,me75fM6ugJ,kIsH,uKAI,L84s,NhsEn4L,jawR0Ac,1kIB,UYBR,FzaX,hFpAVkR,oslk,NbpqwxB,LM8l689qOp,WqMG,RAYp,F2FyR07IdsN7I
0,2366,7,600,368,460,128,521.04,5,2063796,0,5.460585,36,126,0,330056,0,20203.44,35,14,80,64,-562220,1915,102,35199,8,2255365,332134,990,0,45,233548,5227800,74,348774,0,0,302Oj17IEC,2Knk1KF,taul,1K8T,Uk76,32pvHAP,3A8iudN5VL6tw,XPya,9_Y1,iVbl,VpdQ,lVqb,me75fM6ugJ,kIsH,uKAI,L84s,XfqtO3UdzaXh_,11pm6dL,W9O9,cJvF,FzaX,dRiOVQC,oslk,z042C8o,LM8l689qOp,7aLG,RAYp,55YFVY9
0,84,0,0,112,140,16,350.16,0,673608,0,3.76693,9,12,0,419552,0,68408.41,20,14,72,8,-636620,140,42,0,0,741795,359148,0,0,0,28546,2553916,14,82248,0,0,ZSNrjIX0Db,RO12,taul,1K8T,lK27,ClIoukx,r83_sZi,A6YN,9_Y1,xQ2A,VpdQ,IYzP,me75fM6ugJ,kIsH,uKAI,L84s,NhsEn4L,mAja5EA,mL5_,cJvF,FzaX,KjR6w_1,oslk,nKcTL5Q,LM8l689qOp,5Acm,RAYp,F2FyR07IdsN7I
0,812,7,604,416,520,120,166.56,0,284094,0,5.23841,9,30,77,305568,0,7512.54,0,12,64,144,-65961.6,1385,66,29088,0,703715,62986,95,0,9,41020,1133220,108,153144,0,0,LDPvyx7IEC,RO12,taul,1K8T,FgS1,fLz9k_n,VFlDK2YAJ2VDzcas,BjZI,9_Y1,RcM7,09_Q,43pnToF,DHn_WUyBhW_whjA88g9bvA64_,kIsH,uKAI,L84s,CrNX,mAjbq_f,dApP,cJvF,FzaX,TE7wCWN,d0EEeJi,TjRghEc,LM8l689qOp,szEZ,02N6s8f,F2FyR07IdsN7I
0,966,7,8496,144,180,0,20.08,0,618492,0,5.194189,9,106,959,6220816,3,157645.8,5,0,32,72,196596,540,24,51606,8,9128800,0,115,0,27,604800,10843480,44,0,0,0,4e7gUH7IEC,2Knk1KF,taul,1K8T,72yt,ucg7asP,EnAY9Dq,swas,9_Y1,LqKm,VpdQ,CoYW,me75fM6ugJ,kIsH,uKAI,L84s,XfqtO3UdzaXh_,XTbPUYD,LTUz,cJvF,AU8pNoi,bbyYE38,oslk,EL4R6zD,LM8l689qOp,453m,RAYp,55YFVY9
0,21,0,0,56,70,48,186.64,0,1118250,0,4.360393,9,14,0,1409504,0,543369,0,0,0,8,-77260.4,115,12,0,0,6863450,1571930,0,0,0,0,10084880,10,0,0,0,JMGq9aXt5a,RO12,taul,1K8T,0Xwj,dRqgqKR,3cO76t0,EEth,HLqf,Y9Bl,VpdQ,IYzP,me75fM6ugJ,sBgB,uKAI,Mtgm,NhsEn4L,mAja5EA,fwC6,cJvF,FzaX,PXbv1FD,oslk,2Yrz_Kt,LM8l689qOp,uWr3,RAYp,F2FyR07IdsN7I
0,952,7,840,144,180,40,200,0,13938,0,5.031831,18,60,0,738208,3,26417.79,5,0,32,72,-55942,610,6,74097,16,1808045,18928,2365,0,0,133315,1873260,40,0,0,7,N_vrjIXt5a,RO12,ZZBPiZh,1K8T,vsvk,82ydmQ4,r83_sZi,05qY,9_Y1,m7JR,VpdQ,IYzP,me75fM6ugJ,kIsH,uKAI,L84s,NhsEn4L,mAjbk_S,LvS1,cJvF,FzaX,FonmS85,oslk,PC0a_vf,LM8l689qOp,5Acm,RAYp,F2FyR07IdsN7I
0,931,7,92,292,365,152,133.12,0,25098,0,1.005127,9,62,0,717768,0,6582.6,0,8,112,168,128518.4,875,6,6876,0,521615,109496,1130,0,0,183841,1061412,56,74268,0,0,BQavyxLp3Z,RO12,taul,1K8T,Xa_z,ka_ns41,hOpRIhsUSP,EVvG,9_Y1,FbIm,VpdQ,IYzP,me75fM6ugJ,kIsH,uKAI,L84s,NhsEn4L,TDceha3,ntqn,cJvF,FzaX,1YVfGrO,oslk,fXVEsaq,LM8l689qOp,xb3V,RAYp,F2FyR07IdsN7I
0,1617,7,524,216,270,72,166.56,0,1215534,0,0.2033753,9,64,105,975160,0,32151,35,2,40,24,-294540.4,1330,102,75150,0,983050,200838,2605,0,0,11389,2872888,34,260922,0,0,oyGrjIXt5a,RO12,taul,1K8T,ZHNR,GRl7qwL,k10MzgT,XPUO,9_Y1,xQ2A,VpdQ,IYzP,me75fM6ugJ,kIsH,uKAI,L84s,NhsEn4L,mAjbk_S,4x7e,cJvF,FzaX,xDj6pd1,oslk,VQZzrB7,LM8l689qOp,5Acm,RAYp,F2FyR07IdsN7I
0,1232,7,192,136,170,48,166.56,0,0,0,5.382397,9,50,0,941112,6,16874.61,0,6,56,112,50052.4,440,0,2601,32,432350,30834,1555,0,0,92358,907144,22,43560,0,14,zKnr4RXktW,RO12,taul,1K8T,lK27,LnrbPon,ElQylxy,zylC,9_Y1,Cgc3,09_Q,IYzP,me75fM6ugJ,kIsH,uKAI,L84s,NhsEn4L,mAjbk_S,GzII,cJvF,FzaX,BRDOw16,oslk,1kj7DIf,LM8l689qOp,Xa3G,RAYp,F2FyR07IdsN7I
0,952,7,160,232,290,64,263.44,0,3243888,0,0.4697714,9,34,77,3914456,0,173679.3,15,2,56,56,188598,655,54,1008,0,5547750,382546,235,0,18,475923,10153440,60,5778,0,0,V8lBcmz45j,RO12,taul,1K8T,4fje,EGHM3I9,DHMg2OYvjfRRamAH,Sj0V,9_Y1,WGOH,VpdQ,IYzP,me75fM6ugJ,kIsH,uKAI,L84s,NhsEn4L,mAjbk_S,utEr,cJvF,FzaX,KbkKsQe,oslk,fbor42M,LM8l689qOp,Qcbd,RAYp,F2FyR07IdsN7I
0,763,14,3972,56,70,0,245.68,0,1216554,0,4.193762,18,66,168,5844320,12,241727.4,10,0,16,16,489028,390,36,22689,32,3830280,0,100,0,9,880180,9875480,8,0,0,0,E3dr4RQxul,RO12,taul,1K8T,EJC9,vHHY4q6,9YuYZx0Xsm,_KdE,9_Y1,z5Ry,VpdQ,sYC_,me75fM6ugJ,kIsH,uKAI,L84s,NhsEn4L,NGZ_CaA,tCpO,UYBR,FzaX,R4hm94s,oslk,oSyMpgG,M_8D,FSa2,RAYp,F2FyR07IdsN7I
0,2996,7,1232,272,340,192,166.56,0,366288,0,3.207861,18,88,0,1033096,0,15160.65,0,18,104,120,-90924,1120,18,48231,0,899695,294444,875,0,9,590919,2468124,34,598110,0,0,MlYvyx875g,RO12,taul,1K8T,pGTb,nSCxmC0,gG77TqgKer,sbhw,9_Y1,MBhA,09_Q,haYg,me75fM6ugJ,kIsH,uKAI,L84s,XfqtO3UdzaXh_,11p4mKe,5smi,UYBR,FzaX,VvTetck,oslk,BfxDtG0,LM8l689qOp,WqMG,RAYp,F2FyR07IdsN7I
0,1932,7,8212,220,275,272,200,0,0,0,3.257637,9,132,63,75864,0,2147.61,0,16,112,72,-88290.8,630,0,4725,0,16060,41832,2920,0,18,68901,149340,8,22344,0,0,a4v9tYsGvO,2Knk1KF,taul,1K8T,0Xwj,fhk21Ss,5q1hF23,rtvn,F3hy,YULl,sJzTlal,hAFG,7M47J5GA0pTYIFxg5uy,kIsH,uKAI,L84s,E1aAZ0x7vd,XTbJ4br,fHEd,UYBR,wwPEXoilkr,4UxGlow,QKW8DRm,catzS2D,LM8l689qOp,FSa2,ZI9m,ib5G6X1eUxUn6
0,1589,7,20,308,385,216,194,5,1586430,0,3.199744,36,106,7,380824,9,23367.96,0,18,248,240,-311734.4,810,18,360,40,390385,293586,1080,0,18,61145,2302148,16,231954,0,7,BQa9tYsdof,RO12,taul,1K8T,ssAy,eDdnaaX,VFlC1w9Jb2VDSdpC,T4kR,9_Y1,YULl,09_Q,haYg,me75fM6ugJ,kIsH,uKAI,L84s,XfqtO3UdzaXh_,XTbPUYD,Y6Au,cJvF,FzaX,Dw7YjZW,oslk,oCzEVaf,LM8l689qOp,FSa2,RAYp,F2FyR07IdsN7I
0,1876,14,992,44,55,24,235.44,0,4149036,0,4.844478,18,170,70,0,0,26655.27,5,0,0,0,898136,340,12,1323,0,216845,1542112,335,0,45,0,8250160,10,0,0,0,eOQgUHShse,2Knk1KF,taul,1K8T,lK27,PyeGayG,r83_sZi,ePU0,9_Y1,mTeA,VpdQ,kxE9,me75fM6ugJ,kIsH,uKAI,Mtgm,XfqtO3UdzaXh_,_JdcICD,jC3e,UYBR,FzaX,ZS80FxM,oslk,9kj7A2G,LM8l689qOp,FSa2,RAYp,TCU50_Yjmm6GIBZ0lL_
0,749,14,208,152,190,120,253.52,5,3323838,0,2.332835,18,34,217,1734960,0,194400.6,5,8,32,24,172138.4,575,42,105966,8,1244555,2466620,5125,0,9,1764014,10740280,16,2073600,0,0,vAsTmBfHUn,RO12,taul,1K8T,lK27,DhOMuhr,ThrnFOQ,TJDq,9_Y1,Z5OU,09_Q,IYzP,me75fM6ugJ,kIsH,uKAI,L84s,NhsEn4L,kZJtVhC,17XU,cJvF,FzaX,3aBuLpj,oslk,jjOYyXX,LM8l689qOp,Qu4f,RAYp,F2FyR07IdsN7I
0,1477,7,5096,416,520,200,184.48,0,33006,0,4.243751,9,66,1596,1529512,0,19878.69,10,16,80,144,282537.2,1450,12,12888,0,2344985,245800,1645,0,18,178185,3283196,98,174444,0,0,1KSqrQK2Mx,RO12,taul,1K8T,AnrR,pNV_5rr,WSkM5Vh,z83C,9_Y1,15m3,09_Q,sYC_,me75fM6ugJ,kIsH,uKAI,L84s,NhsEn4L,NGZ_CaA,0pcO,cJvF,FzaX,tS138SL,oslk,N98hcb8,LM8l689qOp,FSa2,RAYp,F2FyR07IdsN7I
0,273,0,0,236,295,120,186.64,0,5150304,0,5.21662,36,16,0,2032248,3,91834.8,10,6,48,32,297524.4,895,84,0,8,2908655,1373156,0,0,0,193837,10320000,42,383922,0,0,voArjIXt5a,RO12,taul,1K8T,0Xwj,ykmL8P4,UFIdC8I,Lpyy,F3hy,Nbbb,VpdQ,IYzP,me75fM6ugJ,kIsH,uKAI,L84s,NhsEn4L,mAja5EA,vzPX,cJvF,FzaX,KPaDGHt,oslk,1nr95F0,LM8l689qOp,5Acm,RAYp,F2FyR07IdsN7I
0,2394,7,88,1208,1510,792,255.12,0,5109144,0,6.424482,9,60,35,1065384,0,6968.07,40,18,168,272,-47958,3185,96,71019,0,2495400,388714,1485,0,18,211253,8980200,272,481764,0,0,gOyvyx7ejg,AERks4l,taul,1K8T,FgS1,8rLnfva,ThrnFOQ,pFTH,9_Y1,RcM7,09_Q,hAFG,GjJ35utlTa_GNSvxxpb9ju,kIsH,uKAI,L84s,JBfYVit4g8,beK28Fb,9CU7,cJvF,FzaX,3t1FAt2,Al6ZaUT,ozLq6g3,LM8l689qOp,szEZ,02N6s8f,xwM2aC7IdeMC0
0,1015,7,2408,256,320,96,315.04,0,4020,0,2.962828,9,90,168,103424,9,1727.874,0,6,8,96,-1611616,670,6,22365,40,121955,26360,150,0,9,7315,237396,72,49080,0,14,GcUBcmz45j,RO12,taul,1K8T,JLbT,Gs9vcTJ,ElQylxy,M6St,9_Y1,4nnx,VpdQ,hAFG,me75fM6ugJ,kIsH,uKAI,Mtgm,XfqtO3UdzaXh_,11p4mKe,_Qcc,UYBR,FzaX,OBFOw16,oslk,ERg2fT4,LM8l689qOp,Qcbd,RAYp,F2FyR07IdsN7I
0,952,7,3656,240,300,88,198.56,0,0,0,3.841701,9,134,70,136368,0,14779.38,0,12,48,72,92075.6,855,0,90360,0,534945,109858,2380,0,9,39501,781628,68,98658,0,0,8Iqt0G8rTN,2Knk1KF,taul,1K8T,lK27,7c9SNLr,Gai9lEF2Fr,JxOY,9_Y1,k13i,09_Q,hAFG,me75fM6ugJ,kIsH,uKAI,L84s,XfqtO3UdzaXh_,XTbPUYD,ZiLJ,cJvF,OFWH,mTP8jNM,oslk,bMSObSS,LM8l689qOp,fKCe,RAYp,55YFVY9
0,0,0,0,12,15,0,212,0,152610,0,6.010254,9,12,0,0,3,50426.1,0,0,0,0,-770328,15,12,0,16,124955,0,0,0,0,0,201704,2,0,0,7,C2Dvyx875g,RO12,taul,1K8T,0Xwj,cJ1rmCU,iDskMGe,t148,F3hy,3NyY,09_Q,IYzP,me75fM6ugJ,kIsH,uKAI,L84s,NhsEn4L,mAja5EA,tWTr,cJvF,FzaX,q3qDGHt,oslk,USApVh5,LM8l689qOp,WqMG,RAYp,F2FyR07IdsN7I
0,245,14,1492,60,75,8,230.56,0,215088,0,0.4176458,27,98,105,4840800,0,126996.6,10,4,8,24,357550,260,12,36684,0,5280900,331342,5185,0,18,1624497,8785720,10,1400730,0,0,LDPq9ayfAo,RO12,taul,1K8T,tzKK,6CXYbuk,98kUPa9,Ub0p,9_Y1,kJJ7,09_Q,hAFG,Kxdu,kIsH,uKAI,Mtgm,9pUnzWLbztKTo,y5FWIFG,cp38,UYBR,AU8_WTd,ROeipLp,zCkv,K2SqEo9,jySVZNlOJy,7P5s,6fzt,am14IcfM7tWLrUmRT52KtA
0,2793,0,856,408,510,120,200,0,3594498,0,4.790215,18,176,0,4058968,0,74941.8,20,6,72,56,170407.2,1010,72,93555,0,5605700,112270,0,0,18,130179,10249440,122,102744,0,0,E3dr4RQxul,LrdZy8QqgUfkVShG,b_3Q,1K8T,yMvB,fhk21Ss,msIvIpku4g,9FB6,9_Y1,z5Ry,VpdQ,y6dw,7M47J5GA0pTYIFxg5uy,kIsH,uKAI,L84s,4kVnq_T26xq1p,pMWWg7r,0GE8,UYBR,FzaX,4UxGlow,zCkv,catzS2D,M_8D,FSa2,ZI9m,ib5G6X1eUxUn6
0,728,0,0,216,270,56,268.16,15,4488918,0,0.8423414,9,16,0,2074608,0,40115.1,45,4,88,56,231335.6,2000,84,0,24,2448065,889248,0,0,0,72856,9099280,30,487374,0,0,Mtpt0G8EIb,RO12,taul,1K8T,2Ix5,hWv5xck,V6XUlxabJ4VaD,JbuF,9_Y1,k13i,VpdQ,IYzP,me75fM6ugJ,kIsH,uKAI,Mtgm,NhsEn4L,kZJtVhC,UihJ,cJvF,AU8pNoi,MQG88FJ,oslk,865zgmc,LM8l689qOp,fKCe,RAYp,F2FyR07IdsN7I
0,0,0,0,12,15,0,124.64,0,0,0,2.710318,9,12,0,0,0,27831,0,0,0,0,-1028052,15,0,0,16,139155,0,0,0,0,0,111324,6,0,0,14,1YVvyx7IEC,RO12,taul,1K8T,lK27,86dToXU,nQUq7hGe64,37tz,9_Y1,qaiO,09_Q,IYzP,me75fM6ugJ,kIsH,uKAI,L84s,NhsEn4L,mAjDcoz,_ioB,cJvF,FzaX,QMaRwBA,oslk,0D0gQ7h,LM8l689qOp,szEZ,RAYp,F2FyR07IdsN7I
0,98,0,0,36,45,0,322.08,5,10127400,0,5.028413,9,14,0,2754032,0,325875,0,2,16,8,-88481.2,185,36,0,8,104745,0,0,0,0,1789900,9235200,2,1534200,0,0,YddrjIQ5Ph,RO12,taul,1K8T,EJC9,kjvBmIU,V4EEkD4AAZ,sMhn,9_Y1,RVjC,sJzTlal,IYzP,me75fM6ugJ,kIsH,uKAI,L84s,NhsEn4L,kq0IUgY,4DIm,UYBR,FzaX,1vNmS85,oslk,MkQldxq,LM8l689qOp,FSa2,RAYp,F2FyR07IdsN7I
0,469,7,804,112,140,8,200,0,0,0,2.562487,9,122,21,2438232,0,136863.9,0,0,16,64,214614.8,350,0,612,0,4305295,59462,3030,0,27,693728,4782280,38,0,0,0,dRagUHXM47,2Knk1KF,taul,1K8T,KXDt,PHNvXy8,P9HTde2,KV5L,9_Y1,8BBI,VpdQ,kxE9,NKv3VA1BpP,kIsH,uKAI,L84s,Ie_5MZs,OFqdri0,a8l8,cJvF,AU8_WTd,UF16siJ,zCkv,APgdzOv,jySVZNlOJy,453m,6fzt,Zy3gnGM
0,672,7,300,124,155,0,166.56,0,11348880,0,3.767998,9,184,105,0,0,239316.3,40,0,24,0,281948.4,475,132,468,0,42995,0,70,0,18,0,10341280,2,0,0,0,dRaTmBfHUn,2Knk1KF,LfvqpCtLOY,1K8T,LFM_,fhk21Ss,CbcWkL1DRg48F,lJO3,9_Y1,4N0K,09_Q,y6dw,7M47J5GA0pTYIFxg5uy,kIsH,uKAI,L84s,Ie_5MZs,pMWNPrB,nKzj,UYBR,FzaX,4UxGlow,zCkv,catzS2D,jySVZNlOJy,Qu4f,ZI9m,TCU50_Yjmm6GIBZ0lL_
0,147,0,0,148,185,16,222.32,0,6704580,0,2.612689,9,14,0,763200,0,159944.4,30,0,16,40,16774.56,365,84,0,0,3006465,174630,0,0,0,0,9555520,20,0,0,0,HAoOj1KXzC,AERks4l,taul,1K8T,487l,9GJGgoz,V4EEkD4AAZ,hdFs,9_Y1,ID5l,09_Q,IYzP,Kxdu,kIsH,uKAI,L84s,FMSzZ91zL2,mAjj1AH,345Q,cJvF,FzaX,Tvpip6Z,zCkv,hHJsvbM,LM8l689qOp,kwS7,6fzt,F2FcTt7IdMT_v
0,504,7,400,236,295,24,66.88,0,0,0,0.07626575,9,154,0,48304,0,3869.31,0,0,8,16,-1741048,750,0,6534,0,281610,5372,595,0,9,19089,260184,108,0,0,0,1PnZptzip9,g62hiBSaKg,taul,1K8T,lK27,fhk21Ss,Oe4E7cR6Kt,nyeU,9_Y1,t_4G,VpdQ,IYzP,7M47J5GA0pTYIFxg5uy,kIsH,uKAI,L84s,4kVnq_T26xq1p,11pvFOa,Nx5z,cJvF,FzaX,4UxGlow,zCkv,catzS2D,LM8l689qOp,Qu4f,ZI9m,ib5G6X1eUxUn6
0,4298,7,304,208,260,48,286.96,0,5248896,0,4.102756,9,30,14,959920,0,36114.6,35,22,112,16,126715.2,1305,72,63018,0,4203105,257068,5,0,0,636804,10682280,28,1136214,0,0,HAoOj1KXzC,RO12,taul,1K8T,0Y9G,AA1duRc,KhDb8PW,QvoQ,9_Y1,jdbz,VpdQ,IYzP,me75fM6ugJ,kIsH,uKAI,L84s,NhsEn4L,kZJyVg2,eEO_,cJvF,FzaX,9Udm94s,oslk,hxTaK89,LM8l689qOp,kwS7,RAYp,F2FyR07IdsN7I
0,406,0,0,28,35,24,286.96,0,8135760,0,2.832514,9,26,0,0,0,229302.9,0,0,0,0,1260772,395,18,0,0,3024000,1314536,0,0,9,0,10472080,2,0,0,0,NQ5rEy7Rm6,RO12,taul,1K8T,TyGl,4JEMGuV,RuVy67M,ZCOL,9_Y1,X8zP,VpdQ,zm5i,me75fM6ugJ,kIsH,uKAI,L84s,NhsEn4L,cUQRbBF,YPlJ,cJvF,FzaX,VA_88FJ,oslk,0JeRt72,LM8l689qOp,Aoh3,RAYp,F2FyR07IdsN7I
0,35,0,0,16,20,0,166.56,0,0,0,2.411878,9,18,0,0,0,491049,0,0,0,0,-43140.4,140,0,0,0,12096000,0,0,0,0,0,9676800,8,0,0,0,DHeTmBftjz,RO12,taul,1K8T,TyGl,ckd9T4_,GHfL3MpXAX,tzKl,9_Y1,4N0K,VpdQ,IYzP,GjJ35utlTa_GNSvxxpb9ju,kIsH,uKAI,L84s,PWD40mS,kZJDcQU,d0qz,cJvF,FzaX,vtCF4Aj,Al6ZaUT,VpyVI8l,LM8l689qOp,Qu4f,02N6s8f,F2FyR07IdsN7I
0,2093,21,2496,392,490,424,291.36,5,0,0,2.029481,36,98,385,898616,9,13507.32,0,34,192,144,-1403328,1255,0,23877,40,100570,342416,880,0,27,301336,1492632,20,417054,0,7,gE8Wq6edh4,RO12,taul,1K8T,JLbT,ryQlmqV,76j2P_OLn0,knJl,9_Y1,_xpN,VpdQ,hzlB,me75fM6ugJ,kIsH,uKAI,L84s,XfqtO3UdzaXh_,11p4mKe,qtG6,cJvF,FzaX,CyvYWu3,oslk,Pm3QZmh,LM8l689qOp,FSa2,RAYp,F2FyR07IdsN7I
0,2604,7,124,1208,1510,792,186.64,0,3099000,0,5.584277,9,32,133,2265752,0,41244.3,30,32,144,208,-338504.4,3320,204,7578,0,2912010,411560,135,0,18,153783,7172480,242,99852,0,0,ZSNrjIX0Db,RO12,taul,1K8T,_Clr,82ydmQ4,B4JkLNCbD1,KkfT,9_Y1,EKFb,VpdQ,IYzP,me75fM6ugJ,kIsH,uKAI,L84s,NhsEn4L,mAja5EA,UUSp,cJvF,FzaX,FonmS85,oslk,PC0a_vf,LM8l689qOp,5Acm,RAYp,F2FyR07IdsN7I
0,1694,7,2728,332,415,24,186.64,0,87072,0,3.2931,9,212,28,543624,0,8126.67,0,2,56,176,-34028.84,1110,54,7992,0,1018500,24594,960,0,36,0,1206612,96,19146,0,0,HYTvyx7ejg,2Knk1KF,hiMqnEM7VgIk4JUu,1K8T,FgS1,fhk21Ss,koda1Jh,tO3Z,9_Y1,RcM7,VpdQ,oZyB,7M47J5GA0pTYIFxg5uy,kIsH,uKAI,L84s,TVE1uh4F_wOi_,LxWSJXE,sqMX,cJvF,FzaX,4UxGlow,zCkv,catzS2D,LM8l689qOp,szEZ,ZI9m,VjDE
0,1421,7,1348,452,565,240,233.44,0,4992120,0,2.636189,9,126,21,1112528,0,64332.3,20,24,72,64,294641.6,1430,108,5049,0,3169775,1037066,810,0,18,1247386,10721120,82,1618068,0,0,639qrQK2Mx,2Knk1KF,taul,1K8T,JLbT,r6oXgvp,ELRUn57,v2Ej,9_Y1,15m3,VpdQ,sYC_,me75fM6ugJ,kIsH,uKAI,L84s,NhsEn4L,beK4AFX,Vmcw,UYBR,FzaX,8UAYE38,oslk,rJxz_Kt,LM8l689qOp,FSa2,RAYp,55YFVY9
0,693,7,356,132,165,0,220.08,0,90312,0,0.8814356,9,32,35,6220800,0,215031.3,0,0,32,72,79562.4,490,18,28935,0,9072000,0,145,0,18,1209600,10428200,42,0,0,0,4e7gUH7IEC,RO12,taul,1K8T,USOt,0v27GMk,o64y9zI,SqF2,9_Y1,m_h1,VpdQ,zm5i,me75fM6ugJ,kIsH,uKAI,L84s,NhsEn4L,mAjBRoX,aj6L,UYBR,FzaX,YBh0nTz,oslk,J_tzF_Q,LM8l689qOp,WqMG,RAYp,F2FyR07IdsN7I
0,987,14,84,132,165,8,220.08,0,5154690,0,1.801965,18,84,91,2764800,0,185314.2,20,0,24,32,-97519.2,490,72,19188,0,4630990,24922,80,0,18,0,9955920,24,0,0,0,GcUt0G8rTN,eSGpMwS8zSGgq_trOpckZ5,taul,1K8T,0Xwj,SYKBdMb,lGXpFd_2Rf,7ioK,HLqf,e7QV,09_Q,6JmL,DHn_WUyBhW_whjA88g9bvA64_,sBgB,uKAI,L84s,UbxQ8lZ,ORMRote,EHsf,UYBR,FzaX,OVzSYVh,Al6ZaUT,SoEHLQK,LM8l689qOp,fKCe,02N6s8f,R4y5gQQWY8OodqDV
0,3395,21,748,704,880,88,250.56,0,71628,0,6.523392,36,96,21,634264,0,5825.46,65,2,224,360,-37968.84,1870,78,1575,0,907845,8802,2535,0,18,52297,1166264,186,11808,0,0,ZSNq9atbb6,RO12,taul,1K8T,lK27,0BLnYyd,qj0e33WY02VDf2ID,kuUe,9_Y1,KfYH,sJzTlal,lVqb,me75fM6ugJ,kIsH,g5HH,L84s,XfqtO3UdzaXh_,11p4mKe,GtVP,cJvF,FzaX,vM89sBz,oslk,tByjPJU,LM8l689qOp,me1d,RAYp,F2FyR07IdsN7I
0,798,0,0,140,175,32,300.72,0,4665600,0,2.885281,45,26,0,2764800,0,141962.1,25,4,40,32,431912,760,54,0,0,3965450,286616,0,0,9,604800,10126440,22,493314,0,0,2jirEyXktW,AERks4l,taul,1K8T,0Xwj,0Vr7wZ4,LJF4fPp,L1zl,HLqf,VwCR,VpdQ,zm5i,Kxdu,sBgB,uKAI,Mtgm,FMSzZ91zL2,mAjdzWk,52_4,UYBR,FzaX,XbZitea,zCkv,DHPNgqU,LM8l689qOp,Aoh3,6fzt,n1OBWGkV3fbsHR75taC
0,812,0,628,208,260,208,133.12,0,1362,0,0.6842555,9,64,28,86744,0,4173.18,10,2,8,40,-1087088,680,12,0,0,140480,148852,0,0,0,1869,467512,32,4638,0,0,NESWq69R_D,RO12,taul,1K8T,JLbT,fmObfVI,P9HTde2,VNjO,9_Y1,RVjC,VpdQ,IYzP,me75fM6ugJ,kIsH,uKAI,Mtgm,NhsEn4L,TDceha3,p8c0,UYBR,FzaX,OTg4K41,oslk,N9WHLT9,LM8l689qOp,FSa2,RAYp,F2FyR07IdsN7I
0,532,7,992,28,35,16,166.56,0,0,0,2.952361,9,208,483,0,0,320199,5,6,16,0,-52771.6,80,0,65052,0,1727375,347692,95,0,36,3963246,10191720,2,10654680,0,0,Tfit0G8EIb,TW8dXluYzKpktZjuY8kSPBaZa,taul,1K8T,487l,fhk21Ss,9YuuPSz3BI,6WFC,9_Y1,e7QV,VpdQ,y6dw,7M47J5GA0pTYIFxg5uy,kIsH,uKAI,L84s,_5OXC8MSLt,LxWMK5e,ZKXl,UYBR,AU8pNoi,4UxGlow,oslk,catzS2D,LM8l689qOp,fKCe,ZI9m,VjDE
0,252,0,0,148,185,8,388,10,4149366,0,0.03631703,9,18,0,2764800,0,170423.7,25,0,32,32,118827.6,690,54,0,16,5740400,94152,0,0,9,1209600,10384000,36,0,0,0,9rAq9at_88,RO12,taul,1K8T,TyGl,IfKEQZy,9YuYZx0Xsm,i6Ct,9_Y1,KfYH,VpdQ,zm5i,me75fM6ugJ,kIsH,g5HH,L84s,NhsEn4L,jawontl,ltFT,cJvF,FzaX,bDIDFjT,oslk,gsLzpoz,LM8l689qOp,me1d,RAYp,F2FyR07IdsN7I
0,924,14,832,176,220,72,286.96,0,4981866,0,3.22602,18,32,28,1827704,0,175497.9,30,6,32,32,161901.2,690,66,4365,0,3689985,769548,190,0,9,0,10633960,22,31806,0,0,FAJgUH7ejg,RO12,taul,1K8T,72yt,tc74lx4,BdLTN24,7jsr,9_Y1,m_h1,VpdQ,zm5i,me75fM6ugJ,kIsH,uKAI,L84s,NhsEn4L,kZJtVhC,zK5X,cJvF,FzaX,EncOVQC,oslk,8AGQQMs,LM8l689qOp,WqMG,RAYp,F2FyR07IdsN7I
0,1050,7,0,196,245,40,220.08,0,4886838,0,3.023286,9,36,0,2892792,0,155442.6,30,2,48,48,129024,715,84,360,0,5030600,212324,15,0,9,0,10796960,34,518400,0,0,CEaBcmz45j,RO12,taul,1K8T,tXti,oWeheVi,RuVy67M,8p4O,9_Y1,WGOH,VpdQ,IYzP,me75fM6ugJ,kIsH,uKAI,L84s,NhsEn4L,kZJtVhC,odzF,cJvF,FzaX,3Prm94s,oslk,VyMCL5c,LM8l689qOp,Qcbd,RAYp,F2FyR07IdsN7I
0,805,14,512,16,20,0,324.4,0,0,0,6.997864,18,60,203,19353600,0,239288.4,0,0,0,32,-323416.8,230,0,36963,0,0,0,2475,0,9,0,9676800,0,0,0,0,FAJWq69cTy,RO12,taul,1K8T,j1T2,6KF0k8W,jgyr5WV,LTFv,9_Y1,Px52,VpdQ,sYC_,me75fM6ugJ,kIsH,uKAI,L84s,NhsEn4L,kq0n8Bj,t2S6,UYBR,FzaX,ot6oLzk,oslk,IIvC99a,LM8l689qOp,PM2D,RAYp,F2FyR07IdsN7I
0,756,0,0,76,95,56,186.64,0,2523168,0,6.372784,9,22,0,7467408,0,90496.8,0,0,16,16,58863.2,1030,18,0,0,2350975,651732,0,0,9,2300382,8600080,14,0,0,0,a4vrEy7Rm6,RO12,taul,1K8T,JLbT,gOhmJ1u,yEFIHeU,hMby,9_Y1,H9GL,VpdQ,zm5i,DHn_WUyBhW_whjA88g9bvA64_,kIsH,uKAI,L84s,CrNX,NGZ_12K,dIH6,cJvF,FzaX,JAbfXvP,d0EEeJi,MH7egO_,LM8l689qOp,Aoh3,nIGXDli,F2FyR07IdsN7I
0,847,7,1324,288,360,80,166.56,0,654,0,0.615894,18,142,84,37464,0,3178.74,15,0,16,32,-1865264,705,6,34533,0,445680,28786,575,0,18,0,438192,108,0,0,0,2jiWq69cTy,2Knk1KF,taul,1K8T,487l,wEJSdMg,P9HTde2,Nnne,9_Y1,Px52,VpdQ,6JmL,me75fM6ugJ,kIsH,uKAI,Mtgm,XfqtO3UdzaXh_,XTbPUYD,Ig6E,UYBR,qxDb,aMa88FJ,oslk,tM4OEra,LM8l689qOp,PM2D,RAYp,55YFVY9
0,1372,7,240,160,200,32,243.44,0,1088598,0,0.3334757,9,58,105,85424,0,54944.1,5,14,64,56,-408372,725,120,321606,0,64795,38574,2810,0,9,138159,1190024,2,373110,0,0,86ct0Gdncc,RO12,taul,1K8T,4fje,wrRuXRS,V4EIHR4LiC,9xzW,9_Y1,cyKH,09_Q,y6dw,me75fM6ugJ,kIsH,g5HH,L84s,XfqtO3UdzaXh_,mAjGvmL,t3be,cJvF,FzaX,dNs0Q3K,oslk,4wZOTZB,LM8l689qOp,me1d,RAYp,F2FyR07IdsN7I
0,588,7,80,180,225,0,166.56,0,0,0,3.634266,9,142,0,64720,0,4749.33,0,0,48,72,5167.16,455,0,10422,0,204375,0,55,0,27,0,195860,72,0,0,0,75lq9ayfAo,2Knk1KF,taul,1K8T,hAOr,mhknt93,xunBDW1,gzjv,9_Y1,F_Lu,VpdQ,hAFG,me75fM6ugJ,kIsH,uKAI,L84s,XfqtO3UdzaXh_,XTbPUYD,Ps6o,cJvF,FzaX,WWmfR8o,oslk,c4R2fT4,LM8l689qOp,TNEC,RAYp,55YFVY9
0,1687,7,500,268,335,64,387.6,0,1702590,0,6.00235,9,40,112,5161544,0,101082.9,35,6,72,96,153738.4,1340,78,1206,0,7271500,300826,440,0,9,0,10470080,48,153024,0,0,xOXr4RXktW,RO12,taul,1K8T,1TqK,yB8VVdO,y2LIM01bE1,Ui9Q,9_Y1,TFSW,09_Q,zm5i,me75fM6ugJ,kIsH,uKAI,L84s,NhsEn4L,mAja5EA,mhBl,cJvF,FzaX,fmK1UQz,oslk,LsdaF5M,LM8l689qOp,Xa3G,RAYp,F2FyR07IdsN7I
0,1554,7,624,272,340,224,166.56,0,1259910,0,5.544328,9,124,21,849168,0,32255.1,25,12,24,112,-232511.2,845,54,100107,0,277240,583244,700,0,18,564879,3406148,12,1077432,0,0,NESt0G8EIb,2Knk1KF,taul,1K8T,wOc1,voX4XxH,3clyC8L,1t45,9_Y1,k13i,VpdQ,haYg,me75fM6ugJ,kIsH,uKAI,L84s,XfqtO3UdzaXh_,XTbzY2t,ux_4,cJvF,FzaX,_Mc87dl,oslk,Bfv7kpB,LM8l689qOp,fKCe,RAYp,55YFVY9
0,532,7,320,128,160,144,166.56,0,0,0,1.721427,9,52,21,70520,0,15597.9,0,8,40,24,6082.84,400,0,1800,0,109285,246102,160,0,0,0,723976,14,163626,0,0,uUdt0G8EIb,RO12,taul,1K8T,2Ix5,EQsMhNR,Vxu_jOIy4u,agam,9_Y1,e7QV,09_Q,IYzP,me75fM6ugJ,kIsH,uKAI,L84s,NhsEn4L,mAjbk_S,HEX_,UYBR,FzaX,KVX8iqZ,oslk,3A8Rt2K,LM8l689qOp,fKCe,RAYp,F2FyR07IdsN7I
0,1008,7,16,100,125,40,166.56,0,0,0,0.8758812,9,46,21,11320,0,9550.62,0,8,8,8,-4446.72,480,0,186750,0,254115,20568,1630,0,0,0,307940,30,86778,0,0,TfiBcmzkzH,RO12,taul,1K8T,kwI9,C9mYk2K,CdPgMY1Z52,kFdJ,9_Y1,EwzD,VpdQ,IYzP,me75fM6ugJ,kIsH,uKAI,L84s,NhsEn4L,mAjbk_S,v2Cs,cJvF,FzaX,8huKVq0,oslk,7V8NFRU,LM8l689qOp,Qcbd,RAYp,F2FyR07IdsN7I
0,1316,7,108,200,250,32,220.08,0,6302700,0,4.67806,18,102,0,2195976,0,112859.7,15,12,56,32,297610,715,78,22536,0,3049840,354174,570,0,18,658,10441280,40,1521054,0,0,dRavyx7ejg,RO12,taul,1K8T,hM6W,8YspXKQ,3crDfAn,Ylb9,9_Y1,xSqs,VpdQ,wMei,DHn_WUyBhW_whjA88g9bvA64_,kIsH,uKAI,L84s,CrNX,AuSCWWA,187U,cJvF,FzaX,wfPeTht,d0EEeJi,WJyaVHH,LM8l689qOp,szEZ,nIGXDli,F2FyR07IdsN7I
0,777,7,888,128,160,0,186.64,0,6171360,0,5.728477,9,98,0,2073600,0,209798.1,25,0,32,24,117902,515,78,29565,0,4613050,0,5895,0,18,604800,10475280,22,0,0,0,dRaq9ayE15,RO12,taul,1K8T,_8YK,Ml6pXKQ,Vxu_jOIy4u,o4xI,9_Y1,kJJ7,sJzTlal,hAFG,me75fM6ugJ,kIsH,uKAI,L84s,XfqtO3UdzaXh_,11p4mKe,vc2H,cJvF,FzaX,Y2C68SY,oslk,RJNqhZX,LM8l689qOp,7P5s,RAYp,F2FyR07IdsN7I
0,1015,7,36,228,285,64,240.56,0,60846,0,1.945952,9,118,14,1593552,0,46502.7,15,10,64,104,-525688,670,18,103473,0,1979005,590212,125,0,27,140826,4449400,50,699162,0,0,9rAq9at_88,2Knk1KF,taul,1K8T,lK27,WkH7nZN,IG_G867,i6Ct,9_Y1,KfYH,VpdQ,hAFG,me75fM6ugJ,kIsH,g5HH,L84s,XfqtO3UdzaXh_,XTbPUYD,ltFT,cJvF,FzaX,scZ0Q3K,oslk,zmvzrB7,LM8l689qOp,me1d,RAYp,55YFVY9
0,623,7,1500,92,115,80,166.56,0,12618,0,0.2016663,9,60,70,177152,0,9796.5,5,4,48,56,-42264.4,280,12,81099,0,27800,76658,1325,0,0,42924,282124,2,13182,0,0,oBXq9ayfAo,RO12,taul,1K8T,42Cy,GUg04mC,COe6XMjSU2,d8PQ,9_Y1,AKLO,VpdQ,IYzP,me75fM6ugJ,kIsH,uKAI,L84s,NhsEn4L,TDceha3,byLP,UYBR,Lmli,6g5Ojel,oslk,UbjqFbB,LM8l689qOp,TNEC,RAYp,F2FyR07IdsN7I
0,756,7,632,132,165,24,253.52,0,5702544,0,0.2070071,9,126,28,633616,0,219785.7,20,8,24,8,439936,535,72,16650,0,3564095,337136,1525,0,18,554414,10178520,18,1900848,0,0,qFpmfo8zhV,2Knk1KF,taul,1K8T,lK27,t658GsB,WtEghthlaX,Io7d,9_Y1,wGwL,09_Q,kxE9,me75fM6ugJ,kIsH,uKAI,Mtgm,XfqtO3UdzaXh_,11p4mKe,yBu4,UYBR,qxDb,LwGzVUs,oslk,xYH67Xw,M_8D,wX53,RAYp,55YFVY9
0,511,0,0,132,165,48,260,0,5509806,0,1.804956,18,24,0,1111400,0,129151.2,30,0,24,16,98010.8,520,66,0,0,2738965,854698,0,0,18,0,10203080,16,0,0,0,8I1r4RXXnK,RO12,taul,1K8T,EzKK,KKwTZak,Gai9lEF2Fr,7xiW,9_Y1,TFSW,09_Q,IYzP,DHn_WUyBhW_whjA88g9bvA64_,kIsH,uKAI,L84s,CrNX,mAjbq_f,Gt3g,cJvF,FzaX,eTkzEBV,d0EEeJi,M7QiHKg,LM8l689qOp,Xa3G,nIGXDli,F2FyR07IdsN7I
0,903,7,0,144,180,32,186.64,0,9761880,0,2.228797,18,68,0,1571904,0,147073.8,30,0,40,40,115069.2,565,126,8406,0,0,557650,35,0,18,4844,10482760,0,0,0,0,1nlTmBtueT,RO12,taul,1K8T,hAOr,9GJGgoz,a5r8wdP,ewWY,9_Y1,47ra,VpdQ,43pnToF,Kxdu,kIsH,uKAI,L84s,FMSzZ91zL2,y5FemRG,kk48,cJvF,FzaX,Tvpip6Z,zCkv,hHJsvbM,jySVZNlOJy,rgKb,6fzt,SbOd7O8ky1wGNxp0Arj0Xs
0,651,7,160,116,145,128,166.56,0,0,0,6.220466,9,60,35,1814144,0,29273.58,0,0,24,80,92836,290,0,27738,0,53555,50640,870,0,0,0,1051196,6,0,0,0,9hRmfo875g,RO12,taul,1K8T,42Cy,pxFnmrh,_03xtaMIkk68B,kBWi,9_Y1,6Kw9,VpdQ,IYzP,me75fM6ugJ,kIsH,uKAI,L84s,NhsEn4L,mAjbk_S,J3XO,cJvF,FzaX,6XEYiHx,oslk,ScmQhac,LM8l689qOp,3Cy4,RAYp,F2FyR07IdsN7I
0,5481,7,992,416,520,88,230.08,0,2569404,0,1.296945,9,162,77,10290480,0,32806.8,40,26,120,96,177432,2580,60,2862,8,2829775,310404,645,0,54,110341,10754960,100,352776,0,7,qXhrEy7VR2,2Knk1KF,taul,1K8T,YFAj,fhk21Ss,msIqHk8toE,QAH3,9_Y1,H9GL,VpdQ,CoYW,7M47J5GA0pTYIFxg5uy,kIsH,uKAI,L84s,Ie_5MZs,CWNY2py,wgdv,cJvF,FzaX,4UxGlow,zCkv,catzS2D,jySVZNlOJy,Aoh3,ZI9m,TCU50_Yjmm6GIBZ0lL_
0,497,0,0,36,45,32,282.8,0,3649464,0,5.689383,18,22,0,4838400,0,133565.1,5,0,16,8,46573.2,290,12,0,0,150715,679206,0,0,9,0,7355600,2,0,0,0,2jiWq69cTy,RO12,taul,1K8T,ssAy,SohyOPj,GHfL3MpXAX,K9VP,9_Y1,0A_v,VpdQ,zm5i,me75fM6ugJ,kIsH,uKAI,L84s,NhsEn4L,NGZxnJM,U9Qz,cJvF,FzaX,ASloI0_,oslk,uC5DSFl,LM8l689qOp,PM2D,RAYp,F2FyR07IdsN7I
0,497,0,0,176,220,56,253.52,0,7512300,0,3.090152,9,22,0,223016,0,171171.6,35,6,48,8,133053.6,715,114,0,0,1885675,476782,0,0,9,35231,10538400,14,806076,0,0,N_vrjIXt5a,RO12,taul,1K8T,dTod,itE48fK,LWyFlLYrMm,0iyF,9_Y1,EKFb,VpdQ,zm5i,me75fM6ugJ,kIsH,uKAI,L84s,NhsEn4L,kZJtVhC,jtMm,UYBR,FzaX,aAJYH7D,oslk,nDh2fT4,LM8l689qOp,5Acm,RAYp,F2FyR07IdsN7I
0,952,7,2084,128,160,88,166.56,0,2925972,0,1.292245,9,62,189,1124288,0,116760.6,10,8,32,24,1087088,525,42,58833,0,1832565,1555216,3685,0,0,0,8852160,10,1607526,0,0,1JGr4RKzJV,RO12,taul,1K8T,487l,4rXxfeC,ThrnFOQ,gpsI,9_Y1,DtNL,09_Q,IYzP,me75fM6ugJ,kIsH,uKAI,L84s,NhsEn4L,mAja5EA,O5Ed,UYBR,FzaX,llYv48t,oslk,V51EKx8,LM8l689qOp,FSa2,RAYp,F2FyR07IdsN7I
0,2779,7,3356,184,230,56,166.56,0,88704,0,5.938688,36,170,329,1297192,0,9655.83,10,8,48,72,-17865.28,960,12,23859,0,1150870,87024,2820,0,27,257866,2342056,44,760104,0,0,2jirEyXktW,2Knk1KF,taul,1K8T,0Xwj,LKy47iP,OthQBXd,m0ND,HLqf,VwCR,VpdQ,kxE9,me75fM6ugJ,sBgB,uKAI,L84s,XfqtO3UdzaXh_,XTbPUYD,85gH,cJvF,FzaX,ZLrmfvd,oslk,khtiNPX,LM8l689qOp,Aoh3,RAYp,TCU50_Yjmm6GIBZ0lL_
0,931,7,528,16,20,0,200,0,3628818,0,5.01004,18,104,7,9676800,0,49620.9,0,2,24,16,-190846,435,6,4572,0,0,0,5460,0,45,3988852,9536960,0,3419016,0,0,LDPvyx7IEC,RO12,taul,1K8T,lK27,5JbheVi,msIqHk8toE,YlOT,9_Y1,qaiO,VpdQ,kxE9,me75fM6ugJ,kIsH,uKAI,Mtgm,XfqtO3UdzaXh_,11p4mKe,GKAe,UYBR,FzaX,G4uK5YS,oslk,CBgdxoa,LM8l689qOp,szEZ,RAYp,F2FyR07IdsN7I
0,231,0,0,136,170,72,253.52,0,3801864,0,2.384747,27,16,0,633656,0,158028.9,25,6,24,8,193001.2,610,48,0,0,2934570,1419546,0,0,0,554435,10074680,16,1425702,0,0,4e7Wq69R_D,RO12,taul,1K8T,ssAy,8eRk977,nQUq7hGe64,QHS2,9_Y1,0A_v,09_Q,IYzP,DHn_WUyBhW_whjA88g9bvA64_,kIsH,uKAI,L84s,CrNX,NGZ_12K,B3X7,cJvF,FzaX,IdzKtiL,d0EEeJi,WxhrgPH,LM8l689qOp,PM2D,02N6s8f,F2FyR07IdsN7I
0,2457,35,2492,340,425,248,203.36,0,0,0,1.199103,45,66,1008,948544,0,6759.54,0,12,72,120,7327.28,1150,0,8685,0,1341770,169124,530,0,0,302862,2098632,66,319044,0,0,hSovyx7IEC,RO12,taul,1K8T,7M9D,jlzcpQc,glRBFJT8NN,S67e,9_Y1,f4dr,VpdQ,IYzP,me75fM6ugJ,kIsH,uKAI,L84s,NhsEn4L,kq062QV,DGUD,cJvF,FzaX,OgVfql_,oslk,BXGzrB7,LM8l689qOp,szEZ,RAYp,F2FyR07IdsN7I
0,280,0,0,192,240,48,320.4,0,6227160,0,0.1946165,9,18,0,2065384,0,158824.5,25,8,64,48,109926.4,690,90,0,0,1992390,839174,0,0,0,214921,10596680,24,834282,0,0,EsYq9aX0Db,RO12,taul,1K8T,L80O,b2zbY3_,3YDCvKmfJ1QYkZMn,iSQh,9_Y1,Y9Bl,VpdQ,IYzP,me75fM6ugJ,kIsH,uKAI,L84s,NhsEn4L,kZJyVg2,ZeQe,UYBR,FzaX,2Wb19U9,oslk,SQ6wBif,LM8l689qOp,uWr3,RAYp,F2FyR07IdsN7I
0,1162,0,0,188,235,120,220.08,20,2886,0,2.95172,18,26,0,349808,0,24628.08,10,8,24,40,-290950.4,1135,6,0,32,1781840,471562,0,0,9,723940,2988052,40,661218,0,0,xddq9ayfAo,RO12,taul,1K8T,PJLW,6CXYbuk,76jk_MXMyd,aHaU,9_Y1,vm5R,VpdQ,zm5i,Kxdu,kIsH,uKAI,Mtgm,9pUnzWLbztKTo,mAjygUE,3tN3,cJvF,FzaX,ROeipLp,zCkv,K2SqEo9,LM8l689qOp,7P5s,6fzt,am14IcfM7tWLrUmRT52KtA
0,931,28,1956,164,205,64,253.52,0,4562232,0,4.060884,45,168,56,3524728,0,195422.4,10,4,32,48,158069.6,690,90,1719,0,2472755,1267234,570,0,18,554414,10554000,16,905796,0,0,EsYrjIX0Db,AERks4l,taul,1K8T,lK27,fhk21Ss,r83_sZi,VDOY,9_Y1,xQ2A,VpdQ,6JmL,7M47J5GA0pTYIFxg5uy,kIsH,uKAI,L84s,QsQAxv5,11pJPFL,x9yd,cJvF,FzaX,4UxGlow,QKW8DRm,catzS2D,jySVZNlOJy,5Acm,ZI9m,ib5G6X1eUxUn6
0,119,0,0,20,25,16,186.64,0,3628800,0,2.841914,9,18,0,0,0,326520,10,0,0,0,208805.6,245,6,0,0,0,2419200,0,0,0,0,7842440,0,0,0,0,8I1r4RXXnK,RO12,taul,1K8T,ChAX,xclUjtJ,UFIdC8I,PHrY,9_Y1,Cgc3,VpdQ,IYzP,DHn_WUyBhW_whjA88g9bvA64_,kIsH,uKAI,L84s,CrNX,NGZ_12K,A1WY,cJvF,FzaX,VoPtGfM,d0EEeJi,Zc8buTA,LM8l689qOp,Xa3G,02N6s8f,F2FyR07IdsN7I
0,2520,7,2228,276,345,184,200,0,0,0,3.251228,9,166,133,733352,0,18445.35,0,30,120,128,-6574,1030,0,7884,0,568115,161954,640,0,18,322469,1369332,30,336384,0,0,crIt0Go8Lb,g62hiBSaKg,taul,1K8T,487l,fhk21Ss,glRBFJT8NN,6YaA,9_Y1,rGJy,VpdQ,hAFG,7M47J5GA0pTYIFxg5uy,kIsH,uKAI,L84s,4kVnq_T26xq1p,pMWBUmQ,ruQC,cJvF,FzaX,4UxGlow,zCkv,catzS2D,LM8l689qOp,Qu4f,ZI9m,ib5G6X1eUxUn6
0,847,14,2620,152,190,120,166.56,0,1306938,0,2.841914,18,38,56,467400,0,37036.8,10,4,32,56,-1464380,605,18,5391,0,1346020,185204,335,0,0,327691,2974336,18,139572,0,0,1JGr4RKzJV,RO12,taul,1K8T,487l,FSVXtaU,C_uQoStwYE,f1UA,9_Y1,DtNL,sJzTlal,IYzP,me75fM6ugJ,kIsH,uKAI,Mtgm,NhsEn4L,mAja5EA,_59v,UYBR,FzaX,R4hRoKG,oslk,AEKwFs9,LM8l689qOp,FSa2,RAYp,F2FyR07IdsN7I
0,721,7,2384,136,170,8,289.92,0,7059960,0,0.7904294,18,174,322,2863048,0,221115.6,25,0,40,40,493420,505,84,29223,0,3463675,28896,4215,0,36,85967,10694880,18,0,0,0,LDPq9ayfAo,2Knk1KF,taul,1K8T,TyGl,fhk21Ss,_03xtaMIkk68B,JIsO,9_Y1,000J,VpdQ,hAFG,7M47J5GA0pTYIFxg5uy,kIsH,7A3j,L84s,Ie_5MZs,CWNY2py,TvhO,cJvF,FzaX,4UxGlow,zCkv,catzS2D,jySVZNlOJy,7P5s,ZI9m,TCU50_Yjmm6GIBZ0lL_
0,308,7,1412,96,120,16,262.64,10,2851260,0,2.643666,9,48,175,1900840,0,43863.6,10,4,24,24,94638,210,36,35370,16,3220455,316804,5460,0,9,0,7235520,18,950412,0,0,P1WvyxLp3Z,RO12,taul,1K8T,UpNf,8Nsn57c,Tg7jjBB,R3JF,9_Y1,vzJD,VpdQ,haYg,me75fM6ugJ,kIsH,uKAI,L84s,XfqtO3UdzaXh_,11p4mKe,LZ0f,cJvF,FzaX,07m8iqZ,oslk,VjJAgOW,LM8l689qOp,xb3V,RAYp,F2FyR07IdsN7I
0,511,7,620,68,85,64,166.56,0,0,0,1.348003,9,100,42,4848,0,9455.04,0,4,8,24,-23520.16,320,0,22734,0,77870,60206,915,0,9,0,233096,8,71946,0,0,ZSNq9aX0Db,RO12,taul,1K8T,lK27,lKb04mC,NFeIdppttuZ9yxh1,xD5L,9_Y1,6TCl,VpdQ,sYC_,me75fM6ugJ,kIsH,uKAI,L84s,NhsEn4L,kq0aHkC,GURU,cJvF,FzaX,Jpt8yXf,oslk,fzSdxoa,LM8l689qOp,uWr3,RAYp,F2FyR07IdsN7I
0,2919,0,0,832,1040,400,186.64,5,3649770,9,1.716086,9,26,0,1661272,0,36450.9,80,24,128,40,263935.2,5915,648,0,16,4100470,762962,0,0,9,237454,10421200,34,1578090,0,0,NQ5vyxLkBI,RO12,taul,1K8T,lK27,hWDloaA,dDxQZadnXPUsf,YfLZ,9_Y1,FbIm,09_Q,zm5i,me75fM6ugJ,kIsH,uKAI,L84s,NhsEn4L,mAjbk_S,mgM7,UYBR,FzaX,KA3R98m,oslk,XdAUmxB,LM8l689qOp,xb3V,RAYp,F2FyR07IdsN7I
0,1225,14,3164,236,295,184,166.56,0,173010,0,6.518052,27,136,147,2314704,0,54528.3,0,6,56,72,117191.6,855,6,15273,0,1851885,391342,185,0,27,897449,3569676,46,49188,0,0,oBXq9ayfAo,AERks4l,taul,1K8T,0Xwj,fhk21Ss,YQcPlrpk3ptPA,hEdB,F3hy,NFMt,VpdQ,haYg,7M47J5GA0pTYIFxg5uy,kIsH,uKAI,L84s,QsQAxv5,OFqwZ2u,Tvsc,UYBR,FzaX,4UxGlow,QKW8DRm,catzS2D,M_8D,TNEC,ZI9m,ib5G6X1eUxUn6
0,1281,7,176,276,345,16,176.56,0,5545626,0,0.9852595,9,34,35,194768,0,89892.59,35,4,72,24,-58558,825,102,5823,0,3500490,168804,1345,0,9,53067,9201440,76,131226,0,0,xddq9ayfAo,RO12,taul,1K8T,LZs_,6CXYbuk,CbcWkL1DRg48F,3Ko1,9_Y1,000J,09_Q,69fI,Kxdu,kIsH,uKAI,L84s,9pUnzWLbztKTo,y5FWIFG,0d9a,cJvF,FzaX,ROeipLp,zCkv,K2SqEo9,LM8l689qOp,7P5s,6fzt,am14IcfM7tWLrUmRT52KtA
0,2954,7,120,992,1240,872,133.12,0,6744,0,4.406323,9,60,14,348032,0,4884.99,0,48,192,368,-14496.28,3605,6,12519,0,322290,236396,1605,0,0,41580,1009596,136,150690,0,0,avkq9ayfAo,RO12,taul,1K8T,tzKK,z8FO0dd,EXpWEXgaYpMJ7,CqEk,9_Y1,QBpP,VpdQ,IYzP,me75fM6ugJ,kIsH,uKAI,L84s,NhsEn4L,TDceha3,ZmzZ,cJvF,FzaX,ZoXfR8o,oslk,IKPOtEt,LM8l689qOp,7P5s,RAYp,F2FyR07IdsN7I
0,217,7,8,52,65,40,0,0,0,0,1.080111,9,34,0,7840,6,4617.99,0,0,8,8,4925.84,175,0,3465,24,40195,6878,45,0,0,0,49832,14,0,0,7,1KSTmBQxul,RO12,taul,1K8T,TyGl,sByYfhR,9HOPNsJ,jCG1,9_Y1,TjV7,09_Q,IYzP,me75fM6ugJ,kIsH,uKAI,L84s,NhsEn4L,mAjbk_S,FCXE,UYBR,OFWH,jbW3slO,oslk,hCeC7lX,LM8l689qOp,FSa2,RAYp,F2FyR07IdsN7I
0,686,7,236,156,195,64,166.56,0,0,0,3.343516,9,36,154,2798584,0,128952.6,5,4,32,64,225953.2,470,0,39087,0,4426645,755798,220,0,0,755783,6844520,40,584682,0,0,TfiBcmzkzH,RO12,taul,1K8T,0WHw,QPT_L_f,daiGnRstPa,MXun,9_Y1,EwzD,09_Q,IYzP,DHn_WUyBhW_whjA88g9bvA64_,kIsH,uKAI,L84s,CrNX,NGZ_12K,WJc5,cJvF,FzaX,N0i4SvU,d0EEeJi,9i2eiun,LM8l689qOp,Qcbd,nIGXDli,F2FyR07IdsN7I
0,1015,7,3516,324,405,256,133.12,0,2856,0,1.109806,18,104,91,496016,0,20665.95,10,16,72,72,72656.8,855,6,97803,0,522835,342328,350,0,0,393953,1712268,58,532206,0,0,TfiBcmzkzH,2Knk1KF,taul,1K8T,kwI9,4jFcSKu,MNbRqJdN8v,MXun,9_Y1,EwzD,sJzTlal,sYC_,me75fM6ugJ,kIsH,uKAI,L84s,NhsEn4L,kq0aHkC,WJc5,cJvF,FzaX,Z6VfSEp,oslk,503RDbC,LM8l689qOp,Qcbd,RAYp,55YFVY9
0,1113,14,404,124,155,0,220.08,0,4665600,0,0.4155095,18,136,14,3456000,0,177270.9,20,0,32,40,128405.2,520,54,61056,0,5616000,0,1030,0,9,0,10595440,26,0,0,0,tr0gUH7ejg,2Knk1KF,taul,1K8T,P9et,SkI4ewH,NW71gM15FR,irEM,9_Y1,m_h1,VpdQ,sYC_,me75fM6ugJ,kIsH,uKAI,L84s,NhsEn4L,beK4AFX,BIXf,UYBR,FzaX,wIfOw16,oslk,PXpQv5o,LM8l689qOp,WqMG,RAYp,55YFVY9
0,707,7,1276,132,165,24,286.96,0,4752150,0,0.1867122,9,82,238,1900848,0,154632,25,2,32,24,434432,490,60,20295,0,4356115,475216,3085,0,36,0,10454720,22,475212,0,0,uUdt0G8EIb,RO12,taul,1K8T,2Ix5,xniu5tB,9YuuPSz3BI,NXso,9_Y1,k13i,VpdQ,TIA9,me75fM6ugJ,kIsH,uKAI,L84s,XfqtO3UdzaXh_,11p4mKe,rVRa,UYBR,FzaX,ie2oOXS,oslk,xwyAw04,LM8l689qOp,fKCe,RAYp,F2FyR07IdsN7I
0,1078,7,4924,148,185,128,186.64,0,743340,0,4.544969,9,154,0,718760,0,21450.33,5,4,32,56,143470.8,505,12,4158,0,715000,459646,8085,0,18,47390,2485092,18,82608,0,0,HAoOj1KXzC,2Knk1KF,taul,1K8T,ZNsX,60saF5r,Yi49a6G,NQQE,9_Y1,vYXv,VpdQ,hAFG,me75fM6ugJ,kIsH,uKAI,L84s,XfqtO3UdzaXh_,XTbPUYD,D4bV,cJvF,FzaX,nJQfR8o,oslk,4lYAgOW,LM8l689qOp,kwS7,RAYp,TCU50_Yjmm6GIBZ0lL_
0,665,7,176,120,150,0,220.08,0,0,0,1.845546,9,118,63,5529600,0,219153.9,0,0,32,64,127770.8,480,0,12168,0,9504000,0,180,0,9,0,10368000,44,0,0,0,vNEvyxLp3Z,RO12,taul,1K8T,0Xwj,iJzviRg,XpZBOej,FHHJ,HLqf,vzJD,VpdQ,kxE9,7M47J5GA0pTYIFxg5uy,sBgB,uKAI,L84s,QsQAxv5,OFqwZ2u,gCBS,cJvF,FzaX,ch2oGfM,QKW8DRm,P6pu4Vl,LM8l689qOp,xb3V,ZI9m,R4y5gQQWY8OodqDV
0,1008,14,288,108,135,96,66.88,0,0,0,6.167699,27,58,21,78840,0,5474.31,0,6,64,48,-74654,335,0,7983,0,76700,46548,1465,0,0,18375,218344,12,36702,0,0,1YVvyx7IEC,RO12,taul,1K8T,X9_k,cMjcTxR,77i2xdu3Aa,O2FD,9_Y1,qaiO,VpdQ,IYzP,me75fM6ugJ,kIsH,uKAI,L84s,XfqtO3UdzaXh_,11p4mKe,54NV,cJvF,OFWH,fabfGrO,oslk,TT_zF_Q,LM8l689qOp,szEZ,RAYp,F2FyR07IdsN7I
0,1113,7,2164,276,345,256,166.56,0,189324,0,0.9342021,9,80,21,206360,0,14872.89,10,22,88,48,-61679.6,860,54,65052,0,96805,185226,6885,0,9,241535,1007192,18,426312,0,0,jg69tYsGvO,RO12,taul,1K8T,TyGl,_fIAa0F,_jTP8ioIlJ,UdO_,9_Y1,YULl,VpdQ,IYzP,me75fM6ugJ,kIsH,uKAI,L84s,NhsEn4L,mAjbk_S,yOOA,UYBR,FzaX,XsgCME0,oslk,eIiXg6w,LM8l689qOp,FSa2,RAYp,F2FyR07IdsN7I
0,651,7,2892,20,25,0,301.44,0,173928,0,0.3129673,9,76,77,0,0,206116.8,0,8,32,0,-202456,245,6,53856,0,0,0,8120,0,18,0,9792760,0,14515200,0,0,_v2rjIKQ76,RO12,taul,1K8T,PbOJ,FZVtMxl,Q50Ydp0,ZHYH,9_Y1,7WNq,09_Q,IYzP,me75fM6ugJ,kIsH,uKAI,L84s,NhsEn4L,TDceha3,Q_Iv,UYBR,FzaX,B9vNioI,oslk,pHOw_BK,LM8l689qOp,WqMG,RAYp,F2FyR07IdsN7I
0,791,7,316,128,160,16,220.08,0,4665600,0,6.765435,9,158,0,3456000,0,222979.2,20,0,32,40,94729.2,505,54,57465,0,5184000,96878,160,0,27,0,10395440,24,0,0,0,RzPTmBQZiT,2Knk1KF,taul,1K8T,487l,X94uP03,y4g9XoZ,NK1t,9_Y1,TjV7,VpdQ,hzlB,me75fM6ugJ,kIsH,uKAI,L84s,XfqtO3UdzaXh_,XTbPUYD,5JkH,UYBR,FzaX,YXh0FxM,oslk,s5vObSS,jySVZNlOJy,FSa2,RAYp,TCU50_Yjmm6GIBZ0lL_
0,1225,7,304,320,400,88,265.04,0,5303052,0,1.438795,9,124,112,1912760,0,170417.1,25,22,152,96,150158.4,735,84,6507,0,3530500,555372,305,0,9,268135,10412520,54,1103922,0,0,YddrjIQ5Ph,2Knk1KF,taul,1K8T,487l,fVhJr0F,nQUxgtZEqo,o5H_,9_Y1,RVjC,VpdQ,haYg,me75fM6ugJ,kIsH,uKAI,L84s,XfqtO3UdzaXh_,XTbPUYD,TQqY,UYBR,tdJW_Pm,yMCvEWW,oslk,cwU7qqc,bCPvVye,FSa2,RAYp,55YFVY9
0,735,21,4244,92,115,40,166.56,0,195024,0,3.211493,54,136,616,75488,0,10921.89,5,6,40,16,-52878.4,345,30,7056,0,292825,104420,2610,0,27,82670,809484,14,258678,0,0,xOXrjIQq3d,2Knk1KF,taul,1K8T,lK27,Np_M9_c,FsDMvLF,VNjO,9_Y1,RVjC,09_Q,hAFG,7M47J5GA0pTYIFxg5uy,kIsH,uKAI,L84s,XfqtO3UdzaXh_,XTbPUYD,p8c0,UYBR,FzaX,GCMv48t,oslk,ReeOtEt,LM8l689qOp,FSa2,RAYp,55YFVY9
0,3108,7,384,484,605,216,286.96,0,6830040,0,6.393933,18,58,112,870208,0,57885.9,85,40,280,112,126793.6,1325,108,16857,0,2934630,300306,5485,0,18,1157345,10588640,50,1810176,0,0,1KSqrQK2Mx,RO12,taul,1K8T,tXti,4e311pK,ubNsRkB,xf26,9_Y1,15m3,VpdQ,IYzP,me75fM6ugJ,kIsH,uKAI,Mtgm,NhsEn4L,mAjbk_S,4MBp,UYBR,FzaX,kC8vOIl,oslk,OjiRt72,LM8l689qOp,FSa2,RAYp,F2FyR07IdsN7I
0,728,7,1260,60,75,8,166.56,0,51870,0,2.534929,18,64,0,219600,0,5418.06,10,4,48,32,-27976.84,335,24,9756,0,7770,2154,450,0,9,19516,171720,4,10290,0,0,CEaBcmz45j,RO12,taul,1K8T,tXti,iJzviRg,LJF4fPp,_QZw,9_Y1,WGOH,VpdQ,wMei,7M47J5GA0pTYIFxg5uy,kIsH,uKAI,L84s,4kVnq_T26xq1p,uZLQaic,iO7G,cJvF,FzaX,ch2oGfM,zCkv,P6pu4Vl,LM8l689qOp,Qcbd,ZI9m,R4y5gQQWY8OodqDV
0,728,7,240,32,40,16,198.88,0,1163988,0,6.913053,9,54,28,480,0,230842.5,5,0,16,8,-19073.16,335,6,68094,0,6180650,657268,3275,0,18,0,7413120,6,0,0,0,1JGTmBQZiT,RO12,taul,1K8T,4fje,Gs977fS,y2LIM01bE1,lcdK,9_Y1,TjV7,09_Q,IYzP,0MCPoln,kIsH,uKAI,L84s,CrNX,kq0g1OS,nPRR,UYBR,FzaX,OBFS5vk,d0EEeJi,fTRaxql,jySVZNlOJy,FSa2,nIGXDli,F2FyR07IdsN7I
0,1582,14,3304,164,205,144,133.12,0,0,0,0.226661,27,106,616,1310504,0,23182.23,5,10,56,64,-73132.4,545,0,72882,0,391680,388052,3000,0,18,155736,1911504,18,152490,0,0,CEaBcmz45j,2Knk1KF,taul,1K8T,tXti,aWx9MxI,I1sqWRxUAv,WtVW,9_Y1,WGOH,09_Q,lVqb,6C53VA1kCv,kIsH,uKAI,L84s,dznt9poYpmHt7,7WwP5_D,ILQ7,cJvF,FzaX,EFki84d,zCkv,T5HWwhx,LM8l689qOp,Qcbd,6fzt,Zy3gnGM
0,861,14,444,124,155,0,326.24,0,5184000,0,3.544114,18,82,273,3378552,0,201173.4,20,0,32,40,181809.2,480,60,27216,0,5097050,0,775,0,9,0,10605320,24,0,0,0,1PnOj1KVEH,RO12,taul,1K8T,sj_R,_gMnuwV,76j2P_OLn0,rvR3,9_Y1,jdbz,VpdQ,IYzP,me75fM6ugJ,kIsH,uKAI,Mtgm,NhsEn4L,mAjbk_S,NwRz,UYBR,OFWH,CBA87dl,oslk,TX2AGfT,jySVZNlOJy,kwS7,RAYp,F2FyR07IdsN7I
0,721,7,384,148,185,32,337.76,0,295842,0,6.301645,9,30,49,5841664,0,132060.9,0,10,32,72,122261.2,535,6,104400,0,7216700,676804,3910,0,9,0,10259040,36,21012,0,0,GcUBcmz45j,RO12,taul,1K8T,YPhp,mqDAQJk,HKFGqS8,EWxg,9_Y1,rzbc,sJzTlal,IYzP,DHn_WUyBhW_whjA88g9bvA64_,kIsH,uKAI,L84s,CrNX,y5FewfI,MpuF,cJvF,FzaX,NRwTu8d,d0EEeJi,fGIaa9J,LM8l689qOp,Qcbd,nIGXDli,F2FyR07IdsN7I
0,105,0,0,68,85,24,186.64,0,950466,0,2.293741,9,16,0,1267264,0,290351.1,15,0,16,16,335206.4,260,12,0,0,8028100,475232,0,0,9,0,9314200,14,0,0,0,75lTmBtFkL,RO12,taul,1K8T,AnrR,au1CPws,V_KR_LD,VvDf,9_Y1,c2JP,VpdQ,zm5i,me75fM6ugJ,kIsH,uKAI,L84s,NhsEn4L,mAja5EA,pv4R,UYBR,FzaX,_PxY_02,oslk,r7xOEra,LM8l689qOp,rgKb,RAYp,F2FyR07IdsN7I
0,1246,14,3100,184,230,16,286.96,0,45246,0,6.395215,18,138,112,4891608,0,112159.8,5,6,48,96,148892,860,36,39708,0,8704900,249010,1745,0,45,1806882,10453320,44,687516,0,0,1KSqrQK2Mx,2Knk1KF,taul,1K8T,EJC9,w7CvpGW,YQcPlrpk3WNO0,G9NC,9_Y1,15m3,VpdQ,haYg,me75fM6ugJ,kIsH,uKAI,L84s,XfqtO3UdzaXh_,XTbPUYD,maOz,cJvF,FzaX,MBPvEWW,oslk,kitqI2t,LM8l689qOp,FSa2,RAYp,55YFVY9
0,1421,7,0,312,390,280,200,0,43092,0,2.431105,9,52,0,482408,0,24638.73,5,18,32,88,29304.44,1150,24,63,0,583980,445118,90,0,0,337421,1870016,36,363174,0,0,dRavyx7ejg,RO12,taul,1K8T,Bxva,6CXYbuk,aDgwLKl,niur,9_Y1,YGOC,09_Q,IYzP,Kxdu,kIsH,uKAI,L84s,9pUnzWLbztKTo,TDcAUfJ,kWkY,cJvF,FzaX,ROeipLp,zCkv,K2SqEo9,LM8l689qOp,szEZ,6fzt,am14IcfM7tWLrUmRT52KtA
0,518,7,1336,52,65,80,273.6,0,0,0,0.2166204,9,104,21,24256,9,19256.79,0,0,0,8,-1068328,160,0,78516,40,25310,107330,1115,0,9,0,247036,4,0,0,14,_v2TmBftjz,2Knk1KF,taul,1K8T,ujBx,PHNvXy8,6P44SzA,FLMD,9_Y1,4N0K,sJzTlal,6JmL,NKv3VA1BpP,kIsH,uKAI,L84s,Ie_5MZs,teAY_NX,pAu4,cJvF,FzaX,UF16siJ,zCkv,APgdzOv,LM8l689qOp,Qu4f,6fzt,Zy3gnGM
0,2317,7,800,248,310,16,298.4,0,1092048,0,1.657765,18,152,119,5069128,0,56671.2,45,0,64,64,92802,920,132,25083,0,8150850,173992,2645,0,18,0,10381080,42,0,0,0,_v2vyx7IEC,2Knk1KF,taul,1K8T,SzjZ,Po5AcBg,7WNwzgv,FRAm,9_Y1,qaiO,09_Q,haYg,me75fM6ugJ,kIsH,uKAI,Mtgm,XfqtO3UdzaXh_,XTbPUYD,550g,UYBR,FzaX,nqS9mhC,oslk,yp2A9vx,jySVZNlOJy,szEZ,RAYp,55YFVY9
0,357,0,0,36,45,8,288.16,0,1248264,0,1.560991,9,28,0,4439944,0,242430.9,5,0,8,16,459852,340,6,0,0,7052100,1209600,0,0,9,0,11461640,8,0,0,0,l7Fq9ayE15,RO12,taul,1K8T,JLbT,VQWOjS3,glRBFJT8NN,SsC9,9_Y1,QBpP,VpdQ,zm5i,me75fM6ugJ,kIsH,uKAI,L84s,NhsEn4L,jawB6UP,35t7,cJvF,FzaX,54petck,oslk,eEfa_vf,jySVZNlOJy,7P5s,RAYp,F2FyR07IdsN7I
0,1729,7,0,292,365,168,370.56,0,459594,0,1.31724,18,36,0,2035976,0,47517,40,16,56,72,-38606.44,1085,114,3195,0,685235,641096,80,0,18,1272740,3564360,16,483114,0,0,1JGr4RKzJV,RO12,taul,1K8T,TyGl,xRePyOH,WVGYniR,zjO8,9_Y1,DtNL,09_Q,IYzP,me75fM6ugJ,kIsH,uKAI,Mtgm,NhsEn4L,jawR0Ac,SSGd,UYBR,FzaX,jE90Azj,oslk,QhgRt72,LM8l689qOp,FSa2,RAYp,F2FyR07IdsN7I
0,1078,7,1484,172,215,24,286.96,0,4162440,0,0.3089084,9,32,84,2843424,0,125815.2,15,4,64,80,108594.4,670,66,6858,0,5410300,269418,200,0,9,274981,9986000,28,109812,0,0,P1WvyxLp3Z,RO12,taul,1K8T,R4_H,8Nsn57c,Yi49a6G,kXwS,9_Y1,vzJD,VpdQ,zm5i,me75fM6ugJ,kIsH,uKAI,L84s,NhsEn4L,kZJtVhC,30c6,UYBR,FzaX,07m8iqZ,oslk,VjJAgOW,LM8l689qOp,xb3V,RAYp,F2FyR07IdsN7I
0,1190,7,5024,216,270,56,265.76,0,5798124,0,0.01409955,9,110,42,1700144,0,109657.2,20,12,80,56,390586.4,605,78,3276,0,3089635,719778,5250,0,27,164661,10502960,34,1073316,0,0,BQavyxLp3Z,2Knk1KF,taul,1K8T,GYbZ,GdzO4FC,y2LIM01bE1,8NgO,9_Y1,FbIm,09_Q,sYC_,me75fM6ugJ,kIsH,uKAI,L84s,NhsEn4L,kq0aHkC,IBqy,UYBR,FzaX,bZhfrxM,oslk,CFUObSS,LM8l689qOp,xb3V,RAYp,55YFVY9
0,1295,7,24,120,150,8,491.44,0,3628560,0,0.2740867,9,88,0,2764608,0,113534.4,25,0,32,32,106904.4,520,42,4743,0,5409650,109414,215,0,9,604758,10075760,26,0,0,0,lAFgUHEmnE,RO12,taul,1K8T,4fje,6oGKKVi,nQUBcBcErl,POkS,9_Y1,em8I,VpdQ,69fI,me75fM6ugJ,kIsH,g5HH,L84s,XfqtO3UdzaXh_,XTbPUYD,5QDB,cJvF,FzaX,MiS0IU9,oslk,8oT2fT4,jySVZNlOJy,me1d,RAYp,F2FyR07IdsN7I
0,812,7,2020,136,170,104,253.52,0,4147200,0,6.322794,9,110,14,0,0,219886.2,25,14,40,0,91051.2,530,48,4329,0,99230,2246400,2035,0,27,0,10683040,2,2754204,0,0,HYTrjIK12c,2Knk1KF,taul,1K8T,JLbT,BMnJ89M,5CtupK8,mK1t,9_Y1,7WNq,VpdQ,hAFG,me75fM6ugJ,kIsH,uKAI,L84s,XfqtO3UdzaXh_,XTbPUYD,jQNd,cJvF,FzaX,8d5YWu3,oslk,sXbT3Cb,LM8l689qOp,WqMG,RAYp,55YFVY9
0,861,21,3412,124,155,32,404.72,0,226290,0,0.403119,27,60,287,4757064,0,140359.8,0,4,32,56,70983.6,475,6,25155,0,7344000,691200,20105,0,0,0,10478200,34,1036800,0,0,FAJWq69cTy,RO12,taul,1K8T,ssAy,t6T3ZVS,ZkibjLN5VwJ2V,7dok,9_Y1,Px52,VpdQ,IYzP,me75fM6ugJ,kIsH,uKAI,L84s,NhsEn4L,kq0n8Bj,571W,UYBR,FzaX,_v2jB1v,oslk,96ZoG9v,LM8l689qOp,PM2D,RAYp,F2FyR07IdsN7I
0,28,0,0,16,20,0,70.32,0,0,0,3.205512,9,12,0,59496,3,51541.5,5,0,8,24,-1195824,20,0,0,24,0,0,0,0,0,0,274888,0,0,0,14,HYTvyx7ejg,RO12,taul,1K8T,hM6W,86dToXU,NW71mrodGH,qjVH,9_Y1,RcM7,VpdQ,IYzP,me75fM6ugJ,kIsH,uKAI,L84s,NhsEn4L,mAja5EA,i7nA,cJvF,FzaX,QMaRwBA,oslk,0D0gQ7h,LM8l689qOp,szEZ,RAYp,F2FyR07IdsN7I
0,742,7,196,140,175,32,253.52,0,0,0,5.911771,9,30,56,1726000,0,159642.6,5,4,40,64,310763.2,575,0,43641,0,3502310,248404,1845,0,9,541639,4405720,40,332580,0,0,hSovyx7IEC,RO12,taul,1K8T,7wJ6,70Ltfr0,7ruFuE4,GL92,9_Y1,xSqs,VpdQ,IYzP,me75fM6ugJ,kIsH,uKAI,L84s,NhsEn4L,mAjbk_S,iYJ5,cJvF,FzaX,AOhTe_2,oslk,BMVYOBV,LM8l689qOp,szEZ,RAYp,F2FyR07IdsN7I
0,1106,7,572,104,130,64,256.72,0,830418,0,4.772057,9,84,0,47088,0,6134.19,5,4,32,48,-477624,475,18,126081,0,35500,414036,520,0,36,19355,2076932,12,489732,0,0,cFHt0GoOh3,RO12,taul,1K8T,MrXh,bn80yiU,Hz673939hSRjL,39Nj,9_Y1,YePk,VpdQ,hAFG,me75fM6ugJ,kIsH,uKAI,L84s,XfqtO3UdzaXh_,11p4mKe,u4jn,cJvF,FzaX,QnxOw16,oslk,Ef3qqb8,LM8l689qOp,Qu4f,RAYp,F2FyR07IdsN7I
0,1470,7,556,308,385,112,166.56,0,3682230,0,4.106601,9,64,56,1512400,0,100339.5,10,10,104,120,169994.4,1155,54,14310,0,1549570,777502,440,0,0,329322,6963160,64,452316,0,0,_v2gUHXZeb,RO12,taul,1K8T,487l,ykveyvY,EXpWEXgaYWQf4,upEj,9_Y1,STGZ,VpdQ,IYzP,DHn_WUyBhW_whjA88g9bvA64_,kIsH,uKAI,L84s,CrNX,mAjbq_f,Caho,UYBR,FzaX,Bxfxi1Z,d0EEeJi,bd0EUv8,LM8l689qOp,453m,nIGXDli,F2FyR07IdsN7I
0,91,0,0,64,80,16,186.64,0,6014880,0,4.002563,18,14,0,4999160,0,309393,5,4,40,24,255514.8,205,42,0,0,43950,316814,0,0,0,4233600,9899080,2,862068,0,0,Qu0qrQKzJV,RO12,taul,1K8T,TyGl,m9HANMR,LGk3GNC3u14shA_j3Eb,rV01,9_Y1,15m3,09_Q,IYzP,me75fM6ugJ,kIsH,uKAI,L84s,NhsEn4L,mAja5EA,gBMy,UYBR,qxDb,QkcNgdR,oslk,v8MjPJU,LM8l689qOp,FSa2,RAYp,F2FyR07IdsN7I
0,735,7,2504,132,165,32,272.24,0,4277016,0,1.703055,27,88,210,1900896,0,220894.2,25,2,32,24,164357.2,500,54,3843,0,4356220,633632,760,0,18,0,10454920,22,475224,0,0,YddTmBtueT,AERks4l,LfvqpCtLOY,1K8T,ssAy,PHNvXy8,Yi49a6G,4o5z,9_Y1,C6Eu,09_Q,Tkho,NKv3VA1BpP,kIsH,uKAI,L84s,Ie_5MZs,cUQZTTg,ReWF,cJvF,FzaX,UF16siJ,zCkv,APgdzOv,jySVZNlOJy,rgKb,6fzt,xwM2aC7IdeMC0
0,1442,7,80,152,190,24,353.2,0,3533826,0,1.432814,9,60,0,2764800,0,114842.4,25,2,40,32,-137956.4,760,48,78228,0,6208950,45308,135,0,9,0,10563960,34,59856,0,0,_v2TmBftjz,RO12,taul,1K8T,ujBx,Wtcc5gJ,S85OeCBjSz,dxto,9_Y1,Gx0B,09_Q,sYC_,me75fM6ugJ,kIsH,uKAI,L84s,NhsEn4L,kq0n8Bj,o0qb,cJvF,FzaX,_McRoKG,oslk,pWu6FsY,LM8l689qOp,Qu4f,RAYp,F2FyR07IdsN7I
0,1442,7,4272,348,435,232,133.12,0,198840,0,6.49733,18,100,301,85168,0,4421.31,15,8,32,24,-26430,1285,12,6201,0,446985,126078,300,0,0,30646,1000232,92,318312,0,0,P1WvyxLp3Z,RO12,taul,1K8T,R4_H,8Nsn57c,msIqHk8toE,IhWw,9_Y1,vzJD,VpdQ,sYC_,me75fM6ugJ,kIsH,uKAI,L84s,NhsEn4L,kq0aHkC,ZYNK,UYBR,FzaX,07m8iqZ,oslk,VjJAgOW,LM8l689qOp,xb3V,RAYp,F2FyR07IdsN7I
0,483,0,0,224,280,104,220.08,0,1118712,0,2.798334,9,20,0,635264,0,29249.37,5,10,48,72,107370,945,18,0,0,2343940,179678,0,0,9,217294,3619472,50,471090,0,0,P1WvyxLp3Z,RO12,taul,1K8T,ssAy,VjLkKKt,Eu7ltqH,jQdr,9_Y1,vzJD,VpdQ,zm5i,me75fM6ugJ,kIsH,uKAI,L84s,NhsEn4L,kZJtVhC,C4gT,UYBR,FzaX,7CP8jNM,oslk,kPWQhib,LM8l689qOp,xb3V,RAYp,F2FyR07IdsN7I
0,672,7,416,24,30,8,270.88,0,0,0,6.162786,9,56,280,169168,0,123023.4,5,0,16,16,-390845.2,255,0,35505,0,5124200,1209600,140,0,18,959,9022320,4,0,0,0,vAsTmBfHUn,RO12,taul,1K8T,ssAy,XLMC4Wl,n2YfB05aPZ,W133,9_Y1,4N0K,09_Q,IYzP,DHn_WUyBhW_whjA88g9bvA64_,kIsH,uKAI,L84s,CrNX,7WwM33k,uC1K,cJvF,FzaX,XVi30XT,d0EEeJi,rvb4RAV,LM8l689qOp,Qu4f,nIGXDli,F2FyR07IdsN7I
0,294,7,316,20,25,16,133.12,0,28152,0,4.326853,9,138,0,0,0,14404.62,0,0,0,0,16433.44,260,12,106533,0,14035,22728,970,0,9,0,75452,2,0,0,0,vAsgUHXM47,2Knk1KF,taul,1K8T,7ALb,au1K0yW,q2tfFQq,ZZSJ,9_Y1,fTh6,VpdQ,haYg,me75fM6ugJ,kIsH,uKAI,L84s,XfqtO3UdzaXh_,XTbPUYD,LI0l,UYBR,FzaX,iEX0Q3K,oslk,LPD2Oqu,LM8l689qOp,453m,RAYp,55YFVY9
0,1428,7,164,1076,1345,288,339.6,0,4517322,0,4.000214,9,88,63,2521240,0,117830.1,130,48,296,288,-233375.6,2240,450,114255,0,4167180,736850,930,0,18,151193,10342520,144,514902,0,0,hSogUHXZeb,RO12,taul,1K8T,TyGl,WKSYEWi,BpHkmkQ,8H1C,9_Y1,STGZ,sJzTlal,hAFG,me75fM6ugJ,kIsH,uKAI,L84s,XfqtO3UdzaXh_,XTbPUYD,s9FI,UYBR,FzaX,gfMmfvd,oslk,GPSMujD,jySVZNlOJy,453m,RAYp,F2FyR07IdsN7I
0,2107,7,108,124,155,56,286.96,0,19362,0,6.565691,9,36,0,5207808,0,98033.41,5,2,40,64,54010.4,500,6,3852,0,5520750,1204830,120,0,9,0,9919680,26,470604,0,0,hSovyx7IEC,RO12,taul,1K8T,7M9D,tGKE15b,3X0xOLn,oyUC,9_Y1,YGOC,09_Q,zm5i,me75fM6ugJ,kIsH,uKAI,L84s,NhsEn4L,kZJtVhC,GmIf,UYBR,qxDb,gwjDGHt,oslk,BlJznPS,LM8l689qOp,szEZ,RAYp,F2FyR07IdsN7I
0,763,7,28,132,165,0,289.92,0,2592000,0,2.960479,9,112,0,3456000,0,200033.7,15,2,40,40,171984.4,530,30,24183,0,7465350,0,150,0,9,1814400,10547680,38,518400,0,0,BQa9tYsdof,2Knk1KF,taul,1K8T,PGNs,lKN4RJE,VqnbMThC8i,T4kR,9_Y1,YULl,sJzTlal,sYC_,me75fM6ugJ,kIsH,7A3j,L84s,NhsEn4L,cUQBu6y,Y6Au,cJvF,FzaX,wxPYjZW,oslk,dXi2qo0,jySVZNlOJy,FSa2,RAYp,55YFVY9
0,1645,7,72,304,380,216,166.56,0,642726,0,3.962188,9,30,0,1189976,0,39948.9,10,12,96,112,-245188,920,24,333,0,354820,455814,20,0,0,506471,2569588,46,292548,0,0,l7Fq9ayE15,RO12,taul,1K8T,z32l,4eOFZH4,o64y9zI,CqEk,9_Y1,QBpP,VpdQ,IYzP,DHn_WUyBhW_whjA88g9bvA64_,kIsH,uKAI,L84s,CrNX,mAjbq_f,zr4s,cJvF,FzaX,qofwu1n,d0EEeJi,cbqegZ9,LM8l689qOp,7P5s,nIGXDli,F2FyR07IdsN7I
0,1302,7,236,224,280,64,166.56,0,46734,0,0.06707969,9,52,28,328448,0,20441.07,20,20,56,96,23893.28,885,30,140904,0,213255,68142,1970,0,0,255990,604112,34,124830,0,0,1GdOj17ejg,RO12,taul,1K8T,aD1X,OJdRB4d,q2tfFQq,bJAd,9_Y1,eQTr,VpdQ,IYzP,me75fM6ugJ,kIsH,uKAI,L84s,NhsEn4L,mAjbk_S,JtZf,cJvF,FzaX,Lu888FJ,oslk,uVOTzYj,LM8l689qOp,7aLG,RAYp,F2FyR07IdsN7I
0,735,7,92,188,235,8,166.56,0,0,0,0.3975646,9,112,14,68224,0,4015.62,0,0,56,104,-5749.16,850,0,72306,0,189055,1588,2440,0,9,861,188532,66,0,0,0,AUUt0GoOh3,2Knk1KF,taul,1K8T,ssAy,PHNvXy8,y4g9XoZ,UCZm,9_Y1,rGJy,VpdQ,kxE9,NKv3VA1BpP,kIsH,uKAI,L84s,Ie_5MZs,teAjUwW,fVeG,UYBR,FzaX,UF16siJ,zCkv,APgdzOv,LM8l689qOp,Qu4f,6fzt,Zy3gnGM
0,1064,0,0,76,95,32,166.56,0,130224,0,5.295877,18,154,0,22160,0,10883.88,0,12,16,16,11688.28,305,30,999,0,33140,27584,0,0,9,5964,285580,4,159006,0,0,BQavyxLp3Z,2Knk1KF,taul,1K8T,lK27,VjLkKKt,UFIdC8I,FHHJ,9_Y1,vzJD,VpdQ,wMei,me75fM6ugJ,kIsH,uKAI,L84s,h0lfDKh52u4GP,IoI4mKe,1QxY,cJvF,OFWH,7CP8jNM,oslk,kPWQhib,LM8l689qOp,xb3V,RAYp,TCU50_Yjmm6GIBZ0lL_
0,1015,0,32,132,165,64,403.44,0,3973092,0,4.169195,9,114,0,1267232,0,206580.9,35,4,40,16,34551.84,500,54,133308,0,1841105,1251346,0,0,18,0,10109200,10,950430,0,0,Qu0r4RKzJV,2Knk1KF,taul,1K8T,kNzO,xziuXRS,8nstQ62E0C,4ESR,9_Y1,DtNL,VpdQ,Tkho,me75fM6ugJ,kIsH,uKAI,L84s,NhsEn4L,teAyFc5,iD0T,UYBR,FzaX,uUY0Q3K,oslk,HMhOTZB,jySVZNlOJy,FSa2,RAYp,55YFVY9
0,756,21,1544,24,30,24,285.68,0,0,0,3.367656,27,60,322,94152,21,158245.2,0,2,16,8,-867340,425,0,14103,80,151855,1532478,970,6,0,0,3508388,2,412308,0,14,1JGr4RKzJV,RO12,taul,1K8T,JLbT,X94uP03,glRBFJT8NN,lFFa,9_Y1,DtNL,VpdQ,IYzP,me75fM6ugJ,kIsH,uKAI,Mtgm,NhsEn4L,mAja5EA,LRZf,UYBR,FzaX,YXh0FxM,oslk,s5vObSS,LM8l689qOp,FSa2,RAYp,F2FyR07IdsN7I
0,882,0,328,136,170,80,253.52,0,3277272,0,2.097202,27,156,0,633640,0,196715.1,20,8,32,8,255821.2,425,42,104571,0,2166465,1627286,0,0,27,1209600,10225440,16,2073600,0,0,2jigUH7ejg,2Knk1KF,taul,1K8T,lK27,GSG4ewH,2TwXCiT,NDxW,9_Y1,m_h1,VpdQ,hAFG,me75fM6ugJ,kIsH,uKAI,L84s,XfqtO3UdzaXh_,XTbPUYD,jaio,UYBR,FzaX,42UoGGc,oslk,RVQiZDY,LM8l689qOp,WqMG,RAYp,TCU50_Yjmm6GIBZ0lL_
0,1533,14,1476,380,475,296,166.56,0,164490,0,5.347362,27,122,140,303392,0,9525.479,10,14,64,152,76400.8,880,72,648,0,361000,318638,170,0,9,0,1306296,36,152010,0,0,tr0rEyXktW,2Knk1KF,taul,1K8T,hoa9,3gFYSmA,k10MzgT,taKF,9_Y1,SkZj,VpdQ,sYC_,me75fM6ugJ,kIsH,uKAI,L84s,NhsEn4L,teAyFc5,aINY,UYBR,qxDb,n2dvwg4,oslk,PSKaRTx,LM8l689qOp,Aoh3,RAYp,55YFVY9
0,189,0,0,184,230,24,286.96,5,8011260,0,1.159368,9,16,0,2238368,0,126957.9,30,0,64,64,1761916,495,114,0,8,2490405,160348,0,0,0,339248,10473200,20,0,0,0,m9SvyxLkBI,RO12,taul,1K8T,TyGl,EQsMhNR,hCdK,j4x1,9_Y1,_r21,VpdQ,IYzP,me75fM6ugJ,kIsH,uKAI,L84s,NhsEn4L,kZJtVhC,M1rX,cJvF,FzaX,KVX8iqZ,oslk,3A8Rt2K,LM8l689qOp,xb3V,RAYp,F2FyR07IdsN7I
0,448,7,48,160,200,48,234.72,0,5519166,0,6.925444,9,32,0,1186472,0,221039.1,30,4,32,16,170060.4,545,84,1377,0,3395145,458750,235,0,18,0,10539840,20,1036800,0,0,dukmfo8zhV,RO12,taul,1K8T,42Cy,G2z0yiU,glRbITbnHQ,gEiT,9_Y1,gnEy,VpdQ,zm5i,me75fM6ugJ,kIsH,uKAI,L84s,NhsEn4L,kZJtVhC,1Tbw,UYBR,FzaX,ShVOw16,oslk,DHWqqb8,LM8l689qOp,3Cy4,RAYp,F2FyR07IdsN7I
0,245,0,0,100,125,112,200,0,1036800,0,1.936338,9,72,0,1816,0,247846.2,15,4,8,8,69744,340,12,153,0,351830,2419200,0,0,9,1589,7539960,6,1036800,0,0,V8lBcmz45j,RO12,taul,1K8T,487l,oKsne2L,oWVUlxabJo7j9,kc6M,9_Y1,yrDU,09_Q,IYzP,me75fM6ugJ,kIsH,uKAI,L84s,NhsEn4L,mAjbk_S,Bs6h,cJvF,FzaX,iEXADXQ,oslk,xWWynIC,M_8D,Qcbd,RAYp,F2FyR07IdsN7I
0,1701,14,1160,252,315,160,253.52,0,9597240,0,2.252083,27,58,35,0,0,102936.9,40,20,64,0,77795.6,1020,126,8397,0,635385,271846,1230,0,0,126966,10213680,8,323802,0,0,xOXTmBtFkL,RO12,taul,1K8T,NHzE,X7nM3I9,V4E_TU9097,lYhq,9_Y1,C6Eu,09_Q,IYzP,me75fM6ugJ,kIsH,uKAI,Mtgm,NhsEn4L,mAja5EA,E6rC,cJvF,FzaX,RnYQ_Zs,oslk,4Iey5oW,jySVZNlOJy,rgKb,RAYp,F2FyR07IdsN7I
0,1148,7,248,24,30,0,286.96,0,257328,9,0.2937407,9,56,7,0,0,5209.95,0,0,0,0,-929908,825,12,7308,8,963055,0,110,0,27,0,941996,8,0,0,0,1YVgUHXZeb,RO12,taul,1K8T,lK27,ZehEQZy,hOpMh7dRpW,YbGL,9_Y1,fTh6,09_Q,kxE9,DHn_WUyBhW_whjA88g9bvA64_,kIsH,uKAI,L84s,CrNX,AuSPDRg,auWm,cJvF,FzaX,nf97M23,d0EEeJi,PSKmlwe,LM8l689qOp,453m,nIGXDli,F2FyR07IdsN7I
0,952,7,1836,176,220,64,20.08,0,2205072,0,0.3366802,18,130,7,4265336,12,184195.8,20,2,72,56,145224.4,540,54,6363,64,5448250,1111562,720,0,36,958888,10483080,30,303504,0,28,P1WvyxLp3Z,2Knk1KF,taul,1K8T,ssAy,8Nsn57c,4di_QZr,kXwS,9_Y1,vzJD,VpdQ,hAFG,me75fM6ugJ,kIsH,uKAI,L84s,XfqtO3UdzaXh_,XTbPUYD,30c6,UYBR,AU8pNoi,07m8iqZ,oslk,VjJAgOW,LM8l689qOp,xb3V,RAYp,55YFVY9
0,294,7,1308,200,250,72,348.24,0,4692168,0,2.000214,9,76,14,1906240,0,82112.7,25,2,32,32,404644,1185,120,163746,0,3530970,794078,2635,0,27,554428,10389120,22,475224,0,0,75lr4RXktW,RO12,taul,1K8T,0Y9G,tumy3El,NBVUlxazOhDyL,Hvre,9_Y1,jakt,sJzTlal,haYg,DHn_WUyBhW_whjA88g9bvA64_,kIsH,uKAI,L84s,CrNX,AuSPDRg,WzDO,cJvF,FzaX,B0LoIaA,d0EEeJi,gbLH22V,LM8l689qOp,7FJQ,nIGXDli,F2FyR07IdsN7I
0,1141,7,5420,324,405,112,166.56,0,5518884,0,5.504807,9,136,336,2487608,3,127735.2,25,8,64,32,113147.2,1395,168,612,16,4134555,322366,77240,0,9,21896,10509360,52,225228,0,7,tr0rEyXktW,2Knk1KF,taul,1K8T,JLbT,3gFYSmA,e1XhvTunuD,geHS,9_Y1,SkZj,VpdQ,sYC_,me75fM6ugJ,kIsH,uKAI,L84s,NhsEn4L,beK4AFX,8gB5,UYBR,FzaX,n2dvwg4,oslk,PSKaRTx,M_8D,Aoh3,RAYp,55YFVY9
0,595,0,836,20,25,0,166.56,0,823908,0,3.07477,9,64,0,0,0,294451.5,0,6,24,0,122420.4,70,12,58923,0,0,0,0,0,9,0,7806880,0,10886400,0,0,1YVgUHXZeb,RO12,taul,1K8T,0Xwj,ho_dR0M,9YuYZx0Xsm,upEj,F3hy,STGZ,VpdQ,IYzP,me75fM6ugJ,kIsH,uKAI,L84s,NhsEn4L,kq0FDQL,Caho,UYBR,FzaX,hAX6pd1,oslk,FYyQowC,jySVZNlOJy,453m,RAYp,F2FyR07IdsN7I
0,3521,7,4,380,475,192,166.56,0,0,0,4.034608,9,68,0,1089696,0,15793.89,0,18,104,144,-28462.84,1910,0,3573,0,1077300,614368,5,0,0,549668,3194672,88,838872,0,0,0vimfo8zhV,RO12,taul,1K8T,LloI,25Ax0bI,nD7KNUCbD1,3epP,9_Y1,wGwL,VpdQ,giwq,me75fM6ugJ,kIsH,uKAI,L84s,NhsEn4L,kZJs2nh,Ejb_,cJvF,FzaX,8c868SY,oslk,PQROEra,jySVZNlOJy,wX53,RAYp,F2FyR07IdsN7I
0,1162,7,96,220,275,72,186.64,0,7567020,0,1.383038,9,152,105,1263040,0,152515.2,20,6,64,56,144750.4,845,102,11664,0,2699545,418062,1525,0,18,159502,10858800,30,1555200,0,0,52Iq9ayE15,2Knk1KF,taul,1K8T,LZs_,lCpbiah,FoJylxy,z1UB,9_Y1,000J,VpdQ,itlM,me75fM6ugJ,kIsH,uKAI,L84s,XfqtO3UdzaXh_,XTbPUYD,w7Gu,cJvF,FzaX,SppOZ4E,oslk,HDq79_c,LM8l689qOp,7P5s,RAYp,55YFVY9
0,945,7,2280,176,220,24,133.12,0,0,0,6.896603,9,50,91,140008,0,6843.51,0,6,32,48,-3024,930,0,3195,0,416480,18722,265,0,0,25242,485524,64,67338,0,0,dRagUHXM47,RO12,taul,1K8T,lK27,Ml6kiFp,MypvvoIQqc,PlUZ,9_Y1,8BBI,09_Q,IYzP,me75fM6ugJ,kIsH,uKAI,L84s,NhsEn4L,TDcECyH,sIh3,cJvF,FzaX,k5O88FJ,oslk,QkgQQMs,LM8l689qOp,453m,RAYp,F2FyR07IdsN7I
0,1512,14,15848,128,160,112,220.08,0,0,0,5.446272,36,180,315,1382400,0,102697.2,0,12,32,16,108676,530,0,23886,0,3864820,2419200,7795,0,27,2225293,10584240,20,2944194,0,0,zKnr4RXktW,g62hiBSaKg,taul,1K8T,dWQK,fhk21Ss,EXpWEXgaYWQf4,Okfd,9_Y1,TFSW,VpdQ,hAFG,7M47J5GA0pTYIFxg5uy,kIsH,uKAI,Mtgm,XfqtO3UdzaXh_,beKPUYD,ZvHR,cJvF,FzaX,4UxGlow,oslk,catzS2D,jySVZNlOJy,Xa3G,ZI9m,ib5G6X1eUxUn6
0,98,7,860,20,25,0,133.12,0,0,0,4.847682,9,108,0,23712,0,4511.88,0,0,0,16,-8857.24,70,0,171567,0,47020,0,830,0,0,0,49472,6,0,0,0,py5rEyXktW,2Knk1KF,taul,1K8T,YFAj,BC27GMk,puVN1KTszPHt3,iB5e,9_Y1,SkZj,09_Q,sYC_,me75fM6ugJ,kIsH,uKAI,L84s,NhsEn4L,kq0aHkC,qwfy,UYBR,FzaX,md_v66D,oslk,OMyw_BK,LM8l689qOp,Aoh3,RAYp,55YFVY9
0,532,7,228,76,95,56,186.64,0,0,0,2.921384,9,88,0,169552,0,16329.81,10,0,24,32,-655796,140,0,17856,0,29425,20640,15,0,27,0,212776,12,0,0,0,9hRmfo875g,RO12,taul,1K8T,487l,VWnXzAw,zA2IZno2NK,kBWi,9_Y1,6Kw9,VpdQ,lVqb,me75fM6ugJ,kIsH,uKAI,L84s,XfqtO3UdzaXh_,XTbPUYD,J3XO,cJvF,FzaX,2WbYjZW,oslk,p2sz20V,LM8l689qOp,3Cy4,RAYp,F2FyR07IdsN7I
0,1365,7,580,152,190,144,178.96,0,288498,0,2.671224,18,62,0,2310384,0,36857.4,0,4,48,88,87322,600,6,5373,0,793050,364100,835,0,0,1019368,2972972,12,394212,0,0,1PnOj1KVEH,RO12,taul,1K8T,0Y9G,2aYMQeW,V_KvNzO,ZIEU,9_Y1,jdbz,VpdQ,IYzP,DHn_WUyBhW_whjA88g9bvA64_,kIsH,uKAI,L84s,CrNX,7WwM33k,jYon,cJvF,FzaX,6VJ7k0_,d0EEeJi,aLp7nTQ,LM8l689qOp,kwS7,nIGXDli,F2FyR07IdsN7I
0,483,7,60,136,170,32,264.56,0,5232144,0,6.50032,9,150,0,3168000,0,113100.9,10,4,32,40,319174.8,505,66,648,0,3960000,633600,50,0,18,554400,10465200,20,486450,0,0,avkq9ayfAo,rEUOq2QD1qfkRr6qpua,taul,1K8T,tzKK,fhk21Ss,waznHJbSN2,9Cn7,9_Y1,vm5R,09_Q,kxE9,7M47J5GA0pTYIFxg5uy,kIsH,uKAI,L84s,4kVnq_T26xq1p,pMWvpGi,xiHr,cJvF,FzaX,4UxGlow,zCkv,catzS2D,jySVZNlOJy,7P5s,ZI9m,ib5G6X1eUxUn6
0,532,0,4,116,145,0,220.08,0,0,0,5.428968,9,30,0,5170056,0,186227.7,5,0,40,72,541024,290,0,41373,0,8208000,0,0,0,18,0,9363720,38,0,0,0,FoxgUHSK8h,RO12,LfvqpCtLOY,1K8T,487l,mQkQ6ot,tKdalr6,SYvw,9_Y1,mTeA,VpdQ,zm5i,me75fM6ugJ,kIsH,uKAI,L84s,NhsEn4L,mAj8cnz,ezfD,UYBR,FzaX,Yo33PT5,oslk,U8cijiT,LM8l689qOp,FSa2,RAYp,F2FyR07IdsN7I
0,1540,7,2116,280,350,96,133.12,0,37602,0,5.22602,18,134,49,94744,0,5082.51,15,16,104,48,-123362.4,1140,66,4518,0,163505,27742,85,0,18,34685,376672,60,127590,0,0,NQ5rEy7Rm6,2Knk1KF,taul,1K8T,Wmd1,20dhIvr,9YuuPSz3BI,lnyn,9_Y1,X8zP,VpdQ,wMei,me75fM6ugJ,kIsH,uKAI,L84s,h0lfDKh52u4GP,IoI4mKe,elWB,cJvF,FzaX,A7VmFX7,oslk,_vBCqEp,LM8l689qOp,Aoh3,RAYp,55YFVY9
0,784,14,264,128,160,112,253.52,0,100596,0,5.8464,72,138,28,1655440,0,234292.5,0,12,40,24,79233.2,520,6,7110,0,3456000,2419200,65,0,45,1297884,10276440,16,2667672,0,0,Yn7t0Go8Lb,2Knk1KF,taul,1K8T,lK27,PHNvXy8,quSO5Nr,XJDJ,9_Y1,rGJy,sJzTlal,haYg,NKv3VA1BpP,kIsH,uKAI,Mtgm,Ie_5MZs,CWNY2py,Xb33,UYBR,FzaX,UF16siJ,zCkv,APgdzOv,LM8l689qOp,Qu4f,6fzt,Zy3gnGM
0,455,14,484,36,45,0,166.56,0,4214646,0,5.852595,18,90,63,2844640,3,38708.1,5,0,8,8,-89837.2,190,18,61857,8,1190810,0,2530,0,18,0,7603920,8,0,0,0,JMGrjIXt5a,RO12,taul,1K8T,pE9z,9GJGgoz,ITBsq3o5nA,FyO0,9_Y1,YBFS,VpdQ,sYC_,Kxdu,kIsH,uKAI,L84s,FMSzZ91zL2,jawq6Gg,AP0k,cJvF,FzaX,Tvpip6Z,zCkv,hHJsvbM,LM8l689qOp,5Acm,6fzt,SbOd7O8ky1wGNxp0Arj0Xs
0,700,28,5012,104,130,64,240.56,10,2586858,0,0.5928221,36,208,448,20944,0,195860.7,10,4,16,8,-380431.6,490,36,63864,16,1788000,1058190,3600,0,45,604800,6636480,14,1036800,0,0,O8Zr4Rdc_a,2Knk1KF,CiJDdr4TQ0rGERIS,1K8T,Wmd1,fhk21Ss,n1zVHpT8NN,jReB,9_Y1,em8I,09_Q,haYg,7M47J5GA0pTYIFxg5uy,kIsH,g5HH,L84s,tbewxY_YSo,LxWffV2,kIVy,cJvF,FzaX,4UxGlow,JIiEFBU,catzS2D,LM8l689qOp,me1d,ZI9m,NoEd
0,2870,7,4,516,645,256,200,0,4333362,0,0.5481735,9,52,0,1096984,0,52144.5,50,30,208,136,-228045.6,2185,252,918,0,976580,545166,30,0,0,92855,6851360,26,528108,0,0,2jirEyXktW,RO12,taul,1K8T,lK27,WtcJHBC,KeZU7HH,WLhP,9_Y1,SkZj,VpdQ,IYzP,me75fM6ugJ,kIsH,uKAI,L84s,NhsEn4L,kZJtVhC,0lJk,cJvF,tdJW_Pm,380vbB7,oslk,WUmK0JH,bCPvVye,Aoh3,RAYp,F2FyR07IdsN7I
0,959,7,160,164,205,32,320.4,0,7767840,0,0.7690665,9,160,0,1392272,0,182507.1,35,2,40,24,123714,695,108,2196,0,2679055,40510,55,0,54,8638,10522240,16,13194,0,0,crIgUHSK8h,2Knk1KF,taul,1K8T,0Xwj,MqsvJst,r83_sZi,85IW,F3hy,RVjC,VpdQ,G_zk,me75fM6ugJ,kIsH,uKAI,L84s,XfqtO3UdzaXh_,XTbPUYD,ETNp,UYBR,FzaX,ot6vdH_,oslk,PXlqjwa,jySVZNlOJy,FSa2,RAYp,TCU50_Yjmm6GIBZ0lL_
0,1288,0,36,352,440,272,286.96,0,3729480,0,3.406537,9,198,91,1484736,0,107302.2,35,28,96,88,163220,1115,60,189225,0,1510125,274834,0,0,18,375655,6478000,24,310188,0,0,1qmr4RQxul,2Knk1KF,taul,1K8T,PGNs,fhk21Ss,hOpMh7dRpW,S6Xu,9_Y1,z5Ry,09_Q,oZyB,7M47J5GA0pTYIFxg5uy,kIsH,uKAI,L84s,MeOIHRG3F9,EknepHi,n7JH,UYBR,FzaX,4UxGlow,zCkv,catzS2D,LM8l689qOp,FSa2,ZI9m,b9qbUNk0dML_Mvi2
0,889,7,308,44,55,8,253.52,0,1900848,0,5.570177,9,124,0,0,0,207187.8,5,2,8,0,-686192,385,24,59004,0,1061255,73960,5,0,36,0,2897772,8,475212,0,0,wRXmfo875g,g62hiBSaKg,taul,1K8T,7gSz,fhk21Ss,KhDb8PW,KTop,9_Y1,_48V,VpdQ,wMei,7M47J5GA0pTYIFxg5uy,kIsH,uKAI,L84s,4kVnq_T26xq1p,cUQQxve,CQMO,UYBR,FzaX,4UxGlow,zCkv,catzS2D,M_8D,3Cy4,ZI9m,ib5G6X1eUxUn6
0,1505,7,140,1080,1350,720,166.56,0,99522,0,1.714591,9,36,112,378264,0,9924.72,55,48,392,264,28470.16,1925,114,12312,0,642030,149020,285,0,9,225764,1283360,186,296916,0,0,gE8Wq6edh4,RO12,taul,1K8T,PGNs,r6ccy5d,YmZmFZu,_PtF,9_Y1,_xpN,VpdQ,43pnToF,me75fM6ugJ,kIsH,uKAI,L84s,NhsEn4L,mAja5EA,qulK,cJvF,FzaX,LWkYE38,oslk,8ag7A2G,LM8l689qOp,FSa2,RAYp,F2FyR07IdsN7I
0,1246,7,1788,96,120,88,210,0,1998,0,1.342662,9,106,126,25224,0,5405.46,0,8,24,16,27219.44,400,6,138087,0,110915,87040,510,0,18,19537,294744,12,26982,0,0,AhzOj17IEC,2Knk1KF,taul,1K8T,TyGl,PHNvXy8,V6XUlxabJ4VaD,vo0t,9_Y1,iVbl,VpdQ,6JmL,NKv3VA1BpP,kIsH,uKAI,L84s,Ie_5MZs,teAY_NX,kze6,cJvF,FzaX,UF16siJ,zCkv,APgdzOv,LM8l689qOp,7aLG,6fzt,Zy3gnGM
0,812,0,0,56,70,56,0,5,0,0,0.7051912,18,28,0,35848,6,4795.11,0,0,8,8,-18775,245,0,0,40,171945,63842,0,0,9,0,283164,12,0,0,14,52Iq9ayE15,AERks4l,taul,1K8T,LZs_,hbuCDwB,rBToguw,v74V,9_Y1,000J,09_Q,43pnToF,DHn_WUyBhW_whjA88g9bvA64_,kIsH,uKAI,L84s,JBfYVit4g8,TDc_9Yi,30kO,cJvF,FzaX,QyRhO3_,Al6ZaUT,8eX0HVS,LM8l689qOp,7P5s,02N6s8f,xwM2aC7IdeMC0
0,427,0,0,176,220,56,220.08,0,2806398,0,1.189917,9,24,0,1931904,0,202090.8,35,8,48,40,185196.8,495,36,0,0,5405150,787616,0,0,9,604800,10828760,30,675672,0,0,51rBcmz45j,RO12,taul,1K8T,lK27,4M5oukx,q2tfFQq,TXRs,9_Y1,rzbc,VpdQ,zm5i,me75fM6ugJ,kIsH,uKAI,L84s,NhsEn4L,kZJtVhC,djiT,cJvF,FzaX,PCS6w_1,oslk,KHRTL5Q,LM8l689qOp,Qcbd,RAYp,F2FyR07IdsN7I
0,2114,21,3308,544,680,144,166.56,0,0,0,6.936125,27,44,133,632264,0,7103.01,0,8,96,224,-11688.56,1915,0,3996,0,1290305,104588,415,0,0,105441,1585144,172,41388,0,0,2jigUH7ejg,RO12,taul,1K8T,dm89,tAqCzkM,Gai9lEF2Fr,vW5P,9_Y1,DmlN,09_Q,IYzP,me75fM6ugJ,kIsH,uKAI,L84s,NhsEn4L,mAjbk_S,9vxHyO4,cJvF,FzaX,SGlOtFs,oslk,JcMz_Kt,LM8l689qOp,w_Ub,RAYp,F2FyR07IdsN7I
0,1043,14,296,164,205,64,274.48,20,4658166,0,4.192267,18,76,35,2495080,0,156485.7,25,2,32,32,99537.6,595,60,8514,32,1892265,1060264,4030,0,27,0,9888240,26,475230,0,0,NQ5rEy7Rm6,RO12,taul,1K8T,lK27,UGl8_3u,ARvzJXx,Pn_u,9_Y1,X8zP,VpdQ,lVqb,me75fM6ugJ,kIsH,uKAI,L84s,XfqtO3UdzaXh_,XTbPUYD,06nM,cJvF,FzaX,VA_m0jM,oslk,Z16AAUb,LM8l689qOp,Aoh3,RAYp,F2FyR07IdsN7I
0,3549,0,0,1496,1870,1456,166.56,0,1039764,0,3.469771,9,26,0,55624,0,8798.61,45,202,232,40,63221.6,4590,174,0,0,381545,460060,0,0,0,263830,2473484,96,684678,0,0,JMGq9aXt5a,RO12,taul,1K8T,YFAj,ryQJDqx,ElQylxy,zmSx,9_Y1,6TCl,09_Q,IYzP,me75fM6ugJ,kIsH,uKAI,L84s,NhsEn4L,mAjbQbU,e5CZ,cJvF,FzaX,tCbv48t,oslk,Exf7DIf,LM8l689qOp,uWr3,RAYp,F2FyR07IdsN7I
0,2884,7,272,368,460,176,166.56,5,119742,0,0.5983764,9,58,0,386768,3,23389.05,30,20,72,88,-194977.2,1575,126,12321,16,192970,330256,715,0,0,31577,1421256,44,170118,0,0,MlYvyx875g,RO12,taul,1K8T,pGTb,2Aed0DS,8o3HXVS,mza8,9_Y1,MBhA,09_Q,IYzP,me75fM6ugJ,kIsH,uKAI,L84s,NhsEn4L,mAjbk_S,w3ez,UYBR,FzaX,OjxOhQy,oslk,c4PT3Cb,LM8l689qOp,WqMG,RAYp,F2FyR07IdsN7I
0,595,7,2048,28,35,8,166.56,0,0,0,4.186499,9,168,385,0,0,27903.99,0,2,0,0,-457976,290,0,82611,0,383230,1876,11710,0,18,0,370104,10,89652,0,0,AUUt0GoOh3,2Knk1KF,taul,1K8T,0Xwj,fhk21Ss,yEFIHeU,h0cA,HLqf,rGJy,VpdQ,haYg,7M47J5GA0pTYIFxg5uy,sBgB,uKAI,L84s,Ie_5MZs,CWNY2py,nLOC,cJvF,FzaX,4UxGlow,zCkv,catzS2D,LM8l689qOp,Qu4f,ZI9m,TCU50_Yjmm6GIBZ0lL_
0,4417,14,2012,484,605,200,200,0,2258268,0,2.943388,18,218,42,493928,0,26747.49,30,30,240,296,267108,1540,72,54729,0,656590,420906,2585,0,18,123277,4502880,52,502836,0,0,a4v9tYsGvO,2Knk1KF,CiJDdr4TQ0rGERIS,1K8T,487l,fhk21Ss,DKUDUftgA7,__Qj,9_Y1,YULl,VpdQ,y6dw,7M47J5GA0pTYIFxg5uy,kIsH,uKAI,L84s,62ZfA6x0SiWOX,7N74Q2u,B6zq,UYBR,FzaX,4UxGlow,JIiEFBU,catzS2D,jySVZNlOJy,FSa2,ZI9m,r_7E
0,252,0,372,4,5,8,166.56,0,0,0,2.623158,9,44,0,0,0,13292.01,0,0,0,0,797,20,0,34254,0,0,16582,0,0,0,0,33164,0,0,0,0,1nlTmBtueT,RO12,taul,1K8T,487l,yPpsKl9,GHfL3MpXAX,Vtsk,9_Y1,c2JP,VpdQ,IYzP,me75fM6ugJ,kIsH,uKAI,L84s,NhsEn4L,mAjbk_S,wM75,cJvF,FzaX,snhe4eD,oslk,K9MAyp5,LM8l689qOp,rgKb,RAYp,F2FyR07IdsN7I
0,1113,14,416,132,165,8,254.48,5,1779030,0,0.5287331,27,132,49,1765256,0,169477.2,15,2,64,64,205945.6,515,48,13653,8,1666715,39956,520,0,36,217350,9087840,24,158844,0,0,NQ5rEy7Rm6,2Knk1KF,taul,1K8T,nQZ6,PHNvXy8,I1sqWRxUAv,Pn_u,9_Y1,X8zP,09_Q,haYg,NKv3VA1BpP,kIsH,uKAI,L84s,Ie_5MZs,CWNY2py,06nM,cJvF,FzaX,UF16siJ,zCkv,APgdzOv,LM8l689qOp,Aoh3,6fzt,Zy3gnGM
0,770,7,32,100,125,88,133.12,0,0,0,0.8030335,9,48,0,465032,0,25086.81,0,8,48,40,23627.56,370,0,124920,0,319960,168638,1110,0,0,81494,909360,10,125400,0,0,hSovyx7IEC,RO12,taul,1K8T,Bxva,YDGnFi6,Y1hfZBm,Kyvk,9_Y1,f4dr,VpdQ,IYzP,me75fM6ugJ,kIsH,uKAI,L84s,NhsEn4L,TDcECyH,eTUw,cJvF,FzaX,DI4fGrO,oslk,qPM2pc5,M_8D,szEZ,RAYp,F2FyR07IdsN7I
0,385,7,316,108,135,64,220.08,5,4665600,0,6.714591,9,80,0,0,3,117543.9,20,4,24,0,-44042.8,465,54,33048,16,726655,1382400,2545,0,27,0,8530120,8,1036800,0,0,Foxt0Go8Lb,RO12,taul,1K8T,wGW5,rsmctTK,KhDb8PW,bWuP,9_Y1,t_4G,VpdQ,6JmL,me75fM6ugJ,kIsH,uKAI,L84s,XfqtO3UdzaXh_,11p4mKe,P9ZU,UYBR,FzaX,Kgofc8E,oslk,S46Rt72,LM8l689qOp,Qu4f,RAYp,F2FyR07IdsN7I
0,721,7,844,124,155,0,286.96,0,10324860,0,2.482589,9,76,203,0,0,228456.3,45,0,32,0,33323.72,515,120,2673,0,171910,0,2265,0,18,0,10102360,4,0,0,0,crIgUHSK8h,RO12,taul,1K8T,0Xwj,3Eh9x15,r83_sZi,s6yv,HLqf,mTeA,VpdQ,sYC_,me75fM6ugJ,sBgB,7A3j,L84s,NhsEn4L,beK4AFX,WhpF,UYBR,FzaX,82JLVmS,oslk,3pbcJdh,LM8l689qOp,FSa2,RAYp,F2FyR07IdsN7I
0,336,7,524,136,170,40,166.56,0,5592,0,4.381329,18,130,21,351256,0,22990.8,0,4,32,24,5538.56,455,6,6057,0,697770,45194,135,0,18,142905,895292,46,100998,0,0,_v2rjIKQ76,2Knk1KF,taul,1K8T,487l,PHNvXy8,VFlDK2YAJ2VDzcas,ZHYH,9_Y1,7WNq,VpdQ,hAFG,NKv3VA1BpP,kIsH,uKAI,L84s,Ie_5MZs,teAY_NX,Q_Iv,UYBR,AU8_WTd,UF16siJ,zCkv,APgdzOv,jySVZNlOJy,WqMG,6fzt,Zy3gnGM
0,980,14,292,140,175,8,186.64,0,1636512,0,3.559709,27,156,14,4913536,0,163033.2,10,2,48,64,92703.2,560,30,3978,0,7742400,2106,155,0,27,65744,10522800,36,128580,0,0,Qu0qrQKzJV,2Knk1KF,taul,1K8T,lK27,d2iwkuM,6JhQ5n9,oMpM,9_Y1,15m3,09_Q,6JmL,me75fM6ugJ,kIsH,uKAI,L84s,XfqtO3UdzaXh_,XTbPUYD,Y02c,UYBR,FzaX,1ZRv4zN,oslk,Zd62Oqu,LM8l689qOp,FSa2,RAYp,TCU50_Yjmm6GIBZ0lL_
0,798,14,1572,112,140,72,159.84,0,2019666,0,2.353557,27,62,301,1072104,0,71628.91,0,6,16,32,419792,455,24,504,0,1600110,531580,650,0,0,547813,4549440,16,485538,0,0,a4vPe2fHUn,RO12,taul,1K8T,487l,SHmviED,7IC9VBJ,T5aZ,9_Y1,mTeA,09_Q,IYzP,7M47J5GA0pTYIFxg5uy,kIsH,uKAI,L84s,leSl,kZJ7V9Z,YS4i,UYBR,FzaX,7zPJmUr,QKW8DRm,v6E0Yoz,LM8l689qOp,FSa2,vJ_w8kB,WfJ2BB2SFSqauljlfOB
0,1246,7,8,148,185,16,220.08,0,1589442,0,6.586627,9,36,0,4780848,0,116942.4,5,2,40,56,120424,535,30,12240,0,7887600,208646,300,0,9,604800,10578720,42,126672,0,0,dukmfo8zhV,AERks4l,taul,1K8T,QQSE,5CFXD9A,EXpWEXgaYWQf4,NYVW,9_Y1,6Kw9,VpdQ,43pnToF,7M47J5GA0pTYIFxg5uy,kIsH,uKAI,Mtgm,4kVnq_T26xq1p,TDcTwy6,rS4K,UYBR,FzaX,MmsL3hM,zCkv,XdARPDh,LM8l689qOp,3Cy4,ZI9m,F2FcTt7IdMT_v
0,1057,0,0,712,890,464,220.08,0,0,0,1.282418,9,16,0,717328,0,6687.51,10,40,240,344,-216702.4,2220,0,0,0,541505,281770,0,0,0,270886,1676212,110,456294,0,0,jg6vyxLkBI,RO12,taul,1K8T,ssAy,H9TCaks,y2LEOUNOlt,yVZt,9_Y1,vzJD,09_Q,IYzP,me75fM6ugJ,kIsH,uKAI,L84s,NhsEn4L,kZJtVhC,AP3l,cJvF,FzaX,rSN88FJ,oslk,hW4EVJ2,LM8l689qOp,xb3V,RAYp,F2FyR07IdsN7I
0,1169,7,280,152,190,152,166.56,0,17928,0,0.8946806,9,36,42,329544,0,11567.13,0,6,40,48,-293392.4,655,24,10575,0,75810,222872,285,0,9,137557,788652,12,158304,0,0,LDPq9ayfAo,RO12,taul,1K8T,tzKK,eUquP03,1lFJzqR,CpYR,9_Y1,000J,VpdQ,43pnToF,me75fM6ugJ,kIsH,uKAI,L84s,NhsEn4L,mAjbk_S,wdl3,cJvF,FzaX,Owlv10k,oslk,hjFYw04,LM8l689qOp,7P5s,RAYp,F2FyR07IdsN7I
0,1043,7,2052,124,155,0,200,0,0,0,1.320658,9,94,77,378672,0,15710.07,0,8,64,104,61030.4,370,0,76248,0,51200,0,4585,0,18,0,569424,28,508692,0,0,v0Nt0Go8Lb,RO12,taul,1K8T,487l,vL0nV76,p528EHj,q1uT,9_Y1,MGOA,VpdQ,6JmL,me75fM6ugJ,kIsH,uKAI,L84s,XfqtO3UdzaXh_,11p4mKe,6T9V,cJvF,FzaX,TPHfrxM,oslk,D7cED8N,LM8l689qOp,Qu4f,RAYp,F2FyR07IdsN7I
0,931,7,88,244,305,64,336.88,0,4581246,0,1.506302,9,172,28,387024,0,164772.3,40,24,208,96,76419.2,725,72,56565,0,2574190,1249078,115,0,9,173663,10262640,18,1635852,0,0,1YVgUHXZeb,2Knk1KF,taul,1K8T,pE9z,fhk21Ss,q2tfFQq,Lv_k,9_Y1,8BBI,VpdQ,wMei,7M47J5GA0pTYIFxg5uy,kIsH,uKAI,L84s,E1aAZ0x7vd,OFqVH0t,sj4E,cJvF,FzaX,4UxGlow,QKW8DRm,catzS2D,LM8l689qOp,453m,ZI9m,ib5G6X1eUxUn6
0,168,0,0,144,180,56,332.8,0,4185804,0,6.870968,9,22,0,3049720,0,190472.7,15,2,40,40,198062.8,420,54,0,0,4128680,805808,0,0,18,1108877,10497240,22,475230,0,0,dukmfo8zhV,RO12,taul,1K8T,lK27,OmR3ZVS,nQUq7hGe64,lcmW,9_Y1,gnEy,09_Q,IYzP,me75fM6ugJ,kIsH,uKAI,L84s,NhsEn4L,mAja5EA,dHdN,cJvF,qxDb,Khletck,oslk,7pUldxq,LM8l689qOp,3Cy4,RAYp,F2FyR07IdsN7I
0,539,7,1012,108,135,88,166.56,0,2898,0,3.74044,9,86,7,55728,0,2677.713,0,8,32,64,-1136364,255,18,66888,0,15555,14510,2170,0,9,20769,80328,2,13602,0,0,NQ5vyxLkBI,AERks4l,taul,1K8T,pdks,K9uOTMK,hOpRIhsUSP,jV3I,9_Y1,_r21,VpdQ,sYC_,7M47J5GA0pTYIFxg5uy,kIsH,uKAI,Mtgm,NjlyLMM,cUQfdyn,ISLC,UYBR,AU8pNoi,yP3Kx11,zCkv,_oaGpZR,LM8l689qOp,xb3V,6fzt,xwM2aC7IdeMC0
0,3122,7,160,552,690,80,326.72,0,7048080,0,2.929929,9,58,14,1766232,0,12670.08,70,26,152,192,139015.6,2835,162,5436,0,2230905,427134,745,0,18,873817,10510960,100,213978,0,0,HAoOj1KXzC,RO12,taul,1K8T,ZNsX,N455JqQ,ubNsRkB,FTH1,9_Y1,jdbz,VpdQ,wMei,me75fM6ugJ,kIsH,uKAI,L84s,h0lfDKh52u4GP,IoI4mKe,1Uyc,cJvF,FzaX,gfM8XLE,oslk,knDz20V,LM8l689qOp,kwS7,RAYp,F2FyR07IdsN7I
0,1890,7,160,136,170,56,233.44,0,3802782,0,2.088656,9,38,0,2072056,0,87026.41,25,2,40,32,182400.4,610,48,4608,0,3564090,1108828,10,0,0,554414,10330880,18,424248,0,0,1YVgUHXZeb,RO12,taul,1K8T,7ALb,AKbblEW,r83_sZi,V9OO,9_Y1,STGZ,VpdQ,IYzP,me75fM6ugJ,kIsH,uKAI,L84s,NhsEn4L,NGZXfGp,Opdm,cJvF,FzaX,bYA18fN,oslk,aFcwIB5,LM8l689qOp,453m,RAYp,F2FyR07IdsN7I
0,161,0,0,184,230,72,253.52,0,2294586,0,5.917112,9,18,0,788128,6,135131.1,35,2,64,32,38017.28,445,60,0,24,3918885,1177282,0,0,0,0,10342640,30,453306,0,7,MtpBcmzkzH,RO12,taul,1K8T,TyGl,IUormCU,yiXTc3CbD1,mHE5,9_Y1,KubS,VpdQ,IYzP,me75fM6ugJ,kIsH,uKAI,L84s,NhsEn4L,mAja5EA,dHFT,UYBR,FzaX,8EdDGHt,oslk,eHppVh5,LM8l689qOp,Qcbd,RAYp,F2FyR07IdsN7I
0,938,7,468,156,195,40,240.56,0,8491080,0,3.371502,9,76,140,1520224,0,125715.9,20,0,64,72,-15833.28,525,108,8460,0,352120,254094,480,0,9,19068,8292760,6,0,0,0,ZSNq9atbb6,RO12,taul,1K8T,R5iW,IfKEQZy,qj0HWj9Jb2VDpwCu,kiGu,9_Y1,KfYH,09_Q,6JmL,me75fM6ugJ,kIsH,g5HH,L84s,XfqtO3UdzaXh_,11p4mKe,6iuJ,cJvF,FzaX,bDIDFjT,oslk,gsLzpoz,LM8l689qOp,me1d,RAYp,F2FyR07IdsN7I
0,2905,7,540,164,205,48,253.52,0,6721800,0,4.977141,27,66,28,1411584,0,41081.4,30,0,40,24,368005.2,2240,90,24444,0,2252125,518244,4320,0,9,25536,10098800,22,0,0,0,CxSr4RXktW,RO12,taul,1K8T,1TqK,KweCreM,BbTxtaMIkk68B,7Kv5,9_Y1,TFSW,VpdQ,IYzP,me75fM6ugJ,kIsH,uKAI,L84s,NhsEn4L,kZJ4Oht,tkSF,cJvF,qxDb,UvLOVQC,oslk,nuwzgmc,LM8l689qOp,Xa3G,RAYp,F2FyR07IdsN7I
0,1295,7,424,524,655,408,200,0,1208370,0,6.594104,9,60,147,1628568,0,19653.06,15,2,72,240,233496.8,1415,192,57753,0,305540,482560,5545,0,0,283437,2846200,28,18384,0,0,75lTmBtFkL,AERks4l,taul,1K8T,GYbZ,xByduRc,9YuuPSz3BI,xI6n,9_Y1,C6Eu,VpdQ,IYzP,GjJ35utlTa_GNSvxxpb9ju,kIsH,uKAI,L84s,JBfYVit4g8,NGZTVtA,TPkj,cJvF,FzaX,fBwSYVh,Al6ZaUT,e6KCz7F,LM8l689qOp,rgKb,02N6s8f,xwM2aC7IdeMC0
0,840,14,2468,132,165,40,253.52,0,3801696,0,5.201239,36,206,147,1900848,0,216004.5,20,4,32,24,463292,505,48,810,0,4356110,792020,365,0,9,0,10454680,22,950424,0,0,dRaTmBfHUn,_7J0OGNN8s6gFzbM,hiMqnEM7VgIk4JUu,1K8T,LFM_,fhk21Ss,aB4Juyc,Kgwb,9_Y1,4N0K,VpdQ,y6dw,7M47J5GA0pTYIFxg5uy,kIsH,uKAI,L84s,hFuvTXnQzBljb,y5FS9RD,hjmq,cJvF,FzaX,4UxGlow,zCkv,catzS2D,jySVZNlOJy,Qu4f,ZI9m,ZeaF
0,917,0,0,152,190,40,320.4,0,5237646,0,2.11066,9,46,0,2579328,0,193413.6,20,0,40,40,120546,565,66,5760,0,4115310,422934,0,0,9,604800,10057120,26,0,0,0,4e7gUH7IEC,RO12,CuXi4je,1K8T,TyGl,eYPJuq4,rrNb1Ae,Tkse,9_Y1,1Bp0,VpdQ,Tkho,me75fM6ugJ,kIsH,uKAI,L84s,NhsEn4L,jawF83H,SssI,UYBR,FqMWi1g,42Uv66D,oslk,_BMKSUK,bCPvVye,WqMG,RAYp,F2FyR07IdsN7I
0,3941,14,128,132,165,56,255.68,0,3326484,0,5.568041,18,104,7,1900848,0,12901.47,25,2,40,24,205483.2,790,42,162,0,3960105,1108830,160,0,27,554414,10320440,20,475212,0,0,8I1q9ayE15,RO12,taul,1K8T,lK27,im_AExd,9YuuPSz3BI,0Hhf,9_Y1,F_Lu,VpdQ,haYg,me75fM6ugJ,kIsH,uKAI,Mtgm,XfqtO3UdzaXh_,pMWqEYo,TddH,UYBR,FzaX,ClzQFkJ,oslk,PCWjxQb,LM8l689qOp,TNEC,RAYp,F2FyR07IdsN7I
0,5516,35,5420,616,770,144,277.12,0,3590262,0,1.292459,54,174,399,708224,15,24711.03,250,40,272,304,-304888.4,2620,96,17892,40,1580915,290442,3405,0,72,244433,6554440,24,210750,0,0,639r4RK2Mx,LrdZy8QqgUfkVShG,taul,1K8T,TyGl,fhk21Ss,dg9I7Wq75U,3Zip,9_Y1,DtNL,09_Q,itlM,7M47J5GA0pTYIFxg5uy,kIsH,uKAI,Mtgm,XfqtO3UdzaXh_,XTbPUYD,83aV,UYBR,FzaX,4UxGlow,oslk,catzS2D,jySVZNlOJy,FSa2,ZI9m,ib5G6X1eUxUn6
0,252,0,0,124,155,40,278.4,0,3801648,0,6.043153,36,18,0,1267224,0,214812.3,20,8,32,16,144874,500,48,0,0,3168040,792012,0,0,9,554407,9820960,16,1900836,0,0,xOXr4RXktW,RO12,taul,1K8T,TyGl,LG0JHBC,K1pUDOT72h3CSP67,GQXl,9_Y1,ZKJc,VpdQ,zm5i,me75fM6ugJ,kIsH,uKAI,L84s,NhsEn4L,NGZxnJM,a_LO,UYBR,FzaX,ZDjvbB7,oslk,nx1K0JH,LM8l689qOp,7FJQ,RAYp,F2FyR07IdsN7I
0,259,0,0,300,375,48,276.48,0,7768140,0,0.1209143,9,18,0,216280,0,158671.8,40,4,48,8,197556.4,730,102,0,0,1971505,151112,0,0,9,189245,10334560,82,950436,0,0,Foxt0Go8Lb,RO12,taul,1K8T,lK27,bn80yiU,3cO76t0,39Nj,9_Y1,YePk,VpdQ,zm5i,me75fM6ugJ,kIsH,uKAI,L84s,NhsEn4L,mAja5EA,dmnB,cJvF,FzaX,QnxOw16,oslk,Ef3qqb8,LM8l689qOp,Qu4f,RAYp,F2FyR07IdsN7I
0,1022,7,12,184,230,64,475.12,0,4473816,0,0.3180944,9,38,0,2534616,0,184172.1,35,8,56,32,281922,700,60,26748,0,3663405,723546,40,0,27,0,10672920,26,586392,0,0,FoxgUHSK8h,RO12,taul,1K8T,Y2P0,tAqnaaX,YDmzMgS,MMa_,9_Y1,z5Ry,VpdQ,zm5i,me75fM6ugJ,kIsH,uKAI,L84s,NhsEn4L,NGZxnJM,Cuc3,UYBR,FzaX,B0LYjZW,oslk,4YxEVaf,LM8l689qOp,FSa2,RAYp,F2FyR07IdsN7I
0,63,0,0,136,170,24,20.08,0,5309592,0,3.71865,9,14,0,2016040,0,215488.2,30,0,32,24,72813.6,170,66,0,0,3335330,297152,0,0,0,554435,9768800,22,0,0,0,NQ5vyxLkBI,RO12,taul,1K8T,0Xwj,32pCIek,ZIX6Y9cVy5,MT8f,F3hy,_r21,sJzTlal,IYzP,me75fM6ugJ,kIsH,uKAI,L84s,NhsEn4L,7WwwAA_,Lc2E,cJvF,FzaX,FB4YlW4,oslk,0p8OTZB,LM8l689qOp,xb3V,RAYp,F2FyR07IdsN7I
0,882,7,212,136,170,32,553.6,0,5297226,0,3.074343,9,34,0,3456008,0,171049.5,20,4,32,40,424384,575,66,7227,0,3065780,564992,770,0,18,0,10327880,16,1036800,0,0,1GdOj1KXzC,RO12,taul,1K8T,X94c,60saF5r,msIqHk8toE,30Mk,9_Y1,vYXv,VpdQ,IYzP,me75fM6ugJ,kIsH,uKAI,Mtgm,NhsEn4L,mAjbk_S,DCxy,cJvF,FzaX,nJQfR8o,oslk,4lYAgOW,LM8l689qOp,kwS7,RAYp,F2FyR07IdsN7I
0,805,14,1872,136,170,16,244.72,0,7810500,0,5.290536,18,86,0,910688,6,219356.7,35,0,32,16,180830.8,505,96,11214,24,3024000,121138,1700,0,27,0,10740480,14,0,0,7,2jigUH7ejg,AERks4l,LfvqpCtLOY,1K8T,0kpG,PHNvXy8,nQU2P_OLn0,217P,9_Y1,m_h1,VpdQ,43pnToF,NKv3VA1BpP,kIsH,uKAI,L84s,NjlyLMM,cUQfdyn,6dhN,UYBR,6krWwfF,UF16siJ,zCkv,APgdzOv,bCPvVye,WqMG,6fzt,xwM2aC7IdeMC0
0,539,14,1836,164,205,80,133.12,0,32208,0,6.555223,18,178,35,76752,0,9262.71,0,4,24,48,228138,580,6,334512,0,499665,106828,985,0,27,19915,686064,44,19242,0,0,vAsvyx7ejg,g62hiBSaKg,taul,1K8T,7wJ6,fhk21Ss,Tg7jjBB,qHTX,9_Y1,xSqs,VpdQ,y6dw,7M47J5GA0pTYIFxg5uy,kIsH,uKAI,L84s,4kVnq_T26xq1p,11pL0mp,2aaY,cJvF,FzaX,4UxGlow,zCkv,catzS2D,LM8l689qOp,szEZ,ZI9m,ib5G6X1eUxUn6
0,1078,0,60,120,150,0,186.64,0,10771260,0,4.34843,18,54,0,0,0,148549.5,40,0,24,0,126354.4,510,126,8865,0,82770,0,0,0,9,0,9894440,2,0,0,0,7Cwt0Gdc_a,RO12,taul,1K8T,19FS,6CXYbuk,4M9VSvC,Bp6l,9_Y1,cyKH,VpdQ,43pnToF,Kxdu,kIsH,g5HH,L84s,9pUnzWLbztKTo,TDc92TK,bCpn,cJvF,FzaX,ROeipLp,zCkv,K2SqEo9,LM8l689qOp,me1d,6fzt,am14IcfM7tWLrUmRT52KtA
0,1617,7,88,152,190,56,329.76,0,6596520,0,1.646016,9,36,28,1105616,0,86799.91,30,4,32,24,140410.4,620,84,405,0,833555,1209600,205,0,18,0,10801320,12,1036800,0,0,DQlgUH7IEC,RO12,taul,1K8T,kNzO,fLzAmkt,8Rta2LC,j6yv,9_Y1,1Bp0,VpdQ,zm5i,me75fM6ugJ,kIsH,uKAI,L84s,NhsEn4L,kZJyVg2,Tefi,cJvF,FzaX,TE7NqhB,oslk,7_Nj7qz,LM8l689qOp,WqMG,RAYp,F2FyR07IdsN7I
0,140,0,0,44,55,16,268.16,0,0,0,0.2206793,9,18,0,31768,0,25673.1,20,2,8,16,-407328,190,0,0,0,144755,31616,0,0,0,64722,236232,4,55476,0,0,dRavyx7ejg,RO12,taul,1K8T,z32l,P3bnFi6,00J8E9a,jv62,9_Y1,RcM7,VpdQ,IYzP,me75fM6ugJ,kIsH,uKAI,L84s,NhsEn4L,kq0ncmx,A1VJ,UYBR,FzaX,IhOfGrO,oslk,wWB2pc5,LM8l689qOp,szEZ,RAYp,F2FyR07IdsN7I
0,84,0,0,20,25,0,166.56,0,4325406,0,1.914975,9,18,0,6424440,0,379398,0,0,8,16,61957.6,215,12,0,0,2988085,0,0,0,0,0,8486280,2,0,0,0,xOXr4RXktW,RO12,taul,1K8T,0Y9G,2dLzqEA,88EhRq8,r9NH,9_Y1,Zazx,sJzTlal,IYzP,DHn_WUyBhW_whjA88g9bvA64_,kIsH,uKAI,L84s,CrNX,NGZ_12K,oi70,cJvF,FzaX,agOwCWN,d0EEeJi,1OjDLrQ,LM8l689qOp,Xa3G,02N6s8f,F2FyR07IdsN7I
0,665,7,252,176,220,112,133.12,5,262974,0,5.735741,9,52,63,114584,0,63026.7,0,8,32,16,-893520,690,24,954,8,1874595,663670,215,0,0,0,3463852,40,606342,0,0,crIt0Go8Lb,RO12,taul,1K8T,lK27,9GJGgoz,msIFlLyI91,66ZQ,9_Y1,YePk,VpdQ,IYzP,Kxdu,kIsH,uKAI,Mtgm,FMSzZ91zL2,TDcEYQ6,Kinz,cJvF,FzaX,Tvpip6Z,zCkv,hHJsvbM,LM8l689qOp,Qu4f,6fzt,SbOd7O8ky1wGNxp0Arj0Xs
0,1764,7,1556,184,230,88,286.96,0,2544174,0,1.599872,18,138,252,2628344,0,103832.4,25,2,48,56,155530,910,48,6264,0,4178290,1268610,730,0,18,436352,10580720,28,475224,0,0,oUPBcmzkzH,LrdZy8QqgUfkVShG,taul,1K8T,kNzO,fhk21Ss,NFlfMbKIm3,EpX5,9_Y1,yrDU,09_Q,hzlB,7M47J5GA0pTYIFxg5uy,kIsH,uKAI,L84s,a3CcPDe,11p_E1H,0cKB,UYBR,FzaX,4UxGlow,QKW8DRm,catzS2D,LM8l689qOp,Qcbd,ZI9m,ib5G6X1eUxUn6
0,3871,7,1100,856,1070,376,286.96,5,6102420,0,6.098056,9,34,63,1628696,0,30500.1,45,18,80,448,55396.4,2960,114,918,8,2394430,246822,1520,0,9,130494,9421520,148,219858,0,0,75lr4RXktW,RO12,taul,1K8T,LFM_,CNDAHbp,V_KR_LD,1wFV,9_Y1,Zazx,VpdQ,zm5i,me75fM6ugJ,kIsH,uKAI,L84s,NhsEn4L,kZJtVhC,AU0s,cJvF,FzaX,QMamIK9,oslk,nwM52bd,LM8l689qOp,Xa3G,RAYp,F2FyR07IdsN7I
0,728,7,2340,16,20,0,273.6,0,0,0,2.643452,9,138,0,0,3,216923.7,0,0,0,0,13021.84,245,0,11844,8,12096000,0,420,0,36,0,9676800,8,0,0,0,dRaTmBfHUn,2Knk1KF,taul,1K8T,LFM_,6JE1QFM,8nstQ62E0C,YhWQ,9_Y1,Gx0B,VpdQ,hAFG,me75fM6ugJ,kIsH,uKAI,L84s,XfqtO3UdzaXh_,11p4mKe,sVX5,cJvF,FzaX,ie2v1FD,oslk,k19R6zD,LM8l689qOp,Qu4f,RAYp,55YFVY9
0,910,7,352,312,390,272,282.48,0,10188,0,2.739158,9,74,84,124472,0,3793.8,15,12,120,120,-2008084,725,12,553428,0,79605,85570,3915,0,0,68418,378184,36,74430,0,0,75lq9ayfAo,RO12,taul,1K8T,R4_H,VcWp_2L,olGSQeP56t,dhoY,9_Y1,AKLO,VpdQ,IYzP,7M47J5GA0pTYIFxg5uy,kIsH,uKAI,Mtgm,fnfcPDe,teAodkL,_AGn,cJvF,FzaX,dBlJbH2,QKW8DRm,Z2_IPGf,LM8l689qOp,TNEC,vJ_w8kB,WfJ2BB2SFSqauljlfOB
0,1463,28,348,352,440,240,176.8,0,624,0,2.807734,36,76,0,549352,0,13223.37,0,10,56,104,28778.84,1005,6,22203,0,1028100,237228,1325,0,0,186641,1635076,78,94572,0,0,qFpmfo8zhV,RO12,taul,1K8T,AKN1,NxdOO2w,I1sqWRxUAv,3taI,9_Y1,wGwL,09_Q,IYzP,me75fM6ugJ,kIsH,uKAI,L84s,NhsEn4L,mAjbk_S,VA4Q,UYBR,FzaX,nMx6hzI,oslk,Rv57DIf,LM8l689qOp,wX53,RAYp,F2FyR07IdsN7I
0,1918,7,1496,148,185,64,280.24,0,657330,0,2.293741,9,150,70,2764800,0,42361.8,15,6,48,32,121115.2,575,24,4185,0,5880850,1210382,2100,0,36,1209600,10437040,30,1555200,0,0,6m0t0G8rTN,2Knk1KF,taul,1K8T,wOc1,F0DSdMg,_jTP8ioIlJ,xklo,9_Y1,e7QV,VpdQ,hAFG,me75fM6ugJ,kIsH,uKAI,L84s,XfqtO3UdzaXh_,XTbPUYD,p2M1,UYBR,FzaX,1Fq88FJ,oslk,XByOEra,LM8l689qOp,fKCe,RAYp,55YFVY9
0,1225,7,404,176,220,80,196.64,0,1137882,0,4.592608,9,52,0,5340816,0,118597.2,10,0,16,16,148104.8,1060,24,37044,16,2185145,538492,1505,0,9,0,9669360,52,0,0,14,py5rEyXktW,RO12,taul,1K8T,TyGl,iXH8HPr,6uerj6GG35,ECLM,9_Y1,SkZj,VpdQ,IYzP,me75fM6ugJ,kIsH,uKAI,L84s,NhsEn4L,kZJtVhC,6drR,cJvF,FzaX,TIBmS85,oslk,eu1AaaM,LM8l689qOp,Aoh3,RAYp,F2FyR07IdsN7I
0,1568,7,304,40,50,8,258.24,0,0,0,4.242256,9,80,7,123192,0,18878.73,0,0,16,24,32536.56,230,0,61119,0,303920,51112,410,0,9,79352,406956,12,0,0,0,2jiWq69cTy,RO12,taul,1K8T,ssAy,creCyD5,hCdK,YI3u,9_Y1,0A_v,VpdQ,IYzP,me75fM6ugJ,kIsH,uKAI,L84s,NhsEn4L,mAjbk_S,0RxX,cJvF,FzaX,Hlo8hdx,oslk,kYwEsaq,LM8l689qOp,PM2D,RAYp,F2FyR07IdsN7I
0,4193,7,5136,24,30,0,198.88,0,2780010,0,2.424055,18,86,357,7906160,0,48566.1,0,0,8,16,455568,305,12,31635,0,6048000,0,1385,0,36,4233600,10644840,4,0,0,0,a4vvyxLkBI,RO12,taul,1K8T,ssAy,aWx9MxI,MV4DUjA,shzC,9_Y1,vzJD,VpdQ,6JmL,6C53VA1kCv,kIsH,uKAI,L84s,fSKKIQdIPDXgw,y5Fa7NZ,u2cs,UYBR,FzaX,EFki84d,zCkv,T5HWwhx,jySVZNlOJy,xb3V,6fzt,xwM2aC7IdeMC0
0,1029,7,0,164,205,64,166.56,0,801696,0,0.5819269,9,38,0,169296,0,40390.8,20,10,80,40,-246824,600,60,153,0,253360,181902,30,0,0,169470,1447360,18,183630,0,0,_v2rjIKQ76,RO12,taul,1K8T,0Xwj,cnW0CV_,rzf6iUmTL3,qbvZ,HLqf,7WNq,VpdQ,IYzP,me75fM6ugJ,sBgB,uKAI,L84s,NhsEn4L,mAja5EA,ejsS,UYBR,FzaX,nEyNT4W,oslk,QuuQ5_S,LM8l689qOp,WqMG,RAYp,F2FyR07IdsN7I
0,2303,7,704,68,85,56,166.56,0,4578,0,3.818201,9,212,84,48464,0,16394.13,5,4,16,16,-122283.2,770,6,15282,0,43410,28908,115,0,27,0,133660,8,15582,0,0,NQ5vyxLkBI,2Knk1KF,ev6I,1K8T,UpNf,fhk21Ss,76j2P_OLn0,w7R1,9_Y1,lXxA,VpdQ,y6dw,7M47J5GA0pTYIFxg5uy,kIsH,uKAI,L84s,MeOIHRG3F9,8YGJbg8,Ds4L,cJvF,FzaX,4UxGlow,zCkv,catzS2D,LM8l689qOp,xb3V,ZI9m,VjDE
0,252,0,0,176,220,104,220.08,0,709218,0,5.092074,9,18,0,338800,0,39214.8,0,12,24,24,100797.6,575,6,0,0,852995,341204,0,0,9,178878,2253344,42,369492,0,0,xOXrjIQq3d,RO12,taul,1K8T,lK27,F0DwkuM,lGXpFd_2Rf,VNjO,9_Y1,RVjC,sJzTlal,zm5i,me75fM6ugJ,kIsH,uKAI,L84s,NhsEn4L,TDcwKda,p8c0,UYBR,FzaX,FmXv4zN,oslk,WJO2Oqu,LM8l689qOp,FSa2,RAYp,F2FyR07IdsN7I
0,21,0,0,72,90,8,402.8,0,10571700,0,6.662892,9,14,0,0,0,446313,15,0,24,0,377487.2,90,42,0,0,1765015,329662,0,0,0,0,10711480,14,0,0,0,xddq9ayfAo,RO12,taul,1K8T,LZs_,86dToXU,V_KvNzO,v74V,9_Y1,000J,VpdQ,IYzP,me75fM6ugJ,kIsH,uKAI,L84s,NhsEn4L,mAja5EA,Tzba,cJvF,FzaX,QMaRwBA,oslk,0D0gQ7h,LM8l689qOp,7P5s,RAYp,F2FyR07IdsN7I
0,77,0,0,112,140,64,186.64,0,6717480,0,6.582354,18,14,0,0,0,265702.8,40,0,16,0,545288,195,48,0,0,957900,2490040,0,0,0,0,12654520,8,0,0,0,AUUt0GoOh3,RO12,taul,1K8T,7gSz,gdsTfrU,3cO76t0,P9A2,9_Y1,YePk,VpdQ,IYzP,DHn_WUyBhW_whjA88g9bvA64_,kIsH,uKAI,L84s,CrNX,NGZ_12K,eQkP,cJvF,FzaX,n2dKckb,d0EEeJi,xInSISb,LM8l689qOp,Qu4f,02N6s8f,F2FyR07IdsN7I
0,910,7,516,580,725,248,269.92,0,5144736,0,0.5349284,9,44,63,683384,0,145970.7,40,4,48,56,-17805.56,1515,144,168291,0,3267995,460194,920,0,18,0,9893400,146,914736,0,0,LDPq9ayfAo,RO12,taul,1K8T,z32l,lCpbiah,o0q8tiE,pvqR,9_Y1,000J,VpdQ,zm5i,me75fM6ugJ,kIsH,uKAI,L84s,NhsEn4L,TDcECyH,5rG6,cJvF,FzaX,SppOZ4E,oslk,HDq79_c,LM8l689qOp,7P5s,RAYp,F2FyR07IdsN7I
0,616,0,20,4,5,0,253.52,0,510702,0,6.895962,9,36,0,0,9,216990.9,0,0,0,0,0,360,6,531,24,0,0,0,0,18,0,340468,0,0,0,0,vAsgUHXM47,RO12,taul,1K8T,lK27,HPKvRsA,9YucVgBYRN,doRp,9_Y1,LqKm,VpdQ,IYzP,me75fM6ugJ,kIsH,uKAI,L84s,NhsEn4L,mAjbk_S,i7W3,cJvF,FzaX,OgVDSPW,oslk,PGUU_sP,LM8l689qOp,453m,RAYp,F2FyR07IdsN7I
0,861,7,656,148,185,64,233.44,0,0,0,4.45439,27,140,98,1453696,0,111484.8,5,8,40,40,190118.8,560,0,120024,0,3660040,574028,30,0,9,1129226,5626160,38,1215336,0,0,1YVvyx7IEC,2Knk1KF,taul,1K8T,FgS1,zVsQ9wn,hOpRIhsUSP,K44e,9_Y1,RcM7,VpdQ,IYzP,me75fM6ugJ,kIsH,uKAI,L84s,NhsEn4L,beK4AFX,_wfZ,UYBR,FzaX,uMO1UQz,oslk,DjijeOa,LM8l689qOp,szEZ,RAYp,55YFVY9
0,679,7,4360,20,25,16,253.52,0,350436,0,6.830379,9,122,392,0,0,183118.8,0,0,0,0,-233568.8,310,6,115137,0,2623330,2415420,9315,0,27,0,7163120,4,0,0,0,uUdt0G8EIb,2Knk1KF,taul,1K8T,NF63,Fcmnmrh,ThrnFOQ,69VP,9_Y1,k13i,09_Q,haYg,me75fM6ugJ,kIsH,uKAI,Mtgm,XfqtO3UdzaXh_,11p4mKe,mA0l,UYBR,FzaX,OXxK_Of,oslk,nH3o61n,LM8l689qOp,fKCe,RAYp,55YFVY9
0,231,0,0,20,25,32,293.84,0,904140,0,0.8502457,9,20,0,0,0,257630.4,0,0,0,0,-35632.72,375,6,0,8,0,4838400,0,6,9,0,10279560,0,0,0,0,wRXmfo875g,RO12,taul,1K8T,42Cy,4xNxutV,4soGE0N5VZrWb,17tX,9_Y1,gnEy,09_Q,zm5i,me75fM6ugJ,sBgB,uKAI,L84s,NhsEn4L,NGZxnJM,hQJD,UYBR,FzaX,PhzDBnE,oslk,CxDgRjy,LM8l689qOp,3Cy4,RAYp,F2FyR07IdsN7I
0,3885,14,3508,352,440,200,133.12,0,1452,0,0.316599,27,184,203,272888,0,4844.22,5,38,208,216,-28671.72,1290,6,9729,0,81695,64798,1715,0,18,33642,380676,30,71850,0,0,xOXr4RXktW,rEUOq2QD1qfkRr6qpua,taul,1K8T,sj_R,fhk21Ss,NFeIdppttuZ9yxh1,sBVg,9_Y1,jakt,VpdQ,y6dw,7M47J5GA0pTYIFxg5uy,kIsH,uKAI,L84s,WsRVNrF85oPU_,_Jd5M9A,dvdF,cJvF,FzaX,4UxGlow,zCkv,catzS2D,LM8l689qOp,7FJQ,ZI9m,ib5G6X1eUxUn6
0,539,14,2708,120,150,24,186.64,0,4386528,0,1.067934,27,124,84,2764800,0,39686.1,25,0,32,32,-66174.8,200,54,44334,0,3465485,518400,5365,0,18,0,9843960,18,0,0,0,tr0rEyXktW,AERks4l,taul,1K8T,KXDt,81onkcQ,MXlhT5l,6FPX,9_Y1,SkZj,sJzTlal,wMei,DHn_WUyBhW_whjA88g9bvA64_,kIsH,uKAI,L84s,UbxQ8lZ,teAAe2o,5LSe,cJvF,FzaX,rSNC0Tt,Al6ZaUT,5ygOG09,LM8l689qOp,Aoh3,02N6s8f,ib5G6X1eUxUn6
0,833,7,704,124,155,8,220.08,0,1555200,0,0.5308695,9,138,7,4669256,0,229363.2,5,0,32,56,106287.6,480,18,909,0,8208000,39246,140,0,18,0,10361920,38,0,0,0,zC_Wq6e2Rv,2Knk1KF,taul,1K8T,TyGl,wpp8weI,GVWDufEPyV,qUsF,9_Y1,_xpN,VpdQ,sYC_,me75fM6ugJ,kIsH,uKAI,L84s,NhsEn4L,beK4AFX,8EVF,UYBR,FzaX,LwGmfvd,oslk,xYHAV0N,M_8D,FSa2,RAYp,55YFVY9
0,784,21,452,132,165,8,220.08,0,46230,0,0.4580218,27,102,21,6220800,0,222684.9,5,0,40,72,151090.8,490,6,7731,0,9072000,17402,420,0,18,604800,10471440,42,0,0,0,FoxgUHSK8h,ND3t9Yro9U,taul,1K8T,EJC9,XP7szr3,9YuYZx0Xsm,Vt8B,9_Y1,z5Ry,VpdQ,Tkho,GjJ35utlTa_GNSvxxpb9ju,kIsH,uKAI,L84s,DmYOBF5GfjJxb,beKR4Vi,0cNf,UYBR,FzaX,OOCNoy4,Al6ZaUT,eWHeN52,LM8l689qOp,FSa2,02N6s8f,iyHGyLCEkQ
0,952,7,16,152,190,152,200,0,0,0,2.593249,9,64,0,999168,0,25115.25,0,8,56,80,99133.2,410,0,1008,0,181570,126704,15,0,0,286608,1039168,10,211380,0,0,DHeTmBftjz,RO12,taul,1K8T,ujBx,65yJUS7,wLOHP_YhcL,bLJj,9_Y1,4N0K,sJzTlal,IYzP,me75fM6ugJ,kIsH,uKAI,L84s,NhsEn4L,mAjbk_S,R2xD,UYBR,FzaX,qcEvOIl,oslk,INp7j0h,LM8l689qOp,Qu4f,RAYp,F2FyR07IdsN7I
0,847,14,3740,204,255,64,186.64,0,2620710,0,6.923948,27,90,266,2555280,0,40106.4,25,12,80,56,100975.2,525,60,38124,0,6077050,503374,1880,0,18,164969,10757160,30,419826,0,0,NESWq69R_D,RO12,taul,1K8T,ssAy,vHHY4q6,qj03jwcNh2VDUnx_,dHcT,9_Y1,z5Ry,09_Q,sYC_,me75fM6ugJ,kIsH,uKAI,Mtgm,NhsEn4L,kq0aHkC,2aej,UYBR,FzaX,R4hm94s,oslk,oSyMpgG,LM8l689qOp,FSa2,RAYp,F2FyR07IdsN7I
0,651,0,0,164,205,48,20.08,5,3471144,0,0.2982269,9,28,0,2020016,3,144214.5,15,6,64,56,178666.4,490,54,0,32,2215440,369476,0,0,18,75453,6849400,26,124980,0,14,Y3tqrQKzJV,RO12,taul,1K8T,487l,creg0bq,5ER8tiE,ejR0,9_Y1,15m3,09_Q,zm5i,me75fM6ugJ,kIsH,uKAI,L84s,NhsEn4L,mAja5EA,Nz7p,cJvF,FzaX,VgKv48t,oslk,nRgz4Af,LM8l689qOp,FSa2,RAYp,F2FyR07IdsN7I
0,1603,14,5784,168,210,56,260.32,0,4178286,0,5.570818,27,122,371,2534432,0,87270,15,4,40,32,477660,565,60,36963,0,2824630,1088324,4195,0,27,1663221,10073120,32,950412,0,0,HrWrjIXt5a,2Knk1KF,taul,1K8T,ZHNR,EXEOT3E,gG77TqgKer,8exT,9_Y1,xQ2A,09_Q,CoYW,me75fM6ugJ,kIsH,uKAI,L84s,XfqtO3UdzaXh_,XTbPUYD,0WCD,cJvF,FzaX,Xqw1rOn,oslk,s20oIp0,jySVZNlOJy,5Acm,RAYp,55YFVY9
0,427,0,0,32,40,24,166.56,0,0,0,3.156804,9,28,0,223704,0,7305.45,0,4,16,24,-243296,105,0,0,0,0,3146,0,0,9,91413,152336,0,51288,0,0,oUPBcmzkzH,RO12,taul,1K8T,KqYs,GUg88LT,ToUSgkq,7ZK0,9_Y1,WGOH,sJzTlal,43pnToF,me75fM6ugJ,kIsH,uKAI,L84s,NhsEn4L,mAja5EA,lTnN,cJvF,FzaX,AuG6jyF,oslk,64B7j0h,LM8l689qOp,Qcbd,RAYp,F2FyR07IdsN7I
0,756,21,11676,132,165,56,256.8,5,7257600,0,5.442854,45,104,686,8,0,244834.8,35,6,48,8,126191.6,465,84,11367,8,55,1209600,2305,0,27,21,10368080,2,1036818,0,0,75lr4RXktW,RO12,taul,1K8T,487l,lUp7x5J,_UtlxbJ,ligO,9_Y1,Albh,VpdQ,sYC_,me75fM6ugJ,kIsH,uKAI,L84s,NhsEn4L,beK4AFX,bOo5,UYBR,FzaX,qxvYjZW,oslk,ddLRDbC,jySVZNlOJy,Xa3G,RAYp,F2FyR07IdsN7I
0,749,7,152,252,315,112,186.64,0,3147012,0,4.623798,9,30,28,3803952,0,171823.5,20,2,40,48,299639.2,725,96,24336,0,5869100,470482,35,0,0,0,10528720,44,130932,0,0,FAJWq69cTy,RO12,taul,1K8T,ssAy,_t7Mbg2,3mAIgJy7b0,D1Er,9_Y1,Px52,09_Q,IYzP,me75fM6ugJ,kIsH,uKAI,L84s,NhsEn4L,mAjbk_S,WxAt,UYBR,AU8pNoi,uIoKu_a,oslk,j32r3XO,LM8l689qOp,PM2D,RAYp,F2FyR07IdsN7I
0,231,0,0,36,45,16,249.76,0,287352,0,4.952574,9,20,0,0,0,248431.2,15,0,0,0,-155851.6,325,12,0,0,2859565,403664,0,0,9,0,8125440,4,0,0,0,vAsvyx7ejg,RO12,taul,1K8T,Bxva,G2zwXf5,aB4Juyc,tyay,9_Y1,f4dr,VpdQ,zm5i,me75fM6ugJ,kIsH,uKAI,Mtgm,NhsEn4L,7WwuNea,FaHP,UYBR,FzaX,KhWfR8o,oslk,0MpQv5o,LM8l689qOp,szEZ,RAYp,F2FyR07IdsN7I
0,196,7,188,4,5,0,166.56,0,0,0,0.9436018,18,130,0,0,0,5697.96,0,0,0,0,0,20,0,16614,0,260,0,5,0,18,0,208,2,0,0,0,a4v9tYsGvO,2Knk1KF,taul,1K8T,0Xwj,iBKkTQ1,LJsg,r8PL,HLqf,YULl,VpdQ,wMei,me75fM6ugJ,sBgB,uKAI,L84s,h0lfDKh52u4GP,IoI4mKe,oyio,UYBR,FzaX,rLfmFX7,oslk,KiEskzO,LM8l689qOp,FSa2,RAYp,55YFVY9
0,336,0,0,248,310,144,166.56,0,70836,0,6.674856,9,20,0,422544,0,13509.63,15,16,80,72,161344.4,910,36,0,0,619220,290028,0,0,0,483728,1608708,36,406284,0,0,ZSNq9aX0Db,RO12,taul,1K8T,Ulfj,0nY9OFL,P9HTde2,Asx5,9_Y1,Y9Bl,VpdQ,IYzP,me75fM6ugJ,kIsH,uKAI,L84s,NhsEn4L,mAja5EA,BCds,UYBR,FzaX,25cNqhB,oslk,mErwEWL,LM8l689qOp,uWr3,RAYp,F2FyR07IdsN7I
0,742,14,3472,128,160,0,307.92,0,116304,0,4.387951,45,110,35,6220824,0,235380.3,0,0,32,72,199814,530,6,31644,0,9448500,0,3190,0,54,0,10746720,44,0,0,0,51rt0G8rTN,2Knk1KF,taul,1K8T,lK27,fayYfhR,8nstQ62E0C,dKVz,9_Y1,k13i,VpdQ,hAFG,DHn_WUyBhW_whjA88g9bvA64_,kIsH,uKAI,Mtgm,JBfYVit4g8,beKBENh,HB7R,cJvF,FzaX,KbkKEj0,Al6ZaUT,QqVuch3,LM8l689qOp,fKCe,02N6s8f,Zy3gnGM
0,756,7,72,140,175,40,1259.6,0,4279794,0,0.8011109,9,58,0,1267264,0,216149.7,25,4,32,16,-219235.6,510,54,549,0,4622195,670056,340,0,9,554435,10742440,24,950460,0,0,ZSNq9aX0Db,RO12,taul,1K8T,L80O,pt5nqNs,0ZlStaN,_OZU,9_Y1,Y9Bl,VpdQ,Tkho,me75fM6ugJ,kIsH,uKAI,Mtgm,NhsEn4L,kq0n8Bj,Jz3e,UYBR,FzaX,1Fqm0jM,oslk,6NrDSFl,LM8l689qOp,uWr3,RAYp,F2FyR07IdsN7I
0,784,7,2220,160,200,40,286.96,0,1986630,0,2.347148,9,58,266,1900848,0,204014.4,15,6,32,24,175265.6,555,60,4248,0,6239900,792020,1750,0,9,1108828,10574680,32,1425636,0,0,9hRmfo875g,RO12,taul,1K8T,42Cy,X2G4NDc,JQFeOYK,NYVW,9_Y1,6Kw9,VpdQ,IYzP,me75fM6ugJ,kIsH,uKAI,L84s,NhsEn4L,mAja5EA,3GmH,cJvF,FzaX,DiRY_02,oslk,HiG2C8o,jySVZNlOJy,3Cy4,RAYp,F2FyR07IdsN7I
0,945,7,576,148,185,72,166.56,0,5591610,0,0.3588977,18,136,84,1474912,0,163936.8,35,2,56,32,-15712.44,540,66,0,0,1578725,874302,130,0,9,539,9940520,10,421332,0,0,v0Nt0Go8Lb,2Knk1KF,taul,z3mO,0Xwj,604wEl4,C_u8_AlBK7,XJDJ,HLqf,rGJy,09_Q,sYC_,me75fM6ugJ,sBgB,uKAI,Mtgm,NhsEn4L,beK4AFX,Xb33,UYBR,FzaX,9WBvEWW,oslk,UsL2pc5,jySVZNlOJy,Qu4f,RAYp,55YFVY9
0,665,0,0,328,410,80,362.96,5,5123016,0,3.889126,9,18,0,2147728,0,67855.2,55,14,136,120,-51997.6,1395,108,0,8,2097175,219942,0,0,0,1128253,8215680,42,708612,0,0,2AAWq69R_D,RO12,taul,1K8T,lK27,tTnn57c,JQFeOYK,RGeB,9_Y1,Px52,VpdQ,IYzP,me75fM6ugJ,kIsH,uKAI,L84s,NhsEn4L,kZJtVhC,DUGM,cJvF,FzaX,Clz8iqZ,oslk,OVVAgOW,LM8l689qOp,PM2D,RAYp,F2FyR07IdsN7I
0,5166,7,520,1776,2220,624,397.52,15,5245926,0,4.004486,9,58,126,2341208,0,34654.2,255,78,504,432,97889.6,6300,672,64584,24,3842345,705980,3425,0,0,549220,10538000,220,638184,0,0,DHegUHXZeb,RO12,taul,1K8T,0Xwj,HPKvRsA,UFIdC8I,qyCs,F3hy,LqKm,VpdQ,IYzP,me75fM6ugJ,kIsH,uKAI,L84s,NhsEn4L,NGZxnJM,4_kv,UYBR,FzaX,OgVDSPW,oslk,PGUU_sP,M_8D,453m,RAYp,F2FyR07IdsN7I
0,3570,7,588,676,845,352,200,0,8172300,0,2.643239,45,82,161,1320544,0,48939.6,40,4,128,360,152818,1220,126,891,0,963970,421752,375,0,9,50533,10182640,98,1596,0,0,AKDr4RXktW,RO12,taul,1K8T,ZNsX,694hli9,nD7KNUCbD1,ajbU,9_Y1,ZKJc,VpdQ,IYzP,me75fM6ugJ,kIsH,uKAI,Mtgm,NhsEn4L,mAjbk_S,rI7S,cJvF,FzaX,hP0mIK9,oslk,ioNCHhK,jySVZNlOJy,7FJQ,RAYp,F2FyR07IdsN7I
0,294,0,0,2544,3180,16,220.08,0,3992862,0,4.483444,9,16,0,1613184,0,8717.551,20,4,16,32,-11520.4,8605,72,0,0,1038765,304490,0,0,0,0,6392200,1224,272580,0,0,vAsgUHXM47,RO12,taul,1K8T,lK27,au1K0yW,CRwkRNVRGo,ZZSJ,9_Y1,fTh6,VpdQ,IYzP,me75fM6ugJ,kIsH,uKAI,Mtgm,NhsEn4L,kZJtVhC,LI0l,UYBR,FzaX,iEX0Q3K,oslk,LPD2Oqu,LM8l689qOp,453m,RAYp,F2FyR07IdsN7I
0,651,7,292,148,185,16,220.72,0,3388386,0,5.049776,9,30,0,4147200,0,178233.3,15,0,32,48,151503.2,560,48,2556,0,6441150,151580,240,0,9,1209600,10508680,36,0,0,0,m9SvyxLkBI,RO12,taul,1K8T,UpNf,crMnQZj,EXpWEXgaYWQf4,ycmW,9_Y1,vzJD,VpdQ,IYzP,me75fM6ugJ,kIsH,uKAI,L84s,NhsEn4L,mAjbk_S,u2eA,cJvF,FzaX,4PcK5YS,oslk,bTP9hga,LM8l689qOp,xb3V,RAYp,F2FyR07IdsN7I
0,819,7,4772,116,145,120,387.2,15,1254174,0,2.885494,9,112,336,0,12,204153.6,10,8,24,0,-818748,505,18,27036,56,145380,2526140,9945,0,27,1209600,8069600,10,2060556,0,0,gOyvyx7ejg,2Knk1KF,taul,1K8T,hM6W,foCw8DQ,koda1Jh,Qfd0,9_Y1,RcM7,VpdQ,6JmL,me75fM6ugJ,kIsH,uKAI,Mtgm,XfqtO3UdzaXh_,11p4mKe,wQT0,UYBR,FzaX,PrifGrO,oslk,QXeQZmh,LM8l689qOp,szEZ,RAYp,55YFVY9
0,1400,7,7460,312,390,88,344.56,5,7487760,0,4.968596,9,196,763,809920,0,75627.3,30,4,56,48,22759.28,1265,126,59787,8,1508565,572292,940,0,27,250565,9464600,64,156432,0,0,MlYvyx875g,AERks4l,taul,1K8T,JLbT,fhk21Ss,MypvvoIQqc,VCaF,9_Y1,3NyY,sJzTlal,y6dw,7M47J5GA0pTYIFxg5uy,kIsH,uKAI,L84s,TW8UhnX,_Jd5pUp,KNA3,cJvF,FzaX,4UxGlow,QKW8DRm,catzS2D,LM8l689qOp,WqMG,ZI9m,ib5G6X1eUxUn6
0,504,14,2920,176,220,40,166.56,0,2688,0,4.113651,18,76,14,251776,0,5404.89,0,8,24,96,17518.28,370,6,39078,0,157800,31066,2295,0,9,51387,322288,44,9354,0,0,gOyvyx7ejg,w9ygS99Qp_,taul,1K8T,7wJ6,MmXGgEs,KhDb8PW,GjtT,9_Y1,RcM7,VpdQ,wMei,DHn_WUyBhW_whjA88g9bvA64_,kIsH,uKAI,L84s,CrNX,7N7iRy5,LwSn,cJvF,FzaX,bDIGR92,d0EEeJi,vXNfgYj,LM8l689qOp,szEZ,nIGXDli,R4y5gQQWY8OodqDV
0,1323,0,0,704,880,136,511.84,0,4534356,0,6.248024,9,14,0,2787224,0,22622.07,95,22,40,256,143259.2,1950,312,0,0,3178995,330616,0,0,0,575862,9042440,90,45276,0,0,pXct0Gdncc,RO12,taul,1K8T,NbV4,x8bPoJV,r83_sZi,yvRZ,9_Y1,cyKH,VpdQ,IYzP,me75fM6ugJ,kIsH,g5HH,L84s,NhsEn4L,jawontl,kLmv,cJvF,FzaX,Ik20nTz,oslk,DNvRusu,LM8l689qOp,me1d,RAYp,F2FyR07IdsN7I
0,1043,7,468,216,270,48,133.12,0,97656,0,5.601795,9,46,2100,521488,0,14511.51,5,22,104,64,124686.4,985,36,36018,0,1600915,117818,340,0,0,254604,2099680,44,371562,0,0,Foxt0Go8Lb,RO12,taul,1K8T,JLbT,6CXYbuk,hCdK,dK_l,9_Y1,rGJy,VpdQ,IYzP,Kxdu,kIsH,uKAI,L84s,9pUnzWLbztKTo,TDc92TK,c4pP,UYBR,FzaX,ROeipLp,zCkv,K2SqEo9,LM8l689qOp,Qu4f,6fzt,am14IcfM7tWLrUmRT52KtA
0,882,7,48,360,450,240,196.64,0,6190020,0,1.863277,9,66,0,1635472,0,50535.6,40,18,144,112,110905.6,1225,84,378,0,3812020,240728,270,0,0,242382,10465120,30,349158,0,0,1KSr4RK2Mx,RO12,taul,1K8T,487l,dBHKZdo,ilrY4YM,gpsI,9_Y1,DtNL,09_Q,sYC_,me75fM6ugJ,kIsH,uKAI,L84s,NhsEn4L,y5FCfxT,O5Ed,UYBR,FzaX,f560FxM,oslk,lTw2_Lp,LM8l689qOp,FSa2,RAYp,F2FyR07IdsN7I
0,693,7,136,148,185,88,186.64,0,2399634,0,0.8933988,9,44,119,3286480,0,185207.1,10,6,40,40,147452.4,600,36,24687,0,3845420,1468522,100,0,18,0,10679040,20,1097184,0,0,vAsvyx7ejg,RO12,ev6I,1K8T,7wJ6,FJDupBg,C_u8_AlBK7,et0n,9_Y1,qaiO,sJzTlal,giwq,7M47J5GA0pTYIFxg5uy,kIsH,uKAI,L84s,E1aAZ0x7vd,beKMbmK,FbT7,UYBR,FzaX,OYHoGfM,QKW8DRm,RlTh9x_,LM8l689qOp,szEZ,vJ_w8kB,WfJYmPMksSqa1pajvfG
0,1281,7,352,180,225,216,186.64,0,22224,0,2.34373,9,96,84,52312,0,10859.85,0,16,48,56,-15591.84,745,6,73044,0,35490,256424,2565,0,36,158914,838072,4,383790,0,0,oBXrjIQq3d,RO12,taul,1K8T,PGNs,TSdJUS7,k10MzgT,o5H_,9_Y1,RVjC,VpdQ,sYC_,me75fM6ugJ,kIsH,uKAI,L84s,NhsEn4L,beK4AFX,TQqY,UYBR,FzaX,81_vOIl,oslk,XEj7j0h,LM8l689qOp,FSa2,RAYp,F2FyR07IdsN7I
0,84,0,0,76,95,48,343.84,0,2503842,0,0.3405255,9,16,0,1189144,9,219369.3,0,0,0,8,487092,285,30,0,32,1906250,2874060,0,6,9,0,9536920,14,0,0,0,LDPvyx7IEC,RO12,taul,1K8T,hM6W,ZBOJeCE,zA2IZno2NK,Bwjm,9_Y1,xSqs,VpdQ,43pnToF,me75fM6ugJ,sBgB,uKAI,Mtgm,NhsEn4L,mAja5EA,s55p,UYBR,FzaX,SppPaRp,oslk,kklH6zW,LM8l689qOp,szEZ,RAYp,F2FyR07IdsN7I
0,987,0,184,20,25,0,220.08,5,0,0,1.508866,18,100,0,0,0,27072.24,0,0,0,0,411460,410,0,51849,8,14207100,0,0,0,45,0,11365680,10,0,0,0,vAsgUHXM47,RO12,taul,1K8T,6syR,iJzviRg,LH0q1b1SLY,v3uS,9_Y1,STGZ,09_Q,wMei,7M47J5GA0pTYIFxg5uy,kIsH,uKAI,L84s,4kVnq_T26xq1p,cUQGHf4,F0r1,cJvF,AU8_WTd,ch2oGfM,zCkv,P6pu4Vl,jySVZNlOJy,453m,ZI9m,R4y5gQQWY8OodqDV
0,1890,0,0,332,415,144,166.56,25,18852,0,5.579791,9,28,0,662184,0,16451.67,0,12,88,104,-111953.2,1980,6,0,40,999770,206812,0,0,0,220892,1595452,90,57528,0,0,FoxgUHSK8h,RO12,taul,1K8T,JLbT,xRePyOH,5q1hF23,5xto,9_Y1,mTeA,09_Q,IYzP,me75fM6ugJ,kIsH,uKAI,L84s,NhsEn4L,7Ww_Xqy,2Rt3,UYBR,FzaX,jE90Azj,oslk,QhgRt72,LM8l689qOp,FSa2,RAYp,F2FyR07IdsN7I
0,728,7,88,32,40,8,230.56,0,5712150,0,0.9094211,9,38,21,4838400,0,89142.3,0,2,16,8,45655.2,325,24,621,0,1568610,240,145,0,18,4233600,9661760,2,3268626,0,0,NESWq69R_D,LrdVolaSGUfkVeWC,taul,1K8T,kNzO,RPKu5tB,9HOPNsJ,3Myp,9_Y1,z5Ry,09_Q,CoYW,me75fM6ugJ,kIsH,uKAI,Mtgm,XfqtO3UdzaXh_,OFq55nd,KcBv,UYBR,FqMWi1g,WdP1WU5,oslk,05j67Xw,bCPvVye,FSa2,RAYp,R4y5gQQWY8OodqDV
0,4669,7,20,1440,1800,640,200,0,69126,0,4.691519,9,34,7,653984,0,5387.67,20,58,264,504,-91775.6,3475,102,1305,0,739305,215904,130,0,9,99757,1609524,334,275394,0,0,Tfit0G8EIb,RO12,taul,1K8T,PbOJ,GQpnfva,BBhiudN5VdgIL,pFXZ,9_Y1,e7QV,VpdQ,43pnToF,me75fM6ugJ,kIsH,uKAI,L84s,NhsEn4L,kZJtVhC,Kvol,cJvF,FzaX,hP08jNM,oslk,AgvqCcD,LM8l689qOp,fKCe,RAYp,F2FyR07IdsN7I
0,1225,14,604,160,200,88,133.12,0,0,0,6.807093,54,104,14,546520,0,17940.54,0,18,64,80,-186956.4,510,0,41364,0,201960,70236,385,0,9,272153,686780,20,167220,0,0,dRaTmBfHUn,RO12,taul,1K8T,lK27,iJzviRg,IG_G867,9eex,9_Y1,4N0K,VpdQ,hAFG,7M47J5GA0pTYIFxg5uy,kIsH,uKAI,L84s,4kVnq_T26xq1p,cUQ950l,pSpe,cJvF,FzaX,ch2oGfM,zCkv,P6pu4Vl,LM8l689qOp,Qu4f,ZI9m,R4y5gQQWY8OodqDV
0,413,7,60,52,65,0,67.6,0,0,0,0.2708823,27,62,21,20216,9,1592.952,0,0,0,40,-8823.28,105,0,18666,24,9010,0,25,0,9,0,17316,16,0,0,0,dRaTmBfHUn,RO12,taul,1K8T,LFM_,YLTY4q6,Gai9lEF2Fr,zOgj,9_Y1,Gx0B,VpdQ,hAFG,me75fM6ugJ,kIsH,uKAI,L84s,XfqtO3UdzaXh_,XTb10lF,8c7W,cJvF,FzaX,wZZm94s,oslk,l9eMpgG,LM8l689qOp,Qu4f,RAYp,F2FyR07IdsN7I
0,1946,21,4604,132,165,8,166.56,0,168,0,6.938475,36,212,371,2671976,0,20744.31,0,4,32,64,521940,765,6,74655,0,5024450,8568,3290,0,36,848862,5428920,42,84210,0,0,oBXTmBtFkL,AERks4l,ev6I,1K8T,TyGl,fhk21Ss,sLarhXg,PwdO,9_Y1,C6Eu,VpdQ,y6dw,7M47J5GA0pTYIFxg5uy,kIsH,uKAI,L84s,dGiN9qj1jEYX9,y5Fa8M5,laMb,UYBR,qxDb,4UxGlow,Al6ZaUT,catzS2D,LM8l689qOp,rgKb,ZI9m,NoEd
0,777,7,3588,152,190,96,186.64,0,4546860,0,5.457594,9,140,343,0,0,203946,15,8,32,0,318018.4,470,60,15021,0,690130,2073600,1975,0,9,0,10213320,18,2042388,0,0,zcRZptzip9,2Knk1KF,taul,1K8T,487l,gNIgCYR,q2tfFQq,Xkcd,9_Y1,t_4G,VpdQ,haYg,me75fM6ugJ,kIsH,uKAI,L84s,XfqtO3UdzaXh_,XTbPUYD,a2Z_,UYBR,OFWH,aD1vOIl,oslk,NnYzgmc,M_8D,Qu4f,RAYp,55YFVY9
0,2387,7,420,224,280,96,266.88,0,100410,0,1.870541,9,80,182,1185192,0,17761.41,5,10,64,72,561688,1860,6,414,0,2681865,600846,345,0,0,667702,4464120,56,664776,0,0,JMGq9aXt5a,RO12,taul,1K8T,TyGl,r6cvJst,UFIvF0G,o_4o,9_Y1,Y9Bl,09_Q,IYzP,me75fM6ugJ,kIsH,uKAI,L84s,NhsEn4L,mAjbk_S,Jz3e,UYBR,FzaX,hmNvdH_,oslk,SvLqjwa,jySVZNlOJy,uWr3,RAYp,F2FyR07IdsN7I
0,826,28,4168,124,155,8,200,0,180036,0,6.603076,45,164,539,6220800,0,212445.6,0,0,32,72,62851.2,470,6,36990,0,8501850,172800,6370,0,9,0,10377520,40,0,0,0,ZSNq9aX0Db,AERks4l,taul,1K8T,0Xwj,fhk21Ss,8nstQ62E0C,TAfE,F3hy,Y9Bl,VpdQ,6JmL,7M47J5GA0pTYIFxg5uy,kIsH,uKAI,L84s,QsQAxv5,11pVHc_,SYOk,UYBR,FzaX,4UxGlow,QKW8DRm,catzS2D,M_8D,uWr3,ZI9m,ib5G6X1eUxUn6
0,1792,21,1216,344,430,200,133.12,0,19614,0,4.894253,36,110,7,98816,0,4368.63,10,30,96,24,-35021.16,1605,6,171,0,240985,105052,470,0,45,75887,573524,80,137214,0,0,JMGrjIXt5a,2Knk1KF,taul,1K8T,dTod,wrRyYfr,LH0kFz12FM,_PFP,9_Y1,nr0d,09_Q,hAFG,me75fM6ugJ,kIsH,uKAI,L84s,XfqtO3UdzaXh_,XTbPUYD,YgC4,cJvF,FzaX,dNsOjel,oslk,IIoOTZB,LM8l689qOp,5Acm,RAYp,55YFVY9
0,854,21,912,160,200,16,166.56,0,8334120,0,4.162999,27,148,980,153760,0,189813.9,45,2,48,32,85354.4,820,102,33597,0,1865225,36332,465,0,9,0,10500960,14,518400,0,0,8I1TmBtueT,2Knk1KF,taul,1K8T,Uk76,au1CPws,mRKXK9vZgLeOE,et5n,9_Y1,c2JP,09_Q,6JmL,me75fM6ugJ,kIsH,uKAI,L84s,XfqtO3UdzaXh_,XTbPUYD,pv4R,UYBR,FzaX,_PxY_02,oslk,r7xOEra,M_8D,rgKb,RAYp,55YFVY9
0,1064,7,672,128,160,0,286.96,0,11308260,0,1.032472,18,60,126,0,0,76723.8,45,0,32,0,91938.4,615,132,3024,0,100685,0,75,0,9,0,10729800,2,0,0,0,5_lq9aXt5a,RO12,taul,1K8T,TLkP,Z4ho8ot,nQUxgtZEqo,YeMy,9_Y1,6TCl,VpdQ,sYC_,me75fM6ugJ,kIsH,uKAI,L84s,NhsEn4L,kq0n8Bj,PNhu,cJvF,FzaX,pqU6hzI,oslk,XKaTy9x,M_8D,uWr3,RAYp,F2FyR07IdsN7I
0,1659,7,3164,516,645,224,220.08,0,5190150,0,2.944029,27,84,343,3270384,0,126092.4,35,26,200,224,178491.2,1395,84,8829,0,4533865,252106,2215,0,9,347900,10662760,78,498498,0,0,1GdOj1KXzC,RO12,taul,1K8T,ZNsX,2gN8HPr,okUWEXgaYWQf4,_LKa,9_Y1,ID5l,VpdQ,sYC_,me75fM6ugJ,kIsH,uKAI,L84s,NhsEn4L,kq0aHkC,AfzC,UYBR,FzaX,sx5ARL_,oslk,hFzRusu,LM8l689qOp,kwS7,RAYp,F2FyR07IdsN7I
0,630,0,556,132,165,56,226.8,0,17898,0,2.859432,9,112,0,55256,0,16269.48,0,0,8,16,18153.84,350,12,90,0,234775,21346,0,0,18,0,270072,44,0,0,0,51rt0G8rTN,2Knk1KF,taul,1K8T,JLbT,xniu5tB,S85OeCBjSz,gSkj,9_Y1,k13i,09_Q,y6dw,me75fM6ugJ,kIsH,uKAI,L84s,XfqtO3UdzaXh_,XTbPUYD,RrDT,UYBR,FzaX,ie2oOXS,oslk,xwyAw04,LM8l689qOp,fKCe,RAYp,55YFVY9
0,938,7,292,124,155,0,220.08,0,2073600,0,6.265542,9,40,14,4838400,0,184118.4,10,0,32,56,183496.8,505,24,891,0,7698700,0,155,0,9,0,10588720,36,0,0,0,HrWq9aXt5a,RO12,taul,1K8T,L80O,VmNBboK,pNAbKh0,D9CZ,9_Y1,Y9Bl,sJzTlal,zm5i,me75fM6ugJ,kIsH,uKAI,L84s,NhsEn4L,kZJtVhC,Bduf,cJvF,FzaX,wdFmfvd,oslk,yTblw9w,LM8l689qOp,uWr3,RAYp,F2FyR07IdsN7I
0,8918,14,3224,780,975,464,200,0,2480958,0,3.820551,36,226,273,3834768,0,22091.28,90,38,232,96,360160,9380,330,64458,0,5772450,629244,2050,0,45,328083,10553560,66,573642,0,0,dRavyx7ejg,vuPfq6YcbX,CiJDdr4TQ0rGERIS,1K8T,TyGl,fhk21Ss,ARvzJXx,Ef1y,9_Y1,RcM7,VpdQ,y6dw,7M47J5GA0pTYIFxg5uy,kIsH,uKAI,L84s,MeOIHRG3F9,uZLmhg7,A1VJ,UYBR,FzaX,4UxGlow,zCkv,catzS2D,jySVZNlOJy,szEZ,ZI9m,NoEd
0,4389,7,1632,284,355,104,303.92,0,3328620,0,4.413801,9,44,7,1927688,0,41645.1,55,14,64,32,329831.2,1450,138,18567,0,4298405,686324,375,0,18,570878,9831000,26,1463268,0,0,1qmr4RQxul,RO12,taul,1K8T,JLbT,tGK9gpP,Vxueejji0f,RTc9,9_Y1,z5Ry,VpdQ,zm5i,me75fM6ugJ,kIsH,uKAI,Mtgm,NhsEn4L,mAja5EA,BXUS,UYBR,FzaX,UF1NvFm,oslk,8Eja5gA,LM8l689qOp,FSa2,RAYp,F2FyR07IdsN7I
0,700,7,596,68,85,72,233.44,0,0,0,1.186712,9,94,0,59864,0,10830.87,0,0,32,32,-1437232,285,0,5265,0,51395,26480,40,0,9,0,124008,8,0,0,0,a4vrEy7Rm6,AERks4l,taul,1K8T,YFAj,3FCrXBz,q2tfFQq,QAH3,9_Y1,H9GL,VpdQ,hAFG,7M47J5GA0pTYIFxg5uy,kIsH,uKAI,Mtgm,leSl,pMW9syH,ZeCN,cJvF,FzaX,oatipLp,QKW8DRm,RsCQLlz,LM8l689qOp,Aoh3,vJ_w8kB,xwM2aC7IdeMC0
0,847,14,1316,112,140,48,243.44,0,4356852,0,3.404187,27,84,406,1120192,0,160070.4,15,4,32,24,309639.2,615,54,1620,0,1609035,1036800,850,0,18,0,8553480,10,1036800,0,0,2jirEyXktW,AERks4l,taul,1K8T,YFAj,PHNvXy8,_jTP8ioIlJ,GoK8,9_Y1,VwCR,VpdQ,6JmL,NKv3VA1BpP,kIsH,uKAI,L84s,Ie_5MZs,teAY_NX,gPUk,cJvF,FzaX,UF16siJ,zCkv,APgdzOv,M_8D,Aoh3,6fzt,xwM2aC7IdeMC0
0,1778,14,880,244,305,152,166.56,0,154680,0,5.715873,27,76,21,105872,0,5989.14,5,4,16,64,-45149.2,995,54,1917,0,187770,62978,115,0,9,37016,455088,44,17892,0,0,vAsgUHXM47,RO12,taul,1K8T,rXTS,Ml6kiFp,V_KR_LD,5EA0,9_Y1,8BBI,VpdQ,IYzP,me75fM6ugJ,kIsH,uKAI,L84s,NhsEn4L,mAjcfkM,K7cu,UYBR,FzaX,k5O88FJ,oslk,QkgQQMs,LM8l689qOp,453m,RAYp,F2FyR07IdsN7I
0,847,0,0,124,155,80,166.56,0,170160,0,1.938048,9,126,0,473832,0,17130.3,10,12,72,48,-34204.84,465,36,16344,0,19560,114706,0,0,9,290444,930220,2,470352,0,0,oBXrjIQq3d,2Knk1KF,taul,1K8T,TyGl,1nw8HPr,VxueejWCG_,o5H_,9_Y1,RVjC,09_Q,sYC_,me75fM6ugJ,kIsH,uKAI,L84s,NhsEn4L,beK4AFX,TQqY,UYBR,FzaX,lbrmS85,oslk,_szAaaM,LM8l689qOp,FSa2,RAYp,55YFVY9
0,749,14,444,180,225,40,410.32,10,5853306,0,1.461867,18,48,63,1733016,15,206948.4,25,4,56,88,100043.6,400,84,36909,56,2807210,430878,4600,0,0,523257,10200200,16,963300,0,0,GcUBcmz45j,RO12,taul,1K8T,TyGl,GUg88LT,6uerj6GG35,deNA,9_Y1,WGOH,VpdQ,IYzP,me75fM6ugJ,kIsH,uKAI,L84s,NhsEn4L,kZJtVhC,R2cR,UYBR,FzaX,AuG6jyF,oslk,64B7j0h,LM8l689qOp,Qcbd,RAYp,F2FyR07IdsN7I
0,2093,14,13688,204,255,152,200,0,103278,0,3.391369,45,152,231,3252696,0,24059.01,0,2,32,64,69384.8,845,42,37512,0,802280,745318,1950,0,9,1567594,3958532,32,196308,0,0,bZk9tYsGvO,2Knk1KF,taul,1K8T,TyGl,Po5g339,wHfQYg4FYPyudCQ6,ZNIX,9_Y1,YULl,VpdQ,sYC_,me75fM6ugJ,kIsH,uKAI,L84s,NhsEn4L,beK4AFX,qQof,UYBR,FzaX,_oSvdH_,oslk,v5hz20V,jySVZNlOJy,FSa2,RAYp,55YFVY9
0,1715,14,2360,204,255,104,133.12,0,73854,0,4.429182,27,140,518,1870352,0,53967.3,10,10,64,56,337994.4,815,18,57672,0,3816905,532460,9905,0,27,878563,5603480,42,724194,0,0,gOyvyx7ejg,2Knk1KF,taul,1K8T,lK27,zVsQ9wn,o5WT5gy7iu,uuxC,9_Y1,RcM7,VpdQ,wMei,me75fM6ugJ,kIsH,uKAI,L84s,h0lfDKh52u4GP,IoI4mKe,sl58,UYBR,AU8_WTd,uMO1UQz,oslk,DjijeOa,jySVZNlOJy,szEZ,RAYp,55YFVY9
0,1939,0,28,132,165,8,220.08,0,8022180,0,0.1508225,9,144,0,0,0,101345.7,45,2,40,0,114337.6,645,96,1035,0,2164655,28714,0,0,9,0,10406680,12,351144,0,0,1KSr4RK2Mx,2Knk1KF,taul,1K8T,PGNs,0v27GMk,3cO76t0,2u2p,9_Y1,DtNL,VpdQ,sYC_,me75fM6ugJ,kIsH,uKAI,L84s,NhsEn4L,beK4AFX,iNnS,UYBR,FzaX,YBh0nTz,oslk,J_tzF_Q,M_8D,FSa2,RAYp,55YFVY9
0,553,7,120,80,100,56,166.56,0,35124,0,1.757317,9,58,0,29904,0,19035.63,5,14,64,8,-1575452,230,12,145080,0,152025,31532,505,0,0,33054,298268,4,102060,0,0,DHerjIKQ76,RO12,taul,1K8T,JLbT,Mqscy5d,FoJylxy,ekaZ,9_Y1,7WNq,VpdQ,IYzP,me75fM6ugJ,kIsH,uKAI,Mtgm,NhsEn4L,mAjbk_S,75lY,cJvF,FzaX,OjIYE38,oslk,xmA7A2G,LM8l689qOp,WqMG,RAYp,F2FyR07IdsN7I
0,1505,7,2148,156,195,80,253.52,5,2448,9,4.995941,18,130,224,1170240,3,13214.58,5,6,48,48,-93952.8,510,6,24273,24,2882780,322632,470,0,18,188272,3712616,36,246174,0,0,9hRmfo875g,2Knk1KF,LfvqpCtLOY,1K8T,W5sH,QMLgCVv,hOpRIhsUSP,kmOL,9_Y1,Bw19,VpdQ,y6dw,me75fM6ugJ,kIsH,uKAI,L84s,XfqtO3UdzaXh_,XTbPUYD,Rl0k,UYBR,FzaX,6XEoI0_,oslk,bSgltRa,jySVZNlOJy,wX53,RAYp,55YFVY9
0,980,7,732,200,250,128,186.64,0,2498706,0,2.035035,9,62,49,786120,0,113594.7,10,8,32,24,-56181.2,805,36,441,0,1718820,1839580,21345,0,27,0,8822120,38,1555500,0,0,DQlrEyXXnK,RO12,taul,1K8T,487l,iJzviRg,bGUqwlz,Va0a,9_Y1,SkZj,VpdQ,giwq,7M47J5GA0pTYIFxg5uy,kIsH,uKAI,L84s,4kVnq_T26xq1p,pMWS8dy,VLNp,cJvF,FzaX,ch2oGfM,zCkv,P6pu4Vl,LM8l689qOp,Aoh3,ZI9m,R4y5gQQWY8OodqDV
0,833,0,4,8,10,0,200,0,0,0,5.156163,9,52,0,0,0,3063.3,0,0,0,0,-49170,295,0,2295,0,25800,0,0,0,0,0,20640,4,0,0,0,ZSNrjIX0Db,RO12,taul,1K8T,487l,GRl7qwL,767sa0XN9l,kioH,9_Y1,xQ2A,09_Q,IYzP,me75fM6ugJ,kIsH,uKAI,L84s,NhsEn4L,mAjbk_S,t725,cJvF,FzaX,xDj6pd1,oslk,VQZzrB7,jySVZNlOJy,5Acm,RAYp,F2FyR07IdsN7I
0,1232,21,10752,132,165,48,220.08,0,2376216,0,1.537278,45,138,315,4573880,0,167807.7,5,2,32,56,160225.6,575,30,37989,0,5436200,821090,9955,0,9,554456,10495880,26,475242,0,0,1YVvyx7IEC,2Knk1KF,taul,1K8T,FgS1,ml5cNhj,UFIdC8I,K44e,9_Y1,RcM7,VpdQ,sYC_,me75fM6ugJ,kIsH,uKAI,Mtgm,NhsEn4L,beK4AFX,_wfZ,UYBR,FzaX,XbZfrxM,oslk,QfJz_Kt,M_8D,szEZ,RAYp,55YFVY9
0,693,7,2988,128,160,48,133.12,5,5451960,0,4.657979,9,74,49,2073608,0,251685.9,20,4,32,24,213585.2,455,66,23355,8,2019190,1036800,7425,0,0,0,10434000,12,1036800,0,0,dRavyx7ejg,RO12,taul,1K8T,JLbT,5JbheVi,8o3WlGR,v2Pj,9_Y1,YGOC,sJzTlal,IYzP,me75fM6ugJ,kIsH,uKAI,L84s,NhsEn4L,TDceha3,zCt4,cJvF,FzaX,G4uK5YS,oslk,CBgdxoa,M_8D,szEZ,RAYp,F2FyR07IdsN7I
0,6503,7,3256,1612,2015,712,288.8,0,5468814,0,3.314249,36,130,315,2215776,0,16152,85,62,352,400,-9967.28,3570,342,12501,0,3384775,497636,7825,0,18,170919,9969200,318,710238,0,0,dTGmfo8zhV,2Knk1KF,taul,1K8T,lK27,85iypzx,8nstQ62E0C,8FB6,9_Y1,gnEy,VpdQ,itlM,me75fM6ugJ,kIsH,7A3j,L84s,XfqtO3UdzaXh_,XTbPUYD,FM6S,UYBR,AU8pNoi,3s4OZ4E,oslk,QpZO8fW,LM8l689qOp,3Cy4,RAYp,55YFVY9
0,777,7,816,124,155,56,255.76,0,6375900,0,2.635121,9,38,7,1094064,0,218061.9,15,4,24,24,33605.28,515,48,2412,0,2799855,1108894,640,0,18,554435,10619920,16,621234,0,0,1GdOj1KXzC,AERks4l,taul,1K8T,ssAy,3FCrXBz,glRBFJT8NN,GjHG,9_Y1,vYXv,VpdQ,zm5i,7M47J5GA0pTYIFxg5uy,kIsH,uKAI,L84s,leSl,NGZiGpF,S5ES,cJvF,FzaX,oatipLp,QKW8DRm,RsCQLlz,LM8l689qOp,kwS7,vJ_w8kB,xwM2aC7IdeMC0
0,224,7,0,132,165,136,166.56,0,6036,0,0.2960906,9,38,0,0,0,21339.66,0,4,16,0,-7801.84,645,18,1449,0,980040,331696,160,0,0,0,1517064,22,98424,0,0,m9SvyxLkBI,RO12,taul,1K8T,Xa_z,crMnQZj,Yi4Pkbj,UC7i,9_Y1,lXxA,sJzTlal,sYC_,me75fM6ugJ,kIsH,uKAI,L84s,NhsEn4L,7Ww_Xqy,5Drq,cJvF,FzaX,4PcK5YS,oslk,bTP9hga,LM8l689qOp,xb3V,RAYp,F2FyR07IdsN7I
0,714,14,2384,32,40,0,255.92,0,10887960,0,1.594317,18,52,329,0,0,249348.9,0,0,0,0,87431.6,290,24,44802,0,3216575,0,16050,0,9,0,9831880,8,0,0,0,Foxt0Go8Lb,RO12,taul,1K8T,TyGl,Mi6wWAP,MV4DUjA,XrCF,9_Y1,C7DI,VpdQ,IYzP,DHn_WUyBhW_whjA88g9bvA64_,kIsH,uKAI,L84s,CrNX,mAjbq_f,in1f,cJvF,FzaX,Jt8v656,d0EEeJi,u62URYX,LM8l689qOp,Qu4f,nIGXDli,F2FyR07IdsN7I
0,1869,7,3076,236,295,80,514.48,0,3663534,0,6.669302,18,82,413,2895936,0,96153.59,20,10,64,40,165459.6,1525,90,24723,0,5625850,207970,7020,0,18,658742,10268560,40,573846,0,0,8Iqt0G8rTN,RO12,taul,1K8T,wOc1,7c9SNLr,Tg7jjBB,Mqg3,9_Y1,k13i,VpdQ,sYC_,me75fM6ugJ,kIsH,uKAI,L84s,NhsEn4L,beK4AFX,q0cQ,UYBR,FzaX,mTP8jNM,oslk,bMSObSS,LM8l689qOp,fKCe,RAYp,F2FyR07IdsN7I
0,287,7,2496,152,190,104,266.88,0,22740,0,4.533219,9,52,287,55640,0,9628.65,15,2,24,16,-1851776,410,6,26595,0,537465,147052,410,0,0,0,788144,36,9594,0,0,75lq9ayfAo,RO12,taul,1K8T,42Cy,qbzaVTy,5q1hF23,yM8c,9_Y1,pQsY,sJzTlal,IYzP,me75fM6ugJ,kIsH,uKAI,Mtgm,NhsEn4L,kq0n8Bj,atan,UYBR,FzaX,Oj6fql_,oslk,_rKAGfT,LM8l689qOp,TNEC,RAYp,F2FyR07IdsN7I
0,4193,7,556,396,495,216,166.56,0,66984,0,3.276009,9,64,35,739024,0,4914.3,20,18,80,232,-27044.44,2240,36,64494,0,330035,63858,795,0,0,146895,882752,48,108168,0,0,dRaq9ayE15,RO12,taul,1K8T,z32l,5HUszr3,UFIdC8I,Isqq,9_Y1,kJJ7,VpdQ,IYzP,DHn_WUyBhW_whjA88g9bvA64_,kIsH,uKAI,L84s,CrNX,mAjbq_f,bXR9,cJvF,FzaX,LwGEz2F,d0EEeJi,8er3XiY,LM8l689qOp,7P5s,nIGXDli,F2FyR07IdsN7I
0,2212,7,24,300,375,184,166.56,0,0,0,0.1933348,9,38,0,433568,0,8558.189,5,14,80,168,-127511.6,1120,0,97821,0,302220,143530,155,0,0,67263,888916,46,212418,0,0,FAJgUH7ejg,AERks4l,taul,1K8T,vSNn,5CFXD9A,V6XUlxabJ4VaD,Bjqa,9_Y1,m_h1,VpdQ,IYzP,7M47J5GA0pTYIFxg5uy,kIsH,uKAI,L84s,4kVnq_T26xq1p,7WwTYYB,ZymV,UYBR,FzaX,MmsL3hM,zCkv,XdARPDh,LM8l689qOp,WqMG,ZI9m,F2FcTt7IdMT_v
0,1897,7,304,300,375,104,166.56,5,31776,0,1.936979,9,38,56,320200,0,3624.12,15,28,152,152,-246982,1290,48,126,8,66965,27772,4400,0,0,174013,355324,36,71256,0,0,Ie5gUH7IEC,RO12,taul,1K8T,lK27,ml5AEa8,Yi49a6G,3ess,9_Y1,m_h1,VpdQ,IYzP,me75fM6ugJ,sBgB,uKAI,L84s,NhsEn4L,mAjbk_S,fTrK,UYBR,FzaX,XMrOtFs,oslk,3W_AIRG,LM8l689qOp,WqMG,RAYp,F2FyR07IdsN7I
0,1785,7,1468,148,185,144,200,0,145932,0,2.604999,9,64,532,342744,0,21254.91,5,10,56,40,98909.2,820,18,202374,0,157340,288704,15600,0,0,524818,1268048,10,407496,0,0,ZSNq9aX0Db,RO12,taul,1K8T,ZSv9,RACxT1D,_03xtaMIkk68B,PJFh,9_Y1,Y9Bl,VpdQ,IYzP,me75fM6ugJ,kIsH,uKAI,L84s,NhsEn4L,mAjbk_S,1LXp,cJvF,FzaX,I5GjbzC,oslk,VQZjND2,LM8l689qOp,uWr3,RAYp,F2FyR07IdsN7I
0,742,7,264,128,160,48,166.56,0,3246390,0,0.9164708,9,118,0,1382400,0,231479.4,10,8,32,16,231641.6,480,42,16956,0,4381785,1036800,1725,0,18,1209600,10508080,22,2073600,0,0,kMJt0GoOh3,PomAbFU,taul,1K8T,487l,1monV1D,SvK74dGIEbpKK,vPeK,9_Y1,rGJy,09_Q,Tkho,GjJ35utlTa_GNSvxxpb9ju,kIsH,uKAI,L84s,DmYOBF5GfjJxb,beKR4Vi,DJaG,UYBR,AU8_WTd,iEXFfsb,Al6ZaUT,VTx3kVa,jySVZNlOJy,Qu4f,02N6s8f,iyHGyLCEkQ
0,56,0,0,12,15,24,186.64,0,0,0,5.182226,9,14,0,0,0,2646.675,0,0,0,0,1724.572,310,0,0,0,0,21748,0,0,0,0,43496,0,0,0,0,GcUBcmz45j,RO12,taul,1K8T,0WHw,abw3aWy,wazNWEjf9i,1Mww,9_Y1,KubS,09_Q,IYzP,me75fM6ugJ,kIsH,uKAI,L84s,NhsEn4L,mAja5EA,BORZ,cJvF,FzaX,yO76hzI,oslk,O98EKx8,LM8l689qOp,Qcbd,RAYp,F2FyR07IdsN7I
0,1841,7,192,516,645,224,301.68,0,4249776,0,2.604785,9,56,70,976320,0,92115,190,10,200,192,-15065.28,1370,84,41130,0,1943695,1537418,3565,0,9,604800,10309480,40,2570130,0,0,ZSNq9aX0Db,RO12,taul,1K8T,TyGl,0RY12QB,_H1t9Tlb7R,Ic2I,9_Y1,6TCl,09_Q,sYC_,DHn_WUyBhW_whjA88g9bvA64_,kIsH,uKAI,L84s,CrNX,mAjy7aS,LikK,cJvF,FzaX,25cP04D,d0EEeJi,rOU3odP,LM8l689qOp,uWr3,nIGXDli,F2FyR07IdsN7I
0,7518,7,1480,392,490,224,201.12,0,5549790,0,2.150609,27,108,7,354032,0,17989.98,10,6,24,24,70242.4,2445,180,22032,0,2043890,281310,1570,0,18,0,8096440,64,2150232,0,0,75lTmBtFkL,2Knk1KF,taul,1K8T,AnrR,au1CPws,MXUnM9R,pgw4,9_Y1,c2JP,VpdQ,sYC_,me75fM6ugJ,kIsH,uKAI,Mtgm,NhsEn4L,kq0aHkC,pv4R,UYBR,FzaX,_PxY_02,oslk,r7xOEra,jySVZNlOJy,rgKb,RAYp,55YFVY9
0,903,7,520,172,215,40,286.96,0,3685818,0,3.392437,9,98,0,3291672,0,181707.9,15,6,40,40,112262.8,615,66,4626,0,4028770,724312,225,0,18,0,10362080,32,1198620,0,0,zC_Wq6e2Rv,RO12,taul,1K8T,Y2P0,KwenkcQ,CdPgMY1Z52,wKNN,9_Y1,_xpN,VpdQ,sYC_,me75fM6ugJ,kIsH,7A3j,L84s,NhsEn4L,beK4AFX,Bk2P,UYBR,FzaX,XqwYlW4,oslk,sMvE4Qn,M_8D,FSa2,RAYp,F2FyR07IdsN7I
0,868,7,212,176,220,152,200,0,0,0,1.680197,9,114,14,2761864,0,54908.4,0,0,40,96,-89170.8,580,0,432,0,1188690,488756,290,0,36,1183490,3309396,26,0,0,0,Tfit0G8EIb,2Knk1KF,taul,1K8T,lK27,B884X3H,hOpRIhsUSP,7L3H,9_Y1,e7QV,VpdQ,kxE9,me75fM6ugJ,kIsH,uKAI,L84s,XfqtO3UdzaXh_,11p4mKe,t9ne,UYBR,FzaX,Fon8hdx,oslk,bTV7qqc,LM8l689qOp,fKCe,RAYp,55YFVY9
0,329,0,0,128,160,32,166.56,0,5521488,0,2.162358,9,24,0,3456000,0,207887.4,20,0,32,40,-35541.44,410,72,0,0,2710210,501492,0,0,0,0,9962560,14,0,0,0,gOyvyx7ejg,RO12,taul,1K8T,hM6W,48_FWHr,ELRUn57,6VLe,9_Y1,RcM7,VpdQ,IYzP,DHn_WUyBhW_whjA88g9bvA64_,kIsH,uKAI,L84s,PWD40mS,kZJDcQU,5wvP,cJvF,FzaX,qofwyyT,Al6ZaUT,ahTRYX6,LM8l689qOp,szEZ,02N6s8f,F2FyR07IdsN7I
0,1358,7,156,424,530,216,166.56,0,3169926,0,1.163854,9,80,7,1108888,0,118685.7,35,42,56,96,457776,970,60,28746,0,4212860,580930,825,0,18,169393,8880520,58,559068,0,0,Mtpt0G8EIb,RO12,taul,1K8T,lK27,qEdASpP,4soGE0N5VZrWb,Jrws,9_Y1,k13i,09_Q,Tkho,me75fM6ugJ,kIsH,uKAI,L84s,NhsEn4L,kq0ELEt,O8s3,cJvF,FzaX,0AJo2f2,oslk,2Kb5FSF,LM8l689qOp,fKCe,RAYp,F2FyR07IdsN7I
0,399,0,0,104,130,104,186.64,0,1689420,0,5.549882,18,28,0,0,0,85124.09,5,10,32,0,640084,255,36,0,0,240870,1906196,0,0,18,1209600,6494920,2,2037726,0,0,v0Nt0Go8Lb,RO12,taul,1K8T,g6No,8RVBmIU,V4EEkD4AAZ,tH4F,9_Y1,rGJy,09_Q,IYzP,me75fM6ugJ,kIsH,uKAI,L84s,NhsEn4L,mAja5EA,s1Gb,UYBR,FzaX,HlomS85,oslk,MMuldxq,LM8l689qOp,Qu4f,RAYp,F2FyR07IdsN7I
0,819,7,84,144,180,24,253.52,0,6132780,0,1.159795,9,36,21,3168168,0,203805.3,20,2,32,40,275289.6,545,78,333,0,2978000,364258,135,0,9,0,10367600,20,475230,0,0,64ngUH7IEC,RO12,taul,1K8T,TyGl,LG0vbUP,_ZTcC4sEn1,gyLz,9_Y1,DmlN,09_Q,zm5i,me75fM6ugJ,kIsH,uKAI,L84s,NhsEn4L,NGZXfGp,9vxrzk6,cJvF,FzaX,sE0uLpj,oslk,G9maF5M,LM8l689qOp,w_Ub,RAYp,F2FyR07IdsN7I
0,931,7,1644,140,175,96,465.92,0,1206738,0,3.588977,18,40,28,1382400,0,168261,15,10,40,16,149519.6,595,36,7488,0,2852670,2073600,7830,0,27,1814400,10441040,14,2218806,0,0,zKnr4RXktW,RO12,taul,1K8T,487l,9GJGgoz,u2p2Afw,zuv2,9_Y1,Zazx,sJzTlal,IYzP,Kxdu,kIsH,uKAI,L84s,FMSzZ91zL2,TDc1wjU,WMli,UYBR,FzaX,Tvpip6Z,zCkv,hHJsvbM,LM8l689qOp,Xa3G,6fzt,SbOd7O8ky1wGNxp0Arj0Xs
0,1596,7,24,44,55,8,186.64,25,2063352,0,0.6024354,9,50,0,0,0,86073,10,0,8,0,-807428,265,36,6696,40,580635,69882,140,0,9,0,2688152,4,0,0,0,zC_Wq6e2Rv,RO12,CuXi4je,1K8T,AHgj,SqbCPGE,p21YhPW,IIMg,9_Y1,_xpN,09_Q,IYzP,me75fM6ugJ,kIsH,uKAI,L84s,NhsEn4L,kZJtVhC,ARAA,UYBR,FzaX,mXL38SL,oslk,6zMjbRT,LM8l689qOp,FSa2,RAYp,F2FyR07IdsN7I
0,686,7,184,132,165,144,186.64,0,7470,0,4.383465,9,34,203,444016,0,20718.9,0,16,40,16,185029.6,345,12,20016,0,192245,258208,5545,0,18,353360,1425636,6,792654,0,0,qXhvyxLp3Z,LrdVolaSGUfkVeWC,taul,1K8T,pdks,RPKu5tB,8o3WlGR,L_wC,9_Y1,_r21,VpdQ,wMei,me75fM6ugJ,kIsH,uKAI,L84s,h0lfDKh52u4GP,ORM0Mzs,9dgB,cJvF,FzaX,WdP1WU5,oslk,05j67Xw,LM8l689qOp,xb3V,RAYp,R4y5gQQWY8OodqDV
0,1428,7,24,256,320,96,166.56,0,19872,0,5.236274,9,74,7,1590952,0,37820.1,0,6,40,72,229173.6,885,12,351,0,4323960,357970,10,0,9,123291,5164480,76,270972,0,0,crIt0Go8Lb,RO12,taul,1K8T,7gSz,b8EvARv,ErM0Vcg68N,VXi0,9_Y1,rGJy,VpdQ,hAFG,me75fM6ugJ,kIsH,uKAI,L84s,XfqtO3UdzaXh_,XTbPUYD,4mvH,cJvF,FzaX,Q_huhvP,oslk,QqIaRTx,LM8l689qOp,Qu4f,RAYp,F2FyR07IdsN7I
0,861,14,200,192,240,64,313.36,5,0,0,4.581286,18,52,0,152320,3,4434.96,0,8,48,88,-1668948,770,0,12015,16,169190,33192,1000,0,0,8316,299984,50,33132,0,0,gE8Wq6edh4,RO12,taul,1K8T,TyGl,iJzviRg,S85uPSw6EW,MGaR,9_Y1,_xpN,09_Q,IYzP,7M47J5GA0pTYIFxg5uy,kIsH,uKAI,Mtgm,4ylQpLr46xum2hHQ,7WwK5g3,zaAE,UYBR,FzaX,ch2oGfM,z4pH,P6pu4Vl,LM8l689qOp,FSa2,ZI9m,R4y5gQQWY8OodqDV
0,4480,7,456,632,790,208,320.4,0,3419766,0,2.676992,9,38,0,4041376,0,57708.9,20,2,40,168,74765.6,1130,240,11097,0,6022200,326524,135,0,9,0,10321040,132,89058,0,0,V8lt0G8rTN,RO12,taul,1K8T,0Xwj,gwY4NQF,itSGh3t,1jGa,F3hy,e7QV,VpdQ,zm5i,me75fM6ugJ,kIsH,7A3j,L84s,NhsEn4L,kZJyVg2,SI9b,UYBR,FzaX,t5EoLzk,oslk,ag5iNPX,LM8l689qOp,fKCe,RAYp,F2FyR07IdsN7I
0,12502,7,600,3492,4365,1272,286.96,10,4121928,0,3.101688,9,60,203,2779768,0,13408.98,525,134,1432,736,-4666,9990,972,21645,16,3950635,493900,1705,0,0,181503,9475240,576,418014,0,0,1YVgUHXZeb,RO12,taul,1K8T,2Ix5,_RmnZSn,y2LuFUfSEo,V9OO,9_Y1,STGZ,VpdQ,IYzP,me75fM6ugJ,kIsH,uKAI,L84s,NhsEn4L,mAjbk_S,edm1,cJvF,FzaX,dRiNT4W,oslk,4XQyovK,LM8l689qOp,453m,RAYp,F2FyR07IdsN7I
0,840,0,80,148,185,16,220.08,0,8609940,0,4.825892,9,122,0,1382400,0,207343.5,35,2,32,16,392671.6,555,102,46710,0,2172825,63274,0,0,9,0,10719720,16,6864,0,0,75lr4RXktW,2Knk1KF,taul,1K8T,487l,fayYfhR,trjEpGcIvvBEQUdA,zs8x,9_Y1,ZKJc,VpdQ,sYC_,DHn_WUyBhW_whjA88g9bvA64_,kIsH,uKAI,Mtgm,1YxyYTLbzthWO,ORMiiV7,a_LO,UYBR,FzaX,KbkKEj0,zCkv,QqVuch3,M_8D,7FJQ,02N6s8f,Zy3gnGM
0,2828,7,220,472,590,304,133.12,0,13680,0,4.156804,9,50,42,408504,0,6320.43,10,34,160,144,21995.84,1785,12,11106,0,439600,146014,75,0,0,76034,1021816,82,219816,0,0,HrWrjIXt5a,RO12,taul,1K8T,lK27,NwKnsla,bGUqwlz,6x6x,9_Y1,m7JR,VpdQ,IYzP,me75fM6ugJ,kIsH,uKAI,L84s,NhsEn4L,TDcECyH,QD1I,cJvF,FzaX,ZV0mFX7,oslk,1E9D3Yd,LM8l689qOp,5Acm,RAYp,F2FyR07IdsN7I
0,3458,14,1960,148,185,80,253.52,0,3506208,0,5.030976,18,72,0,3477800,0,26428.89,10,0,24,48,1224124,540,48,3627,0,3443535,1584040,5785,0,18,0,10632880,22,0,0,0,dTGmfo8zhV,eSGpMwS8zSGgq_trOpckZ5,taul,1K8T,487l,mcpOT3E,qhhpz0iUvV,t2P3,9_Y1,_48V,VpdQ,hAFG,DHn_WUyBhW_whjA88g9bvA64_,kIsH,uKAI,Mtgm,UbxQ8lZ,beKAhVm,3hMI,cJvF,FzaX,gg7NTdm,Al6ZaUT,sZyltRa,LM8l689qOp,3Cy4,02N6s8f,R4y5gQQWY8OodqDV
0,1036,7,5388,272,340,136,220.08,0,6049620,0,6.766076,18,92,301,3776968,0,161194.2,20,12,48,56,163802.4,790,114,32472,0,3512915,247452,590,0,18,164367,10542800,30,87570,0,0,AUUt0GoOh3,RO12,taul,1K8T,X94c,8F4NGWG,Tg7o1or,b54S,9_Y1,MGOA,VpdQ,hAFG,me75fM6ugJ,kIsH,uKAI,Mtgm,XfqtO3UdzaXh_,XTbPUYD,_xX2,cJvF,FzaX,J8TK3rj,oslk,6ZAHToS,M_8D,Qu4f,RAYp,F2FyR07IdsN7I
0,259,0,0,148,185,48,321.84,0,4752144,0,5.760521,9,18,0,633616,0,181582.2,25,4,24,8,-300018.8,595,60,0,0,3492565,793112,0,0,9,554414,10082840,26,950424,0,0,DHeTmBftjz,RO12,taul,1K8T,_vzJ,6JE1QFM,ThrnFOQ,fiAZ,9_Y1,Gx0B,sJzTlal,zm5i,me75fM6ugJ,kIsH,uKAI,L84s,NhsEn4L,kZJyVg2,F3L0,cJvF,FzaX,ie2v1FD,oslk,k19R6zD,LM8l689qOp,Qu4f,RAYp,F2FyR07IdsN7I
0,3171,7,1192,836,1045,328,186.64,0,2878362,0,5.921598,18,150,217,2716872,0,54514.2,100,12,184,128,150813.6,2190,468,9729,0,3273260,1656610,2665,0,18,525623,10377000,96,1138632,0,0,avkq9ayfAo,2Knk1KF,taul,1K8T,tzKK,Te2s8CN,o64y9zI,kVZt,9_Y1,vm5R,VpdQ,haYg,me75fM6ugJ,kIsH,uKAI,L84s,XfqtO3UdzaXh_,XTbPUYD,XqfQ,UYBR,FzaX,rDm6pd1,oslk,Q53Rkup,LM8l689qOp,7P5s,RAYp,55YFVY9
0,1155,0,48,152,190,16,200,0,2052258,0,6.21192,27,106,0,3037232,0,154657.8,35,4,48,48,56073.6,585,24,28989,0,6691050,163072,0,0,0,604800,9923280,34,593634,0,0,8Iqt0G8rTN,2Knk1KF,taul,1K8T,TyGl,jMFkXPi,o5WT5gy7iu,arA5,9_Y1,k13i,VpdQ,IYzP,me75fM6ugJ,kIsH,uKAI,L84s,NhsEn4L,kq0aHkC,rVRa,UYBR,FzaX,yBu8hdx,oslk,853QZmh,LM8l689qOp,fKCe,RAYp,55YFVY9
0,210,0,0,224,280,64,365.76,0,3544092,9,5.857509,9,16,0,634240,0,82754.41,35,6,56,24,-222725.2,640,90,0,24,2120670,886304,0,12,0,675773,8598720,40,1020030,0,0,ZSNq9aX0Db,RO12,taul,1K8T,TyGl,jJ_J26Z,zA2IZno2NK,Y47A,9_Y1,Y9Bl,VpdQ,IYzP,me75fM6ugJ,kIsH,uKAI,L84s,NhsEn4L,kZJtVhC,BCds,UYBR,FzaX,EMvv4zN,oslk,RDY7kpB,LM8l689qOp,uWr3,RAYp,F2FyR07IdsN7I
0,1260,7,908,272,340,64,169.92,0,1250034,0,2.473403,9,88,441,1039168,0,30452.4,5,16,80,120,109506,910,60,10863,0,2959505,135366,2350,0,0,178066,4569560,52,683010,0,0,1KSqrQK2Mx,RO12,taul,1K8T,TyGl,IUSZviJ,msIqHk8toE,9Zsp,9_Y1,15m3,VpdQ,sYC_,DHn_WUyBhW_whjA88g9bvA64_,kIsH,uKAI,L84s,CrNX,kZJigPo,OCr3,cJvF,FzaX,WZAISKq,d0EEeJi,_YxnkeK,LM8l689qOp,FSa2,nIGXDli,F2FyR07IdsN7I
0,245,0,56,16,20,0,133.12,0,0,0,0.5492416,18,84,0,14120,0,3415.5,0,6,24,8,0,150,0,92295,0,0,0,0,0,18,5691,10312,0,4878,0,0,oUPBcmzkzH,RO12,taul,1K8T,ssAy,kJ1ERUT,pbNgbi2,tMGr,9_Y1,KubS,VpdQ,6JmL,7M47J5GA0pTYIFxg5uy,kIsH,uKAI,L84s,leSl,pMW9Htj,Bgu0,cJvF,FzaX,MMTJrCp,QKW8DRm,Rkj9jvX,jySVZNlOJy,Qcbd,vJ_w8kB,WfJ2BB2SFSqauljlfOB
0,651,0,3580,192,240,0,186.64,0,4958496,0,2.838069,9,108,7,3456000,0,52541.7,20,0,32,40,133482,500,120,0,0,5260950,0,0,0,27,0,10624840,38,0,0,0,a4vPe2fHUn,2Knk1KF,taul,1K8T,TyGl,2gN7C3_,FoJylxy,IWfE,9_Y1,TjV7,VpdQ,sYC_,me75fM6ugJ,kIsH,uKAI,Mtgm,NhsEn4L,beK4AFX,pnKl,UYBR,FzaX,sx5YWu3,oslk,FlORusu,LM8l689qOp,FSa2,RAYp,55YFVY9
0,812,14,872,124,155,0,186.64,0,11404200,0,2.351848,18,34,105,0,0,215329.8,40,0,24,0,113364.4,485,132,30681,0,47410,0,6605,0,9,0,10405520,2,0,0,0,YddTmBtueT,RO12,taul,1K8T,AnrR,Nn3SLMn,IoHCTe99VL,2875,9_Y1,C6Eu,09_Q,zm5i,me75fM6ugJ,kIsH,uKAI,L84s,NhsEn4L,mAjbk_S,usI2,cJvF,FzaX,3OJ8hdx,oslk,nezO_7b,LM8l689qOp,rgKb,RAYp,F2FyR07IdsN7I
0,1071,7,332,280,350,64,166.56,0,0,0,0.5003204,18,58,77,301400,0,10099.44,0,2,40,96,127748.8,750,0,32643,0,1048370,42114,8035,0,0,86912,1091764,98,27210,0,0,gOyvyx7ejg,RO12,taul,1K8T,Bxva,jlzcpQc,yEFIHeU,AiPZ,9_Y1,f4dr,VpdQ,IYzP,me75fM6ugJ,kIsH,uKAI,L84s,NhsEn4L,TDceha3,MqEX,cJvF,FzaX,OgVfql_,oslk,BXGzrB7,LM8l689qOp,szEZ,RAYp,F2FyR07IdsN7I
0,546,0,0,124,155,72,230.08,0,2943786,0,5.628712,18,28,0,3228248,0,217744.5,5,10,40,40,28543.16,480,36,0,0,1329870,1555200,0,0,18,405832,9249600,10,1729554,0,0,51rt0G8rTN,RO12,taul,1K8T,EPHy,LTInfva,KyxX4chnKM,Jhpv,9_Y1,k13i,sJzTlal,IYzP,me75fM6ugJ,kIsH,uKAI,L84s,NhsEn4L,mAja5EA,IAnM,UYBR,FzaX,_lw8jNM,oslk,n7PqCcD,LM8l689qOp,fKCe,RAYp,F2FyR07IdsN7I
0,4984,14,1196,132,165,56,166.56,0,7128540,0,3.463363,18,56,217,0,0,23926.2,35,4,32,0,50142,790,84,39699,0,135245,1197630,795,0,0,0,10366200,6,1036800,0,0,kMJt0GoOh3,RO12,LfvqpCtLOY,1K8T,ssAy,jF69B7S,9YuuPSz3BI,12c4,9_Y1,rGJy,VpdQ,IYzP,me75fM6ugJ,kIsH,uKAI,L84s,NhsEn4L,kZJtVhC,EtZU,UYBR,FzaX,7Jxv1FD,oslk,je1TL5Q,jySVZNlOJy,Qu4f,RAYp,F2FyR07IdsN7I
0,686,7,2252,172,215,72,176.56,0,0,0,0.6483657,9,176,14,12920,0,1887.129,10,0,0,16,15383.16,505,0,17955,0,79305,21080,90,0,27,0,115648,60,0,0,0,dTGmfo8zhV,2Knk1KF,taul,1K8T,wGW5,fhk21Ss,Iibp4Nm3uQ,xG62,9_Y1,_48V,09_Q,kxE9,7M47J5GA0pTYIFxg5uy,kIsH,uKAI,L84s,9pUnzWLbztKTo,IoIWMOD,5los,cJvF,AU8pNoi,4UxGlow,zCkv,catzS2D,LM8l689qOp,3Cy4,ZI9m,iyHGyLCEkQ
0,574,0,0,128,160,8,327.76,0,10868820,0,5.772057,27,28,0,0,0,188628,45,0,32,0,291350.4,490,132,0,0,0,70134,0,0,18,0,10496520,0,0,0,0,302Oj17IEC,RO12,taul,1K8T,aD1X,vK5kiFp,KhDb8PW,Zyu5,9_Y1,eQTr,VpdQ,IYzP,me75fM6ugJ,kIsH,uKAI,Mtgm,NhsEn4L,mAja5EA,17Yw,UYBR,FzaX,s3v88FJ,oslk,51wQQMs,LM8l689qOp,7aLG,RAYp,F2FyR07IdsN7I
0,294,0,0,16,20,0,186.64,0,0,0,1.193335,9,20,0,0,0,241097.7,0,8,32,0,613160,320,0,0,0,0,0,0,0,9,0,9676800,0,14515200,0,0,MlYvyx875g,RO12,taul,1K8T,YVv3,0qCFAbb,GxcywEY,DEtL,9_Y1,MBhA,VpdQ,zm5i,me75fM6ugJ,kIsH,uKAI,L84s,NhsEn4L,TDcwKda,S9kb,UYBR,FzaX,EpcDGHt,oslk,ZlcHKhk,LM8l689qOp,WqMG,RAYp,F2FyR07IdsN7I
0,2604,21,4800,368,460,128,200,0,2550744,0,1.628498,36,86,273,1993272,0,30742.8,30,8,88,104,553436,1740,126,630,0,1301270,306942,3385,0,27,246239,5769840,64,648264,0,0,HYTrjIK12c,RO12,taul,1K8T,lK27,6CXYbuk,ELRUn57,8MF2,9_Y1,7WNq,VpdQ,hAFG,Kxdu,kIsH,uKAI,L84s,9pUnzWLbztKTo,y5FWh4t,VQD8,UYBR,FzaX,ROeipLp,zCkv,K2SqEo9,LM8l689qOp,WqMG,6fzt,am14IcfM7tWLrUmRT52KtA
0,1134,21,4208,192,240,136,218.8,0,4752,0,2.441572,27,82,7,95312,0,6820.65,5,12,56,80,11368,740,6,3735,0,59740,44586,1410,0,18,8526,214788,26,32196,0,0,8I1q9ayE15,RO12,taul,1K8T,c9jp,PHNvXy8,r83_sZi,RQv3,9_Y1,pQsY,VpdQ,hAFG,NKv3VA1BpP,kIsH,uKAI,L84s,Ie_5MZs,teAY_NX,army,cJvF,FzaX,UF16siJ,zCkv,APgdzOv,LM8l689qOp,TNEC,6fzt,xwM2aC7IdeMC0
0,959,14,4960,144,180,48,263.44,0,2631768,0,5.743858,18,202,553,633608,0,190738.2,25,8,32,8,155228.4,555,48,22140,0,4754905,950412,3880,0,36,1108814,10414280,24,1900818,0,0,Qu0r4RKzJV,_7J0OGNN8s6gFzbM,CiJDdr4TQ0rGERIS,1K8T,kNzO,fhk21Ss,WICZqsx,q07g,9_Y1,DtNL,VpdQ,y6dw,7M47J5GA0pTYIFxg5uy,kIsH,uKAI,L84s,MeOIHRG3F9,EknepHi,jsTD,UYBR,FzaX,4UxGlow,zCkv,catzS2D,LM8l689qOp,FSa2,ZI9m,ZeaF
0,1897,14,4648,124,155,104,320.48,0,4665600,0,2.020722,27,48,413,0,3,100391.4,10,12,32,0,134004.4,580,54,9720,8,83980,2226360,19675,0,0,0,10395120,2,3110400,0,0,mzKvyx8zhV,RO12,taul,1K8T,pGTb,kS7yoBp,J_sb4dmQwP,TLWi,9_Y1,MBhA,VpdQ,IYzP,me75fM6ugJ,kIsH,uKAI,L84s,NhsEn4L,NGZUKer,yafO,cJvF,FzaX,3vmoOXS,oslk,wg_DmEs,LM8l689qOp,WqMG,RAYp,F2FyR07IdsN7I
0,896,7,64,148,185,120,166.56,0,686856,0,1.531938,9,60,7,1821200,0,66783.59,0,6,40,56,-1416316,535,18,21303,0,848240,414586,600,0,0,799792,3041232,18,247446,0,0,8I1r4RXXnK,RO12,taul,1K8T,1TqK,iJzviRg,mzDZadGIEhIBI,8tew,9_Y1,TFSW,09_Q,IYzP,7M47J5GA0pTYIFxg5uy,kIsH,uKAI,Mtgm,4kVnq_T26xq1p,cUQVLzG,pOff,cJvF,FzaX,ch2oGfM,zCkv,P6pu4Vl,LM8l689qOp,Xa3G,ZI9m,R4y5gQQWY8OodqDV
0,35,0,0,16,20,32,230.08,0,0,0,3.538774,9,16,0,0,0,838824,0,0,0,0,309656.8,80,0,0,0,0,4838400,0,0,0,0,9676800,0,0,0,0,vAsTmBfHUn,RO12,taul,1K8T,ssAy,gNIgCYR,9HOPNsJ,6kOl,9_Y1,4N0K,09_Q,IYzP,me75fM6ugJ,kIsH,uKAI,L84s,NhsEn4L,mAja5EA,l9KC,UYBR,FzaX,aD1vOIl,oslk,NnYzgmc,LM8l689qOp,Qu4f,RAYp,F2FyR07IdsN7I
0,742,0,0,100,125,64,133.76,0,38202,0,3.289254,9,28,0,68136,0,7589.13,0,2,8,24,-1415608,540,12,0,0,266240,75736,0,0,0,25221,438412,22,21618,0,0,dRaq9ayE15,RO12,taul,1K8T,yYar,cmyrvGQ,76MiCML,h7KG,9_Y1,QBpP,09_Q,IYzP,me75fM6ugJ,kIsH,uKAI,Mtgm,XfqtO3UdzaXh_,XTbPUYD,Augw,UYBR,FzaX,HH3v8BP,oslk,hThoIp0,LM8l689qOp,7P5s,RAYp,F2FyR07IdsN7I
0,910,7,696,164,205,104,214.72,0,1127328,0,0.8216193,18,90,28,577504,0,97384.5,5,10,40,40,33102.28,590,30,78021,0,1052235,799698,1290,0,9,357665,4033720,24,828324,0,0,YddrjIQ5Ph,RO12,taul,1K8T,487l,iJzviRg,BBhiudN5VwCx3,kKp4,9_Y1,YGOC,VpdQ,6JmL,7M47J5GA0pTYIFxg5uy,kIsH,uKAI,L84s,4kVnq_T26xq1p,kq0XRSi,SMDf,UYBR,FzaX,ch2oGfM,zCkv,P6pu4Vl,LM8l689qOp,szEZ,ZI9m,R4y5gQQWY8OodqDV
0,1071,7,5824,264,330,104,186.56,0,82770,0,0.8758812,9,158,896,1704968,6,73035.91,10,6,48,88,-799364,785,48,109539,16,4777970,142762,4655,0,27,326781,5096200,58,120762,0,0,ZSNrjIX0Db,LrdZy8QqgUfkVShG,taul,1K8T,ZHNR,fhk21Ss,ITlLN34hN4LF2Oyyogu,3OjE,9_Y1,xQ2A,VpdQ,hAFG,7M47J5GA0pTYIFxg5uy,kIsH,uKAI,L84s,XfqtO3UdzaXh_,XTbPUYD,gvA6,UYBR,FzaX,4UxGlow,oslk,catzS2D,LM8l689qOp,5Acm,ZI9m,ib5G6X1eUxUn6
0,49,0,0,212,265,56,240.56,0,2504868,9,6.819056,9,16,0,692304,0,49226.7,15,4,40,16,-1116908,265,168,0,8,260450,147536,0,0,0,0,3478696,22,17328,0,0,O8Zr4Rdc_a,RO12,taul,1K8T,0Xwj,GYqMgvV,8o3HXVS,lFcS,F3hy,em8I,09_Q,IYzP,me75fM6ugJ,kIsH,g5HH,L84s,NhsEn4L,TDc4Td_,cMpQ,cJvF,FzaX,Z6VDnJ7,oslk,Bzj0Joi,LM8l689qOp,me1d,RAYp,F2FyR07IdsN7I
0,4137,7,0,128,160,16,253.52,0,241944,0,4.072207,9,50,0,5414520,0,52148.1,0,0,32,64,198296.4,6230,12,1089,0,8459000,331208,35,0,0,0,10298160,40,0,0,0,voArjIXt5a,RO12,taul,1K8T,JLbT,Xkt4wFk,q2tfFQq,2Ueo,9_Y1,WIr3,VpdQ,IYzP,me75fM6ugJ,kIsH,uKAI,Mtgm,NhsEn4L,kZJaHc_,YD6S,UYBR,FzaX,ZCE8XLE,oslk,dxB79_c,LM8l689qOp,5Acm,RAYp,F2FyR07IdsN7I
0,616,7,2836,132,165,32,268.16,0,7382400,0,3.202734,18,138,21,691200,0,144271.8,30,6,32,8,173928,525,90,44496,0,1337965,676812,1450,0,27,604800,10574440,8,1468932,0,0,tr0gUH7ejg,2Knk1KF,taul,1K8T,TyGl,PHNvXy8,ThrHXVS,c2KK,9_Y1,m_h1,09_Q,wMei,NKv3VA1BpP,kIsH,uKAI,L84s,Ie_5MZs,XTbjhEX,BfEk,UYBR,FzaX,UF16siJ,zCkv,APgdzOv,LM8l689qOp,WqMG,6fzt,Zy3gnGM
0,868,7,100,228,285,104,100.32,0,0,0,4.680624,9,102,7,81096,3,2146.686,0,12,64,72,-11871.16,740,0,1116,8,113825,15872,220,0,18,41489,176484,58,19698,0,0,oUPBcmzkzH,RO12,taul,1K8T,0WHw,6cUBdMb,jcoxzxoL4i,7nYb,9_Y1,KubS,09_Q,6JmL,me75fM6ugJ,kIsH,uKAI,L84s,h0lfDKh52u4GP,IoI4mKe,l4dP,cJvF,FzaX,1FAm94s,oslk,MjtlfsX,LM8l689qOp,Qcbd,RAYp,F2FyR07IdsN7I
0,6062,7,168,876,1095,248,220.08,0,5734902,0,1.810297,9,36,217,1379704,0,29965.83,60,20,192,376,188262.4,5615,294,75051,0,3303855,344258,350,0,9,95781,9986200,140,553380,0,0,LDPvyx7IEC,RO12,taul,1K8T,Bxva,PAgx_1Z,Hz6CKEGgV0Vbb,0AJi,9_Y1,YGOC,09_Q,zm5i,me75fM6ugJ,kIsH,uKAI,L84s,NhsEn4L,kZJtVhC,SMDf,UYBR,FzaX,aoBj9cC,oslk,ouMYyXX,LM8l689qOp,szEZ,RAYp,F2FyR07IdsN7I
0,1680,14,1076,308,385,72,200,0,2937906,0,5.264473,18,56,168,3456016,0,75995.09,15,4,32,40,19266.44,1335,108,38493,0,4122235,715968,1125,0,9,604800,9834040,80,1036800,0,0,crIt0Go8Lb,RO12,taul,1K8T,ffXs,9GJGgoz,VqnbMThC8i,wTXf,9_Y1,Z5OU,sJzTlal,sYC_,Kxdu,kIsH,uKAI,L84s,FMSzZ91zL2,TDcEYQ6,Ec0C,UYBR,FzaX,Tvpip6Z,zCkv,hHJsvbM,M_8D,Qu4f,6fzt,SbOd7O8ky1wGNxp0Arj0Xs
0,518,0,0,236,295,112,166.56,0,43650,9,1.907071,18,28,0,1154048,3,21585.45,5,4,56,88,-830576,935,6,0,16,1588120,246102,0,0,18,464254,2470964,60,131622,0,0,vAsTmBfHUn,eSGpMwS8zSGgq_trOpckZ5,taul,1K8T,ssAy,wppYfhj,Vxu_jOIy4u,5wCW,9_Y1,4N0K,09_Q,TIA9,GjJ35utlTa_GNSvxxpb9ju,kIsH,uKAI,Mtgm,UbxQ8lZ,ORMRote,CYkd,cJvF,FzaX,7Jxb2T9,Al6ZaUT,POhshbG,LM8l689qOp,Qu4f,02N6s8f,R4y5gQQWY8OodqDV
0,840,7,0,176,220,40,310.24,0,5217450,0,1.463362,9,38,0,3428104,0,210861.3,15,4,40,56,117847.6,600,72,26910,0,4080345,597330,5,0,18,0,10821480,30,509370,0,0,HYTrjIK12c,RO12,taul,1K8T,pGTb,LJSqkpJ,2qcLfSS,jKPY,9_Y1,7WNq,sJzTlal,zm5i,me75fM6ugJ,kIsH,uKAI,L84s,NhsEn4L,jaw7f1S,AVM6,UYBR,FzaX,5LLYjZW,oslk,4IrA9vx,LM8l689qOp,WqMG,RAYp,F2FyR07IdsN7I
0,1246,28,1580,296,370,120,173.28,0,551988,0,6.826106,45,104,7,2110168,0,116138.7,15,6,72,72,182182,870,48,25227,0,4155075,658762,1650,0,0,1413244,6745960,72,893154,0,0,P1WvyxLp3Z,RO12,taul,1K8T,ssAy,8Nsn57c,sLarhXg,zfHO,9_Y1,vzJD,VpdQ,sYC_,me75fM6ugJ,kIsH,uKAI,L84s,NhsEn4L,kq0aHkC,Bt_B,UYBR,FzaX,07m8iqZ,oslk,VjJAgOW,LM8l689qOp,xb3V,RAYp,F2FyR07IdsN7I
0,1834,7,328,156,195,16,253.52,0,7603620,0,4.942106,9,40,84,3845368,0,107867.4,10,6,32,56,-152080.4,650,96,23679,0,2774940,216676,100,0,9,0,10647040,18,552552,0,0,NQ5rEy7Rm6,RO12,taul,1K8T,YFAj,zN9Vdmm,zA2IZno2NK,JjMU,9_Y1,H9GL,VpdQ,zm5i,me75fM6ugJ,kIsH,uKAI,L84s,NhsEn4L,mAjbk_S,hPcf,cJvF,FzaX,Ox8fR8o,oslk,mWoTy9x,LM8l689qOp,Aoh3,RAYp,F2FyR07IdsN7I
0,658,0,0,84,105,16,220.48,0,105108,0,5.094211,9,20,0,7160,6,6397.65,25,10,80,8,-162610.4,450,48,0,24,0,23886,0,0,0,161560,413504,0,378348,0,7,M5vt0Gdc_a,RO12,taul,1K8T,aekr,VmNCzkM,wqN_XUgSkCjfoOlw,Bp6l,9_Y1,cyKH,VpdQ,IYzP,me75fM6ugJ,kIsH,g5HH,L84s,XfqtO3UdzaXh_,mAjGvmL,bCpn,cJvF,FzaX,lHHoOXS,oslk,3L2Mnus,LM8l689qOp,me1d,RAYp,F2FyR07IdsN7I
0,931,14,696,124,155,32,0,0,0,0,0.953856,27,78,133,1796568,6,71643.59,0,4,24,48,-565368,495,0,8667,32,3195675,241034,3005,0,27,838348,4147960,38,316626,4,0,vAsvyx7ejg,eSGpMwS8zSGgq_trOpckZ5,taul,1K8T,0YIT,foCw8DQ,LJFFIZ0,lb2I,9_Y1,RcM7,VpdQ,kxE9,me75fM6ugJ,kIsH,uKAI,L84s,UbxQ8lZ,ORMRote,WGwm,UYBR,wwPEXoilkr,PrifGrO,Al6ZaUT,QXeQZmh,LM8l689qOp,szEZ,RAYp,R4y5gQQWY8OodqDV
0,2639,7,7364,912,1140,256,200.48,0,460560,0,1.499252,9,42,420,1002752,3,19707.93,45,26,176,272,144549.2,2230,132,31779,16,1708085,85838,5790,0,0,151382,2582484,236,201600,0,7,HAoOj1KXzC,RO12,taul,1K8T,ZNsX,mfjR5DT,Q50Ydp0,LyxK,9_Y1,jdbz,09_Q,IYzP,me75fM6ugJ,kIsH,uKAI,L84s,NhsEn4L,mAja5EA,cXbB,cJvF,FzaX,vh98iqZ,oslk,5R7Ty9x,LM8l689qOp,kwS7,RAYp,F2FyR07IdsN7I
0,672,7,572,140,175,160,133.12,0,0,0,3.376629,9,60,56,10616,3,6478.74,0,4,40,32,-5299.16,480,0,53568,8,29540,122790,605,0,0,4697,280108,18,8382,0,0,zKnr4RXktW,RO12,taul,1K8T,AkfA,9GJGgoz,9YuuPSz3BI,sSte,9_Y1,Cgc3,VpdQ,IYzP,Kxdu,kIsH,uKAI,L84s,FMSzZ91zL2,TDcEYQ6,gfwd,cJvF,FzaX,Tvpip6Z,zCkv,hHJsvbM,LM8l689qOp,Xa3G,6fzt,SbOd7O8ky1wGNxp0Arj0Xs
0,336,0,0,44,55,40,133.12,0,17634,0,5.795557,9,50,0,0,0,10603.62,0,4,8,0,-12628.56,245,18,5328,0,9910,15712,0,0,0,0,70028,2,28380,0,0,CEaWq6KZjV,RO12,taul,1K8T,487l,kjvBmIU,IoHCTe99VL,o5H_,9_Y1,RVjC,09_Q,IYzP,me75fM6ugJ,kIsH,g5HH,L84s,NhsEn4L,TDcECyH,TQqY,UYBR,FzaX,1vNmS85,oslk,MkQldxq,LM8l689qOp,FSa2,RAYp,F2FyR07IdsN7I
0,1456,0,0,668,835,208,186.64,0,2223624,0,0.3599658,9,106,0,2982256,0,93886.2,135,20,152,168,-341719.6,1955,234,2079,0,5572950,494236,0,0,27,177786,9279800,88,318534,0,0,2jirEyXktW,2Knk1KF,taul,1K8T,LLPZ,hWvno_n,PhTRSeV,xaUA,9_Y1,VwCR,VpdQ,sYC_,me75fM6ugJ,kIsH,uKAI,L84s,NhsEn4L,beK4AFX,t7oD,cJvF,FzaX,uwLfql_,oslk,A5pE4Qn,LM8l689qOp,Aoh3,RAYp,55YFVY9
0,2114,7,2992,348,435,88,220.08,0,7062300,0,5.250587,9,110,378,1537912,0,78036.91,75,16,168,128,574740,1230,96,11205,0,1530720,742100,345,0,9,184485,9702520,42,434298,0,0,DHeq9ayfAo,2Knk1KF,taul,1K8T,yMvB,PHNvXy8,76j2P_OLn0,xt4K,9_Y1,kJJ7,VpdQ,sYC_,NKv3VA1BpP,kIsH,uKAI,L84s,Ie_5MZs,IoI9Yg3,ubX8,cJvF,FzaX,UF16siJ,zCkv,APgdzOv,jySVZNlOJy,7P5s,6fzt,Zy3gnGM
0,938,7,1736,152,190,24,200,0,12534,0,5.469985,9,92,77,2145024,0,83388.91,0,8,40,64,-110317.6,635,12,2700,0,4325195,91050,310,0,0,1156582,5133960,42,616266,0,0,2jirEyXktW,RO12,taul,1K8T,487l,B4go63u,t187Re3NhK,HSNi,9_Y1,SkZj,VpdQ,IYzP,me75fM6ugJ,kIsH,uKAI,L84s,NhsEn4L,beK4AFX,YOvd,cJvF,FzaX,ian6s0w,oslk,oGZTQlu,LM8l689qOp,Aoh3,RAYp,F2FyR07IdsN7I
0,693,0,104,68,85,0,240.56,0,3628554,0,6.86285,9,64,0,0,0,192371.4,20,0,8,0,-624024,465,42,2106,0,2540280,0,0,0,18,0,5833560,12,0,0,0,a4vOj1dMWg,RO12,taul,1K8T,lK27,pt5viRg,sblY9Dq,pU4J,9_Y1,DFSe,VpdQ,G_zk,me75fM6ugJ,kIsH,g5HH,L84s,XfqtO3UdzaXh_,mAjGvmL,Zg_l,cJvF,FzaX,FmXoYtn,oslk,V2AMkpY,LM8l689qOp,me1d,RAYp,F2FyR07IdsN7I
0,441,7,13096,88,110,0,166.56,0,759276,0,5.759026,9,78,154,101200,0,22684.89,10,2,8,8,91067.6,325,102,34191,0,4350,0,10110,0,0,0,624184,2,64920,0,0,1KSTmBQxul,RO12,taul,1K8T,JLbT,eDd7wZ4,g9glnNR,yY6V,9_Y1,TjV7,VpdQ,IYzP,me75fM6ugJ,kIsH,uKAI,L84s,NhsEn4L,mAjbk_S,Le7P,UYBR,qxDb,t9i0FxM,oslk,YLmz_Kt,jySVZNlOJy,FSa2,RAYp,F2FyR07IdsN7I
0,301,0,0,224,280,104,112.32,15,2857194,0,5.50032,9,20,0,2114680,0,126647.1,40,0,24,64,99963.6,525,48,0,24,1558215,1167316,0,0,9,0,6763480,38,0,0,0,Foxt0Go8Lb,RO12,taul,1K8T,g6No,pro8v8X,NR5oai1,J85w,9_Y1,rGJy,09_Q,zm5i,me75fM6ugJ,kIsH,uKAI,Mtgm,NhsEn4L,NGZxnJM,DPAS,UYBR,FzaX,meWVy8V,oslk,DQ3u3MC,LM8l689qOp,Qu4f,RAYp,F2FyR07IdsN7I
0,777,7,468,144,180,112,186.64,5,3532440,0,3.590045,9,152,21,1382400,0,231814.5,0,12,32,16,158922.8,515,60,2898,8,1208025,2178480,470,0,9,1159242,10385600,8,3024072,0,0,LDPgUHXZeb,onTuEhrJJQy_H3IHkZku5AFczhYGqxJ890,taul,1K8T,lK27,fqeOwLG,q2tfFQq,oJdS,9_Y1,STGZ,VpdQ,haYg,7M47J5GA0pTYIFxg5uy,kIsH,uKAI,L84s,IZwBHOJhfS,_JdTbdK,kPAt,UYBR,FzaX,fxJmel6,zCkv,WfsWw2A,jySVZNlOJy,453m,ZI9m,iyHGyLCEkQ
0,3129,7,1660,1500,1875,1000,133.12,5,15054,0,2.910276,9,126,91,548552,0,2519.511,20,82,424,712,-1439256,3350,30,97668,8,256710,296120,6295,0,9,75390,1245420,222,204978,0,0,AhzZptzip9,2Knk1KF,taul,1K8T,487l,rXHcNhj,glRBFJT8NN,Oryy,9_Y1,t_4G,VpdQ,sYC_,me75fM6ugJ,kIsH,uKAI,L84s,NhsEn4L,beK4AFX,t89X,UYBR,OFWH,u9OfrxM,oslk,5Doz_Kt,jySVZNlOJy,Qu4f,RAYp,55YFVY9
0,364,0,0,396,495,328,0,0,59430,0,6.365307,9,14,0,306800,0,9283.92,15,14,112,136,-18767.84,805,72,0,0,266770,371512,0,0,0,130081,1303644,38,222048,0,0,HAoOj1KXzC,RO12,taul,1K8T,lK27,pro8v8X,glRbITbnHQ,U_8b,9_Y1,jdbz,VpdQ,IYzP,me75fM6ugJ,kIsH,uKAI,L84s,NhsEn4L,TDcwKda,NwRz,UYBR,FzaX,meWVy8V,oslk,DQ3u3MC,LM8l689qOp,kwS7,RAYp,F2FyR07IdsN7I
0,6083,0,0,364,455,168,253.52,0,5951580,0,6.470626,9,74,0,2034552,0,25411.8,20,4,32,32,-519560,5115,228,1449,0,1920325,733370,0,0,9,0,9394200,44,1036800,0,0,1YVgUHXZeb,RO12,taul,1K8T,0Xwj,6oGvcTJ,wD13J6M,95Mt,HLqf,fTh6,VpdQ,IYzP,me75fM6ugJ,sBgB,uKAI,L84s,NhsEn4L,mAja5EA,pKT5,cJvF,FzaX,MiSOw16,oslk,alU2fT4,jySVZNlOJy,453m,RAYp,F2FyR07IdsN7I
0,1533,7,28,452,565,448,166.56,0,2346,0,4.316385,9,68,0,171064,0,3496.59,0,20,96,184,17226.44,1100,6,34056,0,84980,158820,35,0,9,21553,553276,46,120834,0,0,Mtpt0G8EIb,RO12,taul,1K8T,Uk76,gwY4NQF,V4EEkD4AAZ,Ei_T,9_Y1,k13i,sJzTlal,sYC_,me75fM6ugJ,kIsH,uKAI,L84s,NhsEn4L,NGZ_CaA,QKw_,UYBR,FzaX,t5EoLzk,oslk,ag5iNPX,LM8l689qOp,fKCe,RAYp,F2FyR07IdsN7I
0,588,14,884,24,30,0,286.96,0,1010262,0,5.486007,27,32,0,0,0,206673.9,0,2,0,0,6799640,110,12,64719,0,9072000,0,865,0,27,0,9101360,6,1755354,0,0,vAsgUHXM47,RO12,taul,z3mO,h3JW,TsqM639,y2LIM03TrE,qZIR,9_Y1,8BBI,sJzTlal,zm5i,me75fM6ugJ,kIsH,uKAI,L84s,NhsEn4L,NGZXfGp,Tf8K,cJvF,FzaX,bDf87dl,oslk,BeDRkup,LM8l689qOp,453m,RAYp,F2FyR07IdsN7I
0,700,7,11676,52,65,0,286.96,0,1170798,0,5.433881,9,104,406,1382416,0,180022.2,0,0,8,16,-528760,395,18,29169,0,3289205,0,5000,0,36,0,4103120,16,0,0,0,qFpmfo8zhV,RO12,taul,1K8T,pdks,H9TCaks,V6XUlxabJ4VaD,jKCZ,9_Y1,7pVf,VpdQ,sYC_,me75fM6ugJ,kIsH,uKAI,L84s,NhsEn4L,beK4AFX,LqRJ,UYBR,FzaX,rSN88FJ,oslk,hW4EVJ2,jySVZNlOJy,wX53,RAYp,F2FyR07IdsN7I
0,315,0,0,44,55,8,186.64,0,2867412,0,5.481308,9,22,0,531176,0,266376,5,2,16,8,324254.4,370,6,0,0,11675800,631328,0,0,18,0,13309680,12,414630,0,0,qFpmfo8zhV,RO12,taul,1K8T,7gSz,2cBvY8M,yLQX8HOoy1,CucZ,9_Y1,_48V,sJzTlal,IYzP,me75fM6ugJ,kIsH,uKAI,L84s,NhsEn4L,mAja5EA,CSEX,cJvF,FzaX,V8hvOIl,oslk,oKEqhZX,LM8l689qOp,3Cy4,RAYp,F2FyR07IdsN7I
0,1883,7,128,140,175,64,166.56,0,0,0,6.671224,9,130,7,790576,0,11498.01,0,2,64,120,-85998.4,740,0,22041,0,230055,47030,45,0,27,37926,683872,22,15720,0,0,1YVvyx7IEC,2Knk1KF,taul,1K8T,lK27,PHNvXy8,_03xtaMIkk68B,7ypD,9_Y1,qaiO,VpdQ,haYg,NKv3VA1BpP,kIsH,uKAI,L84s,Ie_5MZs,OFqdri0,uNAv,cJvF,AU8_WTd,UF16siJ,zCkv,APgdzOv,jySVZNlOJy,szEZ,6fzt,Zy3gnGM
0,1575,7,208,320,400,72,220.08,0,3241026,0,2.831019,9,64,0,3323920,0,26171.4,35,24,120,112,101826.8,1100,102,5112,0,6403350,123800,90,0,9,900081,10465920,42,257514,0,0,P1WvyxLp3Z,RO12,taul,1K8T,ssAy,VjLkKKt,rBXcO9I,jQdr,9_Y1,vzJD,VpdQ,IYzP,me75fM6ugJ,kIsH,uKAI,L84s,NhsEn4L,cUQECyH,T4CM,UYBR,FzaX,7CP8jNM,oslk,kPWQhib,LM8l689qOp,xb3V,RAYp,F2FyR07IdsN7I
0,1267,7,52,84,105,72,166.56,0,222,0,2.779962,18,44,0,1099088,0,18291.87,0,0,16,32,229393.6,330,6,13599,0,17305,698654,460,0,9,2184,1960844,14,0,0,0,vAsgUHXM47,RO12,taul,1K8T,lK27,RJE7qGc,cxdC_rV,VCDy,9_Y1,STGZ,09_Q,IYzP,me75fM6ugJ,kIsH,uKAI,L84s,NhsEn4L,mAjbk_S,w1D4,cJvF,FzaX,bYAAQQR,oslk,hT0WUSq,LM8l689qOp,453m,RAYp,F2FyR07IdsN7I
0,875,7,4,120,150,40,286.96,0,3847572,0,4.551805,9,62,0,2534464,0,143472.3,5,4,32,32,-23370.72,685,54,7335,0,3564090,792020,195,0,0,554414,9218000,18,950424,0,0,HrWq9aXt5a,RO12,taul,1K8T,0Xwj,gRirkF8,_03xtaMIkk68B,x3o3,HLqf,Y9Bl,VpdQ,IYzP,me75fM6ugJ,sBgB,uKAI,Mtgm,NhsEn4L,NGZXfGp,604y,UYBR,FzaX,vcuv48t,oslk,OTXAgOW,LM8l689qOp,uWr3,RAYp,F2FyR07IdsN7I
0,154,14,2796,216,270,168,166.56,5,14316,0,1.538987,18,102,364,140104,0,23100.03,0,6,48,24,-1199244,670,24,150156,8,2257960,156796,2565,0,18,66528,2237968,46,57618,0,0,tr0rEyXktW,RO12,taul,1K8T,hoa9,I0KNNIa,y2LIM01bE1,YKtP,9_Y1,SkZj,sJzTlal,hAFG,me75fM6ugJ,kIsH,uKAI,L84s,XfqtO3UdzaXh_,XTbPUYD,S1Do,UYBR,FzaX,l3KfrxM,oslk,0Ya7A2G,LM8l689qOp,Aoh3,RAYp,F2FyR07IdsN7I
0,784,14,216,140,175,24,220.08,0,5837136,0,1.789361,45,136,28,4147200,0,226183.8,15,0,32,48,325970.4,525,72,1629,0,4399705,13046,495,0,18,0,10547680,22,0,0,0,GcUt0G8rTN,2Knk1KF,taul,1K8T,NF63,m64viRg,VFlefbgZb2VDpkoH,arA5,9_Y1,k13i,09_Q,itlM,me75fM6ugJ,kIsH,uKAI,L84s,XfqtO3UdzaXh_,11p4mKe,rVRa,UYBR,FzaX,hLKDGtr,oslk,LpMyovK,LM8l689qOp,fKCe,RAYp,55YFVY9
0,322,0,0,52,65,56,253.52,0,0,0,3.010041,9,26,0,0,3,186103.8,0,4,8,0,-595752,355,0,0,8,157205,1187030,0,0,9,604800,3191024,8,1036800,0,0,N_vrjIXt5a,RO12,taul,1K8T,0Xwj,K7q6hIp,p528EHj,1Di2,HLqf,nr0d,VpdQ,IYzP,DHn_WUyBhW_whjA88g9bvA64_,sBgB,uKAI,L84s,CrNX,jawXxsX,aMfr,cJvF,FzaX,2DU0qVH,d0EEeJi,nLpCvKT,jySVZNlOJy,5Acm,nIGXDli,F2FyR07IdsN7I
0,602,7,2792,316,395,160,109.68,0,0,0,6.563341,9,128,189,48864,0,2155.794,0,0,0,64,2224.572,1115,0,88011,0,156295,33336,220,0,9,0,216140,102,0,0,0,P1WvyxLp3Z,2Knk1KF,taul,1K8T,R4_H,nLJVdmm,V_KvNzO,UC7i,9_Y1,lXxA,VpdQ,wMei,me75fM6ugJ,kIsH,uKAI,L84s,h0lfDKh52u4GP,IoI4mKe,UdjJ,UYBR,OFWH,sy7fR8o,oslk,QPHTy9x,LM8l689qOp,xb3V,RAYp,55YFVY9
0,791,7,240,160,200,64,301.6,0,3294486,0,6.925016,9,64,49,2506224,0,199094.7,20,6,40,40,135106.4,560,42,18171,0,4227985,1168742,1105,0,9,0,10694840,26,1425642,0,0,eOQgUHShse,RO12,taul,1K8T,JLbT,WkHrLeh,9YuYZx0Xsm,Mx5G,9_Y1,RVjC,VpdQ,sYC_,me75fM6ugJ,kIsH,uKAI,Mtgm,NhsEn4L,kZJXxsX,9haV,UYBR,FzaX,MPav4zN,oslk,kEYAGfT,jySVZNlOJy,FSa2,RAYp,F2FyR07IdsN7I
0,987,7,2632,124,155,0,220.08,0,11404800,0,3.664815,18,146,14,0,0,164535.3,45,0,32,0,206084.4,535,132,55674,0,0,0,1920,0,27,0,10654080,0,0,0,0,dRaq9ayE15,2Knk1KF,taul,1K8T,z32l,x8bo8ot,hOpRIhsUSP,jrUy,9_Y1,vm5R,09_Q,hAFG,me75fM6ugJ,kIsH,uKAI,L84s,XfqtO3UdzaXh_,11p4mKe,9eg8,UYBR,FzaX,tS16hzI,oslk,vHkTy9x,jySVZNlOJy,7P5s,RAYp,55YFVY9
0,1792,7,1292,380,475,56,286.96,0,8104140,0,5.256997,9,144,0,409448,0,87978.3,105,22,64,160,17314.84,1140,138,129483,0,2087810,86184,170,0,18,54572,9993240,26,53118,0,0,npOt0G8EIb,2Knk1KF,taul,1K8T,2Ix5,d1uSYVk,V6XUlxabJ4VaD,553,9_Y1,k13i,VpdQ,sYC_,me75fM6ugJ,kIsH,uKAI,L84s,NhsEn4L,beK4AFX,Y6pT,UYBR,FzaX,7Om87dl,oslk,ZXdOTZB,LM8l689qOp,fKCe,RAYp,55YFVY9
0,679,7,0,24,30,8,166.56,0,0,0,2.706046,9,92,0,3180984,0,203344.2,0,2,8,8,9076.16,350,0,270,0,4003235,1209600,15,0,18,0,9631480,6,3628800,0,0,P1WvyxLp3Z,PomAbFU,taul,1K8T,0Xwj,9GJGgoz,glRBFJT8NN,UC7i,HLqf,lXxA,VpdQ,sYC_,Kxdu,sBgB,uKAI,L84s,FMSzZ91zL2,TDcVjuN,UdjJ,UYBR,FzaX,Tvpip6Z,zCkv,hHJsvbM,jySVZNlOJy,xb3V,6fzt,F2FcTt7IdMT_v
0,1540,28,452,272,340,72,166.56,0,428976,0,3.806665,36,32,7,160744,0,6886.05,35,22,160,136,68210,885,126,8343,0,137475,15488,125,0,0,27629,582564,6,68988,0,0,xearjIX0Db,RO12,taul,1K8T,IvdZ,oYenjxa,FoJylxy,z702,9_Y1,VILw,VpdQ,IYzP,me75fM6ugJ,kIsH,uKAI,L84s,NhsEn4L,mAjbk_S,yMaV,cJvF,Lmli,lK7KVq0,oslk,AnY9Iwb,LM8l689qOp,5Acm,RAYp,F2FyR07IdsN7I
0,2632,7,84,144,180,40,286.96,0,3724440,0,3.683187,9,88,154,1267216,0,73852.5,20,8,32,16,129352,610,48,19701,0,4395640,792010,1380,0,27,554407,10751560,26,1900836,0,0,qXh9tYsdof,RO12,taul,1K8T,pJUk,kJ1ERUT,hOpRIhsUSP,ce5b,9_Y1,YULl,09_Q,Tkho,7M47J5GA0pTYIFxg5uy,kIsH,7A3j,L84s,leSl,kZJa5EA,8fRY,UYBR,FzaX,MMTJrCp,QKW8DRm,Rkj9jvX,LM8l689qOp,FSa2,vJ_w8kB,WfJ2BB2SFSqauljlfOB
0,945,7,196,120,150,0,186.64,0,0,0,4.906003,9,38,70,5529600,0,168160.2,0,0,32,64,104011.6,485,0,8019,0,9504000,0,80,0,27,0,10368000,44,0,0,0,tr0gUH7ejg,RO12,taul,1K8T,vSNn,G6aMVop,V6XUlxabJ4VaD,caxd,9_Y1,m_h1,VpdQ,IYzP,me75fM6ugJ,kIsH,uKAI,L84s,NhsEn4L,mAja5EA,LxvM,UYBR,FzaX,Xsgmfvd,oslk,uBYMak1,LM8l689qOp,WqMG,RAYp,F2FyR07IdsN7I
0,2198,7,4296,452,565,8,166.56,0,2241912,0,3.781244,18,78,868,4258144,0,55037.7,0,2,32,56,135845.2,3425,144,14364,0,7783900,172800,6110,0,0,0,10542000,160,518400,0,0,2jiWq69cTy,RO12,taul,1K8T,8qEx,6CXYbuk,FsDMvLF,NKTj,9_Y1,0A_v,09_Q,IYzP,Kxdu,kIsH,uKAI,Mtgm,9pUnzWLbztKTo,y5FiGpF,tunS,UYBR,FzaX,ROeipLp,zCkv,K2SqEo9,jySVZNlOJy,PM2D,6fzt,am14IcfM7tWLrUmRT52KtA
0,497,0,0,156,195,48,267.44,0,4616754,0,3.373424,18,18,0,3056640,0,82924.5,20,2,32,56,224133.2,1165,66,0,0,3101855,950456,0,0,0,554477,10314160,20,475266,0,0,HYTvyx7ejg,RO12,taul,1K8T,R4_H,T2e7I6V,CbcWkL1DRg48F,Wq93,9_Y1,xSqs,09_Q,IYzP,7M47J5GA0pTYIFxg5uy,kIsH,uKAI,L84s,NhsEn4L,NGZxnJM,5wE5,cJvF,FzaX,ACmTklq,oslk,rDbG_aX,LM8l689qOp,szEZ,ZI9m,F2FyR07IdsN7I
0,868,14,28,124,155,80,200,0,4147200,0,2.278573,27,126,0,0,0,217404,25,10,40,0,89047.6,525,48,81,0,1135505,1728000,25,0,9,0,10439440,6,2592000,0,0,1KSTmBQxul,2Knk1KF,taul,1K8T,PGNs,PHNvXy8,4yWMlN5Mv1,jCG1,9_Y1,TjV7,VpdQ,sYC_,NKv3VA1BpP,kIsH,uKAI,Mtgm,Ie_5MZs,ORMZZWh,FCXE,UYBR,qxDb,UF16siJ,zCkv,APgdzOv,M_8D,FSa2,6fzt,Zy3gnGM
0,1421,7,2016,408,510,88,350.88,0,3827058,0,2.369793,18,170,28,1681808,0,89810.41,50,12,88,104,9058.72,1320,90,62307,0,4256210,390260,9205,0,27,1088724,9335160,94,1140606,0,0,vAsvyx7ejg,2Knk1KF,taul,1K8T,mAW3,YDGnFi6,P9HTde2,2v2H,9_Y1,f4dr,VpdQ,haYg,me75fM6ugJ,kIsH,uKAI,Mtgm,XfqtO3UdzaXh_,XTbPUYD,gRNU,cJvF,FzaX,DI4fGrO,oslk,qPM2pc5,LM8l689qOp,szEZ,RAYp,TCU50_Yjmm6GIBZ0lL_
0,1260,7,400,236,295,96,233.44,0,229806,0,5.451827,9,146,161,1316472,0,46014.3,25,2,40,56,-144640.4,860,42,8091,0,2313265,296250,220,0,18,290374,3309812,54,61332,0,0,voArjIXt5a,2Knk1KF,taul,1K8T,80HR,ClIoukx,4hMlgkf58mhwh,PT8k,9_Y1,xQ2A,VpdQ,kxE9,me75fM6ugJ,kIsH,uKAI,L84s,h0lfDKh52u4GP,IoI4mKe,MyG0,UYBR,FzaX,KjR6w_1,oslk,nKcTL5Q,jySVZNlOJy,5Acm,RAYp,55YFVY9
0,1960,7,13736,432,540,304,166.56,0,295044,0,0.2913907,18,238,63,1685216,0,34512.6,10,20,144,224,122140.4,1440,12,14535,0,901575,478162,570,0,36,700357,3550800,56,654246,0,0,V8lBcmz45j,msph93375qXRfw6hcMceRRIDdmHq8wn,CiJDdr4TQ0rGERIS,1K8T,YPhp,fhk21Ss,DKUDUftgA7,LvoD,9_Y1,EwzD,VpdQ,y6dw,7M47J5GA0pTYIFxg5uy,kIsH,uKAI,L84s,_5OXC8MSLt,LxWhDOK,oMyZ,UYBR,FzaX,4UxGlow,oslk,catzS2D,M_8D,Qcbd,ZI9m,VjDE
0,910,7,132,232,290,24,253.52,0,5115408,0,6.133732,9,56,0,1449488,0,202336.8,40,0,40,64,182383.2,695,66,2871,0,4328590,174496,485,0,0,604800,10448800,56,0,0,0,HrWq9aXt5a,RO12,taul,1K8T,JLbT,AAScNhj,nJy8d8N5V7yiy,oOBU,9_Y1,6TCl,VpdQ,IYzP,me75fM6ugJ,kIsH,uKAI,Mtgm,NhsEn4L,kq0n8Bj,fX9f,cJvF,FzaX,CjQAfvB,oslk,JaZwBif,jySVZNlOJy,uWr3,RAYp,F2FyR07IdsN7I
0,672,7,152,128,160,16,286.96,0,3356568,0,3.183935,9,32,0,4147200,0,201031.5,10,2,24,48,32697.44,520,42,3105,0,5569700,182346,20,0,0,0,9900760,28,116742,0,0,v0Nt0Go8Lb,RO12,taul,1K8T,7gSz,6CXYbuk,VqnbMThC8i,lT2l,9_Y1,Z5OU,sJzTlal,IYzP,Kxdu,kIsH,uKAI,Mtgm,9pUnzWLbztKTo,mAj8aDu,cFnI,UYBR,FzaX,ROeipLp,zCkv,K2SqEo9,LM8l689qOp,Qu4f,6fzt,am14IcfM7tWLrUmRT52KtA
0,322,7,392,16,20,0,166.56,0,0,0,2.217261,18,96,56,0,0,118977.9,0,0,0,0,-214604.4,135,0,729,0,12096000,0,230,0,18,0,9676800,8,0,0,0,tr0Wq69cTy,RO12,taul,1K8T,j1T2,vzvxpjZ,r83_sZi,Y8Xa,9_Y1,Px52,VpdQ,sYC_,me75fM6ugJ,kIsH,uKAI,L84s,NhsEn4L,beK4AFX,mDWm,UYBR,FzaX,_DWjlYU,oslk,wU9Yw04,jySVZNlOJy,PM2D,RAYp,F2FyR07IdsN7I
0,924,7,220,228,285,320,166.56,0,0,0,6.1442,9,74,0,693848,0,18017.97,0,12,56,48,-1324248,835,0,5409,0,231520,328696,595,0,0,393624,1286116,10,144876,0,0,64ngUH7IEC,RO12,taul,1K8T,JLbT,WkHCdxD,_UtlxbJ,PhgR,9_Y1,m_h1,VpdQ,sYC_,me75fM6ugJ,kIsH,uKAI,L84s,NhsEn4L,y5FCfxT,lRxw,UYBR,FzaX,scZOjel,oslk,MM1zrB7,LM8l689qOp,WqMG,RAYp,F2FyR07IdsN7I
0,2492,28,760,164,205,56,220.08,0,4907340,0,2.994446,36,42,28,1165704,0,78924.59,30,4,72,56,101188.4,1445,66,657,0,2737515,866518,320,0,9,949403,10134520,16,1036800,0,0,639qrQK2Mx,RO12,taul,1K8T,AHgj,2qn9haC,UFIdC8I,wSbJ,9_Y1,15m3,VpdQ,zm5i,me75fM6ugJ,kIsH,uKAI,L84s,NhsEn4L,kZJtVhC,2JXr,cJvF,FzaX,azMLFbQ,oslk,PgWxo0k,LM8l689qOp,FSa2,RAYp,F2FyR07IdsN7I
0,1239,7,128,176,220,32,470.08,5,5826384,0,6.267678,9,36,21,1961080,0,132096,30,2,48,48,107216,750,96,44253,8,3111425,534002,1610,0,18,63854,10293320,22,518400,0,0,1JGqrQKzJV,RO12,taul,1K8T,TyGl,0Sn_9E2,LWyFlLYrMm,WR_p,9_Y1,15m3,VpdQ,IYzP,me75fM6ugJ,kIsH,uKAI,L84s,NhsEn4L,mAja5EA,nvAG,UYBR,FzaX,rHB3PT5,oslk,Nzzhnk3,LM8l689qOp,FSa2,RAYp,F2FyR07IdsN7I
0,2093,14,2680,360,450,256,200,0,6390,0,3.57445,18,100,14,232800,0,9289.11,5,14,104,128,-71706.4,1015,6,22770,0,297350,160096,710,0,9,137823,758160,66,118044,0,0,hSogUHXZeb,RO12,taul,1K8T,h3JW,qbzATNu,X9fK9Q1,ZGea,9_Y1,STGZ,09_Q,IYzP,me75fM6ugJ,kIsH,uKAI,L84s,NhsEn4L,beK4AFX,B4IZ,UYBR,FzaX,Oj69oV7,oslk,7IeAGfT,LM8l689qOp,453m,RAYp,F2FyR07IdsN7I
0,2380,7,684,416,520,136,166.56,0,2862,0,4.135869,9,48,77,275632,0,3214.8,10,6,120,240,21279.28,1525,12,4329,0,376560,45266,185,0,9,23548,552476,100,29256,0,0,dRavyx7ejg,RO12,taul,1K8T,lK27,pKHV6tQ,_UtlxbJ,tgzr,9_Y1,RcM7,VpdQ,43pnToF,me75fM6ugJ,kIsH,uKAI,L84s,NhsEn4L,mAjbk_S,opJC,cJvF,FzaX,ROefGrO,oslk,0VTT3Cb,LM8l689qOp,szEZ,RAYp,F2FyR07IdsN7I
0,889,7,3976,128,160,0,253.52,0,1036800,0,4.455672,9,108,161,5529600,0,182640.3,5,0,32,64,125255.2,510,12,16254,0,8828550,0,690,0,36,1209600,10554200,42,0,0,0,zcROj17IEC,RO12,taul,1K8T,JLbT,9LEbiah,jt3xMpI_cxIIW,IXTB,9_Y1,iVbl,09_Q,haYg,me75fM6ugJ,kIsH,uKAI,L84s,XfqtO3UdzaXh_,XTbPUYD,BedE,cJvF,FzaX,Q5BOZ4E,oslk,Pbo79_c,LM8l689qOp,7aLG,RAYp,F2FyR07IdsN7I
0,854,7,0,156,195,40,253.52,0,4133370,0,4.920957,9,110,0,1271656,0,202752,20,10,32,24,165953.2,465,60,2637,0,3387570,787382,15,0,18,554407,10527480,24,2376030,0,0,2jirEyXktW,w9ygS99Qp_,taul,1K8T,LLPZ,QZivpGW,MXlhT5l,iBMC,9_Y1,SkZj,09_Q,TIA9,DHn_WUyBhW_whjA88g9bvA64_,kIsH,uKAI,L84s,CrNX,AuSBTw7,UX1Z,cJvF,FzaX,_95aCXf,d0EEeJi,QC1PLsZ,LM8l689qOp,Aoh3,nIGXDli,R4y5gQQWY8OodqDV
0,987,7,468,124,155,0,20.08,0,5682,0,1.556719,9,34,28,5529600,3,168702.9,0,0,32,64,99496.8,480,6,22194,8,9504000,0,320,0,9,0,10371800,44,0,0,0,oyGrjIXt5a,RO12,taul,1K8T,sKnY,j9nq_S5,V4Eytg4LiC,I7yc,9_Y1,xQ2A,09_Q,zm5i,me75fM6ugJ,kIsH,uKAI,L84s,NhsEn4L,kZJtVhC,G40E,cJvF,FzaX,do06V3V,oslk,AmO2pc5,LM8l689qOp,5Acm,RAYp,F2FyR07IdsN7I
0,742,7,2384,160,200,40,166.56,0,22338,0,5.633839,18,178,161,3341976,0,109357.5,0,0,32,72,189431.2,535,18,80406,0,4975135,276626,4365,0,36,1337525,6219240,46,0,0,0,eOQt0GoOh3,rEUOq2QD1qfkRr6qpua,taul,1K8T,W5sH,fhk21Ss,I1s81Dlb7R,fW3T,9_Y1,C7DI,09_Q,y6dw,7M47J5GA0pTYIFxg5uy,kIsH,uKAI,L84s,leSl,_JdVHc_,E80k,UYBR,FzaX,4UxGlow,QKW8DRm,catzS2D,jySVZNlOJy,Qu4f,ZI9m,ib5G6X1eUxUn6
0,1015,14,1188,124,155,0,220.08,0,5084124,0,6.253151,27,96,147,1973648,0,157386,25,0,24,24,105460.8,540,60,19305,0,5309900,0,535,0,27,0,10185080,26,0,0,0,mzKvyx8zhV,RO12,taul,1K8T,ujBx,IoVviRg,Tg7jjBB,VvmD,9_Y1,7WNq,VpdQ,hAFG,me75fM6ugJ,kIsH,uKAI,L84s,XfqtO3UdzaXh_,XTbPUYD,cQFy,cJvF,FzaX,VoPOjel,oslk,Zc82Oqu,LM8l689qOp,WqMG,RAYp,F2FyR07IdsN7I
0,805,7,2612,124,155,0,173.2,0,0,0,6.180944,9,114,154,5529600,0,228337.8,0,0,32,64,189489.6,475,0,16056,0,9881700,0,1795,0,27,0,10670160,46,0,0,0,Yddq9ayE15,2Knk1KF,taul,1K8T,R4_H,M0FOkab,Gai9lEF2Fr,rlx_,9_Y1,F_Lu,09_Q,hAFG,me75fM6ugJ,kIsH,uKAI,L84s,XfqtO3UdzaXh_,XTbPUYD,TddH,UYBR,FzaX,sTyfql_,oslk,XBfOTZB,jySVZNlOJy,TNEC,RAYp,55YFVY9
0,714,7,548,196,245,144,133.12,0,0,0,6.687033,9,68,0,722536,0,17597.28,0,10,56,104,126833.2,625,0,5958,0,204020,164764,320,0,9,236726,954960,26,151422,0,0,a4vPe2fHUn,eSGpMwS8zSGgq_trOpckZ5,taul,1K8T,lK27,cLzAEa8,F_hm2Ty,sOYL,9_Y1,mTeA,sJzTlal,hAFG,GjJ35utlTa_GNSvxxpb9ju,kIsH,uKAI,L84s,UbxQ8lZ,beKAhVm,upnW,UYBR,FzaX,eJsahzR,Al6ZaUT,oGFpfap,LM8l689qOp,FSa2,02N6s8f,R4y5gQQWY8OodqDV
0,266,0,0,328,410,120,321.68,0,3953892,0,4.864346,9,16,0,2279512,0,99676.2,15,10,56,48,126747.6,850,132,0,0,3129770,1027362,0,0,0,171941,9765680,62,1676484,0,0,4e7gUH7IEC,RO12,taul,1K8T,vSNn,4rXXVr0,7OQTfyc,xDuL,9_Y1,1Bp0,sJzTlal,IYzP,me75fM6ugJ,kIsH,uKAI,L84s,NhsEn4L,NGZxnJM,Bt51,cJvF,FzaX,I3fYWu3,oslk,ERyzF_Q,LM8l689qOp,WqMG,RAYp,F2FyR07IdsN7I
0,805,14,4700,124,155,32,220.08,0,9190380,0,0.7105319,27,158,518,0,0,80024.41,30,4,24,0,486244,535,108,10143,0,247020,661340,1965,0,18,0,10412040,2,1036800,0,0,75lr4RXktW,rEUOq2QD1qfkRr6qpua,taul,1K8T,dWQK,fhk21Ss,LH0kFz12FM,ZnGO,9_Y1,TFSW,09_Q,hAFG,7M47J5GA0pTYIFxg5uy,kIsH,uKAI,L84s,XfqtO3UdzaXh_,XTbPUYD,15Ex,cJvF,FzaX,4UxGlow,oslk,catzS2D,LM8l689qOp,Xa3G,ZI9m,ib5G6X1eUxUn6
0,5691,14,3896,2012,2515,568,206.64,0,420924,0,4.429823,18,100,1099,1993248,0,4546.71,160,94,488,480,168220.8,6380,666,13752,0,1758425,435436,920,0,18,189483,3948228,364,472644,0,0,zcROj17IEC,RO12,taul,1K8T,IGdn,j9nysxi,lGXpFd_2Rf,6tlP,9_Y1,iVbl,09_Q,Tkho,me75fM6ugJ,kIsH,uKAI,L84s,NhsEn4L,kq0aHkC,HmRG,cJvF,AU8_WTd,VDdOw16,oslk,M6DOtEt,jySVZNlOJy,7aLG,RAYp,F2FyR07IdsN7I
0,1442,7,80,128,160,0,186.48,0,265848,0,2.149968,45,136,35,6220248,0,131162.1,0,0,32,72,152065.2,720,6,74304,0,9281900,0,205,0,27,0,10712880,44,0,0,0,DHevyx7IEC,2Knk1KF,taul,1K8T,TyGl,1QDnXdh,ilrY4YM,2k9D,9_Y1,RcM7,09_Q,hAFG,me75fM6ugJ,kIsH,uKAI,L84s,XfqtO3UdzaXh_,OFqmdNV,A1VJ,UYBR,FzaX,dukfSEp,oslk,PNQEVaf,jySVZNlOJy,szEZ,RAYp,55YFVY9
0,1015,7,1760,184,230,56,286.96,0,7655820,0,6.000641,9,122,329,1375728,0,159938.1,15,8,32,80,113318,665,102,7461,0,960350,1084620,485,0,27,604800,10572040,10,1594854,0,0,bt0mfo875g,2Knk1KF,taul,1K8T,lK27,PHNvXy8,y2LIM01bE1,y3h2,9_Y1,wGwL,09_Q,6JmL,NKv3VA1BpP,kIsH,uKAI,L84s,Ie_5MZs,teAY_NX,sBg9,cJvF,FzaX,UF16siJ,zCkv,APgdzOv,LM8l689qOp,wX53,6fzt,Zy3gnGM
0,1148,7,2576,216,270,48,253.52,0,8279340,0,3.734245,9,94,210,768696,0,179101.2,35,4,104,72,118732.8,865,102,28350,0,819205,697750,5880,0,27,742,10409760,26,1036800,0,0,1GdOj17ejg,RO12,taul,1K8T,4fje,au1nqNs,glRBFJT8NN,3Ivc,9_Y1,iVbl,VpdQ,haYg,me75fM6ugJ,kIsH,uKAI,Mtgm,XfqtO3UdzaXh_,11p4mKe,bRgG,UYBR,FzaX,_PxA1m8,oslk,vUcOEra,jySVZNlOJy,7aLG,RAYp,F2FyR07IdsN7I
0,273,0,0,128,160,56,320.4,0,1842030,0,6.360607,9,22,0,1287536,0,82002.3,5,4,32,40,-1062180,465,30,0,0,1124385,779066,0,0,9,0,5070040,24,592482,0,0,KXMWq69R_D,RO12,taul,1K8T,ssAy,6KF0k8W,XpZBOej,wUvJ,9_Y1,Px52,VpdQ,zm5i,me75fM6ugJ,kIsH,uKAI,Mtgm,NhsEn4L,kZJtVhC,bWrE,cJvF,FzaX,ot6oLzk,oslk,IIvC99a,LM8l689qOp,PM2D,RAYp,F2FyR07IdsN7I
0,840,7,4192,140,175,32,259.28,0,4752120,0,3.403119,9,130,0,2534464,0,207004.8,15,4,32,32,136488,525,60,31689,0,4410000,479688,50,0,9,554414,10506720,24,950424,0,0,npOBcmzkzH,2Knk1KF,LfvqpCtLOY,1K8T,JLbT,WkHrLeh,JQFeOYK,VBUU,9_Y1,yrDU,VpdQ,sYC_,me75fM6ugJ,kIsH,uKAI,L84s,NhsEn4L,beK4AFX,AFiH,UYBR,FzaX,MPav4zN,oslk,kEYAGfT,LM8l689qOp,Qcbd,RAYp,55YFVY9
0,3780,28,10624,1540,1925,312,220.08,0,5017860,0,6.912839,45,146,2016,514432,0,17623.62,330,42,600,240,121848.8,6250,762,28773,0,838305,1750458,2130,0,18,17276,10484680,204,1139556,0,0,TfiWq69R_D,2Knk1KF,taul,1K8T,PbOJ,F0DwkuM,iDskMGe,9Vmd,9_Y1,RVjC,09_Q,sYC_,me75fM6ugJ,kIsH,uKAI,L84s,NhsEn4L,beK4AFX,OtII,UYBR,FzaX,FmXv4zN,oslk,WJO2Oqu,LM8l689qOp,FSa2,RAYp,55YFVY9
0,5425,7,1416,1584,1980,552,86.96,0,4402248,0,3.106387,9,34,35,2687144,12,32634.3,155,74,584,528,137087.2,5080,456,5220,32,4229440,605616,4550,0,9,392434,10679920,234,931176,0,0,1nlTmBtueT,RO12,taul,1K8T,AnrR,Nn3SLMn,EXpWEXgaYWQf4,wcvQ,9_Y1,C6Eu,VpdQ,zm5i,me75fM6ugJ,kIsH,uKAI,L84s,NhsEn4L,kZJtVhC,0Ycp,cJvF,FzaX,3OJ8hdx,oslk,nezO_7b,LM8l689qOp,rgKb,RAYp,F2FyR07IdsN7I
0,1435,7,88,204,255,80,220.08,10,6459300,0,2.999146,9,38,7,35320,0,120217.2,40,0,48,16,-5028.56,705,96,30978,16,1279605,404932,1430,0,9,0,8780360,30,0,0,0,DHerjIKQ76,RO12,taul,1K8T,487l,innngaa,Tg7jjBB,jhq_,9_Y1,7WNq,VpdQ,zm5i,me75fM6ugJ,kIsH,uKAI,L84s,NhsEn4L,kZJtVhC,aMI6,cJvF,FzaX,1FARoKG,oslk,CnZoIp0,LM8l689qOp,WqMG,RAYp,F2FyR07IdsN7I
0,1673,7,984,184,230,168,166.56,0,0,0,2.396924,9,56,0,705336,0,49427.7,0,22,72,72,-109551.6,710,0,10422,0,110065,781832,1415,0,9,301539,2570108,10,848586,0,0,oyGrjIXt5a,RO12,taul,1K8T,vsvk,B5nc5gJ,V_KvNzO,ps76,9_Y1,Nbbb,VpdQ,lVqb,me75fM6ugJ,kIsH,uKAI,L84s,XfqtO3UdzaXh_,11p4mKe,r5s6,cJvF,FzaX,CJTY_02,oslk,ygD7j0h,LM8l689qOp,5Acm,RAYp,F2FyR07IdsN7I
0,1491,35,6672,304,380,192,166.56,0,730908,0,1.519974,45,170,210,1983888,0,35135.7,15,10,48,88,-628524,965,30,23661,0,1282535,463844,1865,0,9,1274,4541320,56,1232934,0,0,UCDvyx8zhV,AERks4l,taul,1K8T,0Xwj,fhk21Ss,glRBFJT8NN,utb0,HLqf,MBhA,VpdQ,haYg,7M47J5GA0pTYIFxg5uy,sBgB,uKAI,L84s,4kVnq_T26xq1p,11p3sk4,w3bT,cJvF,FzaX,4UxGlow,zCkv,catzS2D,LM8l689qOp,WqMG,ZI9m,ib5G6X1eUxUn6
0,2135,7,64,544,680,304,200,0,208422,0,6.518906,9,56,0,775040,0,27481.17,15,28,128,168,-158691.6,2195,48,1359,0,2040370,649814,1350,0,0,57302,3899932,104,630186,0,0,vAsgUHXM47,RO12,taul,1K8T,h3JW,WIUdTJr,LJF4fPp,MUK5,9_Y1,LqKm,VpdQ,IYzP,me75fM6ugJ,kIsH,uKAI,L84s,NhsEn4L,mAjbk_S,NALT,cJvF,FzaX,ALC68SY,oslk,9JvQQMs,LM8l689qOp,453m,RAYp,F2FyR07IdsN7I
0,322,0,0,136,170,40,290.64,0,4752120,0,6.95471,18,24,0,2534464,0,144469.5,20,4,40,32,30332.72,530,60,0,0,3196975,792020,0,0,18,554414,10477800,18,950424,0,0,FAJWq69cTy,RO12,taul,1K8T,8qEx,jJ_nXHo,0ZlStaN,OFh8,9_Y1,Px52,VpdQ,zm5i,me75fM6ugJ,kIsH,uKAI,L84s,NhsEn4L,kZJtVhC,_SNV,UYBR,OFWH,uyr88FJ,oslk,FlVqhZX,jySVZNlOJy,PM2D,RAYp,F2FyR07IdsN7I
0,357,0,0,44,55,16,230.56,0,3504432,0,3.088016,9,22,0,0,0,216657,10,0,16,0,-154427.6,450,18,0,0,652950,1403280,0,0,9,0,8364360,8,0,0,0,V8lBcmz45j,RO12,taul,1K8T,tXti,xUTqnbN,LWyFlLYrMm,QBBG,9_Y1,WGOH,VpdQ,zm5i,me75fM6ugJ,kIsH,uKAI,Mtgm,NhsEn4L,uZLuNea,3lLH,UYBR,FzaX,LwGVino,oslk,xYH_Q4n,LM8l689qOp,Qcbd,RAYp,F2FyR07IdsN7I
0,3962,7,2888,540,675,264,351.12,5,1849614,0,4.540483,9,184,238,2123208,0,41797.5,145,18,152,112,326718.4,1435,78,89793,8,2966055,815510,1400,0,54,1337749,8217480,74,1691652,0,0,EsYq9atbb6,2Knk1KF,taul,1K8T,5B99,fhk21Ss,CaX96f2,sRth,9_Y1,KfYH,VpdQ,oZyB,7M47J5GA0pTYIFxg5uy,kIsH,g5HH,L84s,TVE1uh4F_wOi_,CWN6Q2Z,yt5k,cJvF,FzaX,4UxGlow,zCkv,catzS2D,M_8D,me1d,ZI9m,iyHGyLCEkQ
0,665,7,1264,60,75,40,291.84,5,1331706,9,1.255501,9,112,21,1267272,0,209926.8,0,0,8,16,-701328,255,18,126513,16,1881550,610462,450,0,27,0,4247600,10,0,0,0,1JGr4RKzJV,RO12,taul,1K8T,pJUk,cfdrWlZ,yLQX8HOoy1,7XmG,9_Y1,DtNL,09_Q,6JmL,7M47J5GA0pTYIFxg5uy,kIsH,uKAI,L84s,TW8UhnX,beKflXJ,br78,UYBR,FzaX,hLKJbH2,QKW8DRm,vr9adAY,LM8l689qOp,FSa2,vJ_w8kB,WfJ2BB2SFSqauljlfOB
0,1064,7,116,180,225,136,233.44,0,369690,0,3.399274,9,132,0,694440,0,35544.9,20,6,64,96,-26170.8,495,36,5499,0,99400,140888,180,0,9,0,1315288,6,71046,0,0,bZkvyxLkBI,2Knk1KF,taul,1K8T,UpNf,fhk21Ss,laBIaGO4YM,2XTi,9_Y1,vzJD,VpdQ,IYzP,7M47J5GA0pTYIFxg5uy,kIsH,uKAI,L84s,NhsEn4L,beK4AFX,tBqy,cJvF,FzaX,4UxGlow,oslk,catzS2D,LM8l689qOp,xb3V,ZI9m,55YFVY9
0,861,7,0,132,165,24,253.52,0,4752126,0,3.34843,9,34,0,1267240,0,191930.7,25,6,32,16,142612.4,515,60,2214,0,3960105,475212,135,0,18,554414,10454680,20,1425636,0,0,UCDvyx8zhV,RO12,taul,1K8T,Guv5,eDdCzkM,_jTP8ioIlJ,uG5M,9_Y1,3NyY,VpdQ,IYzP,me75fM6ugJ,kIsH,uKAI,L84s,NhsEn4L,mAjbk_S,494u,cJvF,FzaX,t9iOtFs,oslk,IDnz_Kt,LM8l689qOp,WqMG,RAYp,F2FyR07IdsN7I
0,371,0,64,116,145,64,200,0,0,0,6.633839,9,38,0,114568,0,16938.33,0,8,24,64,-129309.6,300,0,1746,0,68150,118506,0,0,9,106659,469436,18,180930,0,0,6m0t0G8rTN,RO12,taul,1K8T,TyGl,qEdASpP,n1E9khuGED,D3bX,9_Y1,k13i,09_Q,IYzP,me75fM6ugJ,kIsH,uKAI,Mtgm,NhsEn4L,mAja5EA,5wFP,UYBR,FzaX,0AJo2f2,oslk,2Kb5FSF,LM8l689qOp,fKCe,RAYp,F2FyR07IdsN7I
0,1113,7,52,124,155,0,220.08,0,8294400,0,3.681478,18,96,0,1172344,0,125994.3,35,0,32,16,99750.4,485,96,93618,0,2439125,0,5,0,18,0,10486320,12,0,0,0,NESt0G8EIb,RO12,taul,1K8T,lK27,1QD5ha2,y2LuFUfSEo,arA5,9_Y1,k13i,VpdQ,sYC_,me75fM6ugJ,kIsH,uKAI,L84s,NhsEn4L,beK4AFX,rVRa,UYBR,FzaX,eNC8jNM,oslk,L3az_Kt,LM8l689qOp,fKCe,RAYp,F2FyR07IdsN7I
0,2898,7,1576,592,740,184,266.88,0,810618,0,2.208289,9,50,7,1148568,0,20114.01,15,22,120,336,-75700.8,1620,24,10008,0,1142575,149918,1620,0,0,249109,2744728,130,338250,0,0,JMGq9aXt5a,RO12,taul,1K8T,L80O,cdAO9Nm,hOpRIhsUSP,YVDi,9_Y1,Y9Bl,VpdQ,IYzP,me75fM6ugJ,kIsH,uKAI,Mtgm,NhsEn4L,mAjbk_S,xIX5,cJvF,FzaX,s03jbzC,oslk,laR6FsY,LM8l689qOp,uWr3,RAYp,F2FyR07IdsN7I
0,1302,14,644,236,295,40,133.12,0,0,0,2.745567,27,84,98,8248,0,3913.44,5,4,16,16,-48179.2,940,0,5076,0,161815,7756,320,0,18,3794,157416,98,3252,0,0,8I1q9ayE15,RO12,taul,1K8T,JLbT,I6B7C3_,_jTP8ioIlJ,gsgF,9_Y1,pQsY,VpdQ,6JmL,me75fM6ugJ,kIsH,uKAI,L84s,XfqtO3UdzaXh_,11p4mKe,Z5vz,UYBR,FzaX,AI5YWu3,oslk,H2lRusu,LM8l689qOp,TNEC,RAYp,F2FyR07IdsN7I
0,3241,7,36,220,275,56,33.44,0,0,0,5.545824,9,32,0,54632,3,32547.9,0,4,56,144,-50075.6,680,0,3825,8,52230,3840,850,0,18,8428,81736,56,7434,0,0,qXh9tYsdof,RO12,taul,1K8T,487l,_A3lbGp,Vxueejji0f,18g2,9_Y1,YULl,VpdQ,zm5i,me75fM6ugJ,kIsH,uKAI,L84s,NhsEn4L,kZJtVhC,2ozN,UYBR,FzaX,ErGY_02,oslk,a4oQQMs,LM8l689qOp,FSa2,RAYp,F2FyR07IdsN7I
0,777,0,0,140,175,40,253.52,0,3801804,0,2.290323,9,36,0,1900920,0,224328.3,25,2,32,24,937592,560,48,3294,0,5148300,571784,0,0,9,0,10648120,26,475230,0,0,1PnOj1KVEH,RO12,taul,1K8T,TyGl,X94yoBp,tvCvLMA,DnfT,9_Y1,_KXv,09_Q,zm5i,me75fM6ugJ,kIsH,uKAI,Mtgm,NhsEn4L,mAjbk_S,XpCD,UYBR,FzaX,YXhOtFs,oslk,JAwObSS,jySVZNlOJy,kwS7,RAYp,F2FyR07IdsN7I
0,686,7,3240,180,225,64,166.56,0,14886,0,3.889553,18,146,14,413648,0,7756.53,15,8,56,88,45015.2,635,12,87075,0,122680,68954,80,0,9,265209,561496,34,152052,0,0,HYTrjIK12c,AERks4l,taul,1K8T,TyGl,fhk21Ss,jgyr5WV,G3ru,9_Y1,7WNq,VpdQ,haYg,7M47J5GA0pTYIFxg5uy,kIsH,uKAI,L84s,4kVnq_T26xq1p,OFqjOXW,7L6l,cJvF,FzaX,4UxGlow,zCkv,catzS2D,LM8l689qOp,WqMG,ZI9m,ib5G6X1eUxUn6
0,700,0,1592,172,215,48,220.08,0,1508538,0,5.526383,27,88,14,6074304,0,203369.1,5,0,40,72,218470,550,54,27,0,7635250,17180,0,0,9,0,10260400,36,0,0,0,FAJWq69cTy,RO12,taul,1K8T,j1T2,wEJSdMg,_jTP8ioIlJ,1G9T,9_Y1,Px52,VpdQ,IYzP,me75fM6ugJ,kIsH,uKAI,L84s,NhsEn4L,mAjbk_S,yrE1,UYBR,FzaX,aMa88FJ,oslk,tM4OEra,jySVZNlOJy,PM2D,RAYp,F2FyR07IdsN7I
0,2331,7,1536,164,205,80,266.88,5,6655380,0,1.966674,18,52,238,679192,0,63909,30,6,40,16,399250,1880,96,490095,8,250670,1558604,5170,0,9,604800,10611240,8,1193706,0,0,KXMgUH7IEC,RO12,taul,1K8T,JLbT,WkHCdxD,IoHCTe99VL,c2KK,9_Y1,m_h1,09_Q,43pnToF,me75fM6ugJ,kIsH,uKAI,Mtgm,NhsEn4L,NGZXfGp,BfEk,UYBR,tdJW_Pm,scZOjel,oslk,MM1zrB7,bCPvVye,WqMG,RAYp,F2FyR07IdsN7I
0,1442,7,228,192,240,16,220.08,0,9159780,0,6.978637,9,114,7,0,0,82300.8,45,0,32,0,555864,1415,126,810,0,1666885,94166,30,0,9,0,10621040,32,0,0,0,Yn7t0Go8Lb,2Knk1KF,taul,1K8T,TyGl,JVF11pK,cMk79Rs,D9uL,9_Y1,MGOA,09_Q,sYC_,me75fM6ugJ,kIsH,uKAI,L84s,NhsEn4L,beK4AFX,4Fqz,UYBR,FzaX,AOhuZGO,oslk,W8mwS9i,jySVZNlOJy,Qu4f,RAYp,55YFVY9
0,133,0,0,180,225,112,253.52,0,5799144,0,0.9948729,9,14,0,2649680,0,145753.5,15,10,56,32,119622,330,72,0,0,2295795,1124014,0,0,0,604800,10697880,14,1060686,0,0,oBXTmBtFkL,RO12,taul,1K8T,F9g8,MPSM0nx,pNAbKh0,cd6W,9_Y1,47ra,sJzTlal,IYzP,me75fM6ugJ,kIsH,uKAI,L84s,NhsEn4L,kZJtVhC,9kd9,cJvF,FzaX,UDVAAox,oslk,uOV2fT4,LM8l689qOp,rgKb,RAYp,F2FyR07IdsN7I
0,2527,7,44,544,680,336,166.56,0,258,0,1.197607,9,50,147,932104,0,9060.84,15,26,144,128,170707.2,2460,6,2034,0,739650,339916,1830,0,0,243341,1960440,122,326304,0,0,8Knvyx875g,RO12,taul,1K8T,pGTb,2cB4lx4,9HOPNsJ,B4ZW,9_Y1,MBhA,09_Q,IYzP,me75fM6ugJ,kIsH,uKAI,L84s,NhsEn4L,mAjbk_S,zif2,cJvF,FzaX,yNFOVQC,oslk,3z2QQMs,LM8l689qOp,WqMG,RAYp,F2FyR07IdsN7I
0,770,7,408,116,145,24,186.64,0,9149520,0,4.002563,9,36,126,412088,0,227055,35,0,24,8,7732.44,480,108,12051,0,0,518400,220,0,0,0,9761720,0,0,0,0,Foxt0Go8Lb,RO12,taul,1K8T,TyGl,XPJ4lx4,lGXpFd_2Rf,vPeK,9_Y1,rGJy,sJzTlal,IYzP,me75fM6ugJ,kIsH,uKAI,L84s,NhsEn4L,mAja5EA,DJaG,UYBR,FzaX,806OVQC,oslk,Wb5QQMs,LM8l689qOp,Qu4f,RAYp,F2FyR07IdsN7I
0,154,0,0,148,185,40,220.08,0,5884440,0,4.220893,9,16,0,766320,0,172041,25,6,32,32,-31360.56,290,72,0,16,1119080,222636,0,6,0,0,7589400,16,486606,0,7,GcUt0G8rTN,RO12,taul,1K8T,2Ix5,5EpXqGp,hOpRIhsUSP,uoRB,9_Y1,k13i,VpdQ,IYzP,me75fM6ugJ,kIsH,uKAI,Mtgm,NhsEn4L,kZJtVhC,g2AX,UYBR,FzaX,OTgQ8OA,oslk,Vo68gbh,LM8l689qOp,fKCe,RAYp,F2FyR07IdsN7I
0,2667,14,9532,468,585,288,286.96,0,975942,0,0.4672078,45,136,658,1699224,0,44054.7,20,30,144,168,388462.4,1800,60,50949,0,2718125,925224,1010,0,18,355852,6525080,62,1297944,0,0,jg69tYsGvO,2Knk1KF,taul,1K8T,TyGl,fhk21Ss,4Zut8qMuJdpmu,xPEx,9_Y1,YULl,sJzTlal,Tkho,7M47J5GA0pTYIFxg5uy,kIsH,7A3j,L84s,NhsEn4L,beK4AFX,_wBR,UYBR,FzaX,4UxGlow,oslk,catzS2D,LM8l689qOp,FSa2,ZI9m,55YFVY9
0,490,0,0,132,165,8,258.32,0,9977880,0,3.876309,9,26,0,0,3,214389.3,45,0,32,0,83289.2,520,120,0,16,89790,158410,0,0,9,0,10151000,6,0,0,7,BQavyxLp3Z,RO12,taul,1K8T,KXDt,RAC7hm9,itSGh3t,0GFs,9_Y1,lXxA,VpdQ,zm5i,DHn_WUyBhW_whjA88g9bvA64_,kIsH,uKAI,L84s,PWD40mS,kZJDcQU,N8jl,cJvF,FzaX,xDjVoxc,Al6ZaUT,mYNU_sP,LM8l689qOp,xb3V,02N6s8f,F2FyR07IdsN7I
0,812,7,728,128,160,0,253.52,0,8653020,0,5.274728,9,42,70,1288352,0,216247.5,35,0,32,16,180744,500,102,59715,0,2215560,0,5515,0,9,0,10604520,12,0,0,0,51rt0G8rTN,RO12,taul,1K8T,0Xwj,gwY4NQF,zHq3kDQ,ZEe3,HLqf,k13i,sJzTlal,zm5i,me75fM6ugJ,sBgB,uKAI,L84s,NhsEn4L,kZJtVhC,Mm9j,cJvF,FzaX,t5EoLzk,oslk,ag5iNPX,LM8l689qOp,fKCe,RAYp,F2FyR07IdsN7I
0,1960,7,108,236,295,104,200,0,0,0,1.64922,9,32,77,874768,0,60048.9,5,4,64,80,-127141.6,1055,0,7209,0,412770,40434,90,0,9,10598,858196,66,9084,0,0,LDPgUHXZeb,RO12,taul,1K8T,h3JW,qmXeQY2,ELRUn57,EQGc,9_Y1,STGZ,VpdQ,43pnToF,me75fM6ugJ,kIsH,uKAI,L84s,NhsEn4L,mAjbk_S,5Cyc,UYBR,FzaX,TIBRPEi,oslk,jpB0V7y,LM8l689qOp,453m,RAYp,F2FyR07IdsN7I
0,378,7,1784,48,60,16,86.96,0,3628806,0,2.302072,18,168,182,4838400,3,134325.6,15,2,8,8,-295132.4,415,6,119646,8,897035,316818,335,0,18,0,9368840,8,475224,0,0,9hRmfo875g,2Knk1KF,taul,1K8T,0Xwj,MNwM9_c,ilrY4YM,X641,HLqf,_48V,09_Q,hAFG,me75fM6ugJ,sBgB,uKAI,Mtgm,XfqtO3UdzaXh_,_JdcICD,sgM3,UYBR,FzaX,0MQv48t,oslk,d0BOtEt,LM8l689qOp,3Cy4,RAYp,TCU50_Yjmm6GIBZ0lL_
0,896,7,420,200,250,48,133.12,0,0,0,3.129246,9,154,217,272424,0,9898.62,0,6,40,64,59738.8,695,0,7857,0,578460,43362,1635,0,36,75705,1169252,66,725322,0,0,8Fdr4RXXnK,GpoBynXzkxADI7bZBtqvX2IPV5t7o2QCPE,taul,1K8T,lK27,MEr04mC,CdPgMY1Z52,78Ig,9_Y1,TFSW,VpdQ,kxE9,me75fM6ugJ,kIsH,uKAI,L84s,XfqtO3UdzaXh_,_JdcICD,CDbX,cJvF,FzaX,RXhOjel,oslk,vCYqFbB,LM8l689qOp,Xa3G,RAYp,iyHGyLCEkQ
0,581,0,0,144,180,48,286.96,0,4128744,0,6.477462,9,28,0,2534496,0,163722.9,15,6,32,32,164676,525,54,0,0,3659565,950436,0,0,18,1108842,10777920,22,1468836,0,0,wx50AqAqGL,RO12,taul,1K8T,AHgj,_OTyWhJ,V6XUlxabJ4VaD,9Vmd,9_Y1,RVjC,VpdQ,zm5i,me75fM6ugJ,kIsH,uKAI,Mtgm,NhsEn4L,NGZxnJM,OtII,UYBR,wwPEXoilkr,Oj6Te_2,oslk,_rKR5uO,LM8l689qOp,FSa2,RAYp,F2FyR07IdsN7I
0,504,7,176,376,470,120,57.52,0,744,9,0.04016236,9,126,224,19576,0,1189.863,0,4,40,64,3527.716,635,18,4077,8,92760,9996,3645,0,9,13139,106816,132,3498,0,0,lAFr4RQZiT,2Knk1KF,taul,1K8T,487l,_ybO0dd,_03xtaMIkZsn1,qLkx,9_Y1,z5Ry,VpdQ,hAFG,me75fM6ugJ,kIsH,uKAI,L84s,XfqtO3UdzaXh_,XTbPUYD,ZWZt,UYBR,FzaX,L91KIiz,oslk,CE7uk3u,LM8l689qOp,FSa2,RAYp,55YFVY9
0,889,7,1020,144,180,40,332.72,0,4391952,0,0.8649861,9,56,28,1900912,0,205633.2,30,2,40,24,399720.8,530,60,35919,0,4221380,628612,740,0,27,56469,10445920,22,48402,0,0,1GdOj17ejg,RO12,taul,1K8T,TyGl,6CXYbuk,fzYu9l3,uPhE,9_Y1,zfpA,09_Q,hAFG,Kxdu,kIsH,uKAI,Mtgm,9pUnzWLbztKTo,y5FWh4t,A0EP,cJvF,FzaX,ROeipLp,zCkv,K2SqEo9,LM8l689qOp,7aLG,6fzt,am14IcfM7tWLrUmRT52KtA
0,812,14,7956,156,195,48,200,0,4094208,0,6.932066,18,212,343,2536080,0,211166.1,25,2,48,32,84515.2,520,54,35532,0,3257325,950978,340,0,27,0,10407160,28,475362,0,0,jg69tYsGvO,2Knk1KF,CiJDdr4TQ0rGERIS,1K8T,94m7,fhk21Ss,9HOPNsJ,r8PL,9_Y1,YULl,09_Q,y6dw,7M47J5GA0pTYIFxg5uy,kIsH,uKAI,L84s,_5OXC8MSLt,LxWbSP_,oyio,UYBR,FzaX,4UxGlow,oslk,catzS2D,M_8D,FSa2,ZI9m,NoEd
0,854,14,3408,132,165,72,286.96,0,4299672,0,0.4466994,18,152,119,1344920,0,212398.2,20,2,32,24,-30159.56,515,60,61092,0,1694310,1425658,9835,0,18,554421,9329720,12,475218,0,0,DQlgUH7IEC,rEUOq2QD1qfkRr6qpua,taul,1K8T,vSNn,fhk21Ss,pCsFbvQJcF,zby5,9_Y1,1Bp0,09_Q,haYg,7M47J5GA0pTYIFxg5uy,kIsH,uKAI,L84s,XfqtO3UdzaXh_,XTbPUYD,s_7M,cJvF,FzaX,4UxGlow,oslk,catzS2D,jySVZNlOJy,WqMG,ZI9m,ib5G6X1eUxUn6
0,84,0,0,36,45,16,290.72,0,3169362,0,1.045076,9,16,0,4838400,0,367464,10,0,0,8,234314.4,240,12,0,0,726160,1351974,0,0,9,0,9877280,4,0,0,0,gOyq9ayE15,RO12,taul,1K8T,lK27,60Ox5tm,Vxu_jOIy4u,h7KG,9_Y1,QBpP,sJzTlal,zm5i,me75fM6ugJ,kIsH,uKAI,Mtgm,NhsEn4L,7WwuNea,Augw,UYBR,FzaX,nQmDFjT,oslk,v6EghEc,LM8l689qOp,7P5s,RAYp,F2FyR07IdsN7I
0,1232,14,34452,148,185,0,300.32,0,9601320,0,0.2785729,36,162,567,1619920,0,136830.9,35,2,56,48,206980.8,720,114,16992,0,1552000,0,1535,0,27,739004,10640760,8,26004,0,0,Qu0TmBQZiT,2Knk1KF,taul,1K8T,0Xwj,pNV_5rr,SviuBojFDnXox,DSAx,F3hy,TjV7,VpdQ,G_zk,me75fM6ugJ,kIsH,7A3j,L84s,XfqtO3UdzaXh_,XTbPUYD,E3av,UYBR,FzaX,tS138SL,oslk,N98hcb8,LM8l689qOp,FSa2,RAYp,TCU50_Yjmm6GIBZ0lL_
0,252,0,0,196,245,40,220.08,0,2241012,0,4.491776,9,16,0,4451568,0,140471.1,15,4,32,80,73730.4,650,36,0,0,6725100,201142,0,0,0,0,10280440,46,49116,0,0,TfiBcmzkzH,RO12,taul,1K8T,uErj,jZGp_0J,r83_sZi,oyj8,9_Y1,yrDU,VpdQ,IYzP,me75fM6ugJ,kIsH,uKAI,Mtgm,NhsEn4L,kZJtVhC,MpYn,cJvF,wwPEXoilkr,A7VR98m,oslk,lAlqYia,LM8l689qOp,Qcbd,RAYp,F2FyR07IdsN7I
0,1820,14,1636,284,355,248,133.12,0,93834,0,0.2785729,27,124,343,2801784,0,45790.2,5,4,40,56,144972,1030,90,91755,0,1044670,1078154,630,0,18,1557381,4813720,30,504648,0,0,1JGr4RKzJV,2Knk1KF,taul,1K8T,0Xwj,7qvk2Zj,9HOPNsJ,leZy,HLqf,DtNL,09_Q,wMei,me75fM6ugJ,sBgB,uKAI,L84s,h0lfDKh52u4GP,IoI4mKe,Z2ys,UYBR,FzaX,FhTm94s,oslk,TIxsTKW,LM8l689qOp,FSa2,RAYp,55YFVY9
0,1008,7,2636,392,490,328,43.44,0,5288616,0,0.4381542,36,64,14,1407024,3,115770.3,35,24,96,56,497324,1240,90,3312,8,1660005,438232,2855,0,9,204463,8729720,32,1282620,0,0,jg69tYsGvO,RO12,taul,1K8T,WkTj,LTIlhSa,LH0kFz12FM,BeqF,9_Y1,YULl,09_Q,43pnToF,me75fM6ugJ,kIsH,uKAI,L84s,NhsEn4L,mAjbk_S,UKBR,UYBR,FzaX,yALYE38,oslk,GLkQhib,LM8l689qOp,FSa2,RAYp,F2FyR07IdsN7I
0,259,0,0,132,165,16,391.44,0,7776000,9,3.384747,9,20,0,0,0,191058.9,50,0,40,0,29558.84,580,90,0,8,1377745,345600,0,0,9,0,10240320,12,0,0,0,639TmBQxul,RO12,taul,1K8T,WkTj,X94uP03,qZsAqpg,jCG1,9_Y1,TjV7,09_Q,zm5i,me75fM6ugJ,kIsH,uKAI,L84s,NhsEn4L,kZJtVhC,FCXE,UYBR,FzaX,YXh0FxM,oslk,s5vObSS,LM8l689qOp,FSa2,RAYp,F2FyR07IdsN7I
0,2912,21,5832,724,905,248,166.56,0,0,0,6.244179,36,120,420,407960,0,4180.47,20,42,192,272,-14684,2150,0,27171,0,672375,113200,1045,0,9,50554,1081396,182,130836,0,0,E3dr4RQxul,2Knk1KF,taul,1K8T,lK27,TSdJUS7,tru3GNC3u14shA_jA7L,itBV,9_Y1,z5Ry,09_Q,hAFG,me75fM6ugJ,kIsH,uKAI,L84s,XfqtO3UdzaXh_,XTbPUYD,su4O,UYBR,FzaX,81_vOIl,oslk,XEj7j0h,LM8l689qOp,FSa2,RAYp,55YFVY9
0,1155,7,92,180,225,80,166.56,0,0,0,2.96881,18,90,175,707976,0,15099.78,0,10,56,64,-14287.56,650,0,52965,0,355860,153010,1880,0,0,4396,1081676,44,205470,0,0,MtpBcmzkzH,RO12,taul,1K8T,0WHw,Z4ho8ot,hOpRIhsUSP,5GHH,9_Y1,KubS,VpdQ,sYC_,me75fM6ugJ,kIsH,uKAI,L84s,NhsEn4L,kq0aHkC,q1HC,UYBR,FzaX,pqU6hzI,oslk,XKaTy9x,LM8l689qOp,Qcbd,RAYp,F2FyR07IdsN7I
0,1897,14,8276,172,215,80,286.96,5,8790120,0,6.132023,36,228,434,1797816,0,98746.2,25,4,40,32,188300.4,600,108,55161,8,1010225,748136,4115,0,63,4424,10858120,8,136020,0,0,1KSr4RK2Mx,B2T7ZTgOX7xpBPBD28SLvVWgBkc13Sm0a3tk2,taul,1K8T,Uk76,fhk21Ss,FoJylxy,yfpF,9_Y1,DtNL,VpdQ,oZyB,7M47J5GA0pTYIFxg5uy,kIsH,uKAI,Mtgm,_5OXC8MSLt,LxWhDOK,BY9S,UYBR,FzaX,4UxGlow,oslk,catzS2D,M_8D,FSa2,ZI9m,VjDE
0,2534,7,184,308,385,168,240.08,0,256590,0,6.596881,9,54,0,754992,0,14066.79,20,20,88,112,34079.28,1620,78,3636,0,481655,357374,1325,0,0,183932,1993792,30,411906,0,0,zKnr4RXktW,RO12,taul,1K8T,EzKK,mLYOTMK,msIqHk8toE,Djsx,9_Y1,TFSW,VpdQ,IYzP,me75fM6ugJ,kIsH,uKAI,L84s,NhsEn4L,mAja5EA,4Tv6,cJvF,FzaX,8_r18fN,oslk,6ZOocsg,LM8l689qOp,Xa3G,RAYp,F2FyR07IdsN7I
0,749,7,316,188,235,104,396.64,0,5437182,0,3.172826,18,114,0,2088264,0,158013.3,0,6,32,32,2213060,620,72,9756,0,1281090,1917166,55,0,9,554428,10478600,30,1425684,0,0,xOXTmBtFkL,2Knk1KF,taul,1K8T,PbOJ,PHNvXy8,bGUqwlz,QFih,9_Y1,c2JP,VpdQ,lVqb,NKv3VA1BpP,sBgB,uKAI,L84s,Ie_5MZs,beK3R01,TT_b,cJvF,FzaX,UF16siJ,zCkv,APgdzOv,LM8l689qOp,rgKb,6fzt,Zy3gnGM
0,0,0,0,68,85,128,20.08,0,0,0,2.928648,9,14,0,0,0,775.941,0,0,0,0,-1465464,85,0,0,0,2405,7832,0,0,0,0,17588,2,0,0,0,DHevyx7IEC,RO12,taul,1K8T,hM6W,VWnnTVK,wHfQYg4FYPyudCQ6,k_OA,9_Y1,RcM7,VpdQ,IYzP,me75fM6ugJ,kIsH,uKAI,L84s,NhsEn4L,TDcwKda,0yqJ,cJvF,FzaX,fgz8XLE,oslk,14eA9vx,LM8l689qOp,szEZ,RAYp,F2FyR07IdsN7I
0,1323,7,724,204,255,72,314.96,0,7400520,0,1.303781,9,74,203,1415224,15,77020.5,30,2,40,40,65808.8,2840,96,1304505,40,2983005,113964,8015,0,0,0,10224680,28,648,0,0,LDPvyx7IEC,RO12,taul,1K8T,X9_k,T2ennDZ,CdPgMY1Z52,mvdE,9_Y1,qaiO,VpdQ,IYzP,me75fM6ugJ,kIsH,uKAI,Mtgm,NhsEn4L,kZJ4Oht,550g,UYBR,FzaX,8EdfrxM,oslk,VNj2_Lp,LM8l689qOp,szEZ,RAYp,F2FyR07IdsN7I
0,1652,7,1888,308,385,296,133.12,0,0,0,0.56975,18,198,0,785960,0,21768.3,5,14,64,128,-862156,1250,0,4914,0,476780,175332,535,0,18,79282,1214884,32,111636,0,0,8I1r4RXXnK,TW8dXluYzKpktZjuY8kSPBaZa,CiJDdr4TQ0rGERIS,1K8T,0Xwj,fhk21Ss,P9HTde2,eW2S,HLqf,Cgc3,VpdQ,y6dw,7M47J5GA0pTYIFxg5uy,sBgB,uKAI,Mtgm,a3CcPDe,CWNLnTo,XVsq,cJvF,FzaX,4UxGlow,QKW8DRm,catzS2D,LM8l689qOp,Xa3G,ZI9m,NoEd
0,805,7,136,136,170,0,253.52,0,1212,0,2.024781,9,46,21,5529600,0,218532.3,0,0,32,64,294954.8,540,18,1863,0,9775000,0,75,0,0,1209600,10585600,46,0,0,0,Qu0qrQKzJV,RO12,taul,1K8T,PbOJ,cQXL3Mv,9YuuPSz3BI,WR_p,9_Y1,15m3,VpdQ,IYzP,me75fM6ugJ,kIsH,uKAI,Mtgm,NhsEn4L,mAja5EA,nvAG,UYBR,FzaX,sy7DBnE,oslk,rbX9Jxo,LM8l689qOp,FSa2,RAYp,F2FyR07IdsN7I
0,1127,7,236,352,440,200,186.64,5,3923754,0,0.157445,9,34,42,3785568,0,27208.86,15,10,32,56,169729.6,1215,186,65592,8,5590650,238482,2870,0,9,604800,10354760,34,85452,0,0,mCGq9ayE15,RO12,taul,1K8T,yYar,iJzviRg,ELRUn57,x4fh,9_Y1,QBpP,VpdQ,hAFG,7M47J5GA0pTYIFxg5uy,kIsH,uKAI,L84s,4ylQpLr46xum2hHQ,7Wwo8pg,IE9_,cJvF,FzaX,ch2oGfM,z4pH,P6pu4Vl,LM8l689qOp,7P5s,ZI9m,R4y5gQQWY8OodqDV
0,1309,7,4,520,650,192,200,0,2862894,0,6.71865,9,110,0,1800840,0,66685.2,30,22,56,88,192848.4,1815,114,90,0,3404475,522426,50,0,9,0,7417160,118,341268,0,0,P1WvyxLp3Z,2Knk1KF,taul,1K8T,R4_H,crMnQZj,WN2wUb0T0UKRa,Bvcn,9_Y1,FbIm,09_Q,sYC_,me75fM6ugJ,kIsH,uKAI,L84s,NhsEn4L,beK4AFX,FCWA,UYBR,FzaX,4PcK5YS,oslk,bTP9hga,jySVZNlOJy,xb3V,RAYp,55YFVY9
0,49,0,0,128,160,0,187.04,0,9127680,0,1.161931,18,14,0,0,0,201902.4,35,0,24,0,9727.72,160,108,0,0,137750,0,0,0,0,0,8614520,14,0,0,0,m9SvyxLkBI,RO12,taul,1K8T,487l,ka_ns41,k10MzgT,VHh0,9_Y1,FbIm,VpdQ,IYzP,me75fM6ugJ,kIsH,uKAI,L84s,NhsEn4L,kZJtVhC,CnTg,UYBR,FzaX,1YVfGrO,oslk,fXVEsaq,LM8l689qOp,xb3V,RAYp,F2FyR07IdsN7I
0,1617,0,0,312,390,136,166.56,0,3218634,0,5.638966,27,26,0,482912,0,15142.17,10,2,40,96,933716,1510,102,0,0,2163210,324456,0,0,9,21098,4962800,58,44730,0,0,Foxt0Go8Lb,RO12,taul,1K8T,USOt,Gjup2Rr,k10MzgT,XrCF,9_Y1,C7DI,VpdQ,zm5i,me75fM6ugJ,kIsH,uKAI,L84s,NhsEn4L,kZJtVhC,DhHf,cJvF,AU8pNoi,G4u6pd1,oslk,yUzqFbB,LM8l689qOp,Qu4f,RAYp,F2FyR07IdsN7I
0,931,7,8,176,220,24,220.08,0,8271000,0,5.159154,9,32,0,2735072,0,135208.2,25,2,32,32,194826,870,102,153,0,2031480,50146,25,0,9,0,10365640,28,45930,0,0,ZSNq9aX0Db,RO12,taul,1K8T,4fje,UOuA64e,ZZ7H_hi,IPhE,9_Y1,Y9Bl,VpdQ,zm5i,me75fM6ugJ,kIsH,uKAI,Mtgm,NhsEn4L,mAjbk_S,7Sy5,UYBR,FzaX,EhlsTJ7,oslk,oAhXtFm,LM8l689qOp,uWr3,RAYp,F2FyR07IdsN7I
0,1225,14,4412,656,820,128,133.12,0,112812,0,4.235206,18,70,504,125776,0,3105.15,5,22,104,96,50450,2565,66,153810,0,584180,48088,15540,0,9,68075,793604,226,133908,0,0,cFHt0GoOh3,RO12,taul,1K8T,g6No,60OrkF8,Z8ZAV8jDl3,FSby,9_Y1,rGJy,VpdQ,sYC_,me75fM6ugJ,kIsH,uKAI,L84s,NhsEn4L,NGZ_CaA,rO8K,UYBR,FzaX,nQmuhvP,oslk,un2j7qz,LM8l689qOp,Qu4f,RAYp,F2FyR07IdsN7I
0,749,7,0,200,250,56,220.48,0,7699260,0,3.78872,9,36,0,450720,0,164928.3,35,2,40,16,617364,620,96,648,0,160990,1207586,75,0,9,0,10485760,34,246576,0,0,9rAq9at_88,RO12,taul,1K8T,lK27,gjtEWXn,nQUq7hGe64,_N6D,9_Y1,KfYH,09_Q,Tkho,me75fM6ugJ,kIsH,g5HH,L84s,NhsEn4L,TDc4Td_,CO8K,cJvF,OFWH,JptRsCb,oslk,2wCqs0R,jySVZNlOJy,me1d,RAYp,F2FyR07IdsN7I
0,1785,7,8904,252,315,72,327.28,0,925170,0,2.578936,81,242,21,1299352,6,40342.5,0,14,48,56,-500044,1055,12,7641,32,3660160,265932,9855,0,45,1044176,4998880,76,408618,0,14,dRagUHXM47,_7J0OGNN8s6gFzbM,CiJDdr4TQ0rGERIS,1K8T,pE9z,fhk21Ss,EXpWEXgaYpMJ7,UBVb,9_Y1,8BBI,VpdQ,y6dw,7M47J5GA0pTYIFxg5uy,kIsH,uKAI,L84s,MeOIHRG3F9,EknepHi,ypEX,UYBR,FzaX,4UxGlow,zCkv,catzS2D,LM8l689qOp,453m,ZI9m,ZeaF
0,147,0,0,52,65,16,200,0,3946806,0,6.714591,9,18,0,5346848,0,220992,5,0,16,16,327240.4,240,30,0,0,749225,5146,0,0,0,0,8333520,6,0,0,0,l7Fq9ayE15,AERks4l,taul,1K8T,TyGl,YZK5wbm,msIqHk8toE,JM4Q,9_Y1,kJJ7,VpdQ,IYzP,GjJ35utlTa_GNSvxxpb9ju,sBgB,uKAI,L84s,JBfYVit4g8,TDc_9Yi,HYhW,cJvF,FzaX,hYtFa7R,Al6ZaUT,8ZQ3HNj,LM8l689qOp,7P5s,02N6s8f,xwM2aC7IdeMC0
0,5789,14,4044,132,165,40,220.08,0,16788,0,4.871822,27,218,119,4147200,0,26846.19,0,4,32,48,80948.4,490,18,61911,0,7216750,864000,40,0,27,1814400,10277360,34,1036800,0,0,voArjIXt5a,2Knk1KF,CiJDdr4TQ0rGERIS,1K8T,_Clr,fhk21Ss,nQUZfWRfws,3OjE,9_Y1,xQ2A,09_Q,oZyB,7M47J5GA0pTYIFxg5uy,kIsH,uKAI,Mtgm,62ZfA6x0SiWOX,7N74Q2u,gvA6,UYBR,FzaX,4UxGlow,JIiEFBU,catzS2D,LM8l689qOp,5Acm,ZI9m,r_7E
0,1876,7,792,312,390,304,166.56,0,6558,0,0.660329,9,58,70,610888,0,6441.06,0,16,80,160,-720304,935,12,13806,0,47315,166222,245,0,0,214039,843356,20,244866,0,0,_v2TmBftjz,RO12,taul,1K8T,lK27,bTiXgT5,itSGh3t,1o7d,9_Y1,Gx0B,09_Q,IYzP,DHn_WUyBhW_whjA88g9bvA64_,kIsH,uKAI,L84s,CrNX,NGZ_12K,9kp7,UYBR,FzaX,dNswtsw,d0EEeJi,IIoyXkn,LM8l689qOp,Qu4f,nIGXDli,F2FyR07IdsN7I
0,910,7,1400,228,285,72,286.96,0,7170600,0,0.02136296,27,60,49,1450352,0,167789.7,30,6,72,48,135823.6,780,90,4878,0,2331540,233918,8365,0,0,0,10616160,36,1531962,0,0,hSogUHXZeb,RO12,taul,1K8T,h3JW,7z8szr3,M2FFY3ZnA2StIfFj,vh2B,9_Y1,STGZ,VpdQ,sYC_,me75fM6ugJ,kIsH,uKAI,Mtgm,NhsEn4L,kq0n8Bj,KoYr,UYBR,FzaX,Nvc6w_1,oslk,EXUR6zD,M_8D,453m,RAYp,F2FyR07IdsN7I
0,1379,7,140,220,275,168,170.16,0,21126,0,6.22602,9,54,0,1952168,0,59340.3,15,10,72,104,-211609.2,740,18,86706,0,1339535,399422,1140,0,0,492296,3128748,20,394404,0,0,bt0mfo875g,AERks4l,taul,1K8T,ssAy,MPSpAK4,BBhiudN5VwCx3,4J4X,9_Y1,gnEy,VpdQ,IYzP,GjJ35utlTa_GNSvxxpb9ju,kIsH,uKAI,L84s,JBfYVit4g8,TDcg1OS,ZpJZ,cJvF,FzaX,ezqJmUr,Al6ZaUT,H0UIwlL,jySVZNlOJy,3Cy4,02N6s8f,xwM2aC7IdeMC0
0,826,14,7192,312,390,144,293.84,0,8014320,0,5.080966,27,160,91,1613920,0,203800.5,35,4,40,40,286095.6,735,108,23760,0,2290040,165130,490,0,27,0,10707640,56,173046,0,0,gOyvyx7ejg,rEUOq2QD1qfkRr6qpua,LfvqpCtLOY,1K8T,0Xwj,fhk21Ss,_jTP8ioIlJ,sYOZ,HLqf,RcM7,VpdQ,kxE9,7M47J5GA0pTYIFxg5uy,sBgB,uKAI,Mtgm,QsQAxv5,11pJPFL,xIE9,cJvF,FzaX,4UxGlow,QKW8DRm,catzS2D,jySVZNlOJy,szEZ,ZI9m,ib5G6X1eUxUn6
0,854,28,4560,180,225,168,200,0,2888346,0,4.853237,45,120,161,225480,0,21666.93,10,14,64,32,-257353.2,625,42,17928,0,808245,307544,4045,0,18,272069,4351440,8,934674,0,0,1KSTmBQxul,2Knk1KF,taul,1K8T,0Xwj,PHNvXy8,DKUDUftgA7,8d_Q,F3hy,TjV7,VpdQ,haYg,NKv3VA1BpP,kIsH,uKAI,L84s,Ie_5MZs,CWNY2py,ckPi,UYBR,FzaX,UF16siJ,zCkv,APgdzOv,LM8l689qOp,FSa2,6fzt,Zy3gnGM
0,651,7,580,120,150,48,133.12,0,0,0,2.035463,9,44,42,28968,0,7154.28,0,2,0,24,7233.72,405,0,20151,0,295060,32798,2250,0,0,0,318140,40,3018,0,0,yaKt0Go8Lb,RO12,taul,1K8T,0Xwj,u6iViyY,ElQylxy,jZlI,F3hy,MGOA,09_Q,IYzP,me75fM6ugJ,kIsH,uKAI,L84s,NhsEn4L,TDcECyH,qnE8,UYBR,FzaX,um1fql_,oslk,pm_TE6Y,LM8l689qOp,Qu4f,RAYp,F2FyR07IdsN7I
0,3871,7,3888,968,1210,344,201.44,0,223728,0,0.1395001,18,54,119,1074656,0,6103.32,35,38,200,320,-67721.2,2920,114,3024,0,1791140,155328,965,0,0,186788,2575324,228,172908,0,0,YddTmBtueT,RO12,taul,1K8T,TyGl,77f44U8,0ZlStaN,NZ2t,9_Y1,C6Eu,VpdQ,IYzP,me75fM6ugJ,kIsH,uKAI,L84s,NhsEn4L,mAjbk_S,AjDa,cJvF,FzaX,tzp8jNM,oslk,5nQ7A2G,LM8l689qOp,rgKb,RAYp,F2FyR07IdsN7I
0,623,7,1460,212,265,104,166.56,0,1254,0,2.952147,9,66,105,158728,0,10352.49,0,4,48,80,58389.6,810,12,23994,0,357900,109726,2170,0,0,41433,596764,52,16188,0,0,52Iq9ayE15,RO12,taul,1K8T,PJLW,UsSOoyT,tvCvLMA,kVZt,9_Y1,vm5R,09_Q,IYzP,me75fM6ugJ,kIsH,uKAI,L84s,NhsEn4L,mAjbk_S,XqfQ,UYBR,FzaX,_Pu6s0w,oslk,Ha_79_c,LM8l689qOp,7P5s,RAYp,F2FyR07IdsN7I
0,903,21,400,20,25,0,166.56,0,3628800,0,1.039735,27,34,7,12923280,0,206702.7,0,0,0,24,206187.2,335,6,16038,0,431335,0,2800,0,9,0,9225920,2,0,0,0,CEaBcmz45j,AERks4l,taul,1K8T,487l,YomnqNs,LIH3TPf,KAnL,9_Y1,WGOH,09_Q,IYzP,GjJ35utlTa_GNSvxxpb9ju,kIsH,uKAI,L84s,JBfYVit4g8,uZLz8Sc,uCkN,cJvF,FzaX,VsUStrN,Al6ZaUT,v33Gn0i,jySVZNlOJy,Qcbd,02N6s8f,xwM2aC7IdeMC0
0,2408,14,1004,176,220,96,166.56,0,1396482,0,2.024567,18,52,21,2411920,0,19442.64,20,12,48,48,-837464,900,72,630,0,732350,399946,300,0,0,1430317,5004120,8,1317846,0,0,crIgUHSK8h,RO12,taul,1K8T,TyGl,WkHrLeh,NW71gM15FR,Mx5G,9_Y1,RVjC,VpdQ,IYzP,me75fM6ugJ,kIsH,uKAI,L84s,NhsEn4L,mAja5EA,9haV,UYBR,FzaX,MPav4zN,oslk,kEYAGfT,LM8l689qOp,FSa2,RAYp,F2FyR07IdsN7I
0,574,7,8,312,390,232,206.72,0,1067046,0,6.248238,9,54,0,226760,0,6181.62,5,32,96,104,-166617.2,705,12,6453,8,559295,86902,280,0,9,24857,1903332,34,241056,0,7,DQlrEyXXnK,RO12,taul,1K8T,YFAj,cMj3aWy,k10MzgT,L59h,9_Y1,SkZj,VpdQ,IYzP,me75fM6ugJ,kIsH,uKAI,L84s,NhsEn4L,TDceha3,Stnj,cJvF,FzaX,hSo6hzI,oslk,qpSEKx8,LM8l689qOp,Aoh3,RAYp,F2FyR07IdsN7I
0,1085,14,5064,144,180,48,207.36,0,4497630,0,4.657552,27,166,224,2534496,0,103283.4,15,4,32,32,203158.4,530,66,31608,0,3667275,950436,5460,0,36,554414,10684400,20,950424,0,0,S8dr4RQxul,2Knk1KF,taul,1K8T,JLbT,fhk21Ss,wD13J6M,P9KQ,9_Y1,RVjC,VpdQ,6JmL,7M47J5GA0pTYIFxg5uy,kIsH,uKAI,Mtgm,Ie_5MZs,CWNY2py,4a9J,UYBR,wwPEXoilkr,4UxGlow,zCkv,catzS2D,LM8l689qOp,FSa2,ZI9m,TCU50_Yjmm6GIBZ0lL_
0,889,14,168,184,230,0,239.76,5,8812800,0,1.684255,18,40,98,1458688,12,216813.6,40,4,64,104,162813.6,575,102,73170,40,2236455,0,1445,0,18,119889,10861520,12,15972,0,0,YddrjIQ5Ph,RO12,taul,1K8T,487l,iJzviRg,3clyC8L,VNjO,9_Y1,RVjC,VpdQ,TIA9,7M47J5GA0pTYIFxg5uy,kIsH,uKAI,L84s,4ylQpLr46xum2hHQ,7Wwo8pg,p8c0,UYBR,FzaX,ch2oGfM,z4pH,P6pu4Vl,LM8l689qOp,FSa2,ZI9m,R4y5gQQWY8OodqDV
0,1610,7,1436,124,155,104,133.12,0,275688,0,5.613544,9,98,70,30144,0,7691.76,0,6,24,24,-1949632,580,66,63135,0,9900,89156,2600,0,0,8141,402532,2,26154,0,0,1qmr4RQxul,RO12,taul,1K8T,EJC9,Ml6pXKQ,8o3WlGR,RTc9,9_Y1,z5Ry,sJzTlal,sYC_,me75fM6ugJ,kIsH,uKAI,Mtgm,NhsEn4L,kq0aHkC,BXUS,UYBR,FzaX,Y2C68SY,oslk,RJNqhZX,LM8l689qOp,FSa2,RAYp,F2FyR07IdsN7I
0,2576,7,872,508,635,272,166.56,0,0,0,5.842341,18,42,0,1136464,0,17231.4,0,20,112,232,35559.44,1505,0,459,0,1717300,763130,555,0,0,290619,3962804,108,741708,0,0,uUdt0G8EIb,RO12,taul,1K8T,487l,4rXn9NE,yEFIHeU,3_2_,9_Y1,e7QV,VpdQ,IYzP,me75fM6ugJ,kIsH,uKAI,L84s,NhsEn4L,mAjbk_S,EtsW,UYBR,wwPEXoilkr,dqL8hdx,oslk,MnYAKIt,LM8l689qOp,fKCe,RAYp,F2FyR07IdsN7I
0,189,0,0,160,200,184,253.52,0,0,0,1.218543,9,16,0,172552,0,10435.38,0,16,24,64,-9255.72,380,0,0,0,13175,164736,0,0,0,25739,517336,2,136572,0,0,bt0mfo875g,RO12,taul,1K8T,tXti,O6mMbja,nJy8d8N5V7yiy,l8Ui,9_Y1,iZJp,VpdQ,IYzP,me75fM6ugJ,kIsH,uKAI,L84s,NhsEn4L,kZJtVhC,P7Tn,cJvF,FzaX,lQQDBnE,oslk,n6L0WQG,LM8l689qOp,3Cy4,RAYp,F2FyR07IdsN7I
0,105,7,12,36,45,0,200,0,0,0,5.276864,9,44,0,0,0,2830.296,0,0,0,0,-56,115,0,37197,0,24830,0,155,0,0,0,19864,18,0,0,0,EsYrjIX0Db,RO12,taul,1K8T,ZHNR,GRl7qwL,q2tfFQq,kioH,9_Y1,xQ2A,VpdQ,IYzP,me75fM6ugJ,kIsH,uKAI,L84s,NhsEn4L,mAjbk_S,rJUQ,cJvF,OFWH,xDj6pd1,oslk,VQZzrB7,LM8l689qOp,5Acm,RAYp,F2FyR07IdsN7I
0,889,7,12,140,175,56,233.44,0,3123696,0,0.326426,9,94,0,2534480,0,197341.8,20,4,32,32,260911.6,560,48,142533,0,3960130,1108840,425,0,18,0,10636360,20,950436,0,0,NESWq69R_D,AERks4l,taul,1K8T,kNzO,PHNvXy8,Iibp4Nm3uQ,tddR,9_Y1,z5Ry,09_Q,hzlB,NKv3VA1BpP,kIsH,uKAI,L84s,NjlyLMM,teAsDf5,rR2u,UYBR,Lmli,UF16siJ,zCkv,APgdzOv,jySVZNlOJy,FSa2,6fzt,xwM2aC7IdeMC0
0,1001,7,1700,144,180,112,273.52,0,3636,0,2.296945,9,118,28,519352,0,156584.4,5,8,48,24,-976900,615,12,29250,0,2004715,508970,1700,0,18,373037,3590024,24,540918,0,0,hSovyx7IEC,2Knk1KF,taul,1K8T,Bxva,1sEypzx,pUwdAyB,zXc6,9_Y1,qaiO,VpdQ,haYg,me75fM6ugJ,kIsH,uKAI,L84s,XfqtO3UdzaXh_,XTbPUYD,Kvnb,cJvF,FzaX,lRb8Wb4,oslk,o9E9PJP,LM8l689qOp,szEZ,RAYp,55YFVY9
0,609,7,18508,72,90,56,386.72,0,0,0,2.343944,9,172,98,14523680,9,32313.3,0,2,32,32,-229979.6,280,0,47880,40,107225,36338,750,0,18,7406,7429920,12,14436,0,14,EsYq9aX0Db,NMCEYavk0YOlqn2jHeEDjP0xsdXeAZGnZDN0NOfV,taul,1K8T,Uk76,fhk21Ss,_UtlxbJ,klIq,9_Y1,Y9Bl,VpdQ,y6dw,7M47J5GA0pTYIFxg5uy,kIsH,uKAI,L84s,_5OXC8MSLt,XTbj5PX,sYED,cJvF,FzaX,4UxGlow,oslk,catzS2D,LM8l689qOp,uWr3,ZI9m,iyHGyLCEkQ
0,84,0,0,144,180,16,119.6,0,1321932,0,4.162786,9,14,0,2433840,0,192294.9,20,8,40,32,-41626.8,180,18,0,0,6290550,190894,0,0,0,0,9230160,38,1148226,0,0,3HjOj17ejg,RO12,taul,1K8T,TyGl,I6Bd3iM,9YuuPSz3BI,gO6T,9_Y1,iVbl,VpdQ,IYzP,me75fM6ugJ,kIsH,uKAI,L84s,NhsEn4L,cUQRbBF,5Xbo,cJvF,FzaX,bBmOw16,oslk,CcdTy9x,LM8l689qOp,7aLG,RAYp,F2FyR07IdsN7I
0,770,7,328,252,315,200,166.56,0,0,0,1.004913,9,60,14,26936,0,3635.16,0,6,0,32,51003.2,1005,0,11016,0,432875,58512,1170,0,0,0,479384,62,3888,0,0,DQlrEyXXnK,RO12,taul,1K8T,iJ4u,fhkSC6h,k10MzgT,gif5,9_Y1,SkZj,VpdQ,IYzP,DHn_WUyBhW_whjA88g9bvA64_,kIsH,uKAI,L84s,CrNX,mAjbq_f,aINY,UYBR,FzaX,4Ux3AwP,d0EEeJi,FX1MPP4,LM8l689qOp,Aoh3,nIGXDli,F2FyR07IdsN7I
0,392,7,0,208,260,152,166.56,0,47562,0,5.562487,9,32,0,609552,0,7715.31,5,6,24,64,356519.6,560,12,12483,0,725485,209882,220,0,0,358862,1407052,38,67536,0,0,4e7Wq69R_D,RO12,taul,1K8T,ssAy,OfJo7aV,UnPEkD6Pex,CW7l,9_Y1,0A_v,sJzTlal,IYzP,me75fM6ugJ,kIsH,uKAI,L84s,NhsEn4L,uZL60aU,3_bO,UYBR,FzaX,Nr9j9cC,oslk,TBXQ5_S,LM8l689qOp,PM2D,RAYp,F2FyR07IdsN7I
0,175,0,0,224,280,144,186.64,0,2346,0,4.435377,9,14,0,606184,0,31059.9,0,16,56,80,54100.4,415,6,0,0,899320,403940,0,0,0,252217,2118696,38,430056,0,0,Yn7t0Go8Lb,RO12,taul,1K8T,QQSE,pro8v8X,JFX8g7a,lT2l,9_Y1,Z5OU,sJzTlal,IYzP,me75fM6ugJ,kIsH,uKAI,L84s,NhsEn4L,kZJtVhC,78p0,UYBR,FzaX,meWVy8V,oslk,DQ3u3MC,LM8l689qOp,Qu4f,RAYp,F2FyR07IdsN7I
0,1988,7,628,408,510,136,166.56,0,2268,0,3.284982,9,86,294,564840,0,10505.07,15,14,104,160,-100374,1100,12,12591,0,892675,76360,75,0,36,109732,1353844,106,233472,0,0,cFHt0GoOh3,RO12,taul,1K8T,7gSz,iJzviRg,_H1o1j_0IT,hXmF,9_Y1,t_4G,09_Q,haYg,7M47J5GA0pTYIFxg5uy,kIsH,uKAI,L84s,leSl,11pika_,yfrI,cJvF,FzaX,ch2oGfM,QKW8DRm,P6pu4Vl,LM8l689qOp,Qu4f,ZI9m,R4y5gQQWY8OodqDV
0,1050,7,2272,124,155,64,200,0,4680900,0,6.314463,9,56,42,284144,0,144056.7,10,6,16,8,-121187.6,545,60,3276,0,1622465,1370056,1080,0,9,0,7973120,14,526956,0,0,AhzOj17IEC,RO12,taul,1K8T,oXaB,f_ox5tm,V6XUlxabJ4VaD,cJ3Z,9_Y1,iVbl,VpdQ,hAFG,7M47J5GA0pTYIFxg5uy,kIsH,uKAI,L84s,L_dnxNc,pMW4Yq1,YfLx,cJvF,FzaX,tHIJiTc,QKW8DRm,7zlhNOD,LM8l689qOp,7aLG,vJ_w8kB,WfJ2BB2SFSqauljlfOB
0,2429,21,4028,464,580,208,166.56,0,6144,0,5.684683,27,90,217,644304,0,8107.29,0,20,136,224,83057.6,1620,6,7956,0,408880,211348,725,0,9,101927,1212748,102,205050,0,0,_v2TmBftjz,RO12,taul,1K8T,EWYi,wEY7Jcz,IoHY5yI9pU,3c02,9_Y1,4N0K,09_Q,hAFG,me75fM6ugJ,kIsH,uKAI,L84s,XfqtO3UdzaXh_,11p4mKe,ua_8,cJvF,FzaX,ncuRoKG,oslk,aK_wS9i,LM8l689qOp,Qu4f,RAYp,F2FyR07IdsN7I
0,574,7,64,272,340,56,230.08,0,5927964,0,0.4518265,9,134,7,125016,0,36134.4,40,0,64,16,-279058,720,150,14742,0,934465,56434,240,0,9,0,6621440,52,0,0,0,qFpmfo8zhV,2Knk1KF,taul,1K8T,LloI,H9TaVTy,xVE_STw,0Zsp,9_Y1,Ew1Q,VpdQ,6JmL,me75fM6ugJ,kIsH,uKAI,L84s,XfqtO3UdzaXh_,OFqmdNV,e5kU,UYBR,FzaX,MKZfql_,oslk,3lfAGfT,LM8l689qOp,wX53,RAYp,55YFVY9
0,1204,7,580,188,235,72,186.64,5,7205520,0,5.265114,9,40,133,0,0,146990.7,30,4,32,0,132429.6,745,96,18090,16,1193825,1013888,11035,0,18,0,10455840,28,1036800,0,7,qFpmfo8zhV,RO12,taul,1K8T,0Xwj,INosKl9,UFIdC8I,y56T,F3hy,wGwL,VpdQ,IYzP,me75fM6ugJ,kIsH,uKAI,L84s,NhsEn4L,mAjbk_S,6EdI,cJvF,FzaX,7XC6hzI,oslk,wH3Rt2K,LM8l689qOp,wX53,RAYp,F2FyR07IdsN7I
0,889,7,1536,220,275,136,148.64,0,7746,0,6.67806,18,54,91,87224,0,19909.44,0,4,24,112,1948.716,840,12,3033,0,242465,51046,3580,0,0,15512,387672,40,64248,0,0,hSovyx7IEC,RO12,taul,1K8T,FgS1,cJKfmkh,V6XUlxabJ4VaD,LHEA,9_Y1,xSqs,VpdQ,IYzP,me75fM6ugJ,kIsH,uKAI,L84s,NhsEn4L,TDceha3,rL16,cJvF,FzaX,HJNVoxc,oslk,qlCDnag,LM8l689qOp,szEZ,RAYp,F2FyR07IdsN7I
0,1253,7,44,152,190,56,706.72,5,4393698,9,1.603503,18,48,0,691200,0,143046.9,30,2,32,8,-260583.2,640,84,1800,16,2673440,420312,835,0,0,50988,8271440,18,43704,0,0,a4vPe2fHUn,RO12,taul,1K8T,lK27,veKstTK,QvKwy5O,T5aZ,9_Y1,mTeA,VpdQ,IYzP,me75fM6ugJ,kIsH,uKAI,L84s,NhsEn4L,kZJtVhC,YS4i,UYBR,FzaX,HwFANRN,oslk,ILovJRX,M_8D,FSa2,RAYp,F2FyR07IdsN7I
0,1260,21,372,192,240,64,220.08,10,3925890,0,6.693655,27,64,21,1940608,3,23325.99,25,4,24,40,-509732,1075,66,2493,24,1194505,403620,1010,0,9,604800,6650160,34,361590,0,0,1JGr4RKzJV,RO12,taul,1K8T,kNzO,6CXYbuk,Gai9lEF2Fr,0fcK,9_Y1,DtNL,sJzTlal,IYzP,Kxdu,kIsH,uKAI,L84s,9pUnzWLbztKTo,TDc92TK,P8do,UYBR,FzaX,ROeipLp,zCkv,K2SqEo9,LM8l689qOp,FSa2,6fzt,am14IcfM7tWLrUmRT52KtA
0,924,0,0,180,225,216,166.56,5,0,0,1.563555,9,68,0,201872,0,44237.1,0,16,40,32,-38552.56,680,0,378,8,217260,590780,0,0,9,307279,2235060,12,1168134,0,0,eOQt0GoOh3,RO12,taul,1K8T,0Xwj,60OrkF8,AnFe5lW9Nt,sIQ4,F3hy,rGJy,VpdQ,43pnToF,me75fM6ugJ,kIsH,uKAI,L84s,NhsEn4L,mAjbk_S,TF6W,UYBR,FzaX,nQmuhvP,oslk,un2j7qz,LM8l689qOp,Qu4f,RAYp,F2FyR07IdsN7I
0,112,0,0,28,35,0,321.28,0,8728560,0,4.052553,9,16,0,344344,0,332952,5,2,24,8,78278.4,285,18,0,0,1077580,0,0,0,9,56042,9304520,2,48036,0,0,CEaBcmz45j,RO12,taul,1K8T,0Xwj,w9kwuGt,glRBFJT8NN,DwEL,HLqf,WGOH,VpdQ,zm5i,me75fM6ugJ,sBgB,uKAI,L84s,NhsEn4L,NGZxnJM,Avmx,cJvF,FzaX,K9Bfc8E,oslk,017QQMs,LM8l689qOp,Qcbd,RAYp,F2FyR07IdsN7I
0,434,0,0,108,135,152,220.08,10,0,0,4.640461,9,26,0,0,0,185789.7,0,16,32,0,25299.56,445,0,0,16,0,3283200,0,0,9,0,9331200,0,4147200,0,0,vAsgUHXM47,RO12,taul,1K8T,JLbT,604wEl4,8_JUVIU,BYU6,9_Y1,STGZ,VpdQ,zm5i,me75fM6ugJ,kIsH,uKAI,L84s,NhsEn4L,kZJtVhC,QWKI,cJvF,FzaX,9WBvEWW,oslk,UsL2pc5,LM8l689qOp,453m,RAYp,F2FyR07IdsN7I
0,791,7,192,144,180,72,166.56,0,521646,0,4.822474,9,90,77,2686008,0,105550.2,0,0,40,72,324921.2,560,12,1134,0,2913715,862598,1640,0,18,670460,5746920,32,0,0,0,52Iq9ayE15,RO12,taul,1K8T,PJLW,creaF5r,ELqaUgs,aJ5r,9_Y1,vm5R,09_Q,haYg,me75fM6ugJ,kIsH,uKAI,L84s,XfqtO3UdzaXh_,XTbPUYD,c7yD,cJvF,FzaX,PhzfR8o,oslk,JEtAgOW,jySVZNlOJy,7P5s,RAYp,F2FyR07IdsN7I
0,1022,7,40,172,215,40,589.52,0,7792680,0,6.150609,9,34,7,2319832,0,159525.3,30,2,40,32,106564,660,102,23391,0,2656945,81524,535,0,9,52976,10627040,20,45408,0,0,1GdOj1KXzC,RO12,taul,1K8T,487l,lCphli9,a0nTw4C,28qu,9_Y1,ID5l,VpdQ,zm5i,me75fM6ugJ,kIsH,uKAI,Mtgm,NhsEn4L,kZJtVhC,hsBa,cJvF,FzaX,MVOAHgk,oslk,gkfqCcD,LM8l689qOp,kwS7,RAYp,F2FyR07IdsN7I
0,5383,7,2780,804,1005,384,200,0,733128,0,0.2461013,18,66,1610,463384,0,8854.38,75,40,208,184,8584.28,3620,216,10890,0,669075,324144,2275,0,9,105616,2412940,118,420906,0,0,avkq9ayfAo,RO12,taul,1K8T,kNzO,fi0OqeB,NW71gM15FR,nt0n,9_Y1,vm5R,VpdQ,lVqb,me75fM6ugJ,kIsH,uKAI,L84s,XfqtO3UdzaXh_,11p4mKe,CzUQ,cJvF,FzaX,VDdAM23,oslk,gF2YaaM,LM8l689qOp,7P5s,RAYp,F2FyR07IdsN7I
0,938,14,2668,76,95,72,220.08,0,897390,0,1.825037,18,132,567,92800,0,43046.4,0,0,16,24,-1427356,330,12,9549,0,1189410,76036,6100,0,27,0,1748260,10,0,0,0,gOyvyx7ejg,AERks4l,taul,1K8T,FgS1,fhk21Ss,4hMlgkf58mhwh,5723,9_Y1,RcM7,VpdQ,hAFG,7M47J5GA0pTYIFxg5uy,kIsH,uKAI,L84s,cOJGGr4F_wga1,kZJnM1T,OH3C,UYBR,FzaX,4UxGlow,zCkv,catzS2D,LM8l689qOp,szEZ,ZI9m,ib5G6X1eUxUn6
0,525,7,0,24,30,0,186.64,0,2123910,0,3.570818,9,32,0,9676800,0,265417.2,0,0,16,16,329910.8,290,6,54,0,5414000,0,70,0,18,8467200,10585560,6,0,0,0,Qu0qrQKzJV,RO12,taul,1K8T,TyGl,creg0bq,6JhmFZu,Gt1c,9_Y1,15m3,09_Q,zm5i,me75fM6ugJ,kIsH,uKAI,L84s,NhsEn4L,mAjbk_S,WFD8,UYBR,FzaX,VgKv48t,oslk,nRgz4Af,LM8l689qOp,FSa2,RAYp,F2FyR07IdsN7I
0,1015,7,1120,208,260,96,323.44,0,4888446,0,3.505234,9,90,28,2846880,0,169071.9,20,2,40,88,67602.8,650,72,15687,0,3530705,645940,95,0,27,1108828,10273880,24,475212,0,0,DQlgUH7IEC,RO12,taul,1K8T,dm89,6CXYbuk,_03xtaMIkZsn1,xM3l,9_Y1,1Bp0,VpdQ,haYg,Kxdu,kIsH,uKAI,L84s,9pUnzWLbztKTo,y5FWh4t,BQUs,cJvF,FzaX,ROeipLp,zCkv,K2SqEo9,LM8l689qOp,WqMG,6fzt,am14IcfM7tWLrUmRT52KtA
0,343,0,0,116,145,112,90.32,0,0,0,2.292886,9,24,0,544,0,1835.673,0,16,40,16,975.284,355,0,0,0,30570,10746,0,0,0,31199,65796,10,29364,0,0,MtpBcmzkzH,RO12,taul,1K8T,0WHw,cnWs43J,AnFl2Mwxzd,jhvm,9_Y1,KubS,VpdQ,IYzP,me75fM6ugJ,kIsH,uKAI,L84s,NhsEn4L,mAjR0Ac,VqFP,cJvF,FzaX,FgkjbzC,oslk,5gSwS9i,LM8l689qOp,Qcbd,RAYp,F2FyR07IdsN7I
0,2296,7,1536,360,450,64,263.52,0,1484604,0,3.819483,18,136,210,4448000,0,84495.91,45,6,56,72,141975.6,1225,168,4275,0,7739850,168232,820,0,36,302855,10655520,66,603852,0,0,Qu0qrQKzJV,LrdZy8QqgUfkVShG,taul,1K8T,0Xwj,fhk21Ss,9g4oaYjoL0,l1vd,HLqf,15m3,VpdQ,itlM,7M47J5GA0pTYIFxg5uy,sBgB,uKAI,L84s,XfqtO3UdzaXh_,XTbPUYD,et0G,UYBR,FzaX,4UxGlow,oslk,catzS2D,LM8l689qOp,FSa2,ZI9m,ib5G6X1eUxUn6
0,2170,14,4156,220,275,16,253.52,0,684798,0,6.994659,27,86,42,1847296,0,106383.6,35,20,96,80,140902.4,895,30,9090,0,8479950,231350,255,0,9,1355655,10661400,42,2257950,0,0,1KSr4RK2Mx,RO12,taul,1K8T,ssAy,6CXYbuk,hOpMh7dRpW,oQ0L,9_Y1,DtNL,09_Q,43pnToF,Kxdu,kIsH,uKAI,L84s,9pUnzWLbztKTo,TDc92TK,nM47,UYBR,FzaX,ROeipLp,zCkv,K2SqEo9,jySVZNlOJy,FSa2,6fzt,am14IcfM7tWLrUmRT52KtA
0,1491,7,468,144,180,72,418.32,0,3801696,0,0.2206793,9,50,49,3056848,0,114417.9,20,2,48,48,-81383.6,520,48,47574,0,2542700,1425636,6765,0,0,0,10342880,16,475212,0,0,51rt0G8rTN,RO12,taul,1K8T,wOc1,7c9SNLr,_jTP8ioIlJ,_dG7,9_Y1,k13i,VpdQ,IYzP,me75fM6ugJ,kIsH,uKAI,Mtgm,NhsEn4L,mAjbk_S,UAez,UYBR,FzaX,mTP8jNM,oslk,bMSObSS,jySVZNlOJy,fKCe,RAYp,F2FyR07IdsN7I
0,924,14,924,180,225,136,216,0,0,0,5.041231,36,44,189,262152,9,11331.09,10,8,64,48,-815424,555,0,16263,40,248145,125226,7745,0,0,11760,663928,32,63336,0,14,ZSNq9aX0Db,AERks4l,taul,1K8T,TyGl,ouIk2Zj,k10MzgT,Lbdk,9_Y1,6TCl,09_Q,IYzP,GjJ35utlTa_GNSvxxpb9ju,kIsH,uKAI,L84s,JBfYVit4g8,uZLz8Sc,Iscb,cJvF,FzaX,jnKSYVh,Al6ZaUT,v3vAZJe,LM8l689qOp,uWr3,02N6s8f,xwM2aC7IdeMC0
0,1659,14,12396,212,265,128,220.08,0,162564,0,0.9230933,27,106,1015,1103192,0,34983.6,5,14,48,56,-732512,990,36,26910,0,1857435,340374,145,0,18,957033,3640472,32,1215804,0,0,Y3tqrQKzJV,2Knk1KF,taul,1K8T,JLbT,G7AJA2C,nQUxgtZEqo,6Yf9,9_Y1,15m3,VpdQ,sYC_,DHn_WUyBhW_whjA88g9bvA64_,kIsH,uKAI,L84s,CrNX,pMWQVqj,0Mmi,cJvF,FzaX,380broV,d0EEeJi,SPy7nDv,LM8l689qOp,FSa2,nIGXDli,55YFVY9
0,728,7,156,132,165,16,290.32,0,9141120,0,6.936979,18,30,0,1382416,0,152890.2,35,0,32,16,2485968,500,108,3708,0,1728005,26458,270,0,0,0,10639800,8,0,0,0,dukmfo8zhV,RO12,taul,1K8T,LloI,25Ax0bI,221FeF7,3epP,9_Y1,wGwL,sJzTlal,IYzP,me75fM6ugJ,kIsH,uKAI,Mtgm,NhsEn4L,kZJtVhC,0urO,UYBR,FzaX,8c868SY,oslk,PQROEra,LM8l689qOp,wX53,RAYp,F2FyR07IdsN7I
0,1561,7,176,132,165,8,220.08,0,132006,0,0.4293954,9,82,0,5414504,0,76310.41,0,0,32,64,159331.2,515,12,153,0,9277350,158410,150,0,27,604800,10533960,44,0,0,0,HrWq9aXt5a,RO12,taul,1K8T,L80O,Kwerbwz,77iJmpaB0e,Xw7x,9_Y1,Y9Bl,09_Q,kxE9,me75fM6ugJ,kIsH,uKAI,L84s,XfqtO3UdzaXh_,XTbPUYD,uEZj,cJvF,FzaX,CFUvOIl,oslk,c1XAwsZ,LM8l689qOp,uWr3,RAYp,F2FyR07IdsN7I
0,1239,21,8,148,185,40,318.08,0,7309200,0,0.8876309,36,40,0,1382400,0,106795.8,20,4,32,16,227292.8,520,102,414,0,2377025,502292,340,0,18,604800,10543800,14,1036800,0,0,P1WvyxLp3Z,LrdVolaSGUfkVeWC,taul,1K8T,JLbT,RPKu5tB,IMbnnzlLVO,jfLX,9_Y1,vzJD,sJzTlal,TIA9,me75fM6ugJ,kIsH,uKAI,L84s,XfqtO3UdzaXh_,OFq9NeO,RsxF,cJvF,FzaX,WdP1WU5,oslk,05j67Xw,jySVZNlOJy,xb3V,RAYp,R4y5gQQWY8OodqDV
0,854,7,404,128,160,32,166.56,0,0,0,3.251656,9,52,0,5529648,0,214087.8,0,2,32,64,76254.4,505,0,100863,0,8077950,349328,1085,0,18,604800,10271440,38,518400,0,0,2jigUH7ejg,RO12,taul,1K8T,xgSF,gF91x3Z,y2LuFUfSEo,8bx9,9_Y1,1Bp0,VpdQ,TIA9,me75fM6ugJ,kIsH,uKAI,Mtgm,XfqtO3UdzaXh_,kq0IkyT,GUpa,UYBR,FzaX,9UdCLWs,oslk,G6quVxn,LM8l689qOp,WqMG,RAYp,F2FyR07IdsN7I
0,308,0,0,308,385,184,200,0,0,0,4.297372,9,16,0,117488,0,4223.22,0,14,80,80,-63046,915,0,0,0,189140,71210,0,0,0,11914,369440,74,25446,0,0,6m0t0G8rTN,RO12,taul,1K8T,wOc1,5EpXqGp,5q1hF23,TR_t,9_Y1,e7QV,09_Q,IYzP,me75fM6ugJ,kIsH,uKAI,L84s,NhsEn4L,mAja5EA,JBij,cJvF,FzaX,OTgQ8OA,oslk,Vo68gbh,LM8l689qOp,fKCe,RAYp,F2FyR07IdsN7I
0,2100,7,416,196,245,232,133.12,0,15216,0,1.356548,9,78,0,88888,0,7433.13,0,12,40,72,-1766736,920,6,17145,0,20320,257618,2230,0,9,44968,646240,8,90240,0,0,oyGrjIXt5a,RO12,taul,1K8T,dTod,Xkt4wFk,S85YZxYiez,2Ueo,9_Y1,WIr3,09_Q,hAFG,me75fM6ugJ,kIsH,uKAI,Mtgm,XfqtO3UdzaXh_,11p4mKe,YD6S,UYBR,FzaX,ZCE8XLE,oslk,dxB79_c,LM8l689qOp,5Acm,RAYp,F2FyR07IdsN7I
0,140,0,0,252,315,176,193.28,0,18060,0,0.3462935,18,16,0,49648,0,10070.76,0,2,16,24,68147.6,825,12,0,0,504230,174774,0,0,18,0,789816,70,30,0,0,eOQgUHShse,RO12,taul,1K8T,JLbT,MqsvJst,EXpWEXgaYWQf4,85IW,9_Y1,RVjC,VpdQ,IYzP,me75fM6ugJ,kIsH,uKAI,L84s,NhsEn4L,mAja5EA,ETNp,UYBR,FzaX,ot6vdH_,oslk,PXlqjwa,LM8l689qOp,FSa2,RAYp,F2FyR07IdsN7I
0,595,0,0,128,160,104,166.56,0,2073600,0,5.95407,9,50,0,5584,0,59828.7,10,0,8,16,-60668.8,415,24,5148,0,181630,57412,0,0,0,0,2336520,22,0,0,0,NQ5vyxLkBI,RO12,taul,1K8T,ssAy,Fn0AVx0,hOpRIhsUSP,Fg7F,9_Y1,vzJD,VpdQ,IYzP,me75fM6ugJ,kIsH,uKAI,L84s,NhsEn4L,mAjbk_S,Ep2D,cJvF,FzaX,Qf2oI0_,oslk,R9o52Lp,LM8l689qOp,xb3V,RAYp,F2FyR07IdsN7I
0,854,7,0,144,180,16,220.08,0,11303220,0,6.288613,9,58,0,120600,0,211374,45,0,32,8,190068.8,540,132,99,0,112685,25724,5,0,9,0,10733680,4,0,0,0,8I1r4RXXnK,RO12,taul,1K8T,EzKK,GOBtJoj,9YuuPSz3BI,MkUW,9_Y1,TFSW,VpdQ,lVqb,me75fM6ugJ,kIsH,uKAI,L84s,XfqtO3UdzaXh_,XTbPUYD,HANc,cJvF,Lmli,xtRTKvt,oslk,N0GYONy,M_8D,Xa3G,RAYp,F2FyR07IdsN7I
0,406,0,0,136,170,8,253.52,0,11334660,0,1.861782,9,24,0,691200,0,222007.8,40,0,32,8,153126,490,132,0,0,153620,42528,0,0,9,0,10740360,4,0,0,0,vAsgUHXM47,RO12,LfvqpCtLOY,1K8T,7ALb,j5_Xk4l,dFpeQop,sz_u,9_Y1,STGZ,VpdQ,IYzP,me75fM6ugJ,kIsH,uKAI,Mtgm,NhsEn4L,mAja5EA,aOxo,cJvF,FzaX,OjIAe72,oslk,xmAuVKu,LM8l689qOp,453m,RAYp,F2FyR07IdsN7I
0,1575,14,1148,124,155,40,166.56,0,0,0,6.396497,18,86,21,136336,0,4418.4,0,6,56,72,-54022.8,900,0,12537,0,87710,8916,1245,0,18,8876,176772,28,30906,0,0,oUPBcmzkzH,RO12,taul,1K8T,kwI9,Gs9vcTJ,r83_sZi,M6St,9_Y1,4nnx,VpdQ,Tkho,me75fM6ugJ,kIsH,uKAI,L84s,NhsEn4L,beK4AFX,_Qcc,UYBR,FzaX,OBFOw16,oslk,ERg2fT4,LM8l689qOp,Qcbd,RAYp,F2FyR07IdsN7I
0,1946,21,384,252,315,88,263.52,0,3309690,0,1.020081,36,58,35,2347120,0,90867,35,20,88,64,104913.2,970,54,9612,0,3889300,380472,250,0,0,128800,9118720,36,369936,0,0,Y3tqrQKzJV,RO12,taul,1K8T,lK27,raf1MZE,76j2P_OLn0,hdqt,9_Y1,15m3,VpdQ,IYzP,DHn_WUyBhW_whjA88g9bvA64_,kIsH,uKAI,L84s,CrNX,mAjy7aS,RAv0,cJvF,FzaX,OjIa21z,d0EEeJi,F4nUr1Y,LM8l689qOp,FSa2,nIGXDli,F2FyR07IdsN7I
0,1393,14,812,136,170,32,200,0,0,0,0.3441572,27,84,119,466512,0,6715.32,0,10,40,64,59610,485,0,199566,0,146230,8004,5705,0,18,22659,509440,34,214788,0,0,qFpmfo8zhV,RO12,taul,1K8T,QQSE,L7tnlHp,g2m8tgfX43,NUJW,9_Y1,6Kw9,09_Q,sYC_,DHn_WUyBhW_whjA88g9bvA64_,kIsH,uKAI,L84s,CrNX,pMWQVqj,kPCU,cJvF,FzaX,Ubx2WyU,d0EEeJi,boJzv5f,LM8l689qOp,3Cy4,nIGXDli,F2FyR07IdsN7I
0,1568,7,360,296,370,160,166.56,0,4616652,0,3.383465,9,78,70,531816,0,66810.59,15,10,48,104,-641976,885,84,8775,8,1120175,405196,130,0,0,400953,6679480,38,888690,0,7,zcROj17IEC,RO12,taul,1K8T,aD1X,au1nqNs,76j2P_OLn0,tSfn,9_Y1,zfpA,VpdQ,IYzP,me75fM6ugJ,kIsH,uKAI,Mtgm,NhsEn4L,mAjbk_S,VXP0,UYBR,FzaX,_PxA1m8,oslk,vUcOEra,LM8l689qOp,7aLG,RAYp,F2FyR07IdsN7I
0,294,7,272,116,145,48,200,5,0,0,6.582995,9,100,91,78960,0,4955.55,0,0,16,64,26257.72,280,0,40383,8,169570,49498,95,0,27,0,274132,30,0,0,0,_v2gUHXZeb,RO12,taul,1K8T,487l,GRl7qwL,BBhiudN5VwCx3,_uB_,9_Y1,STGZ,VpdQ,haYg,me75fM6ugJ,kIsH,uKAI,L84s,XfqtO3UdzaXh_,XTbPUYD,wQxu,cJvF,FzaX,xDj6pd1,oslk,VQZzrB7,LM8l689qOp,453m,RAYp,F2FyR07IdsN7I
0,7,0,0,48,60,32,462.4,0,1425642,0,1.449263,9,12,0,125696,6,81321.91,0,0,8,8,-1005332,60,30,0,24,264880,37984,0,0,0,109984,1301148,4,0,0,7,C2Dvyx875g,RO12,taul,1K8T,TyGl,0qCFAbb,OYNCSwc,JM2c,9_Y1,MBhA,sJzTlal,IYzP,me75fM6ugJ,kIsH,uKAI,L84s,NhsEn4L,kZJyVg2,5smi,UYBR,FzaX,EpcDGHt,oslk,ZlcHKhk,LM8l689qOp,WqMG,RAYp,F2FyR07IdsN7I
0,2345,7,48,140,175,112,307.92,0,1769028,0,2.597735,9,38,0,1476096,0,45979.2,5,12,48,32,110636.4,625,30,1719,0,2052000,2333260,130,0,9,0,10559760,10,3026136,0,0,DHeq9ayfAo,AERks4l,taul,1K8T,z32l,5CFXD9A,hOpRIhsUSP,CAl2,9_Y1,QBpP,VpdQ,43pnToF,7M47J5GA0pTYIFxg5uy,kIsH,uKAI,L84s,4kVnq_T26xq1p,kq0RbBF,ucdq,cJvF,FzaX,MmsL3hM,zCkv,XdARPDh,LM8l689qOp,7P5s,ZI9m,F2FcTt7IdMT_v
0,1064,7,76,316,395,144,133.12,0,7614,0,2.212348,9,48,0,163056,0,5060.64,5,14,80,136,-48705.2,985,6,9432,0,364435,56300,225,0,0,97888,712140,70,331722,0,0,FAJWq69cTy,RO12,taul,1K8T,ssAy,wEJSdMg,ARvzJXx,0XzP,9_Y1,Px52,VpdQ,IYzP,me75fM6ugJ,kIsH,uKAI,L84s,NhsEn4L,cUQmao5,JEC4,UYBR,FzaX,aMa88FJ,oslk,tM4OEra,LM8l689qOp,PM2D,RAYp,F2FyR07IdsN7I
0,63,0,0,108,135,32,416.8,0,2585640,0,1.963897,9,14,0,836160,0,265391.4,10,4,16,16,938364,175,54,0,0,5570950,510930,0,0,0,731640,10440120,16,700668,0,0,8Iqt0G8rTN,RO12,taul,1K8T,JLbT,q9gARMl,Gai9lEF2Fr,NCWu,9_Y1,k13i,sJzTlal,IYzP,me75fM6ugJ,sBgB,uKAI,L84s,NhsEn4L,mAja5EA,6i3R,cJvF,wwPEXoilkr,zQ_4jrS,oslk,3L2y2B0,LM8l689qOp,fKCe,RAYp,F2FyR07IdsN7I
0,1141,7,1864,288,360,296,169.92,0,4902,0,2.306772,9,188,308,44264,0,3697.77,0,26,96,80,-78924,925,18,48762,0,18775,62578,5440,0,18,11445,228092,18,93774,0,0,1KSTmBQxul,RO12,taul,1K8T,TyGl,fhk21Ss,UnPEkD6Pex,lcdK,9_Y1,TjV7,09_Q,y6dw,7M47J5GA0pTYIFxg5uy,kIsH,uKAI,L84s,QsQAxv5,KqjecMy,nPRR,UYBR,FzaX,4UxGlow,QKW8DRm,catzS2D,LM8l689qOp,FSa2,ZI9m,iyHGyLCEkQ
0,427,0,0,320,400,88,186.64,0,6723420,0,0.7417219,9,22,0,4838400,0,121784.7,5,0,0,8,226027.2,790,162,0,0,153160,33562,0,0,9,0,9510320,80,0,0,0,HAoOj1KXzC,RO12,taul,1K8T,lK27,8NKFFda,KyxX4chnKM,hbE4,9_Y1,jdbz,sJzTlal,zm5i,me75fM6ugJ,kIsH,uKAI,L84s,NhsEn4L,TDcwKda,Lsyl,cJvF,FzaX,zWA88FJ,oslk,Ggf2C8o,LM8l689qOp,kwS7,RAYp,F2FyR07IdsN7I
0,588,7,172,152,190,24,300.32,0,2044248,0,2.710746,9,34,161,3540248,0,189686.1,10,6,40,48,182760.4,540,42,29646,0,7272050,202444,2755,0,18,20594,10505000,34,773814,0,0,4bwt0GoOh3,RO12,taul,1K8T,7gSz,V2og2A0,Z8ZAV8jDl3,SSYN,9_Y1,Z5OU,VpdQ,IYzP,me75fM6ugJ,kIsH,uKAI,Mtgm,NhsEn4L,jawR0Ac,F26M,UYBR,FzaX,UjGuLpj,oslk,3QPw991,LM8l689qOp,Qu4f,RAYp,F2FyR07IdsN7I
0,1036,21,11152,136,170,48,298.72,0,4103400,0,6.321512,45,60,42,1267216,0,159928.5,25,4,32,16,173615.6,665,54,15543,0,3348330,950416,4450,0,0,1108814,10166320,20,950412,0,0,zcRZptzip9,RO12,taul,1K8T,TyGl,INoV6tQ,glRbITbnHQ,ElHP,9_Y1,t_4G,VpdQ,IYzP,me75fM6ugJ,kIsH,uKAI,L84s,NhsEn4L,mAjbk_S,a8Vi,cJvF,FzaX,kj7fGrO,oslk,pHGT3Cb,M_8D,Qu4f,RAYp,F2FyR07IdsN7I
0,1918,21,2016,144,180,88,220.08,0,1707750,0,2.412519,45,136,154,2580144,0,95916.3,5,6,40,40,108735.6,570,24,32454,0,4765885,1442850,2120,0,18,90377,10150480,24,1114266,0,0,LDPgUHXZeb,LrdZy8QqgUfkVShG,I9xt3GDRhUK7p,1K8T,h3JW,fhk21Ss,k10MzgT,i6OW,9_Y1,STGZ,VpdQ,hAFG,7M47J5GA0pTYIFxg5uy,kIsH,uKAI,L84s,FMSzZ91zL2,OFqrZ3Z,AHQM,cJvF,AU8_WTd,4UxGlow,zCkv,catzS2D,jySVZNlOJy,453m,ZI9m,ib5G6X1eUxUn6
0,637,7,56,140,175,40,268.16,0,6294300,0,0.3779107,9,46,0,1698544,0,215181.9,10,2,40,48,-125809.6,410,84,8667,0,351415,646040,120,0,18,285292,7294960,14,475230,0,0,GcUt0G8rTN,RO12,taul,1K8T,NF63,gwY4NQF,9UgkRNa9Jb,ID43,9_Y1,k13i,VpdQ,sYC_,me75fM6ugJ,kIsH,uKAI,L84s,NhsEn4L,kq0n8Bj,g2AX,UYBR,FzaX,t5EoLzk,oslk,ag5iNPX,LM8l689qOp,fKCe,RAYp,F2FyR07IdsN7I
0,742,7,96,124,155,48,253.52,5,7257600,0,4.923734,9,56,28,0,0,221913,30,2,24,0,-367729.6,470,84,179604,8,43315,1036800,265,0,0,0,9356880,8,518400,0,0,vAsTmBfHUn,RO12,taul,1K8T,LFM_,Nn3wY8e,C_u8_AlBK7,BCG1,9_Y1,4N0K,09_Q,IYzP,me75fM6ugJ,kIsH,uKAI,L84s,NhsEn4L,kZJtVhC,ySAE,UYBR,FzaX,75wv48t,oslk,xKQ2fT4,jySVZNlOJy,Qu4f,RAYp,F2FyR07IdsN7I
0,98,0,0,80,100,40,220.08,0,925470,0,4.425764,9,16,0,93424,0,209478,15,4,24,8,-558008,205,18,0,0,1860765,714226,0,0,0,0,5308760,12,1036800,0,0,1KSqrQK2Mx,RO12,taul,1K8T,487l,PTPxkyQ,7zcIGCc,RvMR,9_Y1,15m3,VpdQ,IYzP,me75fM6ugJ,kIsH,uKAI,L84s,NhsEn4L,7WwwAA_,f5JJ,cJvF,FzaX,HH3v4zN,oslk,2HJE4Qn,LM8l689qOp,FSa2,RAYp,F2FyR07IdsN7I
0,182,0,0,32,40,24,318.24,0,7257600,0,2.839778,9,20,0,0,0,335916,0,2,0,0,579188,255,12,0,0,2223460,1533228,0,0,9,0,10064920,4,571926,0,0,1PnOj1KVEH,RO12,taul,1K8T,0Xwj,60saF5r,hCdK,weGb,F3hy,vYXv,VpdQ,zm5i,me75fM6ugJ,kIsH,uKAI,L84s,NhsEn4L,mAja5EA,zVzM,UYBR,FzaX,nJQfR8o,oslk,4lYAgOW,LM8l689qOp,kwS7,RAYp,F2FyR07IdsN7I
0,539,0,12,176,220,80,133.12,0,112734,0,2.941465,9,78,0,52544,0,7539.09,0,26,104,48,-15836.56,485,36,70497,0,103430,73098,0,0,0,121408,475524,18,217734,0,0,1fZWq6e2Rv,RO12,taul,1K8T,AHgj,jwhtMxl,2M_4L1b76WVVN,fcLs,9_Y1,_xpN,sJzTlal,IYzP,me75fM6ugJ,kIsH,uKAI,L84s,NhsEn4L,TDcECyH,nvck,UYBR,FzaX,fabLnWA,oslk,EPqQcw6,LM8l689qOp,FSa2,RAYp,F2FyR07IdsN7I
0,238,0,0,160,200,112,166.56,0,375510,0,0.6859645,9,16,0,847504,0,37479.3,0,8,48,80,-143405.6,560,12,0,0,1300540,315538,0,0,0,309050,2791228,20,668442,0,0,mzKvyx8zhV,RO12,LfvqpCtLOY,1K8T,72yt,IoVviRg,C_u8_AlBK7,maut,9_Y1,3NyY,09_Q,IYzP,me75fM6ugJ,kIsH,uKAI,L84s,NhsEn4L,mAja5EA,0MA_,cJvF,FzaX,VoPOjel,oslk,Zc82Oqu,LM8l689qOp,WqMG,RAYp,F2FyR07IdsN7I
0,469,0,0,24,30,16,166.56,0,2802,0,0.1296732,9,92,0,18672,0,6429.99,0,0,8,8,-41384,235,6,522,0,38640,4030,0,0,9,0,50176,4,0,0,0,xearjIX0Db,RO12,taul,1K8T,vsvk,mR_k2Zj,JQFeOYK,MkgL,9_Y1,nr0d,VpdQ,wMei,me75fM6ugJ,kIsH,uKAI,L84s,h0lfDKh52u4GP,IoI4mKe,oaYP,cJvF,FzaX,XVim94s,oslk,rvbsTKW,LM8l689qOp,5Acm,RAYp,F2FyR07IdsN7I
0,2835,14,2472,16,20,0,284.08,0,0,9,1.32194,18,96,441,19353600,0,22701.48,0,0,32,32,174450.4,225,0,11106,24,0,0,325,12,27,0,9676800,0,0,0,0,NQ5rEy7Rm6,AERks4l,taul,1K8T,JLbT,PHNvXy8,77iJmpaB0e,zdei,9_Y1,X8zP,09_Q,haYg,NKv3VA1BpP,kIsH,uKAI,L84s,Ie_5MZs,OFqdri0,astg,UYBR,FzaX,UF16siJ,zCkv,APgdzOv,LM8l689qOp,Aoh3,6fzt,xwM2aC7IdeMC0
0,266,7,2432,112,140,56,200,0,29976,0,5.082461,9,40,42,0,0,10995.72,0,2,8,0,-1882488,470,12,71244,0,277990,50200,4350,0,0,0,359528,36,25128,0,0,cFHt0GoOh3,RO12,taul,1K8T,ffXs,R9_sVcA,r83_sZi,rdmX,9_Y1,YePk,VpdQ,IYzP,me75fM6ugJ,kIsH,uKAI,Mtgm,NhsEn4L,kZJtVhC,L6Hq,cJvF,FzaX,2LwVoxc,oslk,bd1gE7h,LM8l689qOp,Qu4f,RAYp,F2FyR07IdsN7I
0,700,0,0,204,255,168,166.56,0,14136,0,1.069857,9,28,0,2920352,0,56264.1,25,6,64,80,-436520,720,18,0,0,432745,690608,0,0,9,798973,3350816,18,33558,0,0,75lq9ayfAo,RO12,taul,1K8T,R4_H,mhknt93,LByewuNzAX,E_sw,9_Y1,F_Lu,sJzTlal,43pnToF,me75fM6ugJ,kIsH,uKAI,L84s,NhsEn4L,mAja5EA,hw6m,UYBR,FzaX,WWmfR8o,oslk,c4R2fT4,LM8l689qOp,TNEC,RAYp,F2FyR07IdsN7I
0,1344,7,56,132,165,56,253.52,20,2069232,0,5.64922,9,122,0,362672,0,10502.04,10,6,24,48,-701492,935,18,6507,40,4026050,132412,375,0,18,0,5656360,24,68214,0,7,9hRmfo875g,AERks4l,taul,1K8T,7gSz,fhk21Ss,77iJmpaB0e,72c4,9_Y1,Z5OU,09_Q,hAFG,7M47J5GA0pTYIFxg5uy,kIsH,uKAI,L84s,QsQAxv5,OFqlyao,15gM,cJvF,FzaX,4UxGlow,QKW8DRm,catzS2D,LM8l689qOp,Qu4f,ZI9m,ib5G6X1eUxUn6
0,623,7,40,136,170,48,254.72,0,6177780,0,1.056612,9,136,0,1267232,0,157206.6,10,8,32,16,450088,535,78,133785,0,2465320,950424,5,0,36,1108828,10473640,14,1900848,0,0,75lTmBtFkL,AERks4l,taul,1K8T,0Xwj,fhk21Ss,lGXpFd_2Rf,VkoA,HLqf,c2JP,09_Q,haYg,7M47J5GA0pTYIFxg5uy,sBgB,uKAI,Mtgm,4kVnq_T26xq1p,7Wwu9aR,fzRw,cJvF,FzaX,4UxGlow,zCkv,catzS2D,LM8l689qOp,rgKb,ZI9m,ib5G6X1eUxUn6
0,231,0,0,156,195,48,259.76,0,3415410,0,5.728691,27,18,0,652184,0,192059.7,35,10,64,16,111761.6,610,48,0,0,3460330,870952,0,0,0,0,10654800,22,2376156,0,0,oBXTmBtFkL,RO12,taul,1K8T,PbOJ,b9lODwF,fc7YXF9,laA9,9_Y1,c2JP,VpdQ,IYzP,me75fM6ugJ,kIsH,uKAI,L84s,NhsEn4L,NGZxnJM,qoyK,cJvF,FzaX,gboeT2p,oslk,LnLaK89,LM8l689qOp,rgKb,RAYp,F2FyR07IdsN7I
0,1610,7,180,256,320,72,166.56,0,210792,0,3.103397,18,96,35,613576,0,18528.18,15,12,80,80,-212132,795,24,3501,0,397020,59090,190,0,9,0,1066624,64,165756,0,0,64nWq69R_D,RO12,taul,1K8T,0Xwj,6KF0k8W,9YuYZx0Xsm,7CG1,HLqf,0A_v,VpdQ,Tkho,me75fM6ugJ,sBgB,uKAI,Mtgm,NhsEn4L,kq0aHkC,6hj3,UYBR,FzaX,ot6oLzk,oslk,IIvC99a,LM8l689qOp,PM2D,RAYp,F2FyR07IdsN7I
0,1176,7,100,100,125,8,15.64528,0,0,0,5.274941,9,126,35,46232,0,1394.397,0,6,104,96,-1014308,345,0,120852,0,16290,794,260,0,0,861,46936,18,13800,0,0,doHWq69cTy,2Knk1KF,taul,1K8T,lK27,z8FFUfi,e1XhvTunuD,BJhy,9_Y1,0A_v,VpdQ,IYzP,me75fM6ugJ,kIsH,uKAI,Mtgm,h0lfDKh52u4GP,IoI4mKe,U_U2,cJvF,FzaX,J9K8hdx,oslk,NkZ2pc5,LM8l689qOp,PM2D,RAYp,55YFVY9
0,581,0,0,140,175,40,220.08,0,6764940,0,5.688955,9,24,0,313448,0,97522.8,30,4,32,8,765620,640,84,0,0,2392610,695414,0,0,9,274267,10736400,14,1036800,0,0,gOyvyx7ejg,RO12,taul,1K8T,7M9D,86dToXU,3cO76t0,oqEn,9_Y1,f4dr,VpdQ,IYzP,me75fM6ugJ,kIsH,uKAI,L84s,NhsEn4L,kZJtVhC,Pi4N,cJvF,FzaX,QMaRwBA,oslk,0D0gQ7h,jySVZNlOJy,szEZ,RAYp,F2FyR07IdsN7I
0,1309,21,376,232,290,144,220.08,0,4662948,0,2.89639,36,92,28,1629728,0,150376.2,30,6,48,24,192847.2,625,84,29700,0,4767050,192496,1875,0,18,1339506,10465960,28,1101576,0,0,1YVvyx7IEC,RO12,taul,1K8T,dWQK,ZBOJeCE,NFlfMbKIm3,H7X1,9_Y1,xSqs,09_Q,haYg,me75fM6ugJ,kIsH,uKAI,L84s,XfqtO3UdzaXh_,11p4mKe,iKbW,cJvF,FzaX,SppPaRp,oslk,kklH6zW,M_8D,szEZ,RAYp,F2FyR07IdsN7I
0,658,7,2508,128,160,8,258.8,0,2592000,0,6.40846,9,76,154,4147200,0,219791.7,15,0,32,48,40174.4,465,30,41931,0,7232450,20736,6915,0,9,0,10665840,34,0,0,0,KXMWq69R_D,RO12,taul,1K8T,ssAy,5HUJ34g,ARvzJXx,D1Er,9_Y1,Px52,VpdQ,IYzP,me75fM6ugJ,kIsH,uKAI,L84s,NhsEn4L,TDceha3,WxAt,UYBR,FzaX,LwGCME0,oslk,_XS7lZj,LM8l689qOp,PM2D,RAYp,F2FyR07IdsN7I
0,693,7,184,112,140,40,166.56,0,5875692,0,5.184362,9,118,105,0,0,110082.3,25,2,24,0,596412,395,72,8406,0,1259195,582778,145,0,9,0,8163640,10,518400,0,0,py5gUH7ejg,GpoBynXzkxADI7bZBtqvX2IPV5t7o2QCPE,LfvqpCtLOY,1K8T,pGTb,mvzMY82,ARvzJXx,08Ds,9_Y1,3NyY,VpdQ,wMei,DHn_WUyBhW_whjA88g9bvA64_,kIsH,uKAI,L84s,CrNX,7N7iRy5,_CvP,cJvF,FzaX,x6Sxe79,d0EEeJi,t5sV3yf,jySVZNlOJy,WqMG,nIGXDli,iyHGyLCEkQ
0,777,14,3544,136,170,56,186.64,0,559770,0,5.018799,18,106,280,1094528,0,163342.8,0,8,24,24,-494328,490,18,162576,0,3296390,1057896,2385,0,9,296765,7055760,34,2073600,0,0,m9SrEy7Rm6,RO12,taul,1K8T,nQZ6,ezgR5DT,J3fgbi2,ui3n,9_Y1,X8zP,VpdQ,Tkho,me75fM6ugJ,kIsH,uKAI,L84s,NhsEn4L,kq0aHkC,mij0,UYBR,FzaX,O308iqZ,oslk,eyvTy9x,LM8l689qOp,Aoh3,RAYp,F2FyR07IdsN7I
0,679,7,0,140,175,32,186.64,0,2807604,0,5.047853,9,34,0,2073600,0,186492,25,4,40,24,1119948,390,36,1530,0,5757350,518336,5,0,18,0,10372040,30,547464,0,0,75lTmBtFkL,AERks4l,taul,1K8T,TyGl,6Wu7zLh,SxtrFDWXLv,hmZ4,9_Y1,C6Eu,VpdQ,IYzP,7M47J5GA0pTYIFxg5uy,kIsH,uKAI,Mtgm,NhsEn4L,mAjMdEK,gOyw,UYBR,FzaX,8c8KEbL,oslk,UQenOT8,LM8l689qOp,rgKb,ZI9m,F2FcTt7IdMT_v
0,812,7,220,144,180,32,186.64,0,752100,0,0.551378,18,36,14,4891696,0,214766.4,5,0,32,64,351690.8,535,12,549,0,7810450,549814,355,0,9,604800,10640840,42,0,0,0,oBXq9ayfAo,RO12,taul,1K8T,hAOr,gMwdbhC,GHfL3MpXAX,RhoM,9_Y1,NFMt,VpdQ,zm5i,me75fM6ugJ,kIsH,uKAI,L84s,NhsEn4L,NGZXfGp,DiFA,cJvF,FzaX,13jOjel,oslk,uCiTE6Y,LM8l689qOp,TNEC,RAYp,F2FyR07IdsN7I
0,441,0,0,196,245,152,200,0,285816,0,6.564623,9,20,0,600224,0,44381.7,15,10,40,48,100050.4,670,24,0,0,1034200,758932,0,0,0,253960,3711988,24,707274,0,0,xddq9ayfAo,RO12,taul,1K8T,3PdN,HzRXa4U,itSGh3t,0lRP,9_Y1,000J,VpdQ,IYzP,DHn_WUyBhW_whjA88g9bvA64_,kIsH,uKAI,L84s,CrNX,y5FU_7t,oqFP,cJvF,FzaX,FMZBCuo,d0EEeJi,MHP8mHO,LM8l689qOp,7P5s,nIGXDli,F2FyR07IdsN7I
0,455,7,5476,104,130,24,66.88,0,123006,0,0.8882717,9,172,70,45440,0,5477.34,30,6,72,40,-1692620,560,48,99108,0,2345,7662,1000,0,18,17731,194808,2,34506,0,0,HAoOj1KXzC,NMCEYavk0YOlqn2jHeEDjP0xsdXeAZGnZDN0NOfV,taul,1K8T,TyGl,Q9RASYT,ELRUn57,u0cA,9_Y1,ID5l,VpdQ,giwq,me75fM6ugJ,kIsH,uKAI,Mtgm,XfqtO3UdzaXh_,_JdcICD,YSd6,cJvF,FzaX,NRwAWQ7,oslk,fGIAGfT,LM8l689qOp,kwS7,RAYp,iyHGyLCEkQ
0,875,7,124,164,205,40,292.32,0,4081722,0,2.178381,9,32,7,2592128,0,165053.1,10,6,40,32,132697.2,590,72,38349,0,4036830,561338,645,0,0,0,9729880,30,1555206,0,0,crIt0Go8Lb,RO12,taul,1K8T,JLbT,lelxXwC,FoJylxy,pWhy,9_Y1,MGOA,VpdQ,IYzP,me75fM6ugJ,kIsH,uKAI,L84s,NhsEn4L,kZJyVg2,E7tT,cJvF,qxDb,meWC5vH,oslk,1VXmuYm,LM8l689qOp,Qu4f,RAYp,F2FyR07IdsN7I
0,1540,0,0,680,850,80,256.32,0,4898532,0,2.421064,9,14,0,783528,0,11679.18,130,40,440,264,-235879.2,3050,90,0,0,939155,451894,0,0,0,250929,5855600,132,463350,0,0,a4vvyxLkBI,RO12,taul,1K8T,R4_H,32pCIek,sLarhXg,L_wC,9_Y1,_r21,VpdQ,IYzP,me75fM6ugJ,kIsH,uKAI,L84s,NhsEn4L,kZJyVg2,PqUS,cJvF,FzaX,FB4YlW4,oslk,0p8OTZB,LM8l689qOp,xb3V,RAYp,F2FyR07IdsN7I
0,3073,7,400,112,140,32,200,10,1963998,0,0.6082034,36,36,21,415648,0,56871,25,0,24,24,-39469.16,855,30,659403,16,2764420,241870,750,0,9,0,5652880,22,0,0,0,FAJgUH7ejg,RO12,taul,1K8T,72yt,2a3q7r9,LH076SiAyW,wuAn,9_Y1,1Bp0,09_Q,zm5i,me75fM6ugJ,kIsH,uKAI,L84s,NhsEn4L,NGZxnJM,EQ8w,UYBR,FzaX,uSaYWu3,oslk,T3zAKIt,LM8l689qOp,WqMG,RAYp,F2FyR07IdsN7I
0,875,35,2596,152,190,88,200,0,4963650,0,6.1489,45,184,406,267848,0,152841.6,25,8,32,16,-114224.4,880,66,42462,0,296165,1798266,915,0,27,1209600,10248520,10,2073600,0,0,KXMrEyXXnK,qqimvRzsp8ZZdKRPgzLg68joSn_k,taul,1K8T,JLbT,fhk21Ss,GHfL3MpXAX,fKlM,9_Y1,SkZj,VpdQ,y6dw,7M47J5GA0pTYIFxg5uy,kIsH,uKAI,Mtgm,_5OXC8MSLt,___yyxG,xYbR,UYBR,FzaX,4UxGlow,oslk,catzS2D,jySVZNlOJy,Aoh3,ZI9m,iyHGyLCEkQ
0,77,7,8,4,5,0,230.08,0,0,0,5.055758,9,38,7,20352,0,4035.48,0,0,0,8,-2436.856,15,0,43425,0,0,0,125,0,0,0,10176,0,0,0,0,xOXrjIQq3d,RO12,taul,1K8T,4fje,ZuqCdxD,ilrY4YM,kWfE,9_Y1,RVjC,09_Q,IYzP,me75fM6ugJ,kIsH,uKAI,L84s,NhsEn4L,mAja5EA,4a9J,UYBR,FzaX,UjG4K41,oslk,PRsuLAH,jySVZNlOJy,FSa2,RAYp,F2FyR07IdsN7I
0,308,7,1512,136,170,96,233.44,0,22866,0,4.455031,9,60,35,0,0,8117.4,0,8,32,0,31625.16,355,6,81036,0,186080,38686,3040,0,0,23429,267972,34,39738,0,0,1qmr4RQxul,RO12,taul,1K8T,JLbT,4e3JKO_,Vxu0anU9e9,hJPt,9_Y1,z5Ry,09_Q,IYzP,me75fM6ugJ,kIsH,uKAI,L84s,NhsEn4L,kq0n8Bj,hIp0,UYBR,FzaX,IGMYlW4,oslk,IbpTE6Y,LM8l689qOp,FSa2,RAYp,F2FyR07IdsN7I
0,847,7,672,148,185,64,259.52,0,3999084,0,1.330058,9,34,175,3801872,0,209188.8,20,0,40,48,188563.2,545,54,1908,0,2893160,1143946,110,0,9,1108863,10436680,20,0,0,0,oyGrjIXt5a,RO12,taul,1K8T,ZHNR,9LEd8Q3,_03xtaMIkZsn1,rmQ_,9_Y1,xQ2A,VpdQ,zm5i,me75fM6ugJ,kIsH,uKAI,Mtgm,NhsEn4L,mAjbk_S,HIEr,cJvF,FzaX,bDM6w_1,oslk,4w8Qhib,LM8l689qOp,5Acm,RAYp,F2FyR07IdsN7I
0,1281,7,1764,32,40,16,166.56,10,0,0,5.405683,9,164,56,473416,0,42028.8,0,0,8,16,-47119.2,315,0,33408,16,328455,169238,1230,0,18,191198,837948,8,0,0,0,1JGr4RKzJV,2Knk1KF,taul,1K8T,TyGl,LJSr6D8,YQcPlrpk3ptPA,Ha2D,9_Y1,DtNL,VpdQ,hAFG,me75fM6ugJ,kIsH,uKAI,L84s,XfqtO3UdzaXh_,_JdcICD,kL5l,cJvF,FzaX,4My0FxM,oslk,7UtED8N,LM8l689qOp,FSa2,RAYp,TCU50_Yjmm6GIBZ0lL_
0,1253,7,108,260,325,88,333.76,0,7645320,0,0.5351421,9,116,0,417872,0,150494.4,25,14,56,64,99607.6,1115,120,84321,0,2828030,359034,100,0,54,61558,10340280,28,692736,0,0,75lr4RXktW,2Knk1KF,taul,1K8T,TyGl,4XZdCcU,KbE4W8kRKI,Phiv,9_Y1,TFSW,VpdQ,hAFG,me75fM6ugJ,kIsH,uKAI,L84s,XfqtO3UdzaXh_,XTbPUYD,uAgP,UYBR,FzaX,ZCEmfvd,oslk,Nbsa8ZG,jySVZNlOJy,Xa3G,RAYp,55YFVY9
0,847,7,164,156,195,40,220.08,0,3263280,0,0.404828,9,34,0,3489464,0,180433.8,20,4,40,48,184199.6,585,42,1116,0,6334650,85192,265,0,9,0,10533040,30,92652,0,0,Mtpt0G8EIb,RO12,taul,1K8T,wOc1,mMEMUDL,5q1hF23,FyvZ,9_Y1,e7QV,09_Q,zm5i,me75fM6ugJ,kIsH,uKAI,L84s,NhsEn4L,kZJtVhC,DRib,cJvF,FzaX,TIB8hdx,oslk,u4_Rusu,LM8l689qOp,fKCe,RAYp,F2FyR07IdsN7I
0,889,7,132,224,280,104,166.56,0,0,0,5.766716,9,48,21,1320352,0,33881.1,20,8,104,120,79403.2,570,0,28485,0,561210,204962,2455,0,0,585634,1617468,40,130452,0,0,dRagUHXM47,RO12,taul,1K8T,lK27,au1K0yW,JQFeOYK,qXyG,9_Y1,fTh6,VpdQ,IYzP,me75fM6ugJ,kIsH,uKAI,L84s,NhsEn4L,mAjbk_S,DbGO,cJvF,FzaX,iEX0Q3K,oslk,LPD2Oqu,LM8l689qOp,453m,RAYp,F2FyR07IdsN7I
0,1631,7,916,724,905,240,286.96,0,6247200,0,0.9634694,9,80,0,1902248,0,39867,55,14,152,104,144799.6,2010,516,11250,0,2845750,832534,960,0,18,230111,11247800,68,278610,0,0,1KSqrQK2Mx,RO12,taul,1K8T,AnrR,w7CvpGW,jcoxzxoL4i,G9NC,9_Y1,15m3,09_Q,IYzP,me75fM6ugJ,kIsH,uKAI,L84s,NhsEn4L,mAjbk_S,RYeL,cJvF,FzaX,MBPvEWW,oslk,kitqI2t,LM8l689qOp,FSa2,RAYp,F2FyR07IdsN7I
0,812,7,2364,108,135,64,186.64,0,2988,0,6.000854,9,142,231,90840,0,6447.6,0,22,56,24,-11311,465,12,11115,0,13600,27358,195,0,18,4956,134220,6,31818,0,0,crIt0Go8Lb,2Knk1KF,taul,1K8T,xgSF,tAqBboK,k10MzgT,QCbZ,9_Y1,Z5OU,VpdQ,haYg,me75fM6ugJ,kIsH,uKAI,L84s,XfqtO3UdzaXh_,11p4mKe,U_9I,cJvF,FzaX,B0LABPr,oslk,UP3EVaf,LM8l689qOp,Qu4f,RAYp,55YFVY9
0,819,14,816,140,175,32,347.12,0,6301380,0,4.512497,27,106,7,2883048,0,218868.3,20,2,48,40,129280.4,545,78,15075,0,3456000,535760,5250,0,27,1228738,10632200,16,16404,0,0,HYTvyx7ejg,2Knk1KF,taul,1K8T,FgS1,ml5cNhj,J1MZ1kd,Ef1y,9_Y1,RcM7,09_Q,haYg,me75fM6ugJ,kIsH,uKAI,L84s,XfqtO3UdzaXh_,XTb4AFX,A1VJ,UYBR,AU8pNoi,XbZfrxM,oslk,QfJz_Kt,LM8l689qOp,szEZ,RAYp,55YFVY9
0,1330,7,2624,132,165,16,361.36,0,124368,0,2.469558,9,124,182,5528120,0,134564.4,0,0,32,64,130511.6,695,6,29232,0,9044850,137230,3765,0,27,0,10357320,44,0,0,0,8I1r4RXXnK,AERks4l,taul,1K8T,0Xwj,fhk21Ss,msIqHk8toE,nozi,HLqf,Zazx,VpdQ,wMei,7M47J5GA0pTYIFxg5uy,sBgB,uKAI,L84s,WsRVNrF85oPU_,TDc8NRM,w160,cJvF,AU8_WTd,4UxGlow,zCkv,catzS2D,jySVZNlOJy,Xa3G,ZI9m,ib5G6X1eUxUn6
0,343,0,0,156,195,40,186.64,0,4327572,0,1.008545,9,16,0,3885912,3,124991.1,20,4,40,40,82458.8,800,60,0,8,4277720,772800,0,0,0,3125787,10763720,26,337026,0,0,HYTrjIK12c,RO12,taul,1K8T,0Xwj,cnW0CV_,LH076SiAyW,qbvZ,HLqf,7WNq,sJzTlal,IYzP,me75fM6ugJ,sBgB,uKAI,L84s,NhsEn4L,mAja5EA,ejsS,UYBR,FzaX,nEyNT4W,oslk,QuuQ5_S,LM8l689qOp,WqMG,RAYp,F2FyR07IdsN7I
0,938,7,312,152,190,56,189.6,0,6456,0,4.552019,9,72,35,73624,0,2675.541,0,10,72,128,-17814.56,440,12,24282,0,55380,7714,2060,0,0,14238,112144,16,16944,0,0,_v2gUHXZeb,RO12,taul,1K8T,7ALb,iJzviRg,bGUTssl,mGmZ,9_Y1,LqKm,VpdQ,IYzP,7M47J5GA0pTYIFxg5uy,kIsH,uKAI,L84s,NhsEn4L,uZL33MG,EpT9,cJvF,FzaX,ch2oGfM,z4pH,P6pu4Vl,LM8l689qOp,453m,ZI9m,R4y5gQQWY8OodqDV
0,672,7,64,204,255,40,186.64,0,44094,0,1.660543,9,40,28,414864,0,31974.6,0,10,64,64,37485.56,735,18,4077,0,1068230,76980,75,0,9,59794,1297044,60,77508,0,0,bZkvyxLkBI,ND3t9Yro9U,taul,1K8T,UpNf,m94N8e1,sLarhXg,tkUW,9_Y1,vzJD,VpdQ,IYzP,GjJ35utlTa_GNSvxxpb9ju,kIsH,uKAI,L84s,NhsEn4L,mAjbk_S,l4CA,UYBR,FzaX,l3Kre2s,oslk,0Ya4yA4,LM8l689qOp,xb3V,02N6s8f,F2FcTt7IdMT_v
0,1141,7,1864,168,210,104,166.56,0,2790,0,3.945311,36,170,14,1548800,0,71587.8,5,8,72,72,-840512,640,6,14400,0,2187095,365840,40,0,36,480676,3957024,28,280488,0,0,Foxt0Go8Lb,RO12,ArtjQZmIvr94p,1K8T,7gSz,fqeOwLG,msIqHk8toE,dTQd,9_Y1,rGJy,VpdQ,hAFG,7M47J5GA0pTYIFxg5uy,kIsH,uKAI,Mtgm,TVE1uh4F_wOi_,OFqvuzz,hPTG,UYBR,FzaX,fxJmel6,zCkv,WfsWw2A,jySVZNlOJy,Qu4f,ZI9m,iyHGyLCEkQ
0,77,0,0,20,25,8,233.92,0,3628800,0,4.338816,9,16,0,14515200,0,486354,0,0,24,24,258132.4,175,6,0,0,0,452206,0,0,0,0,10581200,0,0,0,0,75lr4RXktW,RO12,taul,1K8T,TyGl,dpLnqNs,6uerj6GG35,4oNJ,9_Y1,Albh,VpdQ,IYzP,me75fM6ugJ,kIsH,uKAI,Mtgm,NhsEn4L,7WwuNea,tDwc,UYBR,FzaX,9F7m0jM,oslk,jrbDSFl,LM8l689qOp,Xa3G,RAYp,F2FyR07IdsN7I
0,1001,7,796,124,155,8,288.4,0,10317840,0,5.682119,9,40,21,0,0,198031.8,35,4,32,0,194108.8,560,120,10224,0,3610,172800,3130,0,18,0,10230520,2,1036800,0,0,4e7gUH7IEC,RO12,taul,1K8T,lK27,2RbJW6S,ThrnFOQ,Cilr,9_Y1,m_h1,09_Q,IYzP,me75fM6ugJ,kIsH,uKAI,Mtgm,NhsEn4L,NGZxnJM,znAk,cJvF,FzaX,ie3C5vH,oslk,35G7_Bz,LM8l689qOp,WqMG,RAYp,F2FyR07IdsN7I
0,833,7,2872,164,205,48,275.76,0,6178140,0,0.2262337,18,92,56,1900944,6,215175,30,0,32,24,158552.8,580,78,128853,24,2578600,900478,1570,0,18,0,10834040,26,0,0,7,Iskvyx875g,RO12,taul,1K8T,pGTb,2Aed0DS,V4EEkD4AAZ,4Afm,9_Y1,MBhA,09_Q,sYC_,me75fM6ugJ,kIsH,uKAI,L84s,NhsEn4L,kq0aHkC,F675,UYBR,FzaX,OjxOhQy,oslk,c4PT3Cb,LM8l689qOp,WqMG,RAYp,F2FyR07IdsN7I
0,560,7,416,132,165,8,186.64,0,6588780,0,5.79342,27,30,21,2764800,0,229614.9,20,0,32,32,121758.4,495,78,279,0,4245600,71770,165,0,0,0,10697360,22,0,0,0,BQavyxLp3Z,RO12,taul,1K8T,ssAy,SCRu_5h,V_KR_LD,_K_l,9_Y1,FbIm,VpdQ,IYzP,me75fM6ugJ,kIsH,uKAI,L84s,NhsEn4L,mAjcfkM,IPW8,cJvF,FzaX,QtooGGc,oslk,X2DAyp5,LM8l689qOp,xb3V,RAYp,F2FyR07IdsN7I
0,238,0,0,132,165,64,257.6,0,2851272,0,4.609058,9,16,0,3034040,0,168408.6,10,6,24,40,50337.6,545,36,0,0,2901940,1267232,0,0,0,0,9273520,18,549000,0,0,NQ5vyxLkBI,RO12,taul,1K8T,Xa_z,xowcVcA,_03xtaMIkk68B,4C2A,9_Y1,FbIm,VpdQ,IYzP,me75fM6ugJ,kIsH,uKAI,L84s,NhsEn4L,mAja5EA,QDH4,cJvF,FzaX,AOhfql_,oslk,BMVRkup,LM8l689qOp,xb3V,RAYp,F2FyR07IdsN7I
0,889,7,560,584,730,232,286.96,0,4661676,0,6.10361,18,164,21,1792536,0,83814.91,30,12,120,80,147963.6,1255,246,666,0,2976160,1041992,625,0,72,520191,10136920,108,125526,0,0,Yddq9ayE15,iKEouAWeUBYR3fQ5tZmt_bDPIn6qT7tIGHs8L,taul,1K8T,hAOr,fqeOwLG,ilrY4YM,e4uw,9_Y1,F_Lu,09_Q,kxE9,7M47J5GA0pTYIFxg5uy,kIsH,uKAI,L84s,CrNX,AuSBTw7,Irv8,cJvF,FzaX,fxJmel6,d0EEeJi,WfsWw2A,LM8l689qOp,TNEC,ZI9m,iyHGyLCEkQ
0,224,0,0,328,410,192,20.08,5,1208454,0,5.775475,9,14,0,4785200,3,73332.3,25,20,32,80,98529.2,465,78,0,16,5665350,494348,0,0,0,0,9023440,40,388080,0,0,N_vrjIXt5a,RO12,taul,1K8T,lK27,Pd7nr2P,Hz6CKEGgV0Vbb,zff9,9_Y1,nr0d,09_Q,IYzP,me75fM6ugJ,kIsH,uKAI,L84s,NhsEn4L,mAja5EA,qCQz,cJvF,FzaX,2DUfql_,oslk,nLp2Oqu,LM8l689qOp,5Acm,RAYp,F2FyR07IdsN7I
0,1771,28,276,212,265,80,75.84,0,29064,0,3.233284,45,82,7,3099776,0,33207.3,15,4,40,64,-126898.4,925,12,23328,0,3705780,340948,1355,0,0,1362522,5636520,56,605682,0,0,KXMrEyXXnK,RO12,taul,1K8T,JLbT,JmVy83A,0IWZqtp,Rz_G,9_Y1,SkZj,VpdQ,IYzP,DHn_WUyBhW_whjA88g9bvA64_,kIsH,uKAI,L84s,CrNX,AuSDRR8,a4Sx,cJvF,FzaX,ZS8By8u,d0EEeJi,jIeJnjv,LM8l689qOp,Aoh3,nIGXDli,F2FyR07IdsN7I
0,1225,7,2140,192,240,184,314.4,0,0,0,0.2136296,9,146,259,0,15,15950.31,10,8,32,0,-990956,805,0,10656,56,490610,267298,230,0,27,12432,1008404,38,103980,0,14,Qu0r4RKzJV,g62hiBSaKg,taul,1K8T,TyGl,fhk21Ss,EXpWEXgaYpMJ7,0fcK,9_Y1,DtNL,VpdQ,CoYW,7M47J5GA0pTYIFxg5uy,kIsH,uKAI,L84s,leSl,teA09W3,4BIG,UYBR,FzaX,4UxGlow,QKW8DRm,catzS2D,LM8l689qOp,FSa2,ZI9m,ib5G6X1eUxUn6
0,3388,7,436,212,265,56,311.04,5,7983540,0,2.933134,18,56,105,1977776,0,57432.6,55,6,96,72,63151.6,1550,96,34011,8,2244280,104120,3740,0,0,207578,10441840,14,110928,0,0,6VLvyx7IEC,RO12,taul,1K8T,2Ix5,cJKfmkh,itSGh3t,d8l1,9_Y1,YGOC,VpdQ,IYzP,me75fM6ugJ,kIsH,7A3j,L84s,NhsEn4L,kZJtVhC,3i8B,cJvF,AU8pNoi,HJNVoxc,oslk,qlCDnag,LM8l689qOp,szEZ,RAYp,F2FyR07IdsN7I
0,1547,21,2828,296,370,192,66.88,0,0,0,2.029481,27,218,238,85696,0,2164.047,0,8,40,104,-273443.6,1200,0,11961,0,126860,31020,2685,0,27,1120,212492,66,9174,0,0,dRaq9ayE15,vuPfq6YcbX,hiMqnEM7VgIk4JUu,1K8T,487l,fhk21Ss,9YuuPSz3BI,LoGP,9_Y1,kJJ7,VpdQ,sYC_,7M47J5GA0pTYIFxg5uy,kIsH,uKAI,L84s,FMSzZ91zL2,LxWqkdS,kVFD,UYBR,AU8pNoi,4UxGlow,zCkv,catzS2D,LM8l689qOp,7P5s,ZI9m,VjDE
0,917,14,388,128,160,8,253.52,0,0,0,5.205084,27,108,252,6220800,0,209304.3,0,0,32,72,138475.2,560,0,11061,0,9448400,15500,6280,0,36,0,10700120,44,0,0,0,dRaTmBfHUn,JXVE,taul,1K8T,ujBx,gNIgCYR,Ydsdn49,6kOl,9_Y1,4N0K,09_Q,hzlB,me75fM6ugJ,kIsH,uKAI,Mtgm,XfqtO3UdzaXh_,OFq9NeO,l9KC,UYBR,qxDb,aD1vOIl,oslk,NnYzgmc,LM8l689qOp,Qu4f,RAYp,iyHGyLCEkQ
0,2653,7,1700,480,600,280,220.08,0,38406,0,4.458449,9,150,406,330528,0,9537.42,0,42,136,128,-58664.8,2050,30,55143,0,519240,252276,165,0,18,223650,1345968,86,352734,0,0,eOQt0GoOh3,2Knk1KF,taul,1K8T,7gSz,rsmctTK,yEFIHeU,bWuP,9_Y1,t_4G,VpdQ,kxE9,me75fM6ugJ,kIsH,uKAI,Mtgm,XfqtO3UdzaXh_,XTbPUYD,6RTJ,UYBR,FzaX,Kgofc8E,oslk,S46Rt72,LM8l689qOp,Qu4f,RAYp,55YFVY9
0,483,7,36,20,25,8,356.32,0,0,0,0.4033326,9,132,0,19353600,0,264230.4,0,0,32,32,27605.16,250,0,39501,0,0,33922,30,0,18,0,9744640,0,0,0,0,Yddq9ayE15,2Knk1KF,taul,1K8T,hAOr,B5n4Lhq,LGkbsIMsMFR2MgMc70h,ATnK,9_Y1,NFMt,09_Q,wMei,me75fM6ugJ,kIsH,uKAI,L84s,h0lfDKh52u4GP,IoI4mKe,MPdc,cJvF,OFWH,_vdOjel,oslk,ghXQowC,jySVZNlOJy,TNEC,RAYp,55YFVY9
0,1267,7,220,160,200,32,166.56,0,5389134,0,6.53856,9,72,14,2580208,0,105341.4,25,4,40,40,42099.2,705,78,576,0,3438780,48568,190,0,9,0,9005240,22,1036800,0,0,1PnOj1KVEH,RO12,taul,1K8T,lK27,X94yoBp,LH0kFz12FM,gTGd,9_Y1,_KXv,sJzTlal,hAFG,me75fM6ugJ,kIsH,uKAI,L84s,XfqtO3UdzaXh_,11p4mKe,x94R,cJvF,FzaX,YXhOtFs,oslk,JAwObSS,LM8l689qOp,kwS7,RAYp,F2FyR07IdsN7I
0,735,0,0,288,360,104,286.96,0,3509988,0,0.2973723,9,24,0,2905480,0,150491.1,40,2,56,56,152028.8,920,126,0,0,4484960,641610,0,0,9,0,10502760,44,436794,0,0,jg6vyxLkBI,RO12,taul,1K8T,Xa_z,VjLkKKt,d7DyFFiu6v,NDUK,9_Y1,vzJD,09_Q,zm5i,me75fM6ugJ,kIsH,uKAI,L84s,NhsEn4L,kZJyVg2,OmyR,cJvF,FzaX,7CP8jNM,oslk,kPWQhib,LM8l689qOp,xb3V,RAYp,F2FyR07IdsN7I
0,784,0,0,132,165,48,186.64,5,1510440,0,4.842555,9,22,0,615816,0,62719.2,10,2,8,8,276058.8,1285,54,0,8,8179450,403638,0,0,9,0,10014360,28,1237104,0,0,KXMrEyXXnK,RO12,taul,1K8T,YFAj,XQIpeE9,DxQB8wq,hRyU,9_Y1,H1uM,VpdQ,zm5i,me75fM6ugJ,kIsH,uKAI,L84s,NhsEn4L,mAja5EA,Qpse,cJvF,FzaX,EAnR2zc,oslk,WuhqJRo,LM8l689qOp,Aoh3,RAYp,F2FyR07IdsN7I
0,1323,0,0,204,255,96,166.56,0,31584,0,3.183508,18,80,0,252720,0,4727.67,5,8,48,56,-1499880,1080,12,1818,0,101265,97436,0,0,0,238637,545508,50,90264,0,0,FoxgUHSK8h,RO12,taul,1K8T,487l,_ybO0dd,r83_sZi,lwFv,9_Y1,z5Ry,VpdQ,IYzP,me75fM6ugJ,kIsH,uKAI,L84s,NhsEn4L,mAjbk_S,9GUD,UYBR,FzaX,L91KIiz,oslk,CE7uk3u,LM8l689qOp,FSa2,RAYp,F2FyR07IdsN7I
0,5537,7,0,700,875,264,166.56,0,32850,0,2.889767,9,54,0,808088,0,5065.98,5,50,336,472,-140764,2635,30,2916,0,701440,166696,10,0,0,205709,1489552,104,251670,0,0,zKnr4RXktW,PomAbFU,taul,1K8T,0Xwj,TF6XVr0,etM739XNb0Rf0,x8kp,HLqf,Albh,VpdQ,IYzP,wXfldy7,sBgB,uKAI,L84s,nHF0,NGZJd3e,qrbI,cJvF,FzaX,hf1oCxO,JIiEFBU,yr_V0ZN,jySVZNlOJy,Xa3G,nIGjgSB,F2FcTt7IdMT_v
0,805,7,0,136,170,32,186.64,0,5354100,0,1.706473,18,56,0,1561552,0,189204.9,20,4,48,40,63434.8,590,66,12582,0,3053340,691200,280,0,0,0,10135720,16,1036800,0,0,DHegUHXZeb,RO12,taul,1K8T,0Xwj,6CXYbuk,7aPrx0x,L29Q,HLqf,LqKm,sJzTlal,IYzP,Kxdu,sBgB,uKAI,L84s,FMSzZ91zL2,TDcfmHS,bwbU,cJvF,FzaX,ROeipLp,zCkv,K2SqEo9,LM8l689qOp,453m,6fzt,SbOd7O8ky1wGNxp0Arj0Xs
0,70,0,0,60,75,80,96.08,0,0,0,0.5665456,9,18,0,14304,0,3501.6,0,8,40,8,-28818.28,150,0,0,0,0,28386,0,0,0,23982,77296,0,20058,0,0,ZSNrjIX0Db,AERks4l,taul,1K8T,0Xwj,5_hrHWS,zJIwUbLPQVlp8,3OjE,HLqf,xQ2A,VpdQ,IYzP,me75fM6ugJ,sBgB,uKAI,L84s,NhsEn4L,mAjR0Ac,gvA6,UYBR,FzaX,DI4DFjT,oslk,TlHpRtK,LM8l689qOp,5Acm,RAYp,F2FcTt7IdMT_v
0,2457,7,15080,640,800,128,286.96,0,6962280,0,1.514847,36,216,231,346464,0,45645.6,50,6,104,120,162244.4,3265,114,15687,0,1989215,397928,4620,0,18,133483,10478000,194,559920,0,0,uGLq9ayE15,2Knk1KF,CiJDdr4TQ0rGERIS,1K8T,lK27,fhk21Ss,y4g9XoZ,Opmy,9_Y1,kJJ7,VpdQ,y6dw,7M47J5GA0pTYIFxg5uy,kIsH,uKAI,L84s,MeOIHRG3F9,AuSi3cC,1ZOO,cJvF,FzaX,4UxGlow,zCkv,catzS2D,M_8D,7P5s,ZI9m,VjDE
0,3962,28,8048,128,160,40,261.84,0,6220800,0,1.082034,45,126,1547,1382400,0,25674.75,25,4,32,16,117470.4,490,72,5562,0,2294245,727622,3030,0,27,0,10548240,12,1036800,0,0,3HjOj17ejg,2Knk1KF,taul,1K8T,aD1X,PFWctUb,II0S8f9,pPoY,9_Y1,zfpA,VpdQ,haYg,me75fM6ugJ,kIsH,uKAI,Mtgm,XfqtO3UdzaXh_,11p4mKe,EGaq,UYBR,FzaX,UjGfc8E,oslk,MKxzgmc,LM8l689qOp,7aLG,RAYp,55YFVY9
0,623,7,3964,148,185,0,320.4,0,518400,0,5.20893,9,56,63,5472008,0,23796.36,5,2,32,64,82102,875,6,9927,0,8276950,0,4655,0,9,0,10110640,52,92814,0,0,vAsgUHXM47,RO12,taul,1K8T,pE9z,Ml6kiFp,oWVUlxabJo7j9,n7th,9_Y1,8BBI,09_Q,Tkho,me75fM6ugJ,kIsH,uKAI,L84s,NhsEn4L,kq0n8Bj,gYDS,UYBR,FzaX,k5O88FJ,oslk,QkgQQMs,LM8l689qOp,453m,RAYp,F2FyR07IdsN7I
0,973,7,3660,96,120,64,0,0,0,0,2.058107,9,54,0,169232,3,58440.3,5,2,8,16,-563080,500,0,31869,8,327385,262074,55,0,9,89187,1021400,24,222552,0,0,8I1r4RXXnK,RO12,taul,1K8T,1TqK,KweCreM,I1s_P1TFyd,VGHH,9_Y1,TFSW,sJzTlal,43pnToF,me75fM6ugJ,kIsH,uKAI,L84s,NhsEn4L,mAjbk_S,f316,UYBR,FzaX,UvLOVQC,oslk,nuwzgmc,LM8l689qOp,Xa3G,RAYp,F2FyR07IdsN7I
0,1099,7,196,372,465,64,133.12,0,67470,0,6.732963,9,108,112,187376,0,2777.766,30,16,176,168,12329.28,1135,66,66429,0,166170,9996,1845,0,9,70938,340140,78,29796,0,0,oBXq9ayfAo,RO12,taul,1K8T,lK27,iJzviRg,yEFIHeU,rlx_,9_Y1,F_Lu,VpdQ,kxE9,7M47J5GA0pTYIFxg5uy,kIsH,uKAI,L84s,4kVnq_T26xq1p,kZJBy4G,TddH,UYBR,FzaX,ch2oGfM,zCkv,P6pu4Vl,LM8l689qOp,TNEC,ZI9m,R4y5gQQWY8OodqDV
0,315,0,0,20,25,8,253.52,0,0,0,5.969024,18,22,0,4137088,0,256397.4,10,0,8,8,-128673.6,375,0,0,0,3024000,288844,0,0,9,0,9903840,2,0,0,0,qXh9tYsdof,RO12,taul,1K8T,487l,ofiZR7x,S85q7hX7rv,UdO_,9_Y1,YULl,VpdQ,zm5i,me75fM6ugJ,kIsH,uKAI,L84s,NhsEn4L,NGZxnJM,yOOA,UYBR,FzaX,JO03372,oslk,XlgxB9z,LM8l689qOp,FSa2,RAYp,F2FyR07IdsN7I
0,854,14,372,200,250,64,133.12,0,131934,0,1.725059,27,80,0,1039152,0,67863.91,10,10,48,48,23291.16,815,36,12852,0,2473960,96234,915,0,18,574385,3102008,46,470724,0,0,voArjIXt5a,RO12,taul,1K8T,TIPl,n0tQn2A,R8MGBE0NRjQOv,ZBNx,9_Y1,xQ2A,09_Q,haYg,me75fM6ugJ,kIsH,uKAI,L84s,XfqtO3UdzaXh_,11p4mKe,gvA6,UYBR,FzaX,Qui18fN,oslk,ep2j7qz,LM8l689qOp,5Acm,RAYp,F2FyR07IdsN7I
0,350,7,24,60,75,104,133.12,0,0,0,6.922239,9,154,14,0,0,4815.6,0,2,8,0,-5405.28,255,0,70857,0,23570,28200,620,0,18,0,75716,2,690,0,0,lAFr4RQZiT,2Knk1KF,taul,1K8T,lK27,Q9R7qwL,3cO76t0,_Cd2,9_Y1,rzbc,VpdQ,kxE9,me75fM6ugJ,kIsH,uKAI,L84s,XfqtO3UdzaXh_,XTbPUYD,nXDk,cJvF,FzaX,Zc06pd1,oslk,SiXzrB7,LM8l689qOp,Qcbd,RAYp,TCU50_Yjmm6GIBZ0lL_
0,147,0,0,20,25,8,239.2,0,10886400,0,4.190558,9,18,0,0,0,370566,0,2,8,0,144442,240,18,0,0,0,721590,0,0,9,2316041,10024240,0,1985178,0,0,8Fdr4RXXnK,RO12,taul,1K8T,0YIT,GQplhSa,GHf4lBZm_z,v5KQ,9_Y1,ZKJc,09_Q,zm5i,me75fM6ugJ,kIsH,uKAI,L84s,NhsEn4L,mAja5EA,h3ow,cJvF,FzaX,9WbYE38,oslk,ZI_Qhib,jySVZNlOJy,7FJQ,RAYp,F2FyR07IdsN7I
0,189,7,52,104,130,24,200,0,0,0,4.01004,9,152,28,1952,0,31099.5,0,2,8,8,54048.4,475,0,4014,0,642490,1758,35,0,18,11648,525140,42,9984,0,0,TfiBcmzkzH,2Knk1KF,taul,1K8T,OTVu,n7A5_CT,75HH_hi,uwwf,9_Y1,yrDU,VpdQ,haYg,7M47J5GA0pTYIFxg5uy,kIsH,uKAI,L84s,XfqtO3UdzaXh_,XTbPUYD,ykzL,UYBR,FzaX,C0T9OJS,oslk,tyHw_BK,LM8l689qOp,Qcbd,RAYp,55YFVY9
0,840,7,3596,124,155,8,226.72,0,346038,0,4.532365,27,174,105,6220800,0,226080.9,0,0,32,72,104199.2,485,6,52632,0,8640000,86528,4235,0,54,0,10426160,40,0,0,0,Mtpt0G8EIb,2Knk1KF,taul,1K8T,2Ix5,fqeOwLG,ZZ7H_hi,Ztar,9_Y1,e7QV,VpdQ,oZyB,7M47J5GA0pTYIFxg5uy,kIsH,uKAI,L84s,a3CcPDe,XTbyntP,fL6b,UYBR,FzaX,fxJmel6,QKW8DRm,WfsWw2A,LM8l689qOp,fKCe,ZI9m,iyHGyLCEkQ
0,1043,7,5520,96,120,48,166.56,0,0,0,5.018158,9,122,42,36064,0,2550.906,0,14,16,40,1409.716,405,0,38637,0,25105,13280,1150,0,9,8729,120152,12,83214,0,0,LDPgUHXZeb,2Knk1KF,taul,1K8T,487l,qbzATNu,y2LuFUfSEo,MUK5,9_Y1,LqKm,VpdQ,hAFG,me75fM6ugJ,kIsH,uKAI,L84s,XfqtO3UdzaXh_,XTbPUYD,MwIY,UYBR,FzaX,Oj69oV7,oslk,7IeAGfT,LM8l689qOp,453m,RAYp,55YFVY9
0,224,7,96,84,105,96,133.12,0,0,0,2.67037,9,44,14,0,0,8161.14,10,12,64,0,-66425.6,105,0,34146,0,28485,63742,965,0,0,0,179604,2,27774,0,0,dRagUHXM47,RO12,taul,1K8T,487l,6CXYbuk,msIqHk8toE,7Mrf,9_Y1,8BBI,VpdQ,IYzP,Kxdu,kIsH,uKAI,L84s,9pUnzWLbztKTo,TDc92TK,93i3,cJvF,FzaX,ROeipLp,zCkv,K2SqEo9,LM8l689qOp,453m,6fzt,am14IcfM7tWLrUmRT52KtA
0,763,14,2584,232,290,40,253.52,5,2354172,0,5.600086,18,168,175,4395816,0,210074.4,30,0,40,64,29332.44,685,90,2367,8,6818200,135166,585,0,36,1209208,10123360,48,0,0,0,639r4RK2Mx,AERks4l,taul,1K8T,0Xwj,fhk21Ss,hCdK,V7Bs,HLqf,DtNL,VpdQ,haYg,7M47J5GA0pTYIFxg5uy,sBgB,uKAI,L84s,XfqtO3UdzaXh_,XTbPUYD,5ZXB,UYBR,FzaX,4UxGlow,oslk,catzS2D,LM8l689qOp,FSa2,ZI9m,ib5G6X1eUxUn6
0,1624,7,4408,416,520,248,166.56,0,30984,0,0.4746849,18,148,378,311776,0,10880.79,5,28,64,64,-250326.4,1205,60,3753,0,575695,142224,345,0,27,39389,1047688,80,183552,0,0,tr0gUH7ejg,2Knk1KF,taul,1K8T,JLbT,lUpdCrr,glRBFJT8NN,cHhV,9_Y1,m_h1,VpdQ,hzlB,me75fM6ugJ,kIsH,uKAI,L84s,XfqtO3UdzaXh_,XTbPUYD,8JTE,UYBR,FzaX,t39OtFs,oslk,G9lTL5Q,LM8l689qOp,WqMG,RAYp,55YFVY9
0,805,14,208,128,160,0,220.08,0,161106,0,3.554582,18,136,21,5529600,0,221047.2,5,0,32,64,139154.4,500,6,13356,0,9357450,0,4465,0,36,604800,10374160,44,0,0,0,JMGq9aXt5a,AERks4l,taul,1K8T,0Xwj,fhk21Ss,4soGE0N5VZrWb,Y47A,HLqf,Y9Bl,09_Q,itlM,7M47J5GA0pTYIFxg5uy,sBgB,uKAI,L84s,XfqtO3UdzaXh_,XTbPUYD,BCds,UYBR,AU8_WTd,4UxGlow,oslk,catzS2D,jySVZNlOJy,uWr3,ZI9m,ib5G6X1eUxUn6
0,1141,7,0,144,180,40,186.64,0,5309622,0,0.9318522,9,36,0,1382400,0,141609.6,20,4,32,16,296892.8,530,66,324,0,3578235,641060,110,0,9,604800,10432480,24,1036800,0,0,mCGq9ayE15,RO12,taul,1K8T,_8YK,qmXYbuk,9YuuPSz3BI,AqPG,9_Y1,kJJ7,VpdQ,zm5i,me75fM6ugJ,kIsH,uKAI,L84s,NhsEn4L,mAjbk_S,YxQ0,cJvF,wwPEXoilkr,hDRv66D,oslk,2JfQ3DB,LM8l689qOp,7P5s,RAYp,F2FyR07IdsN7I
0,574,7,20,16,20,0,218.96,0,441630,0,6.565477,9,130,0,3768016,0,150383.7,5,0,8,8,-542136,260,6,10647,0,1032050,0,10,0,27,0,5423280,2,0,0,0,DQlgUH7IEC,2Knk1KF,taul,1K8T,487l,PHNvXy8,MfzoaYmeBx,M3EA,9_Y1,m_h1,VpdQ,hAFG,NKv3VA1BpP,kIsH,uKAI,L84s,Ie_5MZs,CWNY2py,pqIQ,UYBR,FzaX,UF16siJ,zCkv,APgdzOv,LM8l689qOp,WqMG,6fzt,Zy3gnGM
0,1162,7,0,304,380,120,286.96,0,6970500,0,2.497116,9,30,0,1779600,0,114315,40,12,64,56,195978,1485,120,927,0,2703800,416540,25,0,0,147126,10717240,40,308508,0,0,DHegUHXZeb,RO12,taul,1K8T,487l,cSPqFuv,NFeIdppttuZ9yxh1,1qtb,9_Y1,STGZ,VpdQ,IYzP,me75fM6ugJ,kIsH,uKAI,L84s,NhsEn4L,cUQRbBF,s9FI,UYBR,FzaX,joS6pd1,oslk,AYu2Oqu,LM8l689qOp,453m,RAYp,F2FyR07IdsN7I
0,532,14,96,152,190,48,253.52,0,518400,0,6.238838,18,82,7,1366920,0,63726.3,0,2,56,72,-989360,455,6,43317,0,2691625,585614,755,0,27,667968,4427880,42,111432,0,0,DHevyx7IEC,RO12,taul,1K8T,Bxva,wLsMvt2,EzGRGIP,A4KB,9_Y1,f4dr,VpdQ,sYC_,me75fM6ugJ,kIsH,uKAI,Mtgm,NhsEn4L,beK4AFX,9KKt,cJvF,FzaX,Ehlm94s,oslk,dxUMkpY,LM8l689qOp,szEZ,RAYp,F2FyR07IdsN7I
0,630,7,204,128,160,0,186.64,0,9030,0,2.930784,9,32,42,5529600,0,232350,0,0,32,64,322948,480,6,5274,0,9857700,0,295,0,9,2419200,10656960,46,0,0,0,tr0Wq69cTy,RO12,taul,1K8T,j1T2,vLtMhNR,ZkibjLN5VwJ2V,9emW,9_Y1,0A_v,VpdQ,zm5i,me75fM6ugJ,kIsH,uKAI,L84s,NhsEn4L,mAjbk_S,YxDZ,UYBR,FzaX,ie38iqZ,oslk,35GRt2K,LM8l689qOp,PM2D,RAYp,F2FyR07IdsN7I
0,434,0,0,116,145,128,166.56,5,2346,0,4.295877,9,26,0,78656,0,6419.19,0,0,32,40,-1187572,310,6,0,8,169215,49204,0,0,9,0,274672,14,0,0,0,GcUt0G8rTN,RO12,taul,1K8T,0Xwj,jMFkXPi,oI3dOfoZBD,iI4_,F3hy,k13i,09_Q,43pnToF,me75fM6ugJ,kIsH,uKAI,L84s,NhsEn4L,mAja5EA,uOsk,cJvF,FzaX,yBu8hdx,oslk,853QZmh,LM8l689qOp,fKCe,RAYp,F2FyR07IdsN7I
0,5243,28,2376,132,165,64,370.08,0,2032830,0,6.926512,45,148,329,2073600,0,22545.9,0,10,40,24,137776,2835,30,6381,0,4544820,1382400,565,0,45,604800,10243840,24,2176722,0,0,CEaBcmz45j,2Knk1KF,taul,1K8T,sj_R,J7Kx0bI,NW71mrodGH,pSVn,9_Y1,4nnx,VpdQ,hAFG,me75fM6ugJ,kIsH,uKAI,L84s,XfqtO3UdzaXh_,XTbPUYD,XWT_,cJvF,FzaX,VsU68SY,oslk,F2mOEra,LM8l689qOp,Qcbd,RAYp,55YFVY9
0,497,0,0,796,995,344,286.96,5,3367506,0,5.682333,9,18,0,302048,0,77743.5,105,16,104,80,-62068.8,1440,414,0,8,3832455,591264,0,0,9,554407,8818080,96,1437768,0,0,m9SvyxLkBI,RO12,taul,1K8T,GYbZ,K0kTHHg,TbQyCeZ21flwy,2fsT,9_Y1,FbIm,VpdQ,IYzP,DHn_WUyBhW_whjA88g9bvA64_,kIsH,uKAI,Mtgm,PWD40mS,kZJDcQU,i87f,cJvF,FzaX,I3fnzad,Al6ZaUT,wqB39VJ,LM8l689qOp,xb3V,02N6s8f,F2FyR07IdsN7I
0,1316,7,4,152,190,56,286.96,0,1961256,0,6.743003,9,124,0,5000696,0,121086,0,2,40,72,113215.6,575,36,4779,0,5779100,882602,70,0,18,0,10541960,30,518400,0,0,vAsvyx7ejg,2Knk1KF,taul,1K8T,hM6W,Gy0VbCv,qj0efbgZb2VDpkoH,dJON,9_Y1,RcM7,09_Q,haYg,me75fM6ugJ,kIsH,uKAI,L84s,XfqtO3UdzaXh_,XTbPUYD,A97F,cJvF,FzaX,TVj18fN,oslk,bYjaRTx,LM8l689qOp,szEZ,RAYp,55YFVY9
0,882,7,2044,120,150,72,264.4,0,1127400,0,2.627644,9,154,140,1028424,0,147679.8,10,4,24,16,-86213.6,565,24,14733,0,2225405,1262222,155,0,18,0,6951280,22,1034226,0,0,HYTrjIK12c,2Knk1KF,taul,1K8T,kNzO,fhk21Ss,r83_sZi,xxfW,9_Y1,7WNq,VpdQ,wMei,7M47J5GA0pTYIFxg5uy,kIsH,uKAI,L84s,Ie_5MZs,XTbjhEX,5QxY,UYBR,FzaX,4UxGlow,zCkv,catzS2D,jySVZNlOJy,WqMG,ZI9m,TCU50_Yjmm6GIBZ0lL_
0,2513,21,10364,424,530,128,166.56,0,198666,0,5.587695,27,108,217,3210224,0,50454.6,5,4,80,192,36367.16,1450,96,1980,0,4422045,586112,4075,0,9,1537046,6733800,94,395286,0,0,4e7gUH7IEC,2Knk1KF,taul,1K8T,lK27,PHNvXy8,nQU2P_OLn0,DWdr,9_Y1,1Bp0,VpdQ,haYg,NKv3VA1BpP,kIsH,uKAI,L84s,Ie_5MZs,teAY_NX,dWB6,cJvF,FzaX,UF16siJ,zCkv,APgdzOv,LM8l689qOp,WqMG,6fzt,Zy3gnGM
0,595,7,60,212,265,112,282.56,5,3451410,0,0.8414868,9,136,7,332728,0,133941.3,25,12,56,16,277642.4,865,72,15498,8,1425160,1955732,740,0,18,258517,10598880,28,2468550,0,0,75lq9ayfAo,2Knk1KF,taul,1K8T,TyGl,mhknt93,Gai9lEF2Fr,DOKR,9_Y1,F_Lu,09_Q,wMei,me75fM6ugJ,kIsH,uKAI,Mtgm,h0lfDKh52u4GP,IoI4mKe,DooN,cJvF,OFWH,WWmfR8o,oslk,c4R2fT4,LM8l689qOp,TNEC,RAYp,55YFVY9
0,819,7,0,128,160,0,186.64,0,0,0,0.5058748,9,40,0,5529600,0,224608.2,5,0,32,64,-131792,495,0,1143,0,9682950,0,395,0,9,1814400,10640880,46,0,0,0,NQ5rEy7Rm6,RO12,taul,1K8T,TyGl,abRsKl9,lGX0Z38RhO,02fP,9_Y1,X8zP,sJzTlal,zm5i,me75fM6ugJ,kIsH,uKAI,Mtgm,NhsEn4L,mAja5EA,x_YG,UYBR,FzaX,mXL6hzI,oslk,BT6Rt2K,LM8l689qOp,Aoh3,RAYp,F2FyR07IdsN7I
0,812,7,2388,136,170,16,303.76,0,4743174,0,6.610126,9,126,14,2453328,6,182652,25,0,40,40,150449.6,515,60,31248,16,5118450,186352,2545,0,36,0,10407920,24,0,0,0,1YVvyx7IEC,AERks4l,taul,1K8T,0Xwj,fhk21Ss,LWyxgtXeJL,tyay,HLqf,f4dr,VpdQ,hzlB,7M47J5GA0pTYIFxg5uy,sBgB,uKAI,Mtgm,9fipLB8rlL,kZJg6P6,FaHP,UYBR,FzaX,4UxGlow,zCkv,catzS2D,LM8l689qOp,szEZ,ZI9m,ib5G6X1eUxUn6
0,1169,7,60,124,155,104,300.32,0,3426144,0,6.613758,9,48,0,0,3,108460.2,25,8,32,0,200937.2,560,42,1377,8,164710,2246400,355,0,9,0,10019080,4,2073600,0,0,AKDr4RXktW,RO12,taul,1K8T,0Xwj,_gMXOhW,76j2P_OLn0,v5KQ,F3hy,ZKJc,VpdQ,IYzP,me75fM6ugJ,kIsH,uKAI,Mtgm,NhsEn4L,mAjbk_S,CX_F,cJvF,FzaX,r5hYlW4,oslk,CWizrB7,LM8l689qOp,7FJQ,RAYp,F2FyR07IdsN7I
0,1022,0,0,1216,1520,552,186.64,15,4893210,0,1.264901,9,16,0,1953576,3,19536.18,30,44,344,216,-71601.6,3230,204,0,40,3506480,279726,0,6,0,476980,8494680,292,631188,0,0,dRavyx7ejg,RO12,taul,1K8T,0Xwj,8ij6Lg8,k10MzgT,MaEe,HLqf,RcM7,VpdQ,IYzP,me75fM6ugJ,sBgB,uKAI,L84s,NhsEn4L,mAja5EA,GQwY,UYBR,FzaX,7OmVzos,oslk,76DJixu,LM8l689qOp,szEZ,RAYp,F2FyR07IdsN7I
0,4641,7,72,156,195,24,253.52,0,4667964,0,1.212775,18,134,0,633640,0,61035.6,15,14,32,8,27389.56,600,72,8109,0,3821380,475266,560,0,27,1663298,10497920,26,3326652,0,0,DQlgUH7IEC,2Knk1KF,taul,1K8T,JLbT,ho_bxgw,_XICQbd,gyLz,9_Y1,DmlN,VpdQ,hAFG,me75fM6ugJ,kIsH,uKAI,Mtgm,XfqtO3UdzaXh_,XTbPUYD,uLA507c,cJvF,FzaX,AvcOVQC,oslk,r757j0h,LM8l689qOp,w_Ub,RAYp,55YFVY9
0,812,7,12,84,105,40,220.08,0,3909006,0,4.196112,18,34,0,945472,9,212233.5,5,2,16,16,-306245.2,440,54,351,32,1188075,677700,175,0,9,554435,6047040,6,475230,0,7,639TmBQxul,RO12,taul,1K8T,TyGl,mME9Ejt,_UtlxbJ,DSAx,9_Y1,TjV7,VpdQ,zm5i,me75fM6ugJ,kIsH,uKAI,L84s,NhsEn4L,kZJtVhC,E3av,UYBR,FzaX,hDRv48t,oslk,0qeTy9x,LM8l689qOp,FSa2,RAYp,F2FyR07IdsN7I
0,665,7,276,32,40,0,220.08,0,3636360,9,3.365947,18,154,14,0,3,67372.5,5,0,8,0,-72504.4,315,24,32229,16,3774580,0,1355,0,27,0,6168560,6,0,0,0,npOBcmzkzH,AERks4l,taul,1K8T,0WHw,fhk21Ss,0IWZqtp,AsSX,9_Y1,KubS,VpdQ,wMei,7M47J5GA0pTYIFxg5uy,kIsH,uKAI,L84s,QsQAxv5,IoIika_,BPrt,cJvF,OFWH,4UxGlow,QKW8DRm,catzS2D,jySVZNlOJy,Qcbd,ZI9m,ib5G6X1eUxUn6
0,868,7,912,128,160,8,266.88,0,10783980,0,5.721855,9,58,0,3608,0,193372.2,45,0,32,8,-12349.16,615,126,29376,0,0,172800,115,0,18,0,10635400,0,0,0,0,Yddq9ayE15,RO12,taul,1K8T,R4_H,x8bPoJV,Dy9m9qj8KcWHZ,rlx_,9_Y1,F_Lu,VpdQ,hAFG,me75fM6ugJ,kIsH,uKAI,L84s,XfqtO3UdzaXh_,mAjGvmL,TddH,UYBR,wwPEXoilkr,Ik20nTz,oslk,DNvRusu,LM8l689qOp,TNEC,RAYp,F2FyR07IdsN7I
0,133,0,0,132,165,8,220.08,0,5559018,0,5.893612,9,18,0,3707808,0,197160.9,20,0,32,48,155739.2,425,66,0,0,4752000,46198,0,0,9,0,10662480,22,0,0,0,HYTrjIK12c,RO12,taul,1K8T,0Xwj,zQqh3kj,V_KvNzO,Th7L,HLqf,7WNq,VpdQ,IYzP,DHn_WUyBhW_whjA88g9bvA64_,sBgB,uKAI,L84s,CrNX,y5FewfI,Grjv,cJvF,OFWH,7JxszER,d0EEeJi,4K2GgwO,LM8l689qOp,WqMG,02N6s8f,F2FyR07IdsN7I
0,112,7,56,16,20,0,166.56,0,24924,0,0.3586841,9,50,0,0,0,5629.26,0,4,16,0,-1699448,60,6,2421,0,4045,0,295,0,0,6636,26336,2,9726,0,0,g5dmfo875g,RO12,taul,1K8T,LloI,INosKl9,J3fgbi2,ISVR,9_Y1,wGwL,VpdQ,IYzP,me75fM6ugJ,kIsH,uKAI,Mtgm,NhsEn4L,TDcECyH,EwSG,UYBR,FzaX,7XC6hzI,oslk,wH3Rt2K,LM8l689qOp,wX53,RAYp,F2FyR07IdsN7I
0,840,0,0,212,265,48,511.2,0,4264962,0,5.658834,9,26,0,2464824,0,73240.8,35,10,40,72,-513240,1105,60,0,0,3931380,530736,0,0,9,0,9999400,32,594672,0,0,wRXmfo875g,RO12,taul,1K8T,7gSz,MNwM9_c,Gai9lEF2Fr,W_h0,9_Y1,_48V,09_Q,zm5i,me75fM6ugJ,kIsH,uKAI,L84s,NhsEn4L,kZJyVg2,anYW,cJvF,FzaX,0MQv48t,oslk,d0BOtEt,LM8l689qOp,3Cy4,RAYp,F2FyR07IdsN7I
0,133,0,0,128,160,40,279.44,0,3801564,0,1.185858,9,16,0,2166920,0,209232.9,20,6,40,32,411804,295,48,0,0,3167970,791990,0,0,0,554393,9816320,16,1425582,0,0,1YVTmBftjz,RO12,taul,1K8T,TyGl,4qOif55,76j2P_OLn0,XCko,9_Y1,4N0K,VpdQ,IYzP,DHn_WUyBhW_whjA88g9bvA64_,kIsH,uKAI,L84s,CrNX,NGZ_12K,sMxj,cJvF,FzaX,ToMRRXU,d0EEeJi,llZq5Hu,LM8l689qOp,Qu4f,02N6s8f,F2FyR07IdsN7I
0,749,7,108,44,55,8,253.52,0,4393800,0,2.903226,9,30,14,1267296,0,107107.2,0,0,8,16,613196,405,12,82575,0,8576450,16804,635,0,9,0,10457600,12,0,0,0,8Knvyx875g,RO12,taul,1K8T,vSNn,2RbJW6S,4hMlgkf58mhwh,o7t0,9_Y1,MBhA,VpdQ,IYzP,me75fM6ugJ,kIsH,uKAI,L84s,NhsEn4L,mAjcfkM,B5tG,UYBR,FzaX,ie3C5vH,oslk,35G7_Bz,LM8l689qOp,WqMG,RAYp,F2FyR07IdsN7I
0,126,0,0,44,55,8,20.08,5,1196616,0,4.769921,9,24,0,0,15,207420.9,10,0,8,0,-1156728,55,24,0,56,504835,65762,0,0,9,0,2024336,8,0,0,7,KXMrEyXXnK,RO12,taul,z3mO,Wmd1,LKy47iP,nQUBcBcErl,sbhw,9_Y1,MBhA,VpdQ,zm5i,me75fM6ugJ,kIsH,uKAI,L84s,NhsEn4L,cUQBnLZ,5smi,UYBR,FzaX,ZLrmfvd,oslk,khtiNPX,LM8l689qOp,WqMG,RAYp,F2FyR07IdsN7I
0,623,0,20,132,165,24,253.52,0,5227530,0,0.9038666,9,36,0,1267280,0,212277,20,4,32,16,84061.6,495,66,747,0,4356290,475232,0,0,9,554435,10455080,22,950454,0,0,xOXrjIQq3d,RO12,taul,1K8T,kNzO,92zMY82,lGXpFd_2Rf,v_8I,9_Y1,RVjC,09_Q,zm5i,me75fM6ugJ,kIsH,uKAI,L84s,NhsEn4L,mAjbk_S,Al7w,UYBR,FzaX,x6SDFjT,oslk,t5s0V7y,LM8l689qOp,FSa2,RAYp,F2FyR07IdsN7I
0,1715,28,2704,212,265,72,220.08,0,305580,0,0.5349284,45,124,252,3180008,0,55935.3,5,10,48,104,-437604,850,6,37908,0,3686650,859536,2185,0,18,647297,6598360,48,203448,0,0,1nlTmBtueT,2Knk1KF,taul,1K8T,lK27,YA5OFqD,e1XhvTunuD,MZaQ,9_Y1,c2JP,VpdQ,sYC_,DHn_WUyBhW_whjA88g9bvA64_,kIsH,uKAI,L84s,CrNX,pMWQVqj,cH2V,cJvF,FzaX,2JIyMR9,d0EEeJi,HI21Kx8,LM8l689qOp,rgKb,nIGXDli,55YFVY9
0,567,7,232,128,160,24,307.04,0,3005076,0,3.577013,9,30,0,1267216,0,191733.3,20,8,32,16,372985.6,535,42,6039,0,4519985,475206,65,0,0,554407,9737840,24,1900824,0,0,DHegUHXZeb,RO12,taul,1K8T,USOt,WKSYEWi,_UtlxbJ,oR0A,9_Y1,LqKm,VpdQ,IYzP,me75fM6ugJ,kIsH,uKAI,L84s,NhsEn4L,NGZXfGp,NOY_,cJvF,FzaX,gfMmfvd,oslk,GPSMujD,LM8l689qOp,453m,RAYp,F2FyR07IdsN7I
0,560,7,540,128,160,0,220.08,0,1773006,0,2.566545,9,32,14,5529600,0,209847.3,0,0,32,64,121471.6,505,24,1755,0,8324450,0,150,0,18,0,10606400,40,0,0,0,oBXTmBtFkL,RO12,taul,1K8T,2Ix5,2Ae7Duj,Tg7jjBB,BZK_,9_Y1,c2JP,VpdQ,IYzP,me75fM6ugJ,kIsH,uKAI,L84s,NhsEn4L,kZJtVhC,f1Gl,UYBR,FzaX,snhYH7D,oslk,4EXRt2K,LM8l689qOp,rgKb,RAYp,F2FyR07IdsN7I
0,1365,35,4600,140,175,8,220.08,0,325290,0,4.256783,45,154,329,4415872,0,124147.8,0,2,24,64,42962.8,775,24,10107,0,9049850,139316,2135,0,27,1209432,10168400,42,337650,0,0,1KSr4RK2Mx,2Knk1KF,taul,1K8T,ssAy,abw4Qlt,ARvzJXx,dTqE,9_Y1,DtNL,VpdQ,haYg,me75fM6ugJ,kIsH,uKAI,L84s,XfqtO3UdzaXh_,XTbPUYD,yfaM,UYBR,FzaX,TE70nTz,oslk,upQAKIt,jySVZNlOJy,FSa2,RAYp,TCU50_Yjmm6GIBZ0lL_
0,1309,0,68,172,215,104,166.56,0,2711640,0,5.800256,18,36,0,557696,3,80045.7,15,10,48,24,346208.4,665,66,72144,8,492710,780742,0,0,0,0,5687680,16,1569300,0,0,xOXTmBtFkL,RO12,taul,1K8T,TyGl,dDKL3Mv,o64y9zI,pIiv,9_Y1,C6Eu,VpdQ,IYzP,me75fM6ugJ,kIsH,uKAI,L84s,NhsEn4L,mAjbk_S,dl7A,cJvF,FzaX,Ox8DBnE,oslk,Ff09Jxo,LM8l689qOp,rgKb,RAYp,F2FyR07IdsN7I
0,1239,7,1516,320,400,184,226.8,0,3282,0,5.456526,9,30,49,94624,3,13479.9,0,32,64,64,-149394,1070,18,2349,8,609675,344524,790,0,0,144942,1479060,60,379158,0,0,Y3tqrQKzJV,RO12,taul,1K8T,0Xwj,d2iwkuM,FoJylxy,__UP,F3hy,15m3,VpdQ,IYzP,me75fM6ugJ,kIsH,uKAI,L84s,NhsEn4L,mAjbk_S,IROO,UYBR,FzaX,1ZRv4zN,oslk,Zd62Oqu,LM8l689qOp,FSa2,RAYp,F2FyR07IdsN7I
0,1232,7,3408,92,115,0,286.96,0,7734180,0,4.901089,45,56,21,0,0,124910.7,40,0,32,0,425888,485,90,27522,0,0,0,4695,0,18,0,9994520,0,0,0,0,uUdt0G8EIb,RO12,taul,z3mO,0Xwj,QnJFrjT,V6XUlxabJ4VaD,6dn9,HLqf,k13i,VpdQ,TIA9,DHn_WUyBhW_whjA88g9bvA64_,sBgB,uKAI,Mtgm,CrNX,AuSPDRg,kkKt,cJvF,FzaX,J8T3X6P,d0EEeJi,OBtzR_Y,LM8l689qOp,fKCe,nIGXDli,F2FyR07IdsN7I
0,1176,14,5500,136,170,8,353.2,0,6914340,0,1.541978,27,128,784,1542824,0,148673.1,35,0,40,24,80184.4,600,84,7011,0,3036755,146678,7970,0,36,140371,10410280,18,0,0,0,_v2rjIKQ76,2Knk1KF,taul,1K8T,TyGl,65ylkJq,GHfL3MpXAX,43ip,9_Y1,7WNq,VpdQ,6JmL,me75fM6ugJ,kIsH,uKAI,L84s,XfqtO3UdzaXh_,XTbPUYD,CiWj,UYBR,FzaX,x_lYlW4,oslk,3B1QowC,LM8l689qOp,WqMG,RAYp,55YFVY9
0,714,14,208,116,145,104,166.56,0,0,0,1.7116,18,38,84,1009144,0,84139.8,0,8,24,24,256740,425,0,441,0,1745335,205442,160,0,18,630378,2597052,18,427992,0,0,_v2gUHXZeb,RO12,taul,1K8T,7ALb,jEC3vg3,WN2wUb0T0UKRa,GbwL,9_Y1,LqKm,09_Q,IYzP,me75fM6ugJ,kIsH,uKAI,L84s,NhsEn4L,mAjbk_S,D936,cJvF,FzaX,x_lA5lA,oslk,3B1mC_N,LM8l689qOp,453m,RAYp,F2FyR07IdsN7I
0,854,14,4844,104,130,88,166.56,0,29256,0,4.749626,18,110,35,741880,0,16735.83,5,4,24,32,20853.84,500,12,61947,0,81040,166892,420,0,27,215607,1081320,12,84264,0,0,75lq9ayfAo,RO12,taul,1K8T,lK27,mhknt93,pCsFbvQJcF,E_sw,9_Y1,F_Lu,09_Q,hAFG,me75fM6ugJ,kIsH,uKAI,L84s,XfqtO3UdzaXh_,XTbPUYD,hw6m,UYBR,FzaX,WWmfR8o,oslk,c4R2fT4,M_8D,TNEC,RAYp,F2FyR07IdsN7I
0,798,7,260,176,220,56,90.64,5,3900810,0,4.938688,18,36,98,2245592,0,193549.8,10,10,48,32,129202.4,570,66,1989,8,3727340,743632,740,0,9,755293,10267240,30,2075376,0,0,AhzZptzip9,RO12,taul,1K8T,lK27,F0CcSKu,BdLh6VE,GU1k,9_Y1,Gx0B,VpdQ,zm5i,me75fM6ugJ,kIsH,7A3j,L84s,NhsEn4L,kZJyVg2,Mrkz,cJvF,FzaX,Z6VzNJS,oslk,503jKAP,LM8l689qOp,Qu4f,RAYp,F2FyR07IdsN7I
0,721,14,4384,136,170,48,250.16,0,4687770,0,2.376842,18,134,644,2764800,0,185664,0,4,24,32,37475.28,515,60,4014,0,3470400,1015228,2350,0,18,0,10005560,24,1036800,0,0,5_lq9aXt5a,2Knk1KF,taul,1K8T,ZSv9,PHNvXy8,MV4DUjA,K9Xw,9_Y1,Y9Bl,VpdQ,TIA9,NKv3VA1BpP,kIsH,uKAI,L84s,Ie_5MZs,beKrZ3Z,Q675,UYBR,AU8_WTd,UF16siJ,zCkv,APgdzOv,jySVZNlOJy,uWr3,6fzt,Zy3gnGM
0,1127,7,8,136,170,24,263.76,0,5722200,0,1.113865,9,34,7,2201480,0,92541.3,30,0,48,40,246899.2,550,72,62100,0,3291075,518400,55,0,18,0,10500680,16,0,0,0,Yddq9ayE15,RO12,taul,1K8T,42Cy,qbzaVTy,OBJ2OgT61I,yM8c,9_Y1,pQsY,VpdQ,69fI,me75fM6ugJ,kIsH,uKAI,L84s,XfqtO3UdzaXh_,11p4mKe,M8pg,cJvF,FzaX,Oj6fql_,oslk,_rKAGfT,LM8l689qOp,TNEC,RAYp,F2FyR07IdsN7I
0,770,7,296,124,155,0,216.72,0,1555200,0,4.070071,9,50,217,6162488,0,222281.1,0,0,32,72,152603.2,485,18,225,0,7898350,0,70,0,18,0,10436720,38,0,0,0,oBXrjIQq3d,RO12,LfvqpCtLOY,1K8T,487l,jO3D77h,8nstQ62E0C,kWfE,9_Y1,RVjC,VpdQ,43pnToF,me75fM6ugJ,kIsH,uKAI,Mtgm,NhsEn4L,mAjbk_S,4a9J,UYBR,tdJW_Pm,wIfST0B,oslk,dwbHEuX,bCPvVye,FSa2,RAYp,F2FyR07IdsN7I
0,1477,14,9088,360,450,384,275.84,0,40836,0,5.221534,18,128,203,59160,0,4564.02,5,14,72,64,24169,1390,42,27927,0,256860,136436,17605,0,27,48146,604680,38,90120,0,0,1YVgUHXZeb,2Knk1KF,taul,1K8T,xgSF,PHNvXy8,KyxX4chnKM,L29Q,9_Y1,LqKm,09_Q,hAFG,NKv3VA1BpP,kIsH,uKAI,L84s,Ie_5MZs,OFqdri0,GNN7,UYBR,FzaX,UF16siJ,zCkv,APgdzOv,LM8l689qOp,453m,6fzt,Zy3gnGM
0,189,0,0,108,135,24,240.56,0,4665342,0,6.772484,9,18,0,2764904,0,200860.5,10,4,24,40,488760,460,54,0,0,2591850,268,0,0,0,231,7258280,12,600,0,0,jg6Oj1dMWg,RO12,taul,1K8T,lK27,3PBlmZ6,n1zVHpT8NN,e1v1,9_Y1,DFSe,09_Q,IYzP,me75fM6ugJ,kIsH,g5HH,L84s,NhsEn4L,TDc4Td_,z5z6,cJvF,FzaX,PYpRPEi,oslk,057UsvC,LM8l689qOp,me1d,RAYp,F2FyR07IdsN7I
0,252,7,900,40,50,0,210,0,11184,0,0.5253151,9,98,49,195680,0,28540.56,0,2,8,16,50975.2,140,6,12438,0,225180,0,120,0,9,0,320668,12,52842,0,0,_v2gUHXZeb,RO12,taul,1K8T,AnrR,3pg460p,76j2P_OLn0,_uB_,9_Y1,STGZ,VpdQ,hAFG,me75fM6ugJ,kIsH,uKAI,L84s,XfqtO3UdzaXh_,XTbPUYD,wQxu,cJvF,FzaX,Qf2vbB7,oslk,jZZjeOa,LM8l689qOp,453m,RAYp,F2FyR07IdsN7I
0,2289,21,5308,208,260,136,186.64,0,17694,0,0.5594958,36,102,511,1002784,0,29457.54,0,10,40,56,-64074.8,760,6,30591,0,1522605,565024,10550,0,54,808311,3302880,44,662340,0,0,HYTvyx7ejg,X2uI6IsGev,taul,1K8T,JLbT,AJpT8cq,_UtlxbJ,CVJ8,9_Y1,xSqs,VpdQ,hzlB,DHn_WUyBhW_whjA88g9bvA64_,kIsH,uKAI,L84s,CrNX,AuSDRR8,Gkqn,cJvF,FzaX,SCn_Dkk,d0EEeJi,EmRVTM2,LM8l689qOp,szEZ,nIGXDli,iyHGyLCEkQ
0,994,7,696,156,195,32,266.88,0,6716580,0,0.9493698,9,52,49,1385200,0,166688.4,20,6,32,40,-90927.6,630,102,71379,0,1730070,166438,5695,0,0,292789,8262120,12,214284,0,0,g5dmfo875g,RO12,taul,1K8T,ssAy,gRinF0C,7ruFuE4,Hdei,9_Y1,7pVf,VpdQ,IYzP,me75fM6ugJ,kIsH,uKAI,Mtgm,NhsEn4L,kq0n8Bj,wgNr,cJvF,wwPEXoilkr,SCnYWu3,oslk,WC7Esaq,LM8l689qOp,wX53,RAYp,F2FyR07IdsN7I
0,1036,7,288,16,20,0,253.52,0,3628800,0,6.604145,9,54,28,9676800,0,19995.12,0,0,0,16,-136920.8,780,6,48294,0,1271265,0,480,0,9,0,8274640,2,0,0,0,bZkvyxLkBI,RO12,taul,1K8T,ssAy,fmOiPJi,msIFlLyI91,Be35,9_Y1,vzJD,VpdQ,IYzP,me75fM6ugJ,kIsH,uKAI,L84s,NhsEn4L,mAja5EA,wnBK,cJvF,FzaX,wfPWJ9Z,oslk,WJyqs0R,LM8l689qOp,xb3V,RAYp,F2FyR07IdsN7I
0,511,7,3156,136,170,40,267.6,0,4282686,0,0.8485367,9,236,70,2534464,0,84756.59,30,0,40,32,40980.8,525,60,50256,0,3568025,743950,1745,0,27,554414,10365520,18,0,0,0,N_vrjIXt5a,Fveq5yuDUj6drSMiZO3mXe,CiJDdr4TQ0rGERIS,1K8T,TyGl,fhk21Ss,hCdK,qnjZ,9_Y1,nr0d,VpdQ,y6dw,7M47J5GA0pTYIFxg5uy,kIsH,uKAI,L84s,MeOIHRG3F9,11pFugQ,FoMD,cJvF,AU8pNoi,4UxGlow,zCkv,catzS2D,LM8l689qOp,5Acm,ZI9m,VjDE
0,1820,7,5400,132,165,64,196.64,0,2073600,0,2.760094,9,170,189,1943000,0,63691.8,15,4,40,48,1048624,480,24,3546,0,2005850,1382400,14875,0,36,406861,8111320,20,1036800,0,0,_v2rjIKQ76,NMCEYavk0YOlqn2jHeEDjP0xsdXeAZGnZDN0NOfV,taul,1K8T,YVv3,fhk21Ss,I1sFbv_0IT,qbvZ,9_Y1,7WNq,09_Q,hzlB,7M47J5GA0pTYIFxg5uy,kIsH,uKAI,L84s,XfqtO3UdzaXh_,XTbPUYD,ejsS,UYBR,AU8pNoi,4UxGlow,oslk,catzS2D,LM8l689qOp,WqMG,ZI9m,iyHGyLCEkQ
0,1526,7,332,152,190,16,269.12,0,8340240,0,5.386242,9,50,14,1395896,0,82742.7,25,4,40,24,185989.6,535,102,40320,0,2106020,20270,4150,0,18,0,10402680,18,1036800,0,0,DHerjIKQ76,RO12,taul,1K8T,JLbT,miuXVr0,etM739XNbCmUu,jhq_,9_Y1,7WNq,VpdQ,43pnToF,me75fM6ugJ,kIsH,uKAI,Mtgm,NhsEn4L,mAjbk_S,EgQ5,cJvF,FzaX,bYAYWu3,oslk,hT0zF_Q,LM8l689qOp,WqMG,RAYp,F2FyR07IdsN7I
0,798,7,49292,136,170,96,253.52,5,3620496,0,5.540483,18,134,1288,0,0,192738.3,10,12,32,0,79754.8,535,42,8091,8,1262795,2059200,360,0,18,0,10287360,14,3080760,0,0,cFHt0GoOh3,AERks4l,taul,1K8T,487l,fhk21Ss,_jTP8ioIlJ,vgiU,9_Y1,t_4G,VpdQ,6JmL,7M47J5GA0pTYIFxg5uy,kIsH,uKAI,L84s,leSl,teA09W3,dyYP,UYBR,FzaX,4UxGlow,QKW8DRm,catzS2D,jySVZNlOJy,Qu4f,ZI9m,ib5G6X1eUxUn6
0,210,0,0,224,280,72,257.04,20,5467038,0,4.754112,18,28,0,233160,0,162357.6,30,4,88,96,-14256.72,455,72,0,32,2917415,298534,0,0,0,6013,9207560,30,950412,0,0,dRaTmBfHUn,RO12,taul,1K8T,0Xwj,Wtcc5gJ,NFlfMbKIm3,Xzu7,HLqf,4N0K,09_Q,IYzP,me75fM6ugJ,sBgB,uKAI,L84s,NhsEn4L,mAja5EA,SGLE,cJvF,FzaX,_McRoKG,oslk,pWu6FsY,LM8l689qOp,Qu4f,RAYp,F2FyR07IdsN7I
0,112,0,0,104,130,40,276.24,0,1900866,0,0.08780175,36,14,0,3771608,0,264978.3,15,2,40,40,313290,230,24,0,8,5447300,952752,0,6,0,0,10555000,16,282318,0,0,1nlTmBtueT,RO12,taul,1K8T,0Xwj,JyYAxhv,k10MzgT,MZaQ,HLqf,c2JP,VpdQ,IYzP,DHn_WUyBhW_whjA88g9bvA64_,sBgB,uKAI,L84s,CrNX,jawXxsX,bn8F,cJvF,FzaX,bDIwTUZ,d0EEeJi,vXNQpAd,LM8l689qOp,rgKb,02N6s8f,F2FyR07IdsN7I
0,203,0,1948,4,5,0,66.88,0,0,0,4.906217,9,134,0,0,0,3178.95,0,0,0,0,-1639568,75,0,75114,0,1165,0,0,0,0,0,932,2,0,0,0,1JGqrQKzJV,2Knk1KF,taul,1K8T,GYbZ,PHNvXy8,y2LIM01bE1,s7jm,9_Y1,15m3,VpdQ,IYzP,NKv3VA1BpP,kIsH,uKAI,Mtgm,Ie_5MZs,CWNY2py,laWz,UYBR,FzaX,UF16siJ,zCkv,APgdzOv,jySVZNlOJy,FSa2,6fzt,Zy3gnGM
0,504,7,2824,64,80,64,66.88,0,0,0,6.676137,9,110,350,57832,0,3568.44,0,6,40,16,-1726228,245,0,43443,0,13760,26080,465,0,0,3857,102664,6,15870,0,0,9hRmfo875g,RO12,taul,1K8T,LloI,fhk21Ss,glRBFJT8NN,gEiT,9_Y1,gnEy,VpdQ,IYzP,7M47J5GA0pTYIFxg5uy,kIsH,uKAI,Mtgm,4kVnq_T26xq1p,y5FqXOW,IZ32,cJvF,FzaX,4UxGlow,zCkv,catzS2D,LM8l689qOp,3Cy4,ZI9m,R4y5gQQWY8OodqDV
0,1036,7,468,168,210,88,133.12,0,4076472,0,4.582354,9,132,98,710128,0,111174.9,15,8,32,24,398399.2,665,60,13428,0,1729440,793044,1960,0,18,423346,8157080,22,1616862,0,0,Foxt0Go8Lb,2Knk1KF,taul,1K8T,7gSz,XX3vpGW,r83_sZi,DQ0L,9_Y1,rGJy,VpdQ,hAFG,me75fM6ugJ,kIsH,uKAI,L84s,XfqtO3UdzaXh_,XTbPUYD,dimX,UYBR,FzaX,n2dvEWW,oslk,xInqI2t,LM8l689qOp,Qu4f,RAYp,55YFVY9
0,833,7,2492,192,240,144,166.56,0,519660,0,1.186926,18,116,406,1069968,0,79136.41,10,8,40,40,-30491.16,640,12,34353,0,1034050,750194,1110,0,18,159495,3964008,34,164340,0,0,zC_Wq6e2Rv,2Knk1KF,LfvqpCtLOY,1K8T,0Xwj,wpp8weI,9YucVgBYRN,6Pfz,HLqf,_xpN,VpdQ,Tkho,me75fM6ugJ,sBgB,uKAI,L84s,NhsEn4L,teAyFc5,0S8q,UYBR,FzaX,LwGmfvd,oslk,xYHAV0N,LM8l689qOp,FSa2,RAYp,55YFVY9
0,777,7,2292,188,235,96,176.56,0,0,0,2.676992,9,124,7,347608,0,17163.15,5,6,16,48,-1377396,645,0,31662,0,1103595,176920,1200,0,9,0,1791684,50,53346,0,0,CxSr4RXktW,LrdZy8QqgUfkVShG,taul,1K8T,YPhp,fhk21Ss,EXpWEXgaYWQf4,4_SS,9_Y1,5euo,VpdQ,hAFG,7M47J5GA0pTYIFxg5uy,kIsH,uKAI,Mtgm,TW8UhnX,ORMlTeX,LCTf,cJvF,FzaX,4UxGlow,QKW8DRm,catzS2D,LM8l689qOp,7FJQ,ZI9m,ib5G6X1eUxUn6
0,903,14,316,184,230,56,99.68,0,0,0,0.6992096,18,124,0,42352,0,2525.931,0,0,24,72,13114,905,0,702,0,132060,11918,205,0,18,0,150660,60,0,0,0,UCDvyx8zhV,2Knk1KF,taul,1K8T,YVv3,innngaa,u2pCocB,D6lg,9_Y1,MBhA,09_Q,kxE9,me75fM6ugJ,kIsH,uKAI,L84s,XfqtO3UdzaXh_,XTbPUYD,5smi,UYBR,FzaX,1FARoKG,oslk,CnZoIp0,LM8l689qOp,WqMG,RAYp,55YFVY9
0,826,14,1812,160,200,80,286.32,0,6095100,0,1.489425,36,130,231,42624,0,69579.59,20,10,32,8,126601.2,600,72,14265,0,391295,1555682,3560,0,54,0,10466920,16,2540664,0,0,HrWq9aXt5a,g62hiBSaKg,taul,1K8T,L80O,fhk21Ss,5q1hF23,5sMX,9_Y1,Y9Bl,09_Q,haYg,7M47J5GA0pTYIFxg5uy,kIsH,uKAI,L84s,a3CcPDe,11p_E1H,ZU0r,UYBR,OFWH,4UxGlow,QKW8DRm,catzS2D,LM8l689qOp,uWr3,ZI9m,ib5G6X1eUxUn6
0,357,0,0,24,30,0,166.56,0,0,0,5.40611,9,136,0,0,0,3617.49,0,0,0,0,9101.16,95,0,16920,0,66620,0,0,0,9,0,53296,12,0,0,0,dRarjIK12c,AERks4l,taul,1K8T,487l,NldASpP,767sa0XN9l,da5V,9_Y1,7WNq,09_Q,hAFG,DHn_WUyBhW_whjA88g9bvA64_,kIsH,uKAI,L84s,H4p93_uThXwSG,_JdPkYW,2D0a,cJvF,OFWH,JFM1BiF,Al6ZaUT,NKv4yOc,jySVZNlOJy,WqMG,02N6s8f,ib5G6X1eUxUn6
0,910,7,5856,92,115,40,271.84,0,2820516,0,3.288827,18,170,637,4838400,0,181816.5,0,4,16,8,-212053.6,830,42,94545,0,3905315,682900,1230,0,36,0,9474080,16,1026726,0,0,a4vPe2fHUn,g62hiBSaKg,taul,1K8T,487l,fhk21Ss,glRBFJT8NN,NPMY,9_Y1,mTeA,VpdQ,kxE9,7M47J5GA0pTYIFxg5uy,kIsH,uKAI,L84s,4kVnq_T26xq1p,pMWBUmQ,Juwm,UYBR,FzaX,4UxGlow,zCkv,catzS2D,LM8l689qOp,FSa2,ZI9m,ib5G6X1eUxUn6
0,546,7,100,140,175,72,292.32,0,1418850,0,4.427259,9,140,0,271928,0,7130.97,10,10,48,64,-739104,295,36,15885,16,318365,142660,440,0,27,83083,2120528,10,130524,0,14,g5dmfo875g,2Knk1KF,taul,1K8T,7gSz,x44vEdV,ASj4kgY6phhWK,X0SL,9_Y1,_48V,sJzTlal,CoYW,me75fM6ugJ,kIsH,uKAI,L84s,XfqtO3UdzaXh_,XTbPUYD,WDWm,cJvF,FzaX,ys1oLzk,oslk,rnqMak1,jySVZNlOJy,3Cy4,RAYp,55YFVY9
0,819,14,56,84,105,24,273.6,0,0,0,2.908139,18,154,7,14120,0,8436.061,0,12,72,56,7606.44,255,0,76446,0,98975,886,735,0,27,9429,97944,10,14898,0,0,8I1r4RXXnK,rEUOq2QD1qfkRr6qpua,taul,1K8T,z32l,fhk21Ss,V_KvNzO,dpPi,9_Y1,Cgc3,VpdQ,hAFG,7M47J5GA0pTYIFxg5uy,kIsH,uKAI,Mtgm,XfqtO3UdzaXh_,XTbPUYD,XAab,UYBR,FzaX,4UxGlow,oslk,catzS2D,LM8l689qOp,Xa3G,ZI9m,ib5G6X1eUxUn6
0,665,7,1204,136,170,128,198.88,5,4193826,0,3.335612,9,56,14,0,0,237811.5,0,4,16,0,-7794.44,355,24,972,8,2759800,602894,105,0,9,0,9014160,24,4206954,0,0,uUdt0G8EIb,RO12,taul,1K8T,wOc1,RZHR5DT,5q1hF23,rits,9_Y1,k13i,09_Q,IYzP,me75fM6ugJ,kIsH,uKAI,L84s,NhsEn4L,mAjbk_S,1exj,UYBR,FzaX,rLf8iqZ,oslk,bIUTy9x,M_8D,fKCe,RAYp,F2FyR07IdsN7I
0,1323,7,184,256,320,184,133.12,0,17628,0,5.966674,9,76,133,72696,0,4712.07,0,10,64,80,-1623912,865,36,78732,0,286675,64356,145,0,0,107436,465336,40,88776,0,0,dRavyx7ejg,RO12,taul,1K8T,Bxva,60sg0bq,CsjH_hi,kKp4,9_Y1,YGOC,VpdQ,IYzP,me75fM6ugJ,kIsH,uKAI,L84s,NhsEn4L,TDceha3,SMDf,UYBR,FzaX,ooBv48t,oslk,wtiz4Af,LM8l689qOp,szEZ,RAYp,F2FyR07IdsN7I
0,2261,7,0,512,640,176,220.08,15,1541358,0,1.15659,9,62,0,2839072,0,69387.3,120,22,352,232,-149808.4,1160,72,549,24,1517085,1263820,135,0,9,725088,7359440,60,278220,0,0,1GdOj17ejg,RO12,taul,1K8T,aD1X,rq8w8DQ,9YuuPSz3BI,PFiL,9_Y1,zfpA,VpdQ,sYC_,me75fM6ugJ,kIsH,uKAI,L84s,NhsEn4L,kq0n8Bj,2Ok8,UYBR,FzaX,Eu2AM23,oslk,Js1KSUK,jySVZNlOJy,7aLG,RAYp,F2FyR07IdsN7I
0,497,0,0,592,740,296,352.8,0,7581840,0,1.474899,9,14,0,1270008,0,48795.9,45,28,208,200,261099.6,1105,126,0,0,2089665,532606,0,0,0,385035,10643480,84,529944,0,0,vAsgUHXM47,RO12,taul,1K8T,0Xwj,JVFLDAi,V6XUlxabJ4VaD,QAo7,HLqf,KubS,VpdQ,IYzP,me75fM6ugJ,sBgB,uKAI,L84s,NhsEn4L,kZJtVhC,wxsM,cJvF,FzaX,YTCRPlm,oslk,nXK9h3w,LM8l689qOp,Qcbd,RAYp,F2FyR07IdsN7I
0,777,7,288,120,150,176,308.16,0,0,0,6.057253,9,52,7,0,0,223056.9,0,16,32,0,159243.2,495,0,64197,0,0,3783700,1990,0,9,604800,10332200,0,4147200,0,0,YddTmBtueT,RO12,taul,1K8T,hAOr,A4fnQZj,nQUBcBcErl,QGDQ,9_Y1,47ra,VpdQ,43pnToF,me75fM6ugJ,kIsH,uKAI,L84s,NhsEn4L,mAjbk_S,3lZ7,cJvF,FzaX,9qlAWQ7,oslk,ERuOTZB,jySVZNlOJy,rgKb,RAYp,F2FyR07IdsN7I
0,21,0,0,36,45,16,253.52,0,1425636,0,1.605213,9,14,0,182040,6,234135.6,10,0,8,8,-1388584,45,18,0,16,396010,408880,0,0,0,0,2809628,2,0,0,0,zC_Wq6e2Rv,RO12,CuXi4je,1K8T,0Xwj,pNV_5rr,oI3dOfoZBD,dkcI,F3hy,_xpN,sJzTlal,IYzP,me75fM6ugJ,kIsH,uKAI,L84s,NhsEn4L,NGZxnJM,DesP,UYBR,FzaX,tS138SL,oslk,N98hcb8,LM8l689qOp,FSa2,RAYp,F2FyR07IdsN7I
0,238,0,0,36,45,16,486.96,0,131184,9,5.129887,9,20,0,8750240,3,298859.4,0,0,0,16,265517.2,240,18,0,16,639820,2419200,0,0,9,0,9812840,4,0,0,0,MtpBcmzkzH,RO12,taul,1K8T,lK27,esxkA1P,7qIEVHeq8Qb64Aj5r6x,lU8R,9_Y1,WGOH,09_Q,zm5i,me75fM6ugJ,kIsH,uKAI,L84s,NhsEn4L,mAja5EA,pcnX,cJvF,FzaX,EPImS85,oslk,MI8s5nE,LM8l689qOp,Qcbd,RAYp,F2FyR07IdsN7I
0,1841,7,204,124,155,152,291.2,0,1339080,0,4.865414,9,32,112,0,0,75990.3,0,16,32,0,123136,1355,18,113202,0,301245,3283200,8535,0,9,0,10464920,2,4147200,0,0,HYTvyx7ejg,RO12,taul,1K8T,7wJ6,tGKE15b,LJF4fPp,KTi9,9_Y1,YGOC,VpdQ,zm5i,me75fM6ugJ,kIsH,uKAI,L84s,NhsEn4L,kZJyVg2,JUzD,cJvF,FzaX,gwjDGHt,oslk,BlJznPS,LM8l689qOp,szEZ,RAYp,F2FyR07IdsN7I
0,1400,7,264,204,255,48,166.56,0,6939060,0,5.695151,9,46,21,2764800,0,139502.1,25,0,32,32,171912.8,920,90,69435,0,3285555,9384,3215,0,0,604800,10383680,42,0,0,0,tr0gUH7ejg,RO12,taul,1K8T,yxYT,foC0EW7,FoJylxy,8Kyr,9_Y1,m_h1,VpdQ,IYzP,me75fM6ugJ,kIsH,uKAI,L84s,NhsEn4L,mAja5EA,ILZp,cJvF,FzaX,_95OhQy,oslk,AFqqI2t,jySVZNlOJy,WqMG,RAYp,F2FyR07IdsN7I
0,0,0,0,32,40,24,420.08,0,145386,0,4.380688,9,12,0,0,3,52944.3,0,0,0,0,-917572,40,6,0,16,453990,52312,0,0,0,0,564740,8,0,0,7,crIt0Go8Lb,RO12,taul,1K8T,xgSF,bn80yiU,etM739XNb0Rf0,39Nj,9_Y1,YePk,VpdQ,IYzP,me75fM6ugJ,kIsH,uKAI,L84s,NhsEn4L,kZJyVg2,vDs5,cJvF,FzaX,QnxOw16,oslk,Ef3qqb8,LM8l689qOp,Qu4f,RAYp,F2FyR07IdsN7I
0,1274,7,1516,3264,4080,1464,166.56,0,10948020,0,6.779107,9,88,35,0,0,29706.66,45,0,32,0,209494.8,4470,1548,6750,0,133535,19726,85,0,0,0,10555360,732,0,0,0,bZk9tYsGvO,RO12,taul,1K8T,TyGl,_A3lbGp,II0S8f9,lQ0z,9_Y1,YULl,VpdQ,IYzP,me75fM6ugJ,kIsH,uKAI,L84s,NhsEn4L,mAjbk_S,JMwF,UYBR,FzaX,ErGY_02,oslk,a4oQQMs,LM8l689qOp,FSa2,RAYp,F2FyR07IdsN7I
0,511,0,0,136,170,64,186.64,0,7335360,0,1.133305,9,28,0,565392,0,220401.3,20,4,32,24,242573.6,535,90,0,0,864000,1362390,0,0,9,0,10662520,4,1036800,0,0,ZSNrjIX0Db,RO12,taul,1K8T,LFM_,YLTY4q6,J1MZ1kd,3OjE,9_Y1,xQ2A,sJzTlal,zm5i,me75fM6ugJ,kIsH,uKAI,Mtgm,NhsEn4L,mAja5EA,gvA6,UYBR,FzaX,wZZm94s,oslk,l9eMpgG,jySVZNlOJy,5Acm,RAYp,F2FyR07IdsN7I
0,24472,14,2808,5328,6660,1856,186.64,0,3467664,0,5.732749,18,160,91,2328328,0,5135.52,510,222,1736,1600,226554,22310,1920,21429,0,3608000,677656,6105,0,27,441889,9009240,734,825936,0,0,voArjIXt5a,RO12,taul,1K8T,lK27,fqeOwLG,hOpRIhsUSP,pGo4,9_Y1,EKFb,VpdQ,haYg,7M47J5GA0pTYIFxg5uy,kIsH,uKAI,L84s,leSl,teA09W3,z7i8,cJvF,FzaX,fxJmel6,QKW8DRm,WfsWw2A,LM8l689qOp,5Acm,ZI9m,iyHGyLCEkQ
0,770,7,2252,128,160,0,357.6,0,1555200,0,3.375134,9,92,245,4838400,0,220074.6,10,2,40,56,246228.4,510,18,81549,0,8208000,0,1990,0,36,120099,10782240,38,102942,0,0,_v2rjIKQ76,AERks4l,taul,1K8T,JLbT,PHNvXy8,9HOPNsJ,gBL1,9_Y1,7WNq,09_Q,hzlB,NKv3VA1BpP,kIsH,uKAI,Mtgm,I6KzrtUCei,kZJFoZG,31LB,UYBR,qxDb,UF16siJ,zCkv,APgdzOv,LM8l689qOp,WqMG,6fzt,xwM2aC7IdeMC0
0,476,7,2272,120,150,32,179.92,0,7581720,0,0.9194617,9,80,560,0,0,17771.1,35,4,32,0,768764,1190,90,25938,0,864000,691200,660,0,9,0,10238560,4,1036800,0,0,Yddq9ayE15,RO12,taul,1K8T,GYbZ,kkNNXZR,J3fgbi2,NqQi,9_Y1,F_Lu,VpdQ,lVqb,me75fM6ugJ,kIsH,uKAI,L84s,XfqtO3UdzaXh_,XTbPUYD,MhYL,UYBR,FzaX,OTgfc8E,oslk,GeD7j0h,jySVZNlOJy,TNEC,RAYp,F2FyR07IdsN7I
0,756,14,1520,124,155,64,186.64,0,0,0,2.799402,18,86,35,4147200,0,205492.8,0,4,32,48,50546.8,515,0,35298,0,6269600,1223814,370,0,36,1814400,10228120,30,1036800,0,0,crIgUHSK8h,RO12,ArtjQZmIvr94p,1K8T,0WHw,AnQOV8B,Yi4Pkbj,v92S,9_Y1,RVjC,sJzTlal,haYg,Kxdu,kIsH,uKAI,L84s,FMSzZ91zL2,kZJZEk4,EdSO,UYBR,FzaX,UxSK9Wu,zCkv,gNJG6kO,jySVZNlOJy,FSa2,6fzt,SbOd7O8ky1wGNxp0Arj0Xs
0,1029,7,3472,132,165,48,253.52,10,3690792,0,6.498611,9,90,210,633640,0,145503.3,5,10,24,8,-160019.6,360,66,7029,16,2117950,691376,410,0,27,1663312,7615280,18,2166012,0,0,NESt0G8EIb,RO12,taul,1K8T,lK27,F0DSdMg,ThrnFOQ,dLKL,9_Y1,e7QV,09_Q,hzlB,me75fM6ugJ,kIsH,uKAI,L84s,XfqtO3UdzaXh_,XTbPUYD,D89F,cJvF,FzaX,1Fq88FJ,oslk,XByOEra,jySVZNlOJy,fKCe,RAYp,F2FyR07IdsN7I
0,2569,7,3548,520,650,232,344.32,0,4041564,0,0.06579791,27,196,756,1725920,0,49513.8,45,8,176,136,123098.4,2050,162,158832,0,4253130,703396,350,0,54,622230,10100720,88,579168,0,0,M5vt0Gdc_a,2Knk1KF,taul,1K8T,4JaS,fhk21Ss,NW71gM15FR,AFaK,9_Y1,cyKH,VpdQ,haYg,7M47J5GA0pTYIFxg5uy,sBgB,g5HH,L84s,MeOIHRG3F9,EknepHi,gyCx,cJvF,FzaX,4UxGlow,zCkv,catzS2D,LM8l689qOp,me1d,ZI9m,b9qbUNk0dML_Mvi2
0,784,0,28,192,240,152,166.56,0,737820,0,1.234779,9,168,0,269536,0,39018.3,15,16,56,48,-796936,1080,36,2970,0,147345,84600,0,0,27,55825,1128340,12,309660,0,0,639r4RK2Mx,AERks4l,taul,1K8T,PGNs,fhk21Ss,r83_sZi,FtGg,9_Y1,DtNL,VpdQ,hAFG,7M47J5GA0pTYIFxg5uy,kIsH,uKAI,L84s,4kVnq_T26xq1p,XTbSTqG,46WJ,UYBR,FzaX,4UxGlow,zCkv,catzS2D,jySVZNlOJy,FSa2,ZI9m,ib5G6X1eUxUn6
0,1183,0,0,556,695,232,166.56,5,1447662,0,5.944243,27,26,0,1472560,0,16880.31,45,10,96,88,-45167.2,1655,198,0,8,1972990,658832,0,0,0,630665,5495800,104,836016,0,0,51rBcmz45j,RO12,taul,1K8T,tXti,4jFcSKu,CdPgMY1Z52,A3ry,9_Y1,EwzD,VpdQ,IYzP,me75fM6ugJ,kIsH,uKAI,L84s,NhsEn4L,mAja5EA,ZkFY,cJvF,FzaX,Z6VfSEp,oslk,503RDbC,LM8l689qOp,Qcbd,RAYp,F2FyR07IdsN7I
0,3878,14,228,380,475,264,228.8,0,344370,0,2.568896,18,66,42,5793208,6,15741.6,15,16,96,104,-520204,1955,42,9756,24,922010,607874,935,0,0,105455,5512520,62,126972,0,7,LDPvyx7IEC,RO12,taul,1K8T,0Xwj,G2zwXf5,FoJylxy,giKM,HLqf,f4dr,VpdQ,IYzP,me75fM6ugJ,sBgB,uKAI,L84s,NhsEn4L,mAjbk_S,Ntlu,cJvF,FzaX,KhWfR8o,oslk,0MpQv5o,LM8l689qOp,szEZ,RAYp,F2FyR07IdsN7I
0,868,7,4,20,25,8,186.64,0,0,0,1.997223,9,90,0,0,0,140871.3,10,4,16,0,708.856,140,0,2844,0,0,6228,25,0,18,0,2205644,0,2061036,0,0,2AAWq69R_D,RO12,taul,1K8T,ssAy,fmOiPJi,Z8ZAV8jDl3,u2gs,9_Y1,Px52,VpdQ,sYC_,me75fM6ugJ,kIsH,uKAI,L84s,NhsEn4L,kq0TPhN,cK4V,cJvF,FzaX,wfPWJ9Z,oslk,WJyqs0R,LM8l689qOp,PM2D,RAYp,F2FyR07IdsN7I
0,742,7,2608,128,160,8,86.96,0,4698990,0,1.649007,9,100,21,3928224,0,183258.9,15,0,32,48,113970.8,515,60,31131,0,5184000,59670,265,0,18,0,10400120,24,0,0,0,vAsvyx7ejg,RO12,taul,1K8T,lK27,tSzBmIU,FoJylxy,aKtP,9_Y1,qaiO,VpdQ,CoYW,me75fM6ugJ,kIsH,uKAI,L84s,XfqtO3UdzaXh_,XTbPUYD,DcFu,cJvF,qxDb,GpvmS85,oslk,HD2ldxq,LM8l689qOp,szEZ,RAYp,F2FyR07IdsN7I
0,392,0,0,88,110,128,166.56,0,438,0,3.50032,18,26,0,190104,0,22930.32,0,6,24,16,-1021824,245,6,0,0,0,205878,0,0,0,41475,539296,0,48294,0,0,639TmBQxul,RO12,taul,1K8T,TyGl,eIRwNvo,ELRUn57,ahRG,9_Y1,TjV7,VpdQ,IYzP,me75fM6ugJ,kIsH,uKAI,Mtgm,NhsEn4L,mAja5EA,VHqK,UYBR,qxDb,2JIR98m,oslk,uE3RmrT,LM8l689qOp,FSa2,RAYp,F2FyR07IdsN7I
0,1953,21,688,256,320,48,200,0,0,0,6.099551,27,96,0,474240,0,8527.92,0,8,72,208,57935.2,760,0,38160,0,493880,53598,1365,0,9,37177,814116,56,112044,0,0,1nlTmBtueT,RO12,taul,1K8T,AnrR,7GUAEa8,hOpRIhsUSP,CRNu,9_Y1,C6Eu,VpdQ,sYC_,me75fM6ugJ,kIsH,uKAI,L84s,NhsEn4L,kq0aHkC,fkbn,cJvF,FzaX,8OZoOXS,oslk,IDn52bd,LM8l689qOp,rgKb,RAYp,F2FyR07IdsN7I
0,1407,14,772,220,275,104,237.2,0,1204170,0,3.030549,18,78,7,728032,0,55666.5,50,8,64,16,349452.8,1030,96,47430,0,1183540,624078,2675,0,18,189,4167200,20,319800,0,0,H1Fr4Rdncc,RO12,taul,1K8T,lK27,fLzCyD5,lGXpFd_2Rf,_pP6,9_Y1,em8I,sJzTlal,6JmL,me75fM6ugJ,kIsH,g5HH,L84s,XfqtO3UdzaXh_,11p4mKe,lNFe,cJvF,FzaX,yO79OJS,oslk,uBooG9v,LM8l689qOp,me1d,RAYp,F2FyR07IdsN7I
0,854,14,3052,128,160,80,220.08,0,4106496,0,3.941893,27,144,14,1382400,0,179873.7,10,8,32,16,124598.4,480,54,43731,0,1806860,1728000,1380,0,27,0,10403960,10,2073600,0,0,oBXq9ayfAo,2Knk1KF,taul,1K8T,R4_H,bP5uMXJ,e1XhvTunuD,rlx_,9_Y1,F_Lu,VpdQ,hAFG,me75fM6ugJ,kIsH,uKAI,L84s,XfqtO3UdzaXh_,11p4mKe,TddH,UYBR,FzaX,WdPoLzk,oslk,05jAV0N,LM8l689qOp,TNEC,RAYp,55YFVY9
0,315,0,24,4,5,0,133.12,0,0,0,4.598376,9,52,7,0,0,88152.91,0,0,0,0,-376759.2,135,0,192573,8,2220,0,0,0,0,0,1776,2,0,0,7,zcROj17IEC,RO12,taul,1K8T,7M9D,b9YnRr1,pERyKwExOq,q0oU,9_Y1,eQTr,VpdQ,IYzP,DHn_WUyBhW_whjA88g9bvA64_,kIsH,uKAI,L84s,CrNX,7WwCSJk,dLm4,cJvF,FzaX,ACmy8OH,d0EEeJi,rDbupln,LM8l689qOp,7aLG,nIGXDli,F2FyR07IdsN7I
0,245,0,20,64,80,88,166.56,0,3066,0,6.524674,9,44,7,49712,0,7459.47,0,4,8,16,-32391.72,270,6,0,0,0,81530,0,0,0,20741,215720,0,38640,0,0,2jigUH7ejg,RO12,ZZBPiZh,1K8T,pGTb,83ixW2B,jt3xMpI_cxIIW,ItB0,9_Y1,m_h1,09_Q,IYzP,me75fM6ugJ,kIsH,uKAI,L84s,NhsEn4L,TDcECyH,jmyy,UYBR,FzaX,kH5mflk,oslk,TDg9lNX,LM8l689qOp,WqMG,RAYp,F2FyR07IdsN7I
0,1057,14,6800,124,155,48,200,0,0,0,0.8758812,18,60,637,1092744,0,58980.6,0,4,8,24,111503.6,525,0,1170,0,3421155,180252,1070,0,9,340753,3692592,40,73188,0,0,py5gUH7ejg,RO12,taul,1K8T,vSNn,WIUbfVI,ZkibjLN5VdYQ7,xkat,9_Y1,m_h1,VpdQ,43pnToF,me75fM6ugJ,kIsH,uKAI,L84s,NhsEn4L,mAjbk_S,Hr3R,UYBR,FzaX,31vOjel,oslk,Nwm7kpB,LM8l689qOp,WqMG,RAYp,F2FyR07IdsN7I
0,1001,7,1112,160,200,160,166.56,0,0,0,1.487716,18,152,0,30376,0,11015.97,0,6,64,104,-120473.6,1360,0,7659,0,22255,33390,30,0,18,64127,129876,8,45156,0,0,CxSr4RXktW,2Knk1KF,taul,1K8T,487l,af1vEdV,ePW7tvd2Kp,MoCD,9_Y1,Cgc3,VpdQ,haYg,me75fM6ugJ,kIsH,uKAI,L84s,XfqtO3UdzaXh_,XTbPUYD,0xqP,cJvF,OFWH,b0vOZ4E,oslk,1gu2qo0,jySVZNlOJy,Xa3G,RAYp,55YFVY9
0,2513,0,96,620,775,80,200,0,7742700,0,6.793634,18,66,0,576864,0,46107.9,45,8,80,48,143313.2,2185,114,1989,0,2224160,421914,0,0,0,1946,10678400,214,110586,0,0,1YVgUHXZeb,RO12,taul,1K8T,rXTS,Ml6kiFp,LH0BJkjM1L,WMyN,9_Y1,8BBI,09_Q,IYzP,me75fM6ugJ,sBgB,uKAI,L84s,NhsEn4L,mAjbk_S,v4XQ,cJvF,FzaX,k5O88FJ,oslk,QkgQQMs,LM8l689qOp,453m,RAYp,F2FyR07IdsN7I
0,994,7,212,376,470,184,133.12,0,335178,0,2.030976,18,128,49,90480,0,6572.31,0,14,64,96,-153487.2,1200,18,24399,0,580210,120690,205,0,18,15435,1013932,98,59538,0,0,HYTvyx7ejg,2Knk1KF,I9xt3GBDKUbd8,1K8T,hM6W,fhk21Ss,hCdK,tO3Z,9_Y1,RcM7,VpdQ,kxE9,7M47J5GA0pTYIFxg5uy,kIsH,uKAI,Mtgm,E1aAZ0x7vd,CWNz16o,G8YO,cJvF,FzaX,4UxGlow,QKW8DRm,catzS2D,LM8l689qOp,szEZ,ZI9m,ib5G6X1eUxUn6
0,882,7,1988,320,400,240,200,5,31950,0,1.860286,18,106,49,1217344,0,62625,10,10,40,56,618564,530,30,29196,16,2513070,524922,3665,0,18,871514,4262880,62,780900,0,7,voArjIXt5a,2Knk1KF,taul,1K8T,dTod,GRl7qwL,TbQyCeZ21flwy,MAZq,9_Y1,xQ2A,VpdQ,sYC_,me75fM6ugJ,kIsH,uKAI,L84s,NhsEn4L,kq0aHkC,lTeB,UYBR,FzaX,xDj6pd1,oslk,VQZzrB7,LM8l689qOp,5Acm,RAYp,55YFVY9
0,672,7,60,148,185,16,286.96,0,10135680,0,6.899381,9,30,21,118008,0,225150,45,0,32,40,111724,485,120,34236,0,66070,345600,655,0,0,0,10615040,2,0,0,0,NESWq69R_D,RO12,taul,1K8T,z8at,OKQ4Lhq,RuVy67M,0xFv,9_Y1,RVjC,VpdQ,IYzP,me75fM6ugJ,kIsH,uKAI,L84s,NhsEn4L,kZJyVg2,Kz6e,UYBR,FzaX,K9B4K41,oslk,L8yRgaQ,LM8l689qOp,FSa2,RAYp,F2FyR07IdsN7I
0,826,28,1992,136,170,48,301.6,0,3801702,0,3.353771,36,60,1176,3168088,0,220777.5,15,0,32,40,145534,525,48,31671,0,4752150,852942,3800,0,9,554414,10576560,24,0,0,0,YddrjIQ5Ph,RO12,taul,1K8T,kNzO,TSdJUS7,CdPgMY1Z52,sMhn,9_Y1,RVjC,VpdQ,sYC_,me75fM6ugJ,kIsH,uKAI,L84s,NhsEn4L,NGZPqH0,4DIm,UYBR,FzaX,81_vOIl,oslk,XEj7j0h,M_8D,FSa2,RAYp,F2FyR07IdsN7I
0,1358,7,2052,684,855,256,279.68,0,6280020,0,3.828669,18,52,182,1533536,0,96306.59,55,26,216,184,171748.4,1805,210,291303,0,2268240,838726,7080,0,18,92400,10628720,114,1361652,0,0,NESt0G8EIb,RO12,taul,1K8T,wOc1,RZHR5DT,S85OeCBjSz,mSWW,9_Y1,k13i,09_Q,hAFG,me75fM6ugJ,kIsH,uKAI,Mtgm,XfqtO3UdzaXh_,11p4mKe,rGBG,UYBR,FzaX,rLf8iqZ,oslk,bIUTy9x,jySVZNlOJy,fKCe,RAYp,F2FyR07IdsN7I
0,1421,7,444,216,270,64,166.56,0,4003146,0,3.592181,18,52,21,399192,0,55862.7,25,4,24,24,151605.2,1040,72,33039,0,2818180,458776,1615,0,9,332269,7383280,48,542022,0,0,DHeq9ayfAo,RO12,taul,1K8T,z32l,Ml6pXKQ,kuF2gYv,xt4K,9_Y1,kJJ7,sJzTlal,IYzP,me75fM6ugJ,kIsH,uKAI,L84s,NhsEn4L,mAjbk_S,ubX8,cJvF,FzaX,Y2C68SY,oslk,RJNqhZX,LM8l689qOp,7P5s,RAYp,F2FyR07IdsN7I
0,868,14,10340,124,155,0,220.08,0,0,0,5.129887,27,134,644,5529600,0,136017.6,0,0,32,64,164099.2,520,0,23994,0,9811000,0,2890,0,18,1814400,10613600,46,0,0,0,_v2rjIKQ76,2Knk1KF,taul,1K8T,YVv3,cnW0CV_,msfqnMz,8MF2,9_Y1,7WNq,VpdQ,haYg,me75fM6ugJ,kIsH,uKAI,L84s,XfqtO3UdzaXh_,XTbPUYD,VQD8,UYBR,FzaX,nEyNT4W,oslk,QuuQ5_S,LM8l689qOp,WqMG,RAYp,55YFVY9
0,147,0,0,168,210,64,166.56,0,0,9,5.794488,9,16,0,1809192,3,62193.6,0,10,40,96,11977.72,340,0,0,16,3249065,403984,0,0,0,1034362,4865920,34,831174,0,0,8I1TmBtueT,RO12,taul,1K8T,ZHNR,XReSIKn,76jk_MXMyd,UcKF,9_Y1,C6Eu,VpdQ,IYzP,me75fM6ugJ,kIsH,uKAI,L84s,NhsEn4L,mAja5EA,bfEL,cJvF,FzaX,nJQ3Vb_,oslk,wtiQBym,LM8l689qOp,rgKb,RAYp,F2FyR07IdsN7I
0,840,7,168,120,150,0,186.64,0,0,0,4.924375,9,46,7,5529600,0,197520.9,0,0,32,64,112254.4,500,0,70128,0,9504000,0,205,0,0,2419200,10368000,44,0,0,0,0vimfo8zhV,RO12,taul,1K8T,QQSE,25Ax0bI,J3fgbi2,DzeQ,9_Y1,wGwL,VpdQ,IYzP,me75fM6ugJ,kIsH,uKAI,L84s,NhsEn4L,mAjbk_S,iaDu,cJvF,FzaX,8c868SY,oslk,PQROEra,LM8l689qOp,wX53,RAYp,F2FyR07IdsN7I
0,42,0,0,100,125,24,277.6,10,3162666,0,3.190771,9,12,0,190672,0,149332.2,25,0,32,8,-595052,125,48,0,24,222535,494820,0,0,0,166838,4977760,16,0,0,7,2jigUH7ejg,AERks4l,taul,1K8T,lK27,Z2qgC9F,zA2IZno2NK,6hrK,9_Y1,m_h1,VpdQ,IYzP,DHn_WUyBhW_whjA88g9bvA64_,kIsH,uKAI,L84s,NhsEn4L,kZJtVhC,f2Cr,cJvF,FzaX,ezqh2PQ,oslk,f1AbyK7,LM8l689qOp,WqMG,02N6s8f,F2FcTt7IdMT_v
0,1071,14,772,144,180,160,166.56,0,21456,0,2.643239,18,150,0,302568,0,9358.62,0,12,64,40,-83480.4,585,6,110691,0,253985,139868,1625,0,18,0,682748,8,51354,0,0,KXMgUH7IEC,2Knk1KF,taul,1K8T,vSNn,ka_ns41,glRbITbnHQ,7pIw,9_Y1,m_h1,VpdQ,hAFG,me75fM6ugJ,kIsH,uKAI,L84s,XfqtO3UdzaXh_,OFqmdNV,jCmU,UYBR,AU8pNoi,1YVfGrO,oslk,fXVEsaq,LM8l689qOp,WqMG,RAYp,55YFVY9
0,812,7,692,136,170,8,186.64,0,1426560,9,2.816919,9,36,385,5529600,0,220274.7,0,0,32,64,110780,500,18,7875,8,8311700,80290,515,0,18,2419200,10525760,44,0,0,0,8I1TmBtueT,RO12,taul,1K8T,PGNs,t1FzMzM,hOpRIhsUSP,51UB,9_Y1,C6Eu,VpdQ,IYzP,me75fM6ugJ,kIsH,uKAI,L84s,NhsEn4L,mAjbk_S,zmgE,cJvF,FzaX,ue3lefp,oslk,E11cLGo,LM8l689qOp,rgKb,RAYp,F2FyR07IdsN7I
0,525,14,2804,112,140,16,133.12,0,0,0,3.565478,27,88,112,19280,0,6064.2,0,0,0,32,-12772.84,575,0,57708,0,257690,18124,2325,0,9,0,252040,44,0,0,0,_v2gUHXZeb,RO12,taul,1K8T,h3JW,GJQYWIJ,yiXKNUCbD1,WwTJ,9_Y1,LqKm,VpdQ,sYC_,me75fM6ugJ,kIsH,uKAI,L84s,NhsEn4L,beK4AFX,TUQ_,cJvF,FzaX,zxm38SL,oslk,1WSCwWq,LM8l689qOp,453m,RAYp,F2FyR07IdsN7I
0,182,0,0,28,35,0,186.64,0,156942,0,6.791498,9,18,0,0,0,286290.9,5,6,24,0,147794.8,315,6,0,0,1207445,0,0,0,9,12498640,9740960,4,10713120,0,0,DHevyx7IEC,RO12,taul,1K8T,hM6W,SkIcgy7,glRbITbnHQ,aHcT,9_Y1,xSqs,VpdQ,zm5i,me75fM6ugJ,kIsH,uKAI,L84s,NhsEn4L,mAja5EA,rQXg,cJvF,FzaX,54pYWu3,oslk,uBq7qqc,LM8l689qOp,szEZ,RAYp,F2FyR07IdsN7I
0,1281,7,304,244,305,8,133.12,0,0,0,3.153172,9,126,63,423160,0,8508.39,0,2,56,128,29389.28,810,0,11826,0,630550,1662,4245,0,18,80017,723340,86,5994,0,0,1GdOj1KXzC,bYmQ4nc,taul,1K8T,lK27,fhk21Ss,V6XUlxabJ4VaD,Qdlp,9_Y1,jdbz,VpdQ,hAFG,7M47J5GA0pTYIFxg5uy,kIsH,uKAI,L84s,4kVnq_T26xq1p,kZJr5Br,o7FU,cJvF,FzaX,4UxGlow,zCkv,catzS2D,LM8l689qOp,kwS7,ZI9m,ib5G6X1eUxUn6
0,1918,7,4376,548,685,280,167.2,0,1042026,0,4.533647,54,174,462,512328,0,17151.3,50,30,80,136,-1291388,1945,156,1782,0,553090,228804,13080,0,27,307139,2538460,68,494760,0,0,51rBcmz45j,NMCEYavk0YOlqn2jHeEDjP0xsdXeAZGnZDN0NOfV,taul,1K8T,0Xwj,fhk21Ss,JlBPeqq,nLYj,HLqf,rzbc,09_Q,hAFG,7M47J5GA0pTYIFxg5uy,sBgB,uKAI,Mtgm,XfqtO3UdzaXh_,_JdH8mF,usx6,cJvF,FzaX,4UxGlow,oslk,catzS2D,LM8l689qOp,Qcbd,ZI9m,iyHGyLCEkQ
0,133,0,0,124,155,32,253.52,0,9213960,0,0.9397565,9,16,0,0,0,205221.6,35,4,32,0,-31627.28,365,108,0,0,0,691200,0,0,0,0,10635440,0,1036800,0,0,LDPq9ayfAo,RO12,taul,1K8T,yYar,lCpd8Q3,9HOPNsJ,Xqep,9_Y1,QBpP,09_Q,IYzP,me75fM6ugJ,kIsH,uKAI,L84s,NhsEn4L,kZJtVhC,sRJO,cJvF,FzaX,JO06w_1,oslk,ZwrQhib,LM8l689qOp,7P5s,RAYp,F2FyR07IdsN7I
0,1113,14,412,236,295,8,120.4,0,26130,0,0.011536,18,74,42,84504,0,3720.15,15,6,32,88,-92702.4,1110,90,124479,0,161140,3882,980,0,0,2135,218728,52,18372,0,0,Iskvyx875g,RO12,taul,1K8T,2Ix5,_93bEE0,LH0BJkjM1L,u_Dj,9_Y1,QMes,09_Q,IYzP,me75fM6ugJ,kIsH,uKAI,L84s,XfqtO3UdzaXh_,11p4mKe,fQDS,cJvF,AU8pNoi,wZZCLWs,oslk,9iFWDFK,LM8l689qOp,WqMG,RAYp,F2FyR07IdsN7I
0,154,0,0,232,290,56,405.52,0,2827764,0,2.297586,9,12,0,699632,0,54072.9,15,16,112,88,-404908,290,48,0,0,1353475,94192,0,0,0,286111,4181640,42,78924,0,0,m9SrEy7Rm6,RO12,taul,1K8T,487l,Rdg7z27,vW6mSEW,zqqA,9_Y1,X8zP,09_Q,IYzP,me75fM6ugJ,kIsH,uKAI,L84s,NhsEn4L,NGZxnJM,SxAY,cJvF,FzaX,2WbAVkR,oslk,p2sWpYC,LM8l689qOp,Aoh3,RAYp,F2FyR07IdsN7I
0,1344,7,16,296,370,88,333.76,0,2053602,0,3.525529,18,30,0,5340608,0,69122.7,25,4,40,72,-62816,1320,108,1449,0,7091200,148810,25,0,0,1209404,10555680,58,4836,0,0,DHevyx7IEC,RO12,taul,1K8T,lK27,0IyMY82,JQFeOYK,5723,9_Y1,RcM7,VpdQ,IYzP,me75fM6ugJ,kIsH,uKAI,Mtgm,NhsEn4L,kZJyVg2,OH3C,UYBR,FzaX,kogDFjT,oslk,ZXG0V7y,LM8l689qOp,szEZ,RAYp,F2FyR07IdsN7I
0,2891,14,1676,572,715,72,166.56,0,251322,0,1.580431,18,204,77,514672,0,6636.21,35,10,128,208,-1391992,1895,132,84051,0,558280,45304,5815,0,18,100338,1065028,148,7614,0,0,ZSNq9aX0Db,2Knk1KF,CiJDdr4TQ0rGERIS,1K8T,TyGl,fhk21Ss,nQUq7hGe64,6Hd8,9_Y1,6TCl,09_Q,y6dw,7M47J5GA0pTYIFxg5uy,kIsH,uKAI,Mtgm,iwn6,CWNSYfx,Y5CE,cJvF,FzaX,4UxGlow,QKW8DRm,catzS2D,LM8l689qOp,uWr3,ZI9m,VjDE
0,847,7,3616,36,45,8,232.32,0,6725760,0,2.036103,9,132,105,2400,0,93732.91,5,0,8,16,-533852,330,18,19440,0,1945665,1209600,285,0,27,0,10879960,4,0,0,0,8Knvyx875g,2Knk1KF,taul,1K8T,TyGl,PHNvXy8,R4Xl9Wpk3_Jk1,mW3T,9_Y1,MBhA,VpdQ,6JmL,NKv3VA1BpP,kIsH,uKAI,L84s,Ie_5MZs,OFqdri0,BdeV,UYBR,FzaX,UF16siJ,zCkv,APgdzOv,LM8l689qOp,WqMG,6fzt,Zy3gnGM
0,721,7,1092,140,175,104,320.4,0,2433906,0,6.960906,9,142,56,2925440,0,201263.1,0,6,32,40,71055.2,520,36,10404,0,2759285,1964906,250,0,18,604800,10259360,16,1555200,0,0,kMJt0GoOh3,2Knk1KF,taul,1K8T,xgSF,PHNvXy8,y4g9XoZ,12c4,9_Y1,rGJy,VpdQ,wMei,NKv3VA1BpP,kIsH,uKAI,Mtgm,Ie_5MZs,XTbjhEX,EtZU,UYBR,FzaX,UF16siJ,zCkv,APgdzOv,LM8l689qOp,Qu4f,6fzt,Zy3gnGM
0,1050,7,3920,60,75,16,243.2,0,0,0,6.02179,9,72,0,247824,0,43559.7,0,2,24,24,-188871.2,275,0,10899,0,523870,28744,360,0,9,39858,667080,18,99876,0,0,uGLq9ayE15,eSGpMwS8zSGgq_trOpckZ5,taul,1K8T,FgS1,ms0lTUr,_jTpoJoljl,VKRv,9_Y1,QBpP,VpdQ,haYg,GjJ35utlTa_GNSvxxpb9ju,kIsH,uKAI,L84s,UbxQ8lZ,ORMRote,XkWv,cJvF,FzaX,Oy_CXXk,Al6ZaUT,Pm3qdm3,LM8l689qOp,7P5s,02N6s8f,R4y5gQQWY8OodqDV
0,126,14,96,28,35,16,233.44,0,1728,0,5.799829,18,54,14,0,0,2687.34,5,0,8,0,-2804.144,100,6,2007,0,19395,440,310,0,0,0,18316,6,0,0,0,avkq9ayfAo,RO12,taul,1K8T,mAW3,IMI3Naj,T5wrwDN,1_v2,9_Y1,vm5R,09_Q,IYzP,me75fM6ugJ,kIsH,uKAI,L84s,NhsEn4L,kq0n8Bj,4_G7,UYBR,FzaX,NI568SY,oslk,kWFEVJ2,LM8l689qOp,7P5s,RAYp,F2FyR07IdsN7I
0,2646,7,3608,464,580,104,166.56,0,82218,0,5.242042,9,124,133,774208,0,8838.33,5,14,96,184,175359.2,1825,30,7866,0,1133985,129098,5470,0,27,99911,1703176,134,137970,0,0,hSogUHXZeb,2Knk1KF,taul,1K8T,7ALb,PHNvXy8,r83_sZi,JOBU,9_Y1,LqKm,VpdQ,kxE9,NKv3VA1BpP,kIsH,uKAI,L84s,Ie_5MZs,teAjUwW,VBRu,cJvF,qxDb,UF16siJ,zCkv,APgdzOv,LM8l689qOp,453m,6fzt,Zy3gnGM
0,168,0,0,48,60,8,166.56,0,0,0,4.206794,9,22,0,13928,0,5039.76,5,4,32,24,-31699.56,430,0,0,0,88600,1688,0,0,0,9709,95376,10,8322,0,0,DHevyx7IEC,RO12,taul,1K8T,487l,xOD7CbR,msIqHk8toE,kKp4,9_Y1,YGOC,VpdQ,IYzP,DHn_WUyBhW_whjA88g9bvA64_,kIsH,uKAI,L84s,CrNX,NGZ_12K,SMDf,UYBR,FzaX,NlJANRN,d0EEeJi,_p6Wony,LM8l689qOp,szEZ,nIGXDli,F2FyR07IdsN7I
0,630,7,236,128,160,144,90.8,0,0,0,5.672292,9,60,14,10776,0,1036.47,0,18,72,32,764.428,305,0,1719,0,4125,23530,35,0,18,6286,65964,2,15324,0,0,DQlrEyXXnK,RO12,taul,1K8T,YFAj,N5AWccX,nQUq7hGe64,j8N7,9_Y1,SkZj,09_Q,kxE9,Kxdu,kIsH,uKAI,L84s,FMSzZ91zL2,11pMkO_,f0k3,UYBR,AU8pNoi,VsUKIAf,zCkv,ogDAczI,LM8l689qOp,Aoh3,6fzt,SbOd7O8ky1wGNxp0Arj0Xs
0,2646,14,5184,528,660,280,200,0,4350612,0,4.855373,27,78,280,2361408,0,69799.2,65,18,120,136,344254,2090,174,76023,0,4369975,359840,1055,0,9,265587,10466600,58,618726,0,0,tr0rEyXktW,RO12,taul,1K8T,sKnY,ErY4xPh,UFIdC8I,qFWN,9_Y1,SkZj,VpdQ,IYzP,me75fM6ugJ,kIsH,uKAI,Mtgm,NhsEn4L,mAjbk_S,6YqI,cJvF,FzaX,8OZv_hX,oslk,YLmjELi,LM8l689qOp,Aoh3,RAYp,F2FyR07IdsN7I
0,3059,0,0,1624,2030,1056,66.88,30,4197138,0,5.133518,18,22,0,2260576,0,24374.76,90,82,272,128,119833.2,2455,480,0,48,4269920,579980,0,0,18,128499,10301400,238,465660,0,0,5_lq9aXt5a,RO12,taul,1K8T,JLbT,XktJaGu,DKUDUftgA7,Yrkx,9_Y1,Y9Bl,VpdQ,IYzP,me75fM6ugJ,kIsH,uKAI,Mtgm,NhsEn4L,cUQXfGp,FJFO,UYBR,FzaX,cicv1FD,oslk,jxsQhib,LM8l689qOp,uWr3,RAYp,F2FyR07IdsN7I
0,798,7,104,48,60,8,66.88,0,0,0,6.741722,18,154,0,65480,0,59743.2,0,8,32,32,-1268192,315,0,2466,0,48175,5280,25,0,36,119140,167300,6,128190,0,0,HAoOj1KXzC,2Knk1KF,LfvqpCtLOY,1K8T,0Xwj,fhk21Ss,itSGh3t,u0cA,HLqf,ID5l,VpdQ,IYzP,7M47J5GA0pTYIFxg5uy,sBgB,uKAI,Mtgm,Ie_5MZs,CWNY2py,YSd6,cJvF,FzaX,4UxGlow,zCkv,catzS2D,jySVZNlOJy,kwS7,ZI9m,TCU50_Yjmm6GIBZ0lL_
0,3276,7,908,500,625,176,186.64,0,1349040,0,4.78872,9,96,14,871536,0,8886.18,0,24,120,168,-147446.4,2300,78,1179,0,1148540,590914,575,0,27,141372,3762808,114,490530,0,0,EsYrjIX0Db,RO12,taul,1K8T,kNzO,fhk21Ss,wD13J6M,3OjE,9_Y1,xQ2A,VpdQ,haYg,7M47J5GA0pTYIFxg5uy,kIsH,uKAI,Mtgm,XfqtO3UdzaXh_,XTb10lF,gvA6,UYBR,FzaX,4UxGlow,oslk,catzS2D,LM8l689qOp,5Acm,ZI9m,F2FyR07IdsN7I
0,798,7,192,148,185,80,483.92,10,6525180,0,5.277078,9,42,112,858992,0,215392.2,25,4,32,16,796280,555,78,26145,16,90590,1728000,230,0,9,0,10727280,10,1036806,0,0,a4v9tYsGvO,RO12,taul,1K8T,8qEx,GCB7Cob,1lFJzqR,ZNIX,9_Y1,YULl,VpdQ,zm5i,me75fM6ugJ,kIsH,uKAI,Mtgm,NhsEn4L,kZJyVg2,qQof,UYBR,FzaX,aMaC8W8,oslk,tM4cxqP,LM8l689qOp,FSa2,RAYp,F2FyR07IdsN7I
0,1337,7,2260,184,230,112,297.04,5,28158,0,3.93292,18,76,0,1029576,9,14468.49,0,10,72,72,-764816,1015,24,22392,48,954565,186344,205,0,0,199045,1780848,28,166422,0,14,1fZWq6e2Rv,AERks4l,taul,1K8T,JLbT,iYI85Wp,YmZmFZu,6yvp,9_Y1,_xpN,VpdQ,IYzP,NKv3VA1BpP,kIsH,uKAI,L84s,1YxyYTLbzthWO,uZL6HVt,oXod,UYBR,FzaX,R8kKx11,zCkv,X9a41Yn,LM8l689qOp,FSa2,6fzt,xwM2aC7IdeMC0
0,1204,7,1436,68,85,8,236.16,0,6878100,0,6.160863,18,66,245,1830944,6,193036.2,0,0,16,24,-50094.4,525,54,64980,16,3888960,100894,485,0,18,94395,8813800,8,0,0,0,u6tWq6edh4,RO12,taul,1K8T,PGNs,3cunsla,fXeumA5,4cFL,9_Y1,_xpN,VpdQ,sYC_,me75fM6ugJ,kIsH,uKAI,L84s,NhsEn4L,beK4AFX,QrXH,cJvF,FzaX,kH5mFX7,oslk,BNrD3Yd,M_8D,FSa2,RAYp,F2FyR07IdsN7I
0,952,7,152,136,170,40,186.64,0,8280,0,2.233284,9,84,210,958968,0,11978.67,5,0,16,56,189306.4,805,6,2979,0,912495,141206,160,0,9,342349,1555244,40,0,0,0,HrWrjIXt5a,RO12,taul,1K8T,lK27,GRl7qwL,LIH3TPf,8exT,9_Y1,xQ2A,09_Q,sYC_,me75fM6ugJ,kIsH,uKAI,L84s,NhsEn4L,beK4AFX,qPyG,cJvF,FzaX,xDj6pd1,oslk,VQZzrB7,LM8l689qOp,5Acm,RAYp,F2FyR07IdsN7I
0,910,7,5188,148,185,56,266.88,0,4551714,0,1.657979,18,106,161,940192,0,194044.8,25,4,32,16,140800,530,60,12807,0,3687410,725692,10260,0,36,438095,10229840,22,893910,0,0,dRarjIK12c,RO12,taul,1K8T,pGTb,kS7yoBp,NBVUlxabJhR17,43ip,9_Y1,7WNq,sJzTlal,sYC_,me75fM6ugJ,kIsH,uKAI,Mtgm,NhsEn4L,kq0aHkC,CiWj,UYBR,FzaX,3vmoOXS,oslk,wg_DmEs,jySVZNlOJy,WqMG,RAYp,F2FyR07IdsN7I
0,1995,7,4772,716,895,176,230.56,0,1037832,0,0.3559069,9,58,301,2554464,0,37288.8,95,24,248,224,-224269.2,1325,162,54477,0,7134000,133200,2045,0,27,833714,9095440,142,224394,0,0,xearjIX0Db,RO12,taul,1K8T,0Xwj,9GJGgoz,_jTP8ioIlJ,MwQe,F3hy,xQ2A,VpdQ,6JmL,Kxdu,kIsH,uKAI,Mtgm,FMSzZ91zL2,NGZwo7G,nzEx,UYBR,FzaX,Tvpip6Z,zCkv,hHJsvbM,LM8l689qOp,5Acm,6fzt,SbOd7O8ky1wGNxp0Arj0Xs
0,105,7,8,52,65,24,166.56,0,0,0,4.522752,9,132,0,0,0,4817.64,0,0,0,0,-669452,250,0,693,0,5135,364,5,0,9,0,4836,20,0,0,0,V8lBcmz45j,2Knk1KF,taul,1K8T,TyGl,fVhJr0F,_03xtaMIkk68B,B2oW,9_Y1,eQTr,VpdQ,wMei,me75fM6ugJ,kIsH,uKAI,L84s,h0lfDKh52u4GP,IoI4mKe,F50s,cJvF,FzaX,yMCvEWW,oslk,cwU7qqc,LM8l689qOp,7aLG,RAYp,55YFVY9
0,651,7,248,72,90,16,166.56,0,0,0,3.281137,9,38,0,385200,0,12242.94,0,0,0,80,95364.4,200,0,3411,0,318995,13806,15,0,0,0,475408,12,0,0,0,N_vrjIXt5a,RO12,taul,1K8T,Cnh8,ClIoukx,76j2P_OLn0,Wn8r,9_Y1,xQ2A,VpdQ,IYzP,me75fM6ugJ,kIsH,uKAI,L84s,NhsEn4L,mAjbk_S,hh92,cJvF,AU8pNoi,KjR6w_1,oslk,nKcTL5Q,LM8l689qOp,5Acm,RAYp,F2FyR07IdsN7I
0,784,7,4780,116,145,56,266.88,0,518400,0,5.915189,18,196,0,888616,0,98022,10,4,24,32,-435520,480,6,4716,0,3469875,731140,2510,0,72,64729,5196560,26,168918,0,0,DHeTmBftjz,AERks4l,taul,1K8T,TyGl,fhk21Ss,WICZqsx,IEDl,9_Y1,4N0K,VpdQ,y6dw,7M47J5GA0pTYIFxg5uy,kIsH,uKAI,Mtgm,WsRVNrF85oPU_,_Jd5M9A,ynbO,UYBR,FzaX,4UxGlow,zCkv,catzS2D,jySVZNlOJy,Qu4f,ZI9m,ib5G6X1eUxUn6
0,3731,14,904,764,955,576,133.12,0,217026,0,6.770134,18,136,168,1333000,0,5885.01,40,104,376,272,-2052.428,2410,78,107856,0,105355,391092,8580,0,9,176715,2122800,24,576654,0,0,S8dr4RQxul,g62hiBSaKg,taul,1K8T,0Xwj,fhk21Ss,V6XUlxabJ4VaD,yG_y,HLqf,z5Ry,VpdQ,hAFG,7M47J5GA0pTYIFxg5uy,sBgB,uKAI,L84s,4kVnq_T26xq1p,11pHHqO,QcPI,UYBR,FzaX,4UxGlow,zCkv,catzS2D,LM8l689qOp,FSa2,ZI9m,ib5G6X1eUxUn6
0,1246,14,1716,148,185,16,288.56,0,48396,0,0.2969451,18,36,21,5414480,0,143874.6,5,2,48,64,128624.8,665,12,47340,0,9779900,40198,210,0,18,604800,10710160,46,5964,0,0,DQlgUH7IEC,RO12,taul,1K8T,USOt,fLzAmkt,k10MzgT,ItB0,9_Y1,m_h1,VpdQ,zm5i,me75fM6ugJ,kIsH,uKAI,L84s,NhsEn4L,NGZxnJM,jmyy,UYBR,FzaX,TE7NqhB,oslk,7_Nj7qz,jySVZNlOJy,WqMG,RAYp,F2FyR07IdsN7I
0,1897,7,28,304,380,136,220.08,0,2895966,0,4.450331,9,30,14,3081248,0,57140.1,25,4,56,40,129259.2,1240,66,6966,0,6820600,186520,120,0,0,276892,10649240,72,155298,0,0,oBXTmBtFkL,RO12,taul,1K8T,PbOJ,CCt1U9m,msIFlLyI91,et5n,9_Y1,c2JP,VpdQ,IYzP,DHn_WUyBhW_whjA88g9bvA64_,kIsH,uKAI,L84s,CrNX,y5FewfI,pv4R,UYBR,FzaX,_McOGh8,d0EEeJi,BfvemaD,LM8l689qOp,rgKb,nIGXDli,F2FyR07IdsN7I
0,868,7,180,160,200,80,292,0,4030284,0,3.200812,9,34,35,2534616,0,177473.1,20,2,32,32,390.1428,635,60,1701,0,1887415,1129968,155,0,9,0,9308120,22,475224,0,0,_v2vyx7IEC,RO12,taul,1K8T,1TqK,N45nV76,hOpRIhsUSP,H6tc,9_Y1,qaiO,09_Q,zm5i,me75fM6ugJ,kIsH,uKAI,L84s,NhsEn4L,NGZXfGp,ALCo,cJvF,FzaX,EpcfrxM,oslk,ynwED8N,LM8l689qOp,szEZ,RAYp,F2FyR07IdsN7I
0,973,7,1636,128,160,72,233.44,0,3110400,0,6.837855,18,78,0,2335408,0,101337.3,10,4,32,32,-4184.72,495,36,21195,0,3361700,1301914,465,0,0,604800,9916880,18,1036800,0,0,avkq9ayfAo,RO12,taul,1K8T,z32l,GjukJwu,epjK8S4,q1Sq,9_Y1,QBpP,sJzTlal,giwq,me75fM6ugJ,kIsH,uKAI,L84s,NhsEn4L,mAjbk_S,f0Rh,cJvF,FzaX,Nzc87dl,oslk,xTFQowC,LM8l689qOp,7P5s,RAYp,F2FyR07IdsN7I
0,1491,14,2532,416,520,112,176.56,0,628074,0,4.189489,18,158,28,35624,0,10456.14,70,40,160,32,125759.2,985,240,23760,0,45730,106204,7295,0,18,53277,1024952,24,134130,0,0,oBXTmBtFkL,2Knk1KF,taul,1K8T,F9g8,R4CMv2s,glRBFJT8NN,hmZ4,9_Y1,C6Eu,VpdQ,wMei,me75fM6ugJ,kIsH,uKAI,L84s,h0lfDKh52u4GP,IoI4mKe,UhCH,UYBR,FzaX,OOC8jNM,oslk,piPR6zD,LM8l689qOp,rgKb,RAYp,TCU50_Yjmm6GIBZ0lL_
0,189,7,4,200,250,160,166.56,0,846,0,6.223243,9,40,0,51256,0,12518.49,10,8,40,40,36602.72,475,6,1017,0,93825,276642,5,0,0,2961,726716,36,53418,0,0,8Iqt0G8rTN,RO12,taul,1K8T,487l,qEdASpP,OthpAth,kfen,9_Y1,k13i,VpdQ,sYC_,me75fM6ugJ,kIsH,uKAI,L84s,NhsEn4L,7WwVPXv,DLTh,UYBR,FzaX,0AJo2f2,oslk,2Kb5FSF,LM8l689qOp,fKCe,RAYp,F2FyR07IdsN7I
0,1043,7,352,184,230,160,99.68,5,9024,0,5.395001,9,104,14,25352,0,2321.193,0,4,40,24,-7511.28,745,12,1458,8,82725,26966,285,0,9,27489,147268,38,12696,0,0,mzKvyx8zhV,RO12,taul,1K8T,YVv3,kJ1ERUT,SpuyaBC9trxwnaW1,mW3T,9_Y1,MBhA,VpdQ,haYg,7M47J5GA0pTYIFxg5uy,kIsH,uKAI,L84s,leSl,teA09W3,BdeV,UYBR,FzaX,MMTJrCp,QKW8DRm,Rkj9jvX,LM8l689qOp,WqMG,vJ_w8kB,WfJ2BB2SFSqauljlfOB
0,651,7,1388,148,185,64,377.2,0,4253550,0,0.1871395,18,32,350,2534432,0,204027.3,10,4,32,32,125189.6,550,54,5841,0,3530890,1109188,290,0,0,1108814,10414320,24,950412,0,0,dRaq9ayE15,RO12,taul,1K8T,3PdN,MvUxJVj,ARvzJXx,Yj5Y,9_Y1,kJJ7,VpdQ,IYzP,me75fM6ugJ,kIsH,uKAI,L84s,NhsEn4L,NGZXfGp,He4R,UYBR,FzaX,cXse4eD,oslk,qWj5Ui8,LM8l689qOp,7P5s,RAYp,F2FyR07IdsN7I
0,945,7,212,144,180,16,532.08,0,9509340,0,6.434523,9,46,175,0,0,71166.91,35,0,24,0,521260,470,120,2601,0,1408215,59234,150,0,18,0,10003800,14,0,0,0,9rAq9at_88,RO12,taul,1K8T,4fje,SkIJ4lp,PAsv0xf,sRth,9_Y1,KfYH,sJzTlal,haYg,me75fM6ugJ,kIsH,g5HH,L84s,XfqtO3UdzaXh_,mAjKef6,yt5k,cJvF,FzaX,wIf0IU9,oslk,atnQv5o,LM8l689qOp,me1d,RAYp,F2FyR07IdsN7I
0,875,21,6288,132,165,24,309.44,0,9352500,0,4.405469,36,216,154,0,0,220110.9,45,0,32,0,189606.4,505,114,12879,0,215370,518400,305,0,27,0,10554480,4,0,0,0,52Iq9ayE15,_7J0OGNN8s6gFzbM,CiJDdr4TQ0rGERIS,1K8T,PJLW,fhk21Ss,CdPgMY1Z52,dwa4,9_Y1,vm5R,VpdQ,y6dw,7M47J5GA0pTYIFxg5uy,kIsH,uKAI,L84s,hFuvTXnQzBljb,y5FS9RD,Jh76,cJvF,AU8pNoi,4UxGlow,zCkv,catzS2D,LM8l689qOp,7P5s,ZI9m,ZeaF
0,1225,7,1060,376,470,296,220.08,5,612348,0,1.64687,18,88,0,878512,0,64079.4,0,12,32,16,226711.6,1305,144,7965,8,2002725,1047994,400,0,9,497686,5728200,50,1773798,0,0,a4vvyxLkBI,AERks4l,taul,1K8T,R4_H,PHNvXy8,V_KR_LD,gVmZ,9_Y1,vzJD,VpdQ,Tkho,NKv3VA1BpP,kIsH,uKAI,L84s,Ie_5MZs,cUQZTTg,D4bn,cJvF,FzaX,UF16siJ,zCkv,APgdzOv,LM8l689qOp,xb3V,6fzt,xwM2aC7IdeMC0
0,875,7,0,128,160,0,286.96,0,4665612,0,1.465072,9,34,0,2764800,0,155782.5,20,0,32,32,72685.2,600,54,315,0,6156550,0,70,0,9,0,10596160,30,0,0,0,etYt0G8EIb,RO12,taul,1K8T,2Ix5,4rXn9NE,Tg7jjBB,agam,9_Y1,e7QV,VpdQ,zm5i,me75fM6ugJ,kIsH,uKAI,L84s,NhsEn4L,kZJtVhC,HEX_,UYBR,FzaX,dqL8hdx,oslk,MnYAKIt,LM8l689qOp,fKCe,RAYp,F2FyR07IdsN7I
0,777,7,2544,128,160,16,263.52,0,2073600,0,0.6938688,9,200,637,4147200,0,221433.6,10,0,32,48,119452.4,495,24,53424,0,7099850,232488,970,0,45,0,10292040,36,0,0,0,oyGrjIXt5a,vuPfq6YcbX,CiJDdr4TQ0rGERIS,1K8T,80HR,fhk21Ss,FoJylxy,ZBNx,9_Y1,xQ2A,VpdQ,y6dw,7M47J5GA0pTYIFxg5uy,kIsH,uKAI,L84s,iwn6,CWNSYfx,gvA6,UYBR,FzaX,4UxGlow,QKW8DRm,catzS2D,jySVZNlOJy,5Acm,ZI9m,NoEd
0,448,7,648,48,60,16,220.08,0,1807836,0,1.048921,9,56,182,3171488,0,67862.7,5,2,24,8,931460,235,18,24210,0,3359170,777700,1585,0,18,0,7404640,8,13560,0,0,py5rEyXktW,RO12,taul,1K8T,TyGl,B88PLzH,hOpMh7dRpW,e0B8,9_Y1,VwCR,09_Q,lVqb,me75fM6ugJ,kIsH,uKAI,L84s,XfqtO3UdzaXh_,11p4mKe,FlWy,cJvF,FzaX,OrnfR8o,oslk,Dh6qqb8,LM8l689qOp,Aoh3,RAYp,F2FyR07IdsN7I
0,3955,7,1544,240,300,48,186.64,0,4213728,0,4.485366,18,96,119,3814520,0,26569.86,10,2,16,184,83736.4,1755,66,49509,0,3239960,627112,215,0,18,0,9179920,34,475182,0,0,HYTvyx7ejg,RO12,taul,1K8T,X9_k,ckoxY95,_UtlxbJ,Rr4M,9_Y1,qaiO,VpdQ,sYC_,me75fM6ugJ,kIsH,uKAI,L84s,NhsEn4L,kq0aHkC,zKhu,cJvF,FzaX,cXsjB1v,oslk,qWjjxQb,LM8l689qOp,szEZ,RAYp,F2FyR07IdsN7I
0,2345,7,24868,356,445,144,137.68,0,498876,0,4.215766,9,118,84,928856,0,23505.03,15,32,128,88,72655.6,1205,84,62838,0,934895,205554,2415,0,9,270648,2563708,54,836016,0,0,uglr4RP4GL,RO12,taul,1K8T,lK27,iJzviRg,LJF4fPp,3vOP,9_Y1,z5Ry,VpdQ,hAFG,7M47J5GA0pTYIFxg5uy,kIsH,g5HH,L84s,4kVnq_T26xq1p,pMW8WKP,lVRV,UYBR,FzaX,ch2oGfM,zCkv,P6pu4Vl,jySVZNlOJy,FSa2,ZI9m,R4y5gQQWY8OodqDV
0,1295,14,600,52,65,8,116.4,0,4224264,0,2.000854,18,88,7,1506808,3,89159.09,5,2,16,16,184578,385,24,5805,8,4597170,953814,2445,0,18,2315187,10067480,8,891912,0,0,eOQt0GoOh3,RO12,taul,1K8T,TyGl,vQ_JaGu,6UEVDe9,gogv,9_Y1,rGJy,VpdQ,IYzP,me75fM6ugJ,kIsH,uKAI,L84s,NhsEn4L,mAjbk_S,LKBP,UYBR,FzaX,i9JuX8Z,oslk,MRPKMwm,jySVZNlOJy,Qu4f,RAYp,F2FyR07IdsN7I
0,5194,14,144,372,465,112,220.08,0,5005560,0,0.385815,36,94,49,1865056,0,37201.2,75,8,96,72,196964.4,1045,132,24732,0,4211660,365648,955,0,18,1032738,10640240,58,510516,0,0,NESt0G8EIb,LrdVolaSGUfkVeWC,taul,1K8T,lK27,RPKu5tB,lhQHnI5,lbjH,9_Y1,k13i,VpdQ,hAFG,me75fM6ugJ,kIsH,uKAI,L84s,XfqtO3UdzaXh_,OFq9NeO,3sEL,UYBR,FzaX,WdP1WU5,oslk,05j67Xw,LM8l689qOp,fKCe,RAYp,R4y5gQQWY8OodqDV
0,1036,7,64,184,230,32,200,0,0,0,5.735313,9,36,35,127088,0,5909.31,0,0,24,104,-2038732,430,0,11169,0,305745,48086,130,0,0,9863,404312,58,0,0,0,yIjq9aX0Db,RO12,taul,1K8T,487l,AAScNhj,wLOHP_YhcL,5n5e,9_Y1,Y9Bl,VpdQ,IYzP,me75fM6ugJ,kIsH,uKAI,L84s,NhsEn4L,mAjbk_S,ae6W,UYBR,FzaX,CjQAfvB,oslk,JaZwBif,LM8l689qOp,uWr3,RAYp,F2FyR07IdsN7I
0,3367,7,136,332,415,240,166.56,0,6396,0,3.080539,9,56,0,174104,0,3900.87,5,8,104,152,-43649.6,1150,6,47718,0,203275,43660,1745,0,0,19712,350380,56,13344,0,0,0vimfo8zhV,RO12,taul,1K8T,JLbT,X2G4NDc,Phy0jbn,uZyj,9_Y1,6Kw9,VpdQ,IYzP,me75fM6ugJ,kIsH,uKAI,L84s,NhsEn4L,mAjbk_S,mXMc,cJvF,FzaX,DiRY_02,oslk,HiG2C8o,LM8l689qOp,3Cy4,RAYp,F2FyR07IdsN7I
0,952,7,9788,144,180,0,221.36,5,9544380,9,3.904721,18,124,280,1504816,0,188319.3,35,0,56,40,154812.8,525,114,99522,16,1545125,0,2570,0,27,0,10612800,10,0,0,0,v0Nt0Go8Lb,AERks4l,taul,1K8T,qiF0,O5sY4Me,jXIs0KG,gqB4,9_Y1,rGJy,VpdQ,hzlB,DHn_WUyBhW_whjA88g9bvA64_,sBgB,uKAI,L84s,CrNX,AuSBTw7,5mMR,UYBR,FzaX,Jpt0iK5,d0EEeJi,RkjPxVr,LM8l689qOp,Qu4f,nIGXDli,ib5G6X1eUxUn6
0,1491,28,7964,228,285,72,220.08,0,6459180,0,4.565691,45,154,140,1380784,0,36439.8,15,6,40,24,94109.6,980,96,2052,0,2722360,726208,1450,0,27,367339,10547760,46,1555200,0,0,uGLq9ayE15,2Knk1KF,LfvqpCtLOY,1K8T,z32l,creaF5r,hCdK,h7KG,9_Y1,QBpP,VpdQ,hAFG,me75fM6ugJ,kIsH,uKAI,L84s,XfqtO3UdzaXh_,XTbPUYD,Augw,UYBR,FzaX,PhzfR8o,oslk,JEtAgOW,jySVZNlOJy,7P5s,RAYp,TCU50_Yjmm6GIBZ0lL_
0,560,7,136,236,295,136,166.56,0,0,0,1.552446,9,128,28,924832,0,12784.89,0,14,48,64,296958.4,680,0,3474,0,1545985,494058,2680,0,9,116886,3200052,54,769098,0,0,MlYvyx875g,2Knk1KF,taul,1K8T,0Xwj,fhk21Ss,_03xtaMIkk68B,952t,HLqf,MBhA,VpdQ,hAFG,7M47J5GA0pTYIFxg5uy,sBgB,uKAI,L84s,Ie_5MZs,teAjUwW,j6nf,UYBR,FzaX,4UxGlow,zCkv,catzS2D,LM8l689qOp,WqMG,ZI9m,Zy3gnGM
0,686,21,11132,148,185,32,220.08,0,1735632,0,0.3665883,27,168,28,5529600,0,193250.4,0,0,32,64,180920.4,530,42,28116,0,7268250,347316,240,0,36,0,10431120,36,0,0,0,uUdt0G8EIb,2Knk1KF,taul,1K8T,EPHy,GQpnfva,Vxueejji0f,Ztar,9_Y1,e7QV,09_Q,hAFG,me75fM6ugJ,kIsH,uKAI,L84s,XfqtO3UdzaXh_,XTbIt4R,fL6b,UYBR,FzaX,hP08jNM,oslk,AgvqCcD,LM8l689qOp,fKCe,RAYp,TCU50_Yjmm6GIBZ0lL_
0,875,7,5484,52,65,24,186.64,0,3918396,0,4.961547,9,124,42,1229384,0,172782.3,5,0,16,24,-37539.72,405,24,44289,0,2203990,1526420,595,0,27,0,8920120,4,0,0,0,JMGq9aXt5a,2Knk1KF,taul,1K8T,L80O,ryQJDqx,V6XUlxabJ4VaD,zmSx,9_Y1,6TCl,VpdQ,lVqb,me75fM6ugJ,kIsH,uKAI,L84s,XfqtO3UdzaXh_,11pm6dL,e5CZ,cJvF,FzaX,tCbv48t,oslk,Exf7DIf,LM8l689qOp,uWr3,RAYp,55YFVY9
0,770,7,2348,124,155,0,220.08,0,6220800,0,1.564409,18,162,28,2764800,0,233480.4,20,0,32,32,134384.4,485,72,92241,0,4632595,0,1810,0,18,0,10618080,22,0,0,0,FAJWq69cTy,2Knk1KF,taul,1K8T,0Xwj,ka_5wbm,daiGnRstPa,eKTQ,F3hy,Px52,09_Q,sYC_,me75fM6ugJ,kIsH,uKAI,L84s,NhsEn4L,teAyFc5,JEC4,UYBR,FzaX,KA38iqZ,oslk,m1Bz4Af,LM8l689qOp,PM2D,RAYp,TCU50_Yjmm6GIBZ0lL_
0,161,0,0,132,165,40,326.56,0,3537324,0,5.792566,9,16,0,2231976,0,162928.2,30,0,24,48,828516,355,60,0,0,1108670,352186,0,0,9,133532,5765440,12,0,0,0,1GdOj1KXzC,RO12,taul,1K8T,X94c,60saF5r,etM739XNb0Rf0,Xiex,9_Y1,vYXv,VpdQ,zm5i,me75fM6ugJ,kIsH,uKAI,L84s,NhsEn4L,kZJtVhC,6Npy,UYBR,FzaX,nJQfR8o,oslk,4lYAgOW,LM8l689qOp,kwS7,RAYp,F2FyR07IdsN7I
0,1589,7,740,208,260,224,193.28,0,0,0,4.802392,9,54,0,788672,0,25381.89,0,18,64,48,-1557996,840,0,4221,0,908595,469094,175,0,9,402591,2430948,18,557322,0,0,v0Nt0Go8Lb,RO12,taul,1K8T,wGW5,iJzviRg,II0S8f9,FdRk,9_Y1,C7DI,VpdQ,haYg,7M47J5GA0pTYIFxg5uy,kIsH,uKAI,Mtgm,oOT00mkwDoEFW,CWNyMIO,ZSG3,cJvF,FzaX,ch2oGfM,zCkv,P6pu4Vl,LM8l689qOp,Qu4f,ZI9m,R4y5gQQWY8OodqDV
0,266,0,0,148,185,64,320.4,0,2532396,0,1.656911,9,24,0,1980312,0,67973.7,20,6,40,32,205299.2,960,48,0,0,3182915,1049010,0,0,9,554414,9233440,20,1425642,0,0,py5gUH7ejg,RO12,taul,1K8T,JLbT,LG0vbUP,LJsg,zmYq,9_Y1,bJXB,VpdQ,zm5i,me75fM6ugJ,kIsH,uKAI,L84s,NhsEn4L,kZJtVhC,FJ5pH94,cJvF,FzaX,sE0uLpj,oslk,G9maF5M,LM8l689qOp,w_Ub,RAYp,F2FyR07IdsN7I
0,539,7,256,44,55,56,166.56,0,0,0,2.204443,9,40,42,0,0,4536.75,0,4,16,0,5576.56,220,0,60777,0,4705,10658,875,0,0,9058,41676,4,24894,0,0,xearjIX0Db,RO12,taul,1K8T,lK27,pKHsKl9,IoHY5y1IUI,MB3D,9_Y1,xQ2A,09_Q,IYzP,me75fM6ugJ,kIsH,uKAI,L84s,NhsEn4L,mAjbk_S,gvA6,UYBR,OFWH,8Qv6hzI,oslk,2O2Rt2K,LM8l689qOp,5Acm,RAYp,F2FyR07IdsN7I
0,371,7,196,96,120,64,166.56,0,3081738,0,5.082034,9,40,35,0,0,106883.4,15,0,0,0,131888.8,370,36,1188,0,1153015,467346,200,0,9,0,4894240,14,0,0,0,JMGrjIXt5a,RO12,taul,1K8T,vsvk,wrRyYfr,_jTP8ioIlJ,_PFP,9_Y1,nr0d,VpdQ,43pnToF,me75fM6ugJ,kIsH,uKAI,L84s,NhsEn4L,mAjbk_S,NUBC,cJvF,FzaX,dNsOjel,oslk,IIoOTZB,LM8l689qOp,5Acm,RAYp,F2FyR07IdsN7I
0,812,7,128,176,220,48,220.08,0,2933754,0,3.31254,9,36,105,4147200,0,177623.4,5,4,32,48,144025.2,825,60,288360,0,6028500,416904,1895,0,9,459830,10536200,38,912540,0,0,DHerjIKQ76,RO12,taul,1K8T,kNzO,LJSqkpJ,LIH3TPf,xRBh,9_Y1,7WNq,09_Q,zm5i,me75fM6ugJ,kIsH,uKAI,L84s,NhsEn4L,kZJtVhC,V0Vw,cJvF,FzaX,5LLYjZW,oslk,4IrA9vx,LM8l689qOp,WqMG,RAYp,F2FyR07IdsN7I
0,112,0,52,12,15,0,220.08,0,0,0,1.613758,9,32,0,0,0,75345,0,0,0,0,-69.2984,175,0,2376,0,36870,0,0,0,9,0,29496,6,0,0,0,MlYvyx875g,RO12,taul,1K8T,Guv5,PyebXKa,IG_G867,yr9u,9_Y1,MBhA,VpdQ,zm5i,me75fM6ugJ,kIsH,uKAI,L84s,NhsEn4L,kZJtVhC,QORN,UYBR,FzaX,ZS8OtFs,oslk,e2t7A2G,LM8l689qOp,WqMG,RAYp,F2FyR07IdsN7I
0,63,0,0,96,120,48,403.2,0,630564,0,0.4279,9,12,0,1004344,3,85815,10,6,24,32,-1127204,120,18,0,16,882940,235148,0,0,0,574602,2746080,12,128184,0,7,HAoOj1KXzC,RO12,taul,1K8T,ssAy,8NKFFda,9YuYZx0Xsm,Yj7V,9_Y1,jdbz,VpdQ,IYzP,me75fM6ugJ,kIsH,uKAI,L84s,NhsEn4L,kZJtVhC,ulYD,cJvF,FzaX,zWA88FJ,oslk,Ggf2C8o,LM8l689qOp,kwS7,RAYp,F2FyR07IdsN7I
0,476,0,0,140,175,8,186.64,0,9849600,0,4.613117,9,24,0,7928,0,210683.4,35,4,32,40,212039.6,545,114,0,0,142975,172800,0,0,9,604800,10042800,2,1036800,0,0,IXSgUHShse,RO12,taul,1K8T,AHgj,0tvQgIh,TbQyCeZ21flwy,9Vmd,9_Y1,RVjC,VpdQ,IYzP,me75fM6ugJ,kIsH,uKAI,L84s,NhsEn4L,NGZxnJM,OtII,UYBR,FzaX,EPIs6v_,oslk,XtGtFwR,jySVZNlOJy,FSa2,RAYp,F2FyR07IdsN7I
0,2170,21,2124,128,160,8,317.2,0,3671730,0,3.377911,27,130,84,4838400,0,66274.8,10,0,32,56,178357.6,510,48,36657,0,6048000,54386,485,0,27,0,10465920,28,0,0,0,_v2vyx7IEC,2Knk1KF,I9xt3GBDKUbd8,1K8T,FgS1,fhk21Ss,jXIs0KG,Ef1y,9_Y1,RcM7,VpdQ,haYg,7M47J5GA0pTYIFxg5uy,kIsH,uKAI,L84s,E1aAZ0x7vd,XTbJ4br,A1VJ,UYBR,FzaX,4UxGlow,QKW8DRm,catzS2D,LM8l689qOp,szEZ,ZI9m,ib5G6X1eUxUn6
0,420,0,0,144,180,8,322.88,0,7625160,0,3.50267,18,24,0,1261592,0,212988.9,35,6,40,16,180096,520,96,0,0,2491960,172800,0,0,9,604800,10670080,14,560352,0,0,vAsTmBfHUn,RO12,lSbpiq1,1K8T,ssAy,0v2rDRY,Gai9lEF2Fr,r5N4,9_Y1,Gx0B,09_Q,zm5i,me75fM6ugJ,kIsH,uKAI,L84s,NhsEn4L,kZJtVhC,R1SU,cJvF,FzaX,0AJvEWW,oslk,6qfAKIt,LM8l689qOp,Qu4f,RAYp,F2FyR07IdsN7I
0,161,0,0,132,165,16,266.4,0,7142460,0,2.668233,9,16,0,1382400,0,225804.3,35,0,32,16,158298,440,84,0,0,3077885,80608,0,0,9,604800,10495600,16,0,0,0,HrWq9aXt5a,RO12,taul,1K8T,TLkP,r6cvJst,Cy0RhGn,2OQB,9_Y1,Y9Bl,VpdQ,zm5i,me75fM6ugJ,kIsH,uKAI,Mtgm,NhsEn4L,7WwOAni,IyLs,UYBR,FzaX,hmNvdH_,oslk,SvLqjwa,LM8l689qOp,uWr3,RAYp,F2FyR07IdsN7I
0,1288,7,476,204,255,168,321.28,0,2071914,0,3.207221,9,66,7,237960,9,34405.8,5,12,56,72,-145120.8,925,30,23913,32,198245,252270,535,0,0,121233,2695108,18,279174,0,7,1GdOj17ejg,RO12,taul,1K8T,aD1X,GRlgCVv,EG2hH7KmXr,q5jj,9_Y1,iVbl,09_Q,IYzP,me75fM6ugJ,kIsH,uKAI,L84s,NhsEn4L,TDceha3,maNR,cJvF,FzaX,9wyOVQC,oslk,EiGEVJ2,LM8l689qOp,7aLG,RAYp,F2FyR07IdsN7I
0,1729,28,1732,676,845,720,133.12,0,16668,0,6.265969,45,42,84,437064,0,5326.68,0,26,160,152,72288.4,2345,24,14679,0,505175,324866,1590,0,0,95648,1374544,86,136542,0,0,NESt0G8EIb,RO12,taul,1K8T,wOc1,qEdASpP,WN2wUb0T0UKRa,tGn4,9_Y1,k13i,09_Q,IYzP,me75fM6ugJ,kIsH,uKAI,L84s,NhsEn4L,TDcECyH,Dezi,cJvF,FzaX,0AJo2f2,oslk,2Kb5FSF,LM8l689qOp,fKCe,RAYp,F2FyR07IdsN7I
0,938,7,56,132,165,56,288.24,0,3312366,0,3.032685,9,54,0,2534536,0,67565.41,10,4,32,32,98113.6,500,42,387,0,4206455,875690,35,0,18,1108856,9859360,22,950448,0,0,8I1r4RXXnK,RO12,taul,1K8T,ZNsX,_gMXOhW,_jTP8ioIlJ,20jN,9_Y1,ZKJc,VpdQ,IYzP,me75fM6ugJ,kIsH,uKAI,L84s,NhsEn4L,mAjbk_S,KOAz,cJvF,FzaX,r5hYlW4,oslk,CWizrB7,LM8l689qOp,7FJQ,RAYp,F2FyR07IdsN7I
0,686,7,76,120,150,0,220.08,0,7257600,0,1.762017,9,34,28,1911688,0,215850.9,20,0,24,24,433780,505,84,2583,0,3888000,0,175,0,9,604800,10287040,18,0,0,0,DQlrEyXXnK,e6CkoqApVR,taul,1K8T,LLPZ,0Vr7wZ4,MV4DUjA,IQ1J,9_Y1,SkZj,VpdQ,zm5i,Kxdu,kIsH,uKAI,L84s,FMSzZ91zL2,mAjj1AH,JuYI,cJvF,FzaX,XbZitea,zCkv,DHPNgqU,LM8l689qOp,Aoh3,6fzt,F2FcTt7IdMT_v
0,1428,14,1532,144,180,16,166.56,0,0,0,6.198248,18,134,28,364656,0,26390.43,0,0,8,96,72817.6,900,0,31833,0,791675,23010,1515,0,9,0,861688,44,0,0,0,xOXr4RXktW,2Knk1KF,taul,1K8T,ZNsX,_gMXOhW,N4xbMThNdK,zs8x,9_Y1,ZKJc,VpdQ,hAFG,me75fM6ugJ,kIsH,uKAI,L84s,XfqtO3UdzaXh_,XTbPUYD,a_LO,UYBR,AU8pNoi,r5hYlW4,oslk,CWizrB7,LM8l689qOp,7FJQ,RAYp,55YFVY9
0,2968,7,5540,416,520,128,220.08,0,246204,0,6.944883,9,128,210,248616,0,8980.051,105,20,104,56,-1249300,2165,192,35082,0,189060,43980,2685,0,36,116368,673520,36,78714,0,0,1GdOj17ejg,2Knk1KF,taul,1K8T,0Xwj,GRlgCVv,nQUq7hGe64,TSp6,HLqf,iVbl,09_Q,hAFG,me75fM6ugJ,sBgB,uKAI,L84s,XfqtO3UdzaXh_,XTbPUYD,iERa,UYBR,FzaX,9wyOVQC,oslk,EiGEVJ2,LM8l689qOp,7aLG,RAYp,55YFVY9
0,70,0,0,40,50,16,279.68,15,1748724,0,0.2038026,9,16,0,1240840,0,278641.2,5,0,8,8,509624,205,30,0,24,42005,1462018,0,0,9,0,7163080,2,0,0,0,LDPq9ayfAo,RO12,taul,1K8T,lK27,JZmRiq8,BbEGnRftP8,A0mG,9_Y1,kJJ7,sJzTlal,zm5i,me75fM6ugJ,kIsH,uKAI,Mtgm,NhsEn4L,7WwuNea,He4R,UYBR,FzaX,tS19OJS,oslk,unpQ3DB,LM8l689qOp,7P5s,RAYp,F2FyR07IdsN7I
0,777,7,140,144,180,80,190,0,2156796,0,6.060244,9,60,0,2073600,0,215496,5,8,32,24,57842,575,30,27153,0,4093145,1406948,360,0,0,0,10223960,26,1972938,0,0,a4vrEy7Rm6,RO12,taul,1K8T,YFAj,fVhn1fB,_03xtaMIkZsn1,CPOK,9_Y1,H9GL,VpdQ,IYzP,me75fM6ugJ,kIsH,uKAI,L84s,NhsEn4L,NGZXfGp,JFrN,cJvF,FzaX,A7V8iqZ,oslk,C7Jqqb8,jySVZNlOJy,Aoh3,RAYp,F2FyR07IdsN7I
0,833,7,900,464,580,176,328.4,10,7682100,0,5.00235,9,30,203,658040,0,133942.5,45,4,152,136,-133836,1000,186,18180,16,1135605,82084,560,0,0,190568,8665960,70,115260,0,0,NESWq69R_D,RO12,taul,1K8T,0Xwj,JgGZJjN,17VONbZnAuZ90atz,nsSD,HLqf,_xpN,VpdQ,IYzP,me75fM6ugJ,sBgB,uKAI,L84s,NhsEn4L,cUQdHad,h1GE,UYBR,FzaX,WZAR98m,oslk,_Yxzv5f,LM8l689qOp,FSa2,RAYp,F2FyR07IdsN7I
0,742,7,5176,88,110,56,220.08,10,336468,0,5.404828,9,128,77,1382400,12,222125.7,0,4,16,16,430064,445,12,15642,48,3508780,947378,2680,0,18,1209600,6308480,18,1036800,0,0,E3dr4RQxul,2Knk1KF,taul,1K8T,ChAX,tNnWK_I,ueqkVhP,vVrQ,9_Y1,z5Ry,VpdQ,sYC_,me75fM6ugJ,kIsH,uKAI,L84s,NhsEn4L,beK4AFX,4pYq,UYBR,FzaX,9ql1rOn,oslk,mnvYAUb,LM8l689qOp,FSa2,RAYp,55YFVY9
0,833,7,2788,240,300,112,328.96,0,0,9,3.510361,18,110,140,76568,9,8040.93,0,4,48,128,14092.84,635,0,51561,48,254735,35494,145,0,0,3640,344268,56,46812,0,14,kMJt0GoOh3,2Knk1KF,taul,1K8T,ffXs,THR1bVq,jgyr5WV,tr99,9_Y1,rGJy,VpdQ,sYC_,me75fM6ugJ,kIsH,uKAI,L84s,NhsEn4L,kq0aHkC,NZQT,UYBR,FzaX,gmDv4zN,oslk,UrzRkup,LM8l689qOp,Qu4f,RAYp,55YFVY9
0,6958,7,4,1084,1355,432,286.96,0,4149606,0,4.321299,9,36,7,4037592,0,24221.1,175,36,120,264,119933.6,4855,444,459,0,4421655,504842,15,0,9,508074,10339160,114,335688,0,0,oyGrjIXt5a,RO12,taul,1K8T,lK27,2LUe_ev,IoHCTe99VL,Y7X1,9_Y1,xQ2A,09_Q,wMei,me75fM6ugJ,kIsH,uKAI,L84s,NhsEn4L,7WwwAA_,gvA6,UYBR,FzaX,KVXR98m,oslk,EHC0WQG,LM8l689qOp,5Acm,RAYp,F2FyR07IdsN7I
0,770,0,0,128,160,168,186.64,0,1185144,0,0.4601581,9,50,0,1047744,0,225135.3,0,12,32,16,126462,550,18,918,0,0,3600020,0,0,0,1814400,10587600,0,3110400,0,0,dukmfo8zhV,RO12,taul,1K8T,ssAy,jfPGUL5,77iJmpaB0e,X641,9_Y1,_48V,09_Q,IYzP,me75fM6ugJ,kIsH,uKAI,Mtgm,NhsEn4L,TDcECyH,sgM3,UYBR,qxDb,dbpDBnE,oslk,H_MRmrT,M_8D,3Cy4,RAYp,F2FyR07IdsN7I
0,665,7,72,112,140,144,307.6,0,51954,0,1.637898,9,100,21,0,0,7467.75,15,8,32,0,-37629,565,18,3825,0,0,102176,80,0,9,18032,314420,0,66018,0,0,1JGTmBQZiT,RO12,taul,1K8T,0Xwj,1nw8HPr,ELRUn57,IWfE,F3hy,TjV7,VpdQ,IYzP,me75fM6ugJ,kIsH,uKAI,L84s,NhsEn4L,beK4AFX,pnKl,UYBR,FzaX,lbrmS85,oslk,_szAaaM,LM8l689qOp,FSa2,RAYp,F2FyR07IdsN7I
0,952,0,120,312,390,224,133.12,0,1116,0,1.245888,9,48,28,143976,0,2636.163,0,10,96,208,-43956.8,825,6,0,0,40120,38712,0,0,0,29043,204416,36,33246,0,0,_v2vyx7IEC,RO12,taul,1K8T,7wJ6,6CXYbuk,FoJylxy,waip,9_Y1,qaiO,VpdQ,IYzP,Kxdu,kIsH,uKAI,L84s,9pUnzWLbztKTo,TDc92TK,a6y6,cJvF,FzaX,ROeipLp,zCkv,K2SqEo9,LM8l689qOp,szEZ,6fzt,am14IcfM7tWLrUmRT52KtA
0,903,7,184,128,160,16,371.84,0,10123320,0,2.933775,9,78,0,0,0,209853,35,4,32,0,162690.4,580,120,171,0,84885,345600,270,0,9,0,10667600,2,1036800,0,0,75lr4RXktW,RO12,taul,1K8T,uErj,Q9R7qwL,ClmZrnP5Bx,F4f_,9_Y1,Albh,VpdQ,IYzP,me75fM6ugJ,kIsH,uKAI,L84s,NhsEn4L,mAjbk_S,4CcN,cJvF,FzaX,Zc06pd1,oslk,SiXzrB7,LM8l689qOp,Xa3G,RAYp,F2FyR07IdsN7I
0,1246,7,760,844,1055,320,167.68,0,69036,0,0.882931,18,54,378,102800,0,3734.97,70,54,232,312,931.284,1285,126,810,0,131115,146536,350,0,9,34482,622212,140,137814,0,0,2jigUH7ejg,RO12,taul,1K8T,kNzO,wXmANjt,AnFl2Mwxzd,TLPs,9_Y1,DmlN,VpdQ,IYzP,me75fM6ugJ,kIsH,uKAI,L84s,NhsEn4L,mAjbk_S,Vxd2GMx,cJvF,FzaX,ClzmFX7,oslk,PCW5Ui8,LM8l689qOp,w_Ub,RAYp,F2FyR07IdsN7I
0,2296,14,468,172,215,64,387.28,0,3520416,0,5.332407,27,74,0,909920,0,25681.41,25,4,40,16,95538.8,1405,54,12195,0,4383715,960366,130,0,18,191380,10545680,34,1036800,0,0,JMGq9aXt5a,RO12,taul,1K8T,TLkP,r6ox19i,5q1hF23,d9gL,9_Y1,Y9Bl,09_Q,hzlB,me75fM6ugJ,kIsH,uKAI,L84s,XfqtO3UdzaXh_,11p4mKe,GA8J,cJvF,FzaX,xlbvdH_,oslk,LsfEVaf,LM8l689qOp,uWr3,RAYp,F2FyR07IdsN7I
0,777,7,72,128,160,0,220.08,0,1374,0,6.016236,9,60,14,2267280,0,98515.5,0,4,32,64,-1101984,490,6,16650,0,4134510,0,200,0,9,772702,4648800,42,309960,0,0,vAsgUHXM47,RO12,taul,1K8T,rXTS,WKSYEWi,J3fgbi2,5EA0,9_Y1,8BBI,VpdQ,sYC_,me75fM6ugJ,kIsH,uKAI,Mtgm,NhsEn4L,kq0n8Bj,K7cu,UYBR,FzaX,gfMmfvd,oslk,GPSMujD,LM8l689qOp,453m,RAYp,F2FyR07IdsN7I
0,2121,7,1924,344,430,312,133.12,0,16410,0,0.5148472,9,152,14,185664,0,3633.87,0,8,56,160,-229313.6,1125,18,51057,0,115405,80080,670,0,9,26138,377212,40,31434,0,0,g5dmfo875g,2Knk1KF,taul,1K8T,QQSE,INosKl9,J3fgbi2,Nrga,9_Y1,wGwL,VpdQ,haYg,me75fM6ugJ,kIsH,uKAI,L84s,XfqtO3UdzaXh_,XTbPUYD,z0PW,cJvF,FzaX,7XC6hzI,oslk,wH3Rt2K,LM8l689qOp,wX53,RAYp,55YFVY9
0,1092,0,28,432,540,184,166.56,0,188298,0,2.596881,9,114,0,1574344,0,19639.29,0,8,96,168,530380,1465,36,1773,0,2451335,340216,0,0,18,939813,3870172,108,473952,0,0,1PnZptzip9,2Knk1KF,taul,1K8T,TyGl,15Ol91c,V_KvNzO,ckri,9_Y1,t_4G,VpdQ,69fI,me75fM6ugJ,kIsH,uKAI,L84s,XfqtO3UdzaXh_,11p4mKe,0zYH,UYBR,AU8_WTd,3PrRoKG,oslk,8dbaXbj,jySVZNlOJy,Qu4f,RAYp,55YFVY9
0,4130,21,532,152,190,56,220.08,0,3313278,0,1.671865,36,112,21,1497920,0,32093.1,30,2,40,48,179996.8,555,48,16281,0,3849585,915734,2140,0,27,0,10119600,20,265578,0,0,wRXmfo875g,2Knk1KF,taul,1K8T,0Xwj,25Ax0bI,ELRUn57,p_Pq,HLqf,Bw19,VpdQ,hAFG,me75fM6ugJ,sBgB,uKAI,L84s,XfqtO3UdzaXh_,11p4mKe,6qVV,cJvF,FzaX,8c868SY,oslk,PQROEra,LM8l689qOp,wX53,RAYp,55YFVY9
0,805,0,0,236,295,152,166.56,0,16398,0,1.685751,18,28,0,162976,0,6108.51,15,14,56,56,42918.4,890,12,0,0,202360,69272,0,0,0,74872,477688,42,106254,0,0,8I1TmBtueT,RO12,taul,1K8T,487l,qJShE4b,_03xtaMIkk68B,CBcu,9_Y1,C6Eu,VpdQ,IYzP,me75fM6ugJ,kIsH,uKAI,L84s,NhsEn4L,uZL60aU,Z7tT,cJvF,FzaX,Y2CKu_a,oslk,aIqdPAm,LM8l689qOp,rgKb,RAYp,F2FyR07IdsN7I
0,679,14,2256,108,135,96,233.44,0,4665600,0,4.51912,18,192,0,0,0,190860.3,20,2,16,0,468444,445,54,56214,0,72535,2073600,65,0,18,0,9043640,2,518400,0,0,2jirEyXktW,2Knk1KF,taul,1K8T,487l,fhk21Ss,8swKSTF,oE7S,9_Y1,H1uM,VpdQ,y6dw,7M47J5GA0pTYIFxg5uy,kIsH,uKAI,L84s,hFuvTXnQzBljb,y5FS9RD,8v2e,cJvF,FzaX,4UxGlow,zCkv,catzS2D,jySVZNlOJy,Aoh3,ZI9m,b9qbUNk0dML_Mvi2
0,784,7,16,152,190,32,153.2,0,6380760,0,3.846187,9,50,0,2649704,0,228835.8,15,4,40,32,-28405.84,475,78,4428,0,2945700,528888,45,0,0,0,10351440,24,994818,0,0,S8dr4RQxul,RO12,taul,1K8T,rXTS,WI7JJYr,wD13J6M,C9An,9_Y1,z5Ry,VpdQ,IYzP,me75fM6ugJ,kIsH,uKAI,L84s,NhsEn4L,TDcECyH,uw6m,UYBR,FzaX,aRuY_02,oslk,N8wTzYj,LM8l689qOp,FSa2,RAYp,F2FyR07IdsN7I
0,770,14,460,28,35,0,230.56,0,7382520,0,4.548814,18,84,294,1957232,0,238801.5,5,0,8,8,385402,305,18,38889,0,1782675,0,7120,0,18,0,8526480,4,0,0,0,E3dr4RQxul,RO12,taul,1K8T,EJC9,vHHY4q6,dg9I7Wq75U,tddR,9_Y1,z5Ry,09_Q,IYzP,me75fM6ugJ,kIsH,uKAI,Mtgm,NhsEn4L,mAjbk_S,rR2u,UYBR,FzaX,R4hm94s,oslk,oSyMpgG,LM8l689qOp,FSa2,RAYp,F2FyR07IdsN7I
0,819,0,0,128,160,16,186.64,0,3530220,0,3.461013,18,178,0,3456000,0,185401.5,15,0,32,40,210230.4,525,54,1530,0,5082250,345178,0,0,36,0,9904040,26,0,0,0,1YVvyx7IEC,2Knk1KF,taul,1K8T,FgS1,fhk21Ss,yEFIHeU,GjtT,9_Y1,RcM7,VpdQ,y6dw,7M47J5GA0pTYIFxg5uy,kIsH,uKAI,L84s,H4p93_uThXwSG,OFq1JJC,Hycq,cJvF,FzaX,4UxGlow,Al6ZaUT,catzS2D,jySVZNlOJy,szEZ,ZI9m,iyHGyLCEkQ
0,994,14,45764,212,265,48,253.52,0,4484466,0,2.42555,36,116,462,2668912,0,157730.4,30,0,48,40,21091.72,710,60,5274,0,2829835,901306,2065,0,18,0,10021800,52,0,0,0,_v2TmBftjz,2Knk1KF,taul,1K8T,ujBx,65yJUS7,n2YfB05aPZ,oZSJ,9_Y1,4N0K,09_Q,sYC_,me75fM6ugJ,kIsH,uKAI,L84s,NhsEn4L,teAyFc5,t1BD,cJvF,FzaX,qcEvOIl,oslk,INp7j0h,M_8D,Qu4f,RAYp,55YFVY9
0,1428,7,4436,328,410,248,166.56,0,895848,0,6.469985,9,178,252,1568304,0,38173.8,20,14,64,104,-383878.8,1070,126,6237,0,423170,518666,395,0,36,1008378,3137832,12,488634,0,0,puvq9aX0Db,RO12,taul,1K8T,TLkP,fhk21Ss,LH076SiAyW,Mn2e,9_Y1,6TCl,09_Q,hAFG,7M47J5GA0pTYIFxg5uy,kIsH,uKAI,L84s,XfqtO3UdzaXh_,_JdH8mF,fVLJ,cJvF,FzaX,4UxGlow,oslk,catzS2D,LM8l689qOp,uWr3,ZI9m,iyHGyLCEkQ
0,350,0,0,164,205,64,176.56,0,0,0,1.560991,9,20,0,4784,0,39954.9,0,26,8,56,283671.6,785,0,0,0,151005,5466,0,0,9,0,198688,26,96840,0,0,dRarjIK12c,RO12,taul,1K8T,Guv5,miuXVr0,pS4BYwM,jhq_,9_Y1,7WNq,09_Q,zm5i,me75fM6ugJ,kIsH,uKAI,L84s,NhsEn4L,mAja5EA,Th_y,cJvF,qxDb,bYAYWu3,oslk,hT0zF_Q,LM8l689qOp,WqMG,RAYp,F2FyR07IdsN7I
0,3626,14,580,276,345,88,166.56,0,654,0,3.583636,18,86,119,958336,0,28137.66,20,26,216,248,82927.2,1090,6,126,0,817715,99260,250,0,9,104230,2216452,18,790506,0,0,oBXq9ayfAo,AERks4l,taul,1K8T,42Cy,PHNvXy8,r83_sZi,TQKf,9_Y1,AKLO,VpdQ,sYC_,NKv3VA1BpP,kIsH,uKAI,L84s,I6KzrtUCei,cUQgrpN,o_7n,cJvF,FzaX,UF16siJ,zCkv,APgdzOv,LM8l689qOp,TNEC,6fzt,xwM2aC7IdeMC0
0,945,7,36,132,165,8,186.64,0,6245520,0,4.539628,9,32,28,2081600,0,189814.2,25,0,32,32,55521.6,685,78,2862,0,4320000,73692,1200,0,9,0,10535880,20,0,0,0,tr0rEyXktW,RO12,taul,1K8T,lK27,mgrTFOE,Vxu_jOIy4u,j8N7,9_Y1,SkZj,sJzTlal,wMei,me75fM6ugJ,kIsH,uKAI,L84s,NhsEn4L,7Ww_Xqy,f0k3,UYBR,FzaX,CBAR2zc,oslk,savgE7h,LM8l689qOp,Aoh3,RAYp,F2FyR07IdsN7I
0,721,7,2792,120,150,16,256.88,10,7113780,0,3.201239,9,140,231,1382400,0,198441.6,20,0,24,16,478556,450,90,9873,16,1981300,111502,1525,0,36,0,8624160,14,0,0,0,qXhrEy7VR2,2Knk1KF,taul,1K8T,0Xwj,PFWtwEE,yiXTc3CbD1,hMby,HLqf,H9GL,VpdQ,wMei,me75fM6ugJ,sBgB,uKAI,L84s,h0lfDKh52u4GP,IoI4mKe,dIH6,cJvF,FzaX,UjG9MDz,oslk,B6Rzgmc,LM8l689qOp,Aoh3,RAYp,55YFVY9
0,1218,7,1116,136,170,16,220.08,0,926268,0,4.180731,9,56,7,310024,0,128493.9,25,6,128,80,-75395.2,525,12,10170,0,1214790,177152,35,0,9,198604,3104780,24,260754,0,0,DHegUHXZeb,RO12,taul,1K8T,h3JW,WIUdTJr,gG7FwVk9Z5,9Hqr,9_Y1,LqKm,VpdQ,Tkho,me75fM6ugJ,kIsH,uKAI,L84s,NhsEn4L,kq0n8Bj,2S0r,UYBR,FzaX,ALC68SY,oslk,9JvQQMs,M_8D,453m,RAYp,F2FyR07IdsN7I
0,210,0,0,144,180,48,309.36,0,4890462,0,2.049562,9,20,0,1754864,0,218672.7,10,6,32,32,169731.6,510,66,0,0,3795560,950424,0,0,9,340291,10659080,20,1425636,0,0,a4v9tYsGvO,RO12,taul,1K8T,TyGl,_ybO0dd,9g4oaYjoL0,4lg8,9_Y1,YULl,VpdQ,zm5i,me75fM6ugJ,kIsH,uKAI,Mtgm,NhsEn4L,7WwOAni,oqVI,UYBR,FzaX,L91KIiz,oslk,CE7uk3u,LM8l689qOp,FSa2,RAYp,F2FyR07IdsN7I
0,119,14,204,388,485,32,213.36,0,672,0,1.919675,18,60,0,98912,0,4797.9,0,6,16,24,-138344.8,1040,6,123435,0,622315,5030,3460,0,0,46746,563676,172,8790,0,0,xddq9ayfAo,RO12,taul,1K8T,z32l,lCpbiah,VaRBpwobN9,JIsO,9_Y1,000J,VpdQ,IYzP,me75fM6ugJ,kIsH,uKAI,L84s,NhsEn4L,mAjbk_S,TvhO,cJvF,FzaX,SppOZ4E,oslk,HDq79_c,LM8l689qOp,7P5s,RAYp,F2FyR07IdsN7I
0,581,7,1000,60,75,40,179.92,0,0,0,5.609485,9,54,42,155240,0,7678.979,0,0,24,40,-1586704,225,0,100476,0,19665,11686,1580,0,18,0,116724,10,0,0,0,4bwt0GoOh3,RO12,taul,1K8T,487l,9GJGgoz,o64y9zI,YnL2,9_Y1,MGOA,VpdQ,TIA9,Kxdu,kIsH,uKAI,Mtgm,FMSzZ91zL2,NGZokw4,wTrd,cJvF,FzaX,Tvpip6Z,zCkv,hHJsvbM,LM8l689qOp,Qu4f,6fzt,SbOd7O8ky1wGNxp0Arj0Xs
0,2478,7,0,324,405,336,166.56,0,822,0,2.049348,9,38,0,125224,3,4716.84,15,14,48,128,-876880,1380,6,198,16,96895,161032,20,0,9,0,525040,24,36438,0,7,2jiWq69cTy,RO12,taul,1K8T,ssAy,GJgPXN0,hCdK,F1zq,9_Y1,0A_v,VpdQ,43pnToF,DHn_WUyBhW_whjA88g9bvA64_,kIsH,uKAI,L84s,CrNX,mAjbq_f,dO2z,cJvF,FzaX,YZ2Waww,d0EEeJi,VhSWony,LM8l689qOp,PM2D,nIGXDli,F2FyR07IdsN7I
0,889,7,1308,140,175,40,293.6,5,4276854,0,5.965178,9,76,7,3168040,0,160146,10,6,40,40,326715.6,560,54,26244,8,4356055,526958,5020,0,18,554407,10559680,22,1428054,0,0,DHeTmBftjz,RO12,taul,1K8T,ujBx,UsKxkyQ,76j2P_OLn0,kRyQ,9_Y1,Gx0B,VpdQ,hzlB,me75fM6ugJ,kIsH,uKAI,L84s,XfqtO3UdzaXh_,11p4mKe,apgs,cJvF,qxDb,OXxv4zN,oslk,VWtE4Qn,jySVZNlOJy,Qu4f,RAYp,F2FyR07IdsN7I
0,1106,14,6664,160,200,88,166.56,0,829032,0,0.101474,27,224,84,13304,0,15342.51,15,6,16,8,-1847664,530,126,45738,0,133700,55048,12125,0,9,80577,1064896,2,183942,0,0,crIgUHSK8h,NRCqczK,CiJDdr4TQ0rGERIS,1K8T,JLbT,fhk21Ss,yEFIHeU,85IW,9_Y1,RVjC,VpdQ,y6dw,7M47J5GA0pTYIFxg5uy,kIsH,uKAI,L84s,MeOIHRG3F9,uZLqGfd,ETNp,UYBR,FzaX,4UxGlow,zCkv,catzS2D,LM8l689qOp,FSa2,ZI9m,NoEd
0,868,7,124,256,320,0,173.2,0,3179292,0,6.74044,9,126,28,3006320,0,154541.7,20,36,80,128,567028,605,66,10818,0,4658100,0,1045,0,9,698348,7936920,30,314976,0,0,voArjIXt5a,2Knk1KF,taul,1K8T,lK27,EXEOT3E,_03xtaMIkk68B,kioH,9_Y1,xQ2A,VpdQ,sYC_,me75fM6ugJ,kIsH,uKAI,L84s,NhsEn4L,_JdS9DQ,rJUQ,cJvF,FzaX,Xqw1rOn,oslk,s20oIp0,jySVZNlOJy,5Acm,RAYp,55YFVY9
0,2002,7,2732,1516,1895,560,220.08,5,4906188,0,2.654775,9,86,21,2580448,3,50726.4,210,112,112,424,37911.72,3065,450,18648,24,2829065,136330,2225,0,18,42637,8727400,166,264576,0,7,ZSNrjIX0Db,RO12,taul,1K8T,IvdZ,8Kc4q6X,RuVy67M,9UJW,9_Y1,WIr3,VpdQ,TIA9,me75fM6ugJ,kIsH,uKAI,L84s,XfqtO3UdzaXh_,kq0IkyT,SsKO,cJvF,FzaX,TZCm94s,oslk,ofmiST9,LM8l689qOp,5Acm,RAYp,F2FyR07IdsN7I
0,819,7,60,160,200,104,166.56,0,91020,0,6.406537,9,30,28,549168,0,34228.2,15,4,48,64,41883.2,545,24,27819,0,547500,223956,1645,0,0,148645,1371688,20,173904,0,0,Qu0TmBQZiT,RO12,taul,1K8T,AHgj,3d6Ybuk,LJF4fPp,2xl_,9_Y1,TjV7,VpdQ,IYzP,me75fM6ugJ,kIsH,uKAI,L84s,NhsEn4L,mAjbk_S,ol_5,UYBR,FzaX,T6w0nTz,oslk,nytT3Cb,jySVZNlOJy,FSa2,RAYp,F2FyR07IdsN7I
0,2436,0,0,4,5,0,186.64,5,0,0,4.922025,9,26,0,0,0,33131.4,0,0,0,0,-226107.6,890,0,0,8,28910,0,0,0,9,0,23128,2,0,0,0,Iskvyx875g,RO12,taul,1K8T,Guv5,PyebXKa,av53Nm4,hpu2,9_Y1,MBhA,VpdQ,zm5i,me75fM6ugJ,kIsH,uKAI,L84s,NhsEn4L,mAjbk_S,j6nf,UYBR,FzaX,ZS8OtFs,oslk,e2t7A2G,jySVZNlOJy,WqMG,RAYp,F2FyR07IdsN7I
0,721,7,27440,124,155,0,286.96,0,0,0,6.040803,9,168,406,5529600,0,197429.7,0,0,32,64,350068,485,0,80109,0,9826050,0,280,0,54,604800,10625640,46,0,0,0,npOt0G8EIb,2Knk1KF,taul,1K8T,wOc1,d1uSYVk,_UtlxbJ,A6xB,9_Y1,k13i,VpdQ,haYg,me75fM6ugJ,kIsH,uKAI,L84s,XfqtO3UdzaXh_,_JdcICD,g2AX,UYBR,AU8_WTd,7Om87dl,oslk,ZXdOTZB,jySVZNlOJy,fKCe,RAYp,TCU50_Yjmm6GIBZ0lL_
0,1589,7,20,436,545,224,166.56,0,76380,0,4.541551,9,46,14,500744,0,8275.5,15,36,152,232,-38156.16,1080,30,1539,0,341505,82280,135,0,9,50022,1093500,52,209688,0,0,npOt0G8EIb,RO12,taul,1K8T,2Ix5,WI71bVq,glRBFJT8NN,6vlu,9_Y1,15m3,VpdQ,kxE9,me75fM6ugJ,kIsH,uKAI,L84s,XfqtO3UdzaXh_,XTbPUYD,zlus,cJvF,FzaX,1Cqv4zN,oslk,lA4Rkup,LM8l689qOp,FSa2,RAYp,F2FyR07IdsN7I
0,518,7,32,128,160,128,255.76,0,3291000,0,5.39372,18,32,7,0,0,211427.4,10,12,32,0,227204.4,470,42,54,0,432000,2634220,60,0,0,0,10572840,2,3110400,0,0,zKnr4RXktW,RO12,taul,1K8T,487l,GOBtJoj,hOpMh7dRpW,zs8x,9_Y1,ZKJc,09_Q,IYzP,me75fM6ugJ,kIsH,uKAI,L84s,NhsEn4L,NGZXfGp,a_LO,UYBR,FzaX,xtRTKvt,oslk,N0GYONy,LM8l689qOp,7FJQ,RAYp,F2FyR07IdsN7I
0,973,14,124,132,165,56,133.12,0,0,0,2.912626,27,50,21,109816,0,8908.74,10,2,16,48,-36343,600,0,1737,0,163775,12674,760,0,0,9177,225156,34,10896,0,0,ZSNrjIX0Db,RO12,taul,1K8T,lK27,T2ennDZ,r83_sZi,Rwd_,9_Y1,m7JR,VpdQ,IYzP,me75fM6ugJ,kIsH,uKAI,L84s,NhsEn4L,TDcECyH,PYpw,cJvF,FzaX,8EdfrxM,oslk,VNj2_Lp,LM8l689qOp,5Acm,RAYp,F2FyR07IdsN7I
0,2499,7,176,140,175,40,285.68,0,5702544,0,5.367229,9,48,0,2534464,0,25209.96,15,4,32,32,344815.6,885,72,18225,0,3564100,636974,445,0,9,554414,10545920,18,601992,0,0,vAsTmBfHUn,RO12,ev6I,1K8T,LFM_,FJDupBg,msIzzNai_Z,5wCW,9_Y1,4N0K,VpdQ,lVqb,7M47J5GA0pTYIFxg5uy,kIsH,uKAI,L84s,E1aAZ0x7vd,CWNz16o,Lk3_,cJvF,OFWH,OYHoGfM,QKW8DRm,RlTh9x_,LM8l689qOp,Qu4f,vJ_w8kB,WfJYmPMksSqa1pajvfG
0,903,14,2736,140,175,152,200,0,0,0,2.339671,18,136,273,247200,0,37975.8,0,12,32,16,-175632.4,440,0,44577,0,22985,169622,1475,0,9,438326,873232,16,588000,0,0,2jirEyXktW,2Knk1KF,taul,1K8T,TyGl,BC27GMk,msIqHk8toE,LAsf,9_Y1,SkZj,VpdQ,hAFG,me75fM6ugJ,kIsH,uKAI,L84s,XfqtO3UdzaXh_,XTbPUYD,kZWN,cJvF,FzaX,md_v66D,oslk,OMyw_BK,LM8l689qOp,Aoh3,RAYp,55YFVY9
0,2086,21,2456,192,240,64,153.2,0,4327974,0,0.9692374,27,62,161,2574720,0,98208,10,6,32,32,271983.6,595,90,2880,0,2556210,1340818,1545,0,9,1043280,10598520,32,1512036,0,0,1KSr4RK2Mx,RO12,taul,1K8T,0Xwj,WI7JJYr,J_sb4dmQwP,o9Dk,F3hy,DtNL,VpdQ,43pnToF,me75fM6ugJ,kIsH,uKAI,L84s,NhsEn4L,TDceha3,1xlq,UYBR,FzaX,aRuY_02,oslk,N8wTzYj,LM8l689qOp,FSa2,RAYp,F2FyR07IdsN7I
0,3451,7,328,252,315,40,288.48,0,6889620,0,0.2343516,18,32,49,3218288,0,25121.58,25,12,112,160,573244,900,84,13275,0,3083465,374200,3640,0,9,73752,10711080,26,75984,0,0,6VLvyx7IEC,RO12,taul,1K8T,hM6W,0IyMY82,k10MzgT,lHTX,9_Y1,RcM7,VpdQ,zm5i,me75fM6ugJ,kIsH,uKAI,L84s,NhsEn4L,kZJyVg2,A1VJ,UYBR,FzaX,kogDFjT,oslk,ZXG0V7y,LM8l689qOp,szEZ,RAYp,F2FyR07IdsN7I
0,805,14,7516,80,100,32,196.64,0,2376150,0,4.189489,18,112,476,1267280,0,25961.25,10,0,16,16,-36023.56,550,30,54594,0,2819340,1622064,11210,0,18,0,8351000,14,0,0,0,C2Dvyx875g,2Knk1KF,taul,1K8T,487l,eQgnKxT,Q50Ydp0,Z4w0,9_Y1,MBhA,09_Q,sYC_,me75fM6ugJ,kIsH,uKAI,L84s,NhsEn4L,teAyFc5,_AeM,UYBR,FzaX,GpvRJ5l,oslk,i06ocsg,LM8l689qOp,WqMG,RAYp,55YFVY9
0,3066,7,800,604,755,448,101.28,0,3918,0,4.283486,9,38,266,7672,0,520.989,0,42,136,184,-9277.44,2045,6,62163,0,50040,18162,275,0,0,1477,89032,100,9342,0,0,dRavyx7ejg,RO12,taul,1K8T,mAW3,9GJGgoz,sLarhXg,AiPZ,9_Y1,f4dr,VpdQ,IYzP,Kxdu,kIsH,uKAI,L84s,FMSzZ91zL2,7WwBUIl,7R7c,UYBR,FzaX,Tvpip6Z,zCkv,hHJsvbM,LM8l689qOp,szEZ,6fzt,SbOd7O8ky1wGNxp0Arj0Xs
0,1897,7,1436,232,290,64,220.48,0,613542,0,2.417646,27,152,203,163632,0,8763.93,25,16,88,80,45994.4,885,138,29709,0,32330,30996,3700,0,9,102557,807728,8,86292,0,0,86ct0Gdncc,onTuEhrJJQy_H3IHkZku5AFczhYGqxJ890,taul,1K8T,NbV4,fqeOwLG,EnAY9Dq,9xzW,9_Y1,cyKH,VpdQ,kxE9,7M47J5GA0pTYIFxg5uy,kIsH,g5HH,L84s,tbewxY_YSo,XTbYhG_,t3be,cJvF,FzaX,fxJmel6,JIiEFBU,WfsWw2A,LM8l689qOp,me1d,ZI9m,iyHGyLCEkQ
0,8288,7,2544,2724,3405,656,200,0,5851464,0,0.602649,18,154,196,2004288,0,19345.26,1595,8,64,1240,57054,7065,336,106245,0,2245725,579316,335,0,18,0,10125240,130,1318512,0,0,MlYvyx875g,rEUOq2QD1qfkRr6qpua,taul,1K8T,yMvB,fhk21Ss,VFlHWjvF92VDZUoi,yr9u,9_Y1,MBhA,09_Q,6JmL,7M47J5GA0pTYIFxg5uy,kIsH,uKAI,L84s,XfqtO3UdzaXh_,XTbPUYD,QORN,UYBR,FzaX,4UxGlow,oslk,catzS2D,jySVZNlOJy,WqMG,ZI9m,ib5G6X1eUxUn6
0,1197,7,4380,236,295,56,173.2,0,1646328,0,2.919675,18,210,112,4028592,0,127972.2,20,4,40,56,-98374.4,940,78,1575,0,6034750,778866,375,0,9,2418836,10318600,52,841956,0,0,zC_Wq6e2Rv,2Knk1KF,CiJDdr4TQ0rGERIS,1K8T,JLbT,fhk21Ss,ARvzJXx,FoZY,9_Y1,_xpN,VpdQ,y6dw,7M47J5GA0pTYIFxg5uy,kIsH,uKAI,L84s,TVE1uh4F_wOi_,LxWSJXE,Rj3Q,UYBR,FzaX,4UxGlow,zCkv,catzS2D,jySVZNlOJy,FSa2,ZI9m,VjDE
0,10542,14,1072,1692,2115,896,240.16,0,3730938,0,3.08417,27,196,119,2782408,0,16424.49,260,74,424,248,65282.4,7635,894,1422,0,4672970,692380,640,0,27,281085,10470400,84,692724,0,0,tr0Wq69cTy,LrdZy8QqgUfkVShG,taul,1K8T,hAOr,fhk21Ss,hOpRIhsUSP,MnG9,9_Y1,Px52,VpdQ,y6dw,7M47J5GA0pTYIFxg5uy,kIsH,uKAI,L84s,_5OXC8MSLt,LxWMvcL,fe7K,UYBR,FzaX,4UxGlow,oslk,catzS2D,jySVZNlOJy,PM2D,ZI9m,ib5G6X1eUxUn6
0,609,7,192,116,145,96,200,0,0,0,1.772698,9,76,21,484408,0,10786.17,5,6,48,56,-28621.44,435,0,2745,0,253025,164712,780,0,18,255745,951404,12,157080,0,0,_v2vyx7IEC,RO12,taul,1K8T,X9_k,kJ1ERUT,ELRUn57,H6tc,9_Y1,qaiO,VpdQ,haYg,7M47J5GA0pTYIFxg5uy,kIsH,uKAI,L84s,leSl,teA09W3,m60t,cJvF,FzaX,MMTJrCp,QKW8DRm,Rkj9jvX,LM8l689qOp,szEZ,vJ_w8kB,WfJ2BB2SFSqauljlfOB
0,273,0,0,588,735,216,485.92,5,3558840,0,6.861782,9,12,0,1994760,0,43107,65,16,120,144,-422056,735,216,0,8,3172060,581154,0,0,0,332514,8449000,90,835044,0,0,gOyq9ayE15,RO12,taul,1K8T,ssAy,2a37BoT,k10MzgT,fUt8,9_Y1,vm5R,VpdQ,IYzP,me75fM6ugJ,kIsH,uKAI,Mtgm,NhsEn4L,kq0dQfu,DRjN,UYBR,FzaX,Zcz6V3V,oslk,MmHzF_Q,LM8l689qOp,7P5s,RAYp,F2FyR07IdsN7I
0,539,0,0,212,265,88,279.44,0,3156006,0,5.088229,9,22,0,3365088,0,116821.8,35,2,48,48,169646.4,1020,72,0,0,2718140,1335972,0,0,9,0,10450520,32,700854,0,0,KXMgUH7IEC,RO12,taul,1K8T,487l,4rXXVr0,VFl3jwcNh2VDYrHl,zz34,9_Y1,1Bp0,09_Q,zm5i,me75fM6ugJ,kIsH,uKAI,L84s,NhsEn4L,mAja5EA,caCh,cJvF,FzaX,I3fYWu3,oslk,ERyzF_Q,LM8l689qOp,WqMG,RAYp,F2FyR07IdsN7I
0,1729,14,3920,256,320,120,166.56,0,194082,0,2.027558,36,150,0,817776,0,38507.7,30,10,56,48,207914.8,960,60,26658,0,1595730,729946,560,0,27,342825,3745532,44,569286,0,0,1KSqrQK2Mx,bYmQ4nc,taul,1K8T,EJC9,fhk21Ss,Tg7o1or,ZsAu,9_Y1,15m3,VpdQ,hAFG,7M47J5GA0pTYIFxg5uy,kIsH,uKAI,L84s,FMSzZ91zL2,OFqrZ3Z,h1l9,UYBR,FzaX,4UxGlow,zCkv,catzS2D,jySVZNlOJy,FSa2,ZI9m,ib5G6X1eUxUn6
0,770,7,4844,16,20,0,166.56,0,0,0,0.450972,9,112,497,9676800,0,79687.8,5,2,0,16,-54417.2,85,0,47250,0,0,0,4550,0,18,0,9358640,0,3539256,0,0,gOyq9ayE15,2Knk1KF,taul,1K8T,LZs_,fhk21Ss,Tg7jjBB,CpYR,9_Y1,000J,VpdQ,kxE9,7M47J5GA0pTYIFxg5uy,kIsH,uKAI,L84s,XfqtO3UdzaXh_,XTbPUYD,NzpJ,cJvF,AU8_WTd,4UxGlow,oslk,catzS2D,jySVZNlOJy,7P5s,ZI9m,55YFVY9
0,1715,14,3116,388,485,136,200,0,40536,0,5.230934,18,76,469,213256,0,3899.7,0,2,72,160,-1021808,1230,42,16146,0,255110,78674,230,0,0,7042,499912,104,7236,0,0,vAsTmBfHUn,RO12,taul,1K8T,ssAy,YLTY4q6,_UtlxbJ,L_h0,9_Y1,4N0K,VpdQ,IYzP,me75fM6ugJ,kIsH,uKAI,L84s,NhsEn4L,TDceha3,j_dB,cJvF,FzaX,wZZm94s,oslk,l9eMpgG,LM8l689qOp,Qu4f,RAYp,F2FyR07IdsN7I
0,546,7,584,128,160,8,220.08,0,2592000,0,5.307627,9,30,77,4147200,0,220122.3,15,0,32,48,186130.8,530,30,66105,0,7068550,96750,4405,0,0,604800,10349200,34,0,0,0,zcRZptzip9,RO12,taul,1K8T,wGW5,Wtcc5gJ,itSGh3t,ckri,9_Y1,t_4G,VpdQ,IYzP,me75fM6ugJ,kIsH,uKAI,L84s,NhsEn4L,kZJtVhC,51BP,UYBR,FzaX,_McRoKG,oslk,pWu6FsY,LM8l689qOp,Qu4f,RAYp,F2FyR07IdsN7I
0,3556,0,632,176,220,72,153.2,0,851982,0,6.336466,9,98,0,4032064,0,38645.1,15,4,32,48,403056,7365,24,46125,0,6100200,1184370,0,0,9,1209600,10527440,40,1036800,0,0,AUUt0GoOh3,w9ygS99Qp_,taul,1K8T,ssAy,fhk21Ss,4hMlgkf58mhwh,fVpX,9_Y1,rGJy,VpdQ,haYg,7M47J5GA0pTYIFxg5uy,kIsH,uKAI,L84s,CrNX,AuSBTw7,NjB3,UYBR,AU8pNoi,4UxGlow,d0EEeJi,catzS2D,M_8D,Qu4f,ZI9m,R4y5gQQWY8OodqDV
0,812,7,1680,72,90,24,220.08,0,4861506,0,1.058321,9,78,70,170968,0,24706.59,15,0,16,8,-348713.6,90,60,29286,0,28145,518400,340,0,18,0,5422600,2,0,0,0,mzKvyx8zhV,RO12,taul,1K8T,pGTb,aKBg0iR,nQU2P_OLn0,7MgF,9_Y1,MBhA,VpdQ,IYzP,me75fM6ugJ,kIsH,uKAI,L84s,NhsEn4L,mAjbk_S,ft_X,UYBR,FzaX,8GKOjel,oslk,APUE4Qn,LM8l689qOp,WqMG,RAYp,F2FyR07IdsN7I
0,1176,7,536,212,265,216,166.56,0,367140,0,5.17069,9,200,112,734792,0,41133.3,0,12,56,64,212579.6,810,6,8784,0,1418965,402846,1605,0,36,36113,3077480,22,786690,0,0,2jirEyXktW,_7J0OGNN8s6gFzbM,CiJDdr4TQ0rGERIS,1K8T,LLPZ,fhk21Ss,LH0kFz12FM,C9_x,9_Y1,SkZj,09_Q,y6dw,7M47J5GA0pTYIFxg5uy,kIsH,uKAI,L84s,MeOIHRG3F9,EknepHi,kTZI,cJvF,FzaX,4UxGlow,zCkv,catzS2D,LM8l689qOp,Aoh3,ZI9m,ZeaF
0,8568,7,112,3064,3830,240,186.64,0,5567112,0,0.276223,9,38,35,1657616,0,18599.88,75,28,672,1496,605348,6410,270,67437,0,2908565,691096,1205,0,9,352590,9855240,950,887808,0,0,_v2vyx7IEC,AERks4l,taul,1K8T,Bxva,3FCrXBz,VKmQoSsVfi,S67e,9_Y1,f4dr,09_Q,zm5i,7M47J5GA0pTYIFxg5uy,kIsH,uKAI,L84s,leSl,NGZiGpF,V7pO,cJvF,qxDb,oatipLp,QKW8DRm,RsCQLlz,LM8l689qOp,szEZ,vJ_w8kB,xwM2aC7IdeMC0
0,2121,7,2296,208,260,152,166.56,0,7260,0,3.298013,9,56,119,1394072,0,12569.97,5,2,48,80,356372.8,1390,6,4797,0,1871030,305890,840,0,0,149821,3184924,40,43260,0,0,NESt0G8EIb,RO12,taul,1K8T,wOc1,9GJGgoz,SpVKBrJv90,lbjH,9_Y1,k13i,09_Q,IYzP,Kxdu,kIsH,uKAI,L84s,FMSzZ91zL2,TDcEYQ6,e67Y,cJvF,FzaX,Tvpip6Z,zCkv,hHJsvbM,LM8l689qOp,fKCe,6fzt,SbOd7O8ky1wGNxp0Arj0Xs
0,1029,7,16,244,305,88,504.72,15,774396,0,3.124119,9,58,0,2727864,15,145854.9,10,2,40,80,168967.6,980,42,2079,72,6506800,385950,415,0,18,0,7966640,60,115656,0,7,8I1q9ayE15,RO12,taul,1K8T,hAOr,kkNNXZR,VxuoaY5mnT,LiPZ,9_Y1,F_Lu,09_Q,hzlB,me75fM6ugJ,kIsH,uKAI,L84s,XfqtO3UdzaXh_,11p4mKe,morm,cJvF,FzaX,OTgfc8E,oslk,GeD7j0h,jySVZNlOJy,TNEC,RAYp,F2FyR07IdsN7I
0,980,7,4880,320,400,184,235.68,0,9504,0,6.386456,9,118,651,486504,0,5954.7,10,6,48,72,133275.2,905,18,1325367,0,726735,112508,9760,0,27,72933,1127896,80,91488,0,0,kMJt0GoOh3,2Knk1KF,taul,1K8T,7gSz,oSpM9_c,_03xtaMIkZsn1,dK_l,9_Y1,rGJy,VpdQ,haYg,me75fM6ugJ,kIsH,uKAI,L84s,XfqtO3UdzaXh_,XTbPUYD,c4pP,UYBR,FzaX,_KnuhvP,oslk,k0gYyp5,LM8l689qOp,Qu4f,RAYp,55YFVY9
0,287,0,0,184,230,152,166.56,0,47022,0,6.475112,9,20,0,844688,0,9918.6,5,10,72,112,-61294.8,505,24,0,0,145980,111000,0,0,0,319193,873936,6,92934,0,0,8Iqt0G8rTN,RO12,taul,1K8T,lK27,7c9SNLr,GHf4lBZm_z,Ksk9,9_Y1,k13i,09_Q,IYzP,me75fM6ugJ,kIsH,uKAI,L84s,NhsEn4L,mAja5EA,tdSs,UYBR,FzaX,mTP8jNM,oslk,bMSObSS,LM8l689qOp,fKCe,RAYp,F2FyR07IdsN7I
0,1246,7,2900,260,325,192,99.68,0,9882,0,6.14655,9,122,189,48688,0,2674.071,25,22,40,32,7434.16,990,18,6300,0,101135,34700,550,0,18,0,269324,36,101910,0,0,LDPvyx7IEC,RO12,I9xt3GDRhUK7p,1K8T,EJC9,6CXYbuk,KtQxOguBSuSgaHlx,FDCZ,9_Y1,YGOC,VpdQ,haYg,Kxdu,kIsH,uKAI,L84s,FMSzZ91zL2,11pG9ir,OlOy,cJvF,FzaX,ROeipLp,zCkv,K2SqEo9,LM8l689qOp,szEZ,6fzt,4rd_
0,1267,14,3008,144,180,104,133.12,0,105948,0,0.2700278,18,156,133,0,0,8968.771,10,18,48,0,51314,570,48,114039,0,52315,125580,4215,0,9,10353,686980,8,470460,0,0,dRagUHXM47,2Knk1KF,taul,1K8T,0Xwj,fhk21Ss,msIqHk8toE,F4vN,HLqf,STGZ,VpdQ,y6dw,7M47J5GA0pTYIFxg5uy,sBgB,uKAI,L84s,Ie_5MZs,XTb7yMh,e9fs,UYBR,FzaX,4UxGlow,zCkv,catzS2D,LM8l689qOp,453m,ZI9m,TCU50_Yjmm6GIBZ0lL_
0,483,0,0,132,165,24,396.88,0,0,0,6.781457,9,26,0,2732552,0,139833.3,0,6,32,56,121672.8,495,0,0,0,4914035,201596,0,0,18,333067,6460600,40,1139880,0,0,1YVvyx7IEC,RO12,taul,1K8T,JLbT,H5yrR6d,e1XhvTunuD,oyvZ,9_Y1,RcM7,VpdQ,IYzP,DHn_WUyBhW_whjA88g9bvA64_,kIsH,uKAI,L84s,CrNX,NGZ_12K,a3Hs,UYBR,FzaX,wq0LXNS,d0EEeJi,nIDthFZ,LM8l689qOp,szEZ,nIGXDli,F2FyR07IdsN7I
0,812,7,2288,40,50,48,200,0,0,0,2.593249,9,82,0,0,0,59442.9,0,6,16,0,90110.4,475,0,10476,0,102135,85748,385,0,9,196042,458452,2,307872,0,0,AhzOj17IEC,RO12,taul,1K8T,aD1X,I6Bd3iM,d6zx_0v,QN4j,9_Y1,iVbl,VpdQ,lVqb,me75fM6ugJ,kIsH,uKAI,L84s,XfqtO3UdzaXh_,11p4mKe,qxwr,cJvF,FzaX,bBmOw16,oslk,CcdTy9x,LM8l689qOp,7aLG,RAYp,F2FyR07IdsN7I
0,2660,7,48,508,635,80,257.12,0,3662448,0,0.09399701,9,148,56,2780272,0,61186.5,80,12,128,120,62188.8,1975,258,120789,0,4457580,464046,630,0,9,1034579,9789960,74,664260,0,0,euOBcmz45j,2Knk1KF,taul,1K8T,AHrt,Q9R7qwL,msIqHk8toE,_Cd2,9_Y1,rzbc,VpdQ,kxE9,me75fM6ugJ,kIsH,uKAI,L84s,XfqtO3UdzaXh_,11p4mKe,2MBp,cJvF,FzaX,Zc06pd1,oslk,SiXzrB7,M_8D,Qcbd,RAYp,55YFVY9
0,1379,7,60,168,210,48,291.36,0,7515900,0,2.940397,9,102,0,312720,0,138565.8,35,2,40,16,142654.8,600,108,324,0,2907800,471702,120,0,9,224105,10912160,16,192090,0,0,HAoOj1KXzC,RO12,taul,1K8T,ZNsX,2gN8HPr,wSIALf3,hdFs,9_Y1,ID5l,VpdQ,sYC_,me75fM6ugJ,kIsH,uKAI,L84s,NhsEn4L,beK4AFX,n7h5,cJvF,FzaX,sx5ARL_,oslk,hFzRusu,jySVZNlOJy,kwS7,RAYp,F2FyR07IdsN7I
0,581,7,408,140,175,96,233.44,0,3520938,0,6.021149,9,42,119,1838736,0,202929,0,10,32,24,88340.4,480,54,92718,0,1434105,2073600,6565,0,9,604800,10117240,12,2334168,0,0,NQ5rEy7Rm6,RO12,taul,1K8T,TyGl,kkNkJwu,glRBFJT8NN,614C,9_Y1,X8zP,VpdQ,haYg,me75fM6ugJ,kIsH,uKAI,L84s,XfqtO3UdzaXh_,XTbPUYD,lYKD,cJvF,FzaX,TZC87dl,oslk,aN3QowC,jySVZNlOJy,Aoh3,RAYp,F2FyR07IdsN7I
0,371,0,0,172,215,16,313.04,0,10239720,0,5.9953,9,22,0,101136,0,198530.7,45,0,40,8,66257.6,585,120,0,0,795120,71398,0,0,9,0,10766320,22,0,0,0,eOQgUHShse,RO12,taul,1K8T,lK27,B88Jj6r,Qj_RuBBLPJ,85IW,9_Y1,RVjC,VpdQ,43pnToF,me75fM6ugJ,kIsH,uKAI,Mtgm,NhsEn4L,7WwOAni,ETNp,UYBR,FzaX,Bxfv48t,oslk,yVBQv5o,LM8l689qOp,FSa2,RAYp,F2FyR07IdsN7I
0,1043,0,0,456,570,88,268.24,5,10366500,0,3.315317,9,14,0,337600,15,30284.4,40,10,48,8,119558.4,1315,126,0,48,449250,78146,0,0,0,1260,10524720,136,548016,0,0,51rBcmz45j,RO12,taul,1K8T,kwI9,pfMpcUU,V_KR_LD,CJij,9_Y1,yrDU,VpdQ,IYzP,me75fM6ugJ,kIsH,uKAI,L84s,NhsEn4L,kZJyVg2,yjXO,UYBR,FzaX,U8I6w_1,oslk,CFMqCcD,LM8l689qOp,Qcbd,RAYp,F2FyR07IdsN7I
0,504,0,0,84,105,16,186.64,0,129264,0,1.935697,9,28,0,386544,0,145303.8,15,2,32,16,-486008,430,12,0,0,2153155,207984,0,0,18,216384,3466240,22,17250,0,0,vAsTmBfHUn,RO12,taul,1K8T,487l,wEY7Jcz,e1XhvTunuD,IEDl,9_Y1,4N0K,VpdQ,IYzP,me75fM6ugJ,kIsH,uKAI,L84s,NhsEn4L,mAja5EA,ynbO,UYBR,FzaX,ncuRoKG,oslk,aK_wS9i,LM8l689qOp,Qu4f,RAYp,F2FyR07IdsN7I
0,560,0,0,120,150,136,186.64,0,0,0,5.400983,9,28,0,1382400,0,229008.6,0,12,32,16,95096,500,0,0,0,2160000,2937600,0,0,18,2419200,10368000,10,3110400,0,0,crIgUHSK8h,RO12,taul,1K8T,487l,cQXL3Mv,NW71mrodGH,dZaM,9_Y1,RVjC,VpdQ,IYzP,me75fM6ugJ,kIsH,uKAI,L84s,NhsEn4L,mAja5EA,0bZ9,UYBR,FzaX,sy7DBnE,oslk,rbX9Jxo,LM8l689qOp,FSa2,RAYp,F2FyR07IdsN7I
0,714,7,16,132,165,16,320.48,0,6220800,0,3.516556,18,30,0,1359920,0,190208.7,35,4,48,16,122398,560,72,2421,0,3348495,33140,70,0,0,13678,9999240,16,11724,0,0,HYTrjIK12c,RO12,taul,1K8T,lK27,BMnJ89M,lGXpFd_2Rf,mauT,9_Y1,7WNq,09_Q,IYzP,me75fM6ugJ,kIsH,uKAI,Mtgm,NhsEn4L,kZJyVg2,GvZy,cJvF,FzaX,8d5YWu3,oslk,sXbT3Cb,LM8l689qOp,WqMG,RAYp,F2FyR07IdsN7I
0,28,0,0,44,55,24,303.2,0,3022644,0,2.361675,9,14,0,68928,0,307920,10,2,24,8,-602332,55,18,0,8,316540,365968,0,0,0,2080820,4516200,2,1731864,0,7,LDPvyx7IEC,RO12,taul,1K8T,7M9D,YDGnFi6,Z8ZAV8jDl3,giKM,9_Y1,f4dr,VpdQ,IYzP,me75fM6ugJ,kIsH,uKAI,L84s,NhsEn4L,mAja5EA,Ntlu,cJvF,FzaX,DI4fGrO,oslk,qPM2pc5,LM8l689qOp,szEZ,RAYp,F2FyR07IdsN7I
0,1932,7,4476,224,280,144,173.2,0,0,0,3.582995,18,88,7,814504,0,11513.37,0,8,120,192,-47775.2,890,0,9000,0,20080,79258,1395,0,0,166817,605840,20,36012,0,0,jg6vyxLkBI,RO12,taul,1K8T,JLbT,9GJGgoz,3mAIgJy7b0,Ja0a,9_Y1,FbIm,09_Q,sYC_,Kxdu,kIsH,uKAI,L84s,FMSzZ91zL2,kq04MS5,6495,UYBR,FzaX,Tvpip6Z,zCkv,hHJsvbM,LM8l689qOp,xb3V,6fzt,SbOd7O8ky1wGNxp0Arj0Xs
0,434,7,204,84,105,24,220.08,0,0,0,4.328776,9,104,7,883048,0,51734.1,5,6,24,24,54389.2,355,0,3069,0,2009060,35756,1670,0,9,113988,2168440,22,70248,0,0,GcUBcmz45j,RO12,taul,1K8T,KqYs,4jFRSUd,IoHCTe99VL,EyBo,9_Y1,4nnx,09_Q,haYg,me75fM6ugJ,kIsH,uKAI,L84s,XfqtO3UdzaXh_,11p4mKe,rinI,cJvF,FzaX,IS78jNM,oslk,MgSTL5Q,jySVZNlOJy,Qcbd,RAYp,F2FyR07IdsN7I
0,2156,28,8620,124,155,24,220.08,0,145746,0,3.763298,36,130,497,4147200,0,89050.8,0,4,32,48,1141336,535,6,16911,0,8109250,518400,740,0,9,604800,10386160,38,1036800,0,0,DHeTmBftjz,2Knk1KF,taul,1K8T,487l,qJShE4b,I1J6_1z,IEDl,9_Y1,4N0K,VpdQ,sYC_,me75fM6ugJ,kIsH,uKAI,L84s,NhsEn4L,beK4AFX,YUbb,UYBR,FzaX,Y2CKu_a,oslk,aIqdPAm,LM8l689qOp,Qu4f,RAYp,55YFVY9
0,2100,7,588,168,210,32,220.08,0,9508320,0,1.143132,9,36,7,406696,0,79582.5,35,0,24,8,136355.6,630,120,69165,0,1278830,234068,340,0,9,0,10426320,20,0,0,0,qFpmfo8zhV,RO12,taul,1K8T,AKN1,QMLgCVv,ToUSgkq,y3h2,9_Y1,wGwL,sJzTlal,wMei,me75fM6ugJ,kIsH,uKAI,L84s,NhsEn4L,7WwwAA_,sBg9,cJvF,FzaX,6XEoI0_,oslk,bSgltRa,jySVZNlOJy,wX53,RAYp,F2FyR07IdsN7I
0,917,7,276,144,180,56,133.12,0,4548474,0,1.013031,9,160,7,912568,0,127246.8,25,2,32,16,386341.6,530,60,92223,0,1818455,600546,1490,0,18,0,8162720,22,518400,0,0,CxSr4RXktW,rEUOq2QD1qfkRr6qpua,taul,1K8T,AkfA,fhk21Ss,I1s81Dlb7R,apFl,9_Y1,Cgc3,09_Q,haYg,7M47J5GA0pTYIFxg5uy,kIsH,uKAI,L84s,iwn6,teAeE97,P5V5,cJvF,FzaX,4UxGlow,QKW8DRm,catzS2D,LM8l689qOp,Xa3G,ZI9m,ib5G6X1eUxUn6
0,1701,7,1824,288,360,88,263.52,10,4289892,0,1.345225,9,116,301,2954448,0,98510.09,25,8,56,96,182582.4,990,96,14103,16,3463925,847716,2915,0,27,693084,10517880,48,775866,0,0,TfiBcmzkzH,2Knk1KF,taul,1K8T,OTVu,Z4ho8ot,yEFIHeU,i4tG,9_Y1,KubS,VpdQ,hzlB,me75fM6ugJ,kIsH,uKAI,L84s,XfqtO3UdzaXh_,XTbPUYD,_eeh,cJvF,FzaX,pqU6hzI,oslk,XKaTy9x,LM8l689qOp,Qcbd,RAYp,55YFVY9
0,924,7,5356,124,155,112,255.2,0,1809846,0,3.475539,9,130,826,1857896,0,154380,0,10,32,24,99007.2,515,24,1503,0,2160000,2419200,3245,0,36,416059,10429920,10,2592000,0,0,doHWq69cTy,2Knk1KF,taul,1K8T,487l,20dhIvr,fo8oHA5,Hzsx,9_Y1,Px52,VpdQ,hzlB,me75fM6ugJ,kIsH,uKAI,L84s,XfqtO3UdzaXh_,XTbPUYD,pNzI,UYBR,FzaX,A7VmFX7,oslk,_vBCqEp,jySVZNlOJy,PM2D,RAYp,55YFVY9
0,903,7,384,160,200,64,92.88,15,5480652,0,2.317026,9,34,70,2636272,3,192591,20,2,32,40,363598,565,72,145629,32,2298300,961818,495,0,9,0,10315000,20,475218,0,0,oUPBcmzkzH,RO12,taul,1K8T,KqYs,oKsne2L,eO3Oseu,o1UB,9_Y1,4nnx,VpdQ,IYzP,me75fM6ugJ,kIsH,uKAI,Mtgm,NhsEn4L,mAjbk_S,JpN5,cJvF,FzaX,iEXADXQ,oslk,xWWynIC,LM8l689qOp,Qcbd,RAYp,F2FyR07IdsN7I
0,49,0,0,156,195,72,212.72,0,11862,0,2.047212,9,12,0,32584,0,4206.15,0,6,24,32,1975.572,195,30,0,16,159755,22208,0,0,0,0,218720,36,33450,0,14,m9SvyxLkBI,RO12,taul,1K8T,ssAy,iJzviRg,q2tfFQq,Jh2k,9_Y1,_r21,VpdQ,IYzP,7M47J5GA0pTYIFxg5uy,kIsH,uKAI,L84s,4ylQpLr46xum2hHQ,7Wwo8pg,fvfO,cJvF,FzaX,ch2oGfM,z4pH,P6pu4Vl,LM8l689qOp,xb3V,ZI9m,R4y5gQQWY8OodqDV
0,1120,7,48,284,355,144,220.08,0,784584,0,5.362957,9,58,0,453312,0,47885.7,20,18,72,112,-445856,915,18,21087,0,1108765,616692,645,0,9,440293,3712848,46,480690,0,0,dRaq9ayE15,RO12,taul,1K8T,z32l,Kn7o7aV,7kiYxyMFYj,Pey_,9_Y1,kJJ7,VpdQ,sYC_,me75fM6ugJ,kIsH,uKAI,L84s,NhsEn4L,kq0n8Bj,Emru,cJvF,FzaX,ylC6pd1,oslk,BULTE6Y,jySVZNlOJy,7P5s,RAYp,F2FyR07IdsN7I
0,2086,7,440,296,370,240,196.64,0,270,0,5.629139,9,52,119,220392,0,4013.88,0,26,104,120,71122,1185,6,36792,0,146910,88010,6375,0,0,33775,484340,30,120624,0,0,zKnr4RXktW,RO12,taul,1K8T,lK27,cmPXOhW,yiXTc3CbD1,0LZX,9_Y1,Zazx,VpdQ,IYzP,me75fM6ugJ,kIsH,uKAI,L84s,NhsEn4L,mAjbk_S,P8u2,cJvF,FzaX,tjWYlW4,oslk,T_gzrB7,LM8l689qOp,Xa3G,RAYp,F2FyR07IdsN7I
0,252,7,20,16,20,0,233.44,0,0,0,3.923093,9,54,0,0,0,2738.736,0,0,0,0,-14741.2,55,0,53505,0,13115,0,5,0,9,0,10492,8,0,0,0,xearjIX0Db,RO12,taul,1K8T,80HR,w9kODwF,77iJmpaB0e,X1L0,9_Y1,VILw,09_Q,IYzP,me75fM6ugJ,kIsH,uKAI,L84s,NhsEn4L,kq0emRG,ot8S,UYBR,FzaX,fBw6pd1,oslk,0G87kpB,LM8l689qOp,5Acm,RAYp,F2FyR07IdsN7I
0,763,7,388,128,160,32,253.52,0,3169656,0,6.164709,9,136,56,2481920,0,218735.7,20,4,40,32,39754.72,550,42,128538,0,4356055,633608,2790,0,9,1062866,9832200,22,950412,0,0,GcUBcmz45j,2Knk1KF,taul,1K8T,0WHw,PHNvXy8,1NzCs3uS9E1L3,tMGr,9_Y1,KubS,VpdQ,wMei,NKv3VA1BpP,kIsH,uKAI,L84s,Ie_5MZs,XTbjhEX,L2sz,cJvF,FzaX,UF16siJ,zCkv,APgdzOv,LM8l689qOp,Qcbd,6fzt,Zy3gnGM
0,700,7,1240,112,140,96,233.44,0,900,0,2.586413,9,86,210,171800,0,56787.6,0,12,24,16,384961.2,335,6,6489,0,1067090,462064,365,0,9,260526,2269700,14,608100,0,0,8Knvyx875g,RO12,taul,1K8T,487l,2iJuMXJ,glRbITbnHQ,uGO4,9_Y1,MBhA,VpdQ,IYzP,me75fM6ugJ,kIsH,uKAI,L84s,NhsEn4L,beK4AFX,8teJ,UYBR,FzaX,IvCCvHT,oslk,FjXjKAP,LM8l689qOp,WqMG,RAYp,F2FyR07IdsN7I
0,826,7,104,108,135,16,304.16,0,5985762,0,3.417219,18,58,28,0,0,183824.7,35,0,24,0,25516.84,535,72,29853,0,1575110,345600,1605,0,9,0,8360120,12,0,0,0,1YVgUHXZeb,RO12,taul,1K8T,JLbT,lKbEbie,glRBFJT8NN,AgVB,9_Y1,LqKm,VpdQ,IYzP,me75fM6ugJ,kIsH,uKAI,L84s,NhsEn4L,mAjbk_S,wAtz,cJvF,FzaX,JptTe_2,oslk,2wCw01M,jySVZNlOJy,453m,RAYp,F2FyR07IdsN7I
0,434,0,0,408,510,248,0,5,48,0,5.32899,9,14,0,45144,12,4764.51,0,68,280,224,84474,510,6,0,40,451375,86114,0,0,0,116746,647972,16,138060,0,0,N_vrjIXt5a,RO12,taul,1K8T,ZHNR,GRl7qwL,CdPgMY1Z52,IRqr,9_Y1,xQ2A,VpdQ,IYzP,me75fM6ugJ,kIsH,uKAI,L84s,NhsEn4L,kq0l43t,R6sz,cJvF,FzaX,xDj6pd1,oslk,VQZzrB7,LM8l689qOp,5Acm,RAYp,F2FyR07IdsN7I
0,2450,21,5156,208,260,40,286.96,0,9105120,0,1.358684,36,210,854,1838600,0,65135.7,25,2,40,56,119385.2,780,120,8523,0,1317010,522672,2695,0,36,67424,10585640,28,57792,0,0,a4v9tYsGvO,2Knk1KF,CiJDdr4TQ0rGERIS,1K8T,TyGl,fhk21Ss,msIqHk8toE,exqa,9_Y1,YULl,VpdQ,y6dw,7M47J5GA0pTYIFxg5uy,kIsH,uKAI,Mtgm,MeOIHRG3F9,LQcDhqC,rQxu,UYBR,FzaX,4UxGlow,zCkv,catzS2D,LM8l689qOp,FSa2,ZI9m,VjDE
0,791,7,716,136,170,40,253.52,0,4276908,0,6.766716,18,40,98,2534464,0,219337.8,20,4,40,32,61210,525,54,4041,0,3595200,792020,100,0,9,554414,10479560,20,950424,0,0,_v2TmBftjz,PomAbFU,taul,1K8T,0Xwj,jZ0kHY6,xtMzxjAuQ_,YUT9,HLqf,Gx0B,sJzTlal,IYzP,me75fM6ugJ,sBgB,uKAI,L84s,NhsEn4L,NGZXfGp,hbKn,cJvF,FzaX,PCSKsQe,oslk,TZoq6Bf,jySVZNlOJy,Qu4f,RAYp,F2FcTt7IdMT_v
0,693,14,688,232,290,56,253.52,0,44616,0,6.276223,27,190,21,8336,0,2259.357,0,0,8,24,628.428,850,72,27117,0,124720,9590,95,0,36,0,152868,72,0,0,0,1JGr4RKzJV,bYmQ4nc,taul,1K8T,AnrR,fhk21Ss,nQUveAzAF7,Szai,9_Y1,C6Eu,VpdQ,y6dw,7M47J5GA0pTYIFxg5uy,kIsH,uKAI,L84s,WsRVNrF85oPU_,IoIL0mp,Z8QR,cJvF,FzaX,4UxGlow,zCkv,catzS2D,LM8l689qOp,rgKb,ZI9m,ib5G6X1eUxUn6
0,1799,7,84,388,485,200,166.56,0,0,0,6.105106,9,86,35,298760,0,6679.71,5,4,16,64,69834.4,2575,0,198,0,1867610,131514,95,0,9,0,2044788,122,205158,0,0,EsYq9aX0Db,w9ygS99Qp_,taul,1K8T,TLkP,MMYnfk1,V4EIHR4LiC,d9gL,9_Y1,Y9Bl,09_Q,wMei,DHn_WUyBhW_whjA88g9bvA64_,kIsH,uKAI,L84s,CrNX,7N7iRy5,1YHb,cJvF,FzaX,nRiSHS3,d0EEeJi,v5MG5NW,LM8l689qOp,uWr3,nIGXDli,R4y5gQQWY8OodqDV
0,2163,7,1712,420,525,184,185.28,0,878826,0,1.17539,18,176,35,1080104,0,35441.7,10,18,56,128,5687.16,1245,30,3312,0,2528855,274334,190,0,27,491260,4222520,100,761808,0,0,DQlrEyXXnK,NMCEYavk0YOlqn2jHeEDjP0xsdXeAZGnZDN0NOfV,taul,1K8T,AkfA,fhk21Ss,etM739XNb0Rf0,W41G,9_Y1,H1uM,VpdQ,hAFG,7M47J5GA0pTYIFxg5uy,kIsH,uKAI,L84s,XfqtO3UdzaXh_,_JdmoJc,h43q,cJvF,FzaX,4UxGlow,oslk,catzS2D,LM8l689qOp,Aoh3,ZI9m,iyHGyLCEkQ
0,728,7,516,200,250,80,213.36,0,0,0,1.5533,9,106,266,81800,0,2664.834,0,4,56,64,27685.28,710,0,220230,0,244825,42270,795,0,27,0,329924,60,12936,0,0,HYTrjIK12c,2Knk1KF,taul,1K8T,JLbT,PHNvXy8,y4g9XoZ,Niz0,9_Y1,7WNq,VpdQ,haYg,NKv3VA1BpP,kIsH,uKAI,L84s,Ie_5MZs,OFqdri0,Ohac,UYBR,FzaX,UF16siJ,zCkv,APgdzOv,LM8l689qOp,WqMG,6fzt,Zy3gnGM
0,763,7,1440,104,130,88,133.12,0,27612,0,4.434309,9,102,56,48424,0,6376.56,0,6,32,16,-1894396,420,12,7713,0,36115,199550,85,0,9,0,512192,16,62370,0,0,zcROj17IEC,RO12,taul,1K8T,487l,bbm5wbm,LJsg,EpS5,9_Y1,eQTr,VpdQ,haYg,me75fM6ugJ,kIsH,uKAI,L84s,XfqtO3UdzaXh_,11p4mKe,14Od,cJvF,FzaX,1hf8iqZ,oslk,fV_z4Af,LM8l689qOp,7aLG,RAYp,F2FyR07IdsN7I
0,749,7,28,136,170,24,186.64,0,4925082,0,0.6406751,9,50,0,2394600,0,221073.6,25,2,40,32,56636,515,60,261,0,4536215,475250,55,0,9,554456,10692160,22,475236,0,0,Qu0TmBQZiT,RO12,taul,1K8T,LLPZ,KKwnPxd,DEgnnzlLVO,yyC8,9_Y1,TjV7,sJzTlal,IYzP,DHn_WUyBhW_whjA88g9bvA64_,kIsH,uKAI,L84s,CrNX,mAjbq_f,GqvK,UYBR,FzaX,OXxaMYN,d0EEeJi,nH3ZCVc,LM8l689qOp,FSa2,nIGXDli,F2FyR07IdsN7I
0,2205,7,200,48,60,8,254.64,0,11542080,0,1.311686,18,134,7,548080,0,43617.6,0,2,16,8,197796,470,42,3618,0,59860,353932,2145,0,45,25578,8739120,4,21924,0,0,dRavyx7ejg,AERks4l,taul,1K8T,hM6W,fhk21Ss,3X0xOLn,y7bi,9_Y1,xSqs,09_Q,hAFG,7M47J5GA0pTYIFxg5uy,kIsH,uKAI,L84s,9fipLB8rlL,jawgqHQ,9NpF,cJvF,FzaX,4UxGlow,zCkv,catzS2D,LM8l689qOp,szEZ,ZI9m,ib5G6X1eUxUn6
0,217,0,0,140,175,48,266.4,0,4796856,0,0.786584,9,18,0,3801696,0,218512.5,15,2,40,48,130039.2,530,60,0,0,3417885,605662,0,0,0,0,10311640,18,475218,0,0,puvq9aX0Db,RO12,taul,1K8T,TLkP,esxkA1P,fXexTA9,AOhP,9_Y1,Y9Bl,VpdQ,IYzP,me75fM6ugJ,kIsH,uKAI,Mtgm,NhsEn4L,7WwOAni,n0Lq,UYBR,FzaX,EPImS85,oslk,MI8s5nE,LM8l689qOp,uWr3,RAYp,F2FyR07IdsN7I
0,1176,7,20,256,320,80,320.4,0,1857804,0,4.574664,45,36,0,1464008,3,100146.6,40,16,96,96,-623184,1075,30,1278,8,3264515,429478,145,0,9,11277,6184000,42,752016,0,0,Yn7t0Go8Lb,RO12,taul,1K8T,xgSF,A_yBboK,nQUBcBcErl,O1nD,9_Y1,rGJy,VpdQ,zm5i,me75fM6ugJ,kIsH,uKAI,L84s,NhsEn4L,jawB6UP,dTIM,cJvF,FzaX,3Jmmfvd,oslk,JD1lw9w,jySVZNlOJy,Qu4f,RAYp,F2FyR07IdsN7I
0,1337,7,216,124,155,0,258.32,0,338982,0,6.263619,9,144,56,6220800,0,127460.4,0,0,32,72,133047.2,495,6,33039,0,9072000,0,2355,0,36,0,10594000,42,0,0,0,HYTrjIK12c,2Knk1KF,taul,1K8T,pGTb,kS7yoBp,0ZlStaN,gBL1,9_Y1,7WNq,VpdQ,giwq,me75fM6ugJ,kIsH,uKAI,L84s,h0lfDKh52u4GP,IoI4mKe,31LB,UYBR,FzaX,3vmoOXS,oslk,wg_DmEs,LM8l689qOp,WqMG,RAYp,55YFVY9
0,238,0,0,140,175,24,240.56,0,2592000,0,0.3129673,9,20,0,2764800,0,205279.2,20,2,40,32,137932.8,455,30,0,0,6007750,518400,0,0,9,1814400,10517000,36,518400,0,0,M5vt0Gdc_a,RO12,taul,1K8T,4JaS,SY4EQZQ,J3fgbi2,5E7K,9_Y1,cyKH,VpdQ,wMei,me75fM6ugJ,kIsH,g5HH,L84s,NhsEn4L,TDc4Td_,8_Ea,cJvF,FzaX,vU6NT4W,oslk,Oh06Kfh,LM8l689qOp,me1d,RAYp,F2FyR07IdsN7I
0,546,0,0,112,140,72,220.08,0,5738310,0,6.671224,18,26,0,2208184,0,175908.6,20,2,40,16,377092.4,580,54,0,0,634195,852910,0,0,18,0,7726280,6,266742,0,0,LDPq9ayfAo,e6CkoqApVR,taul,1K8T,mAW3,0Vr7wZ4,LH0kFz12FM,uHTQ,9_Y1,000J,09_Q,zm5i,Kxdu,kIsH,uKAI,L84s,FMSzZ91zL2,kq0IHVu,Qvnd,cJvF,FzaX,XbZitea,zCkv,DHPNgqU,LM8l689qOp,7P5s,6fzt,F2FcTt7IdMT_v
0,784,7,284,244,305,96,133.12,0,0,0,1.718436,9,174,140,113976,0,2187.786,5,10,64,136,-1996476,720,0,3267,0,68675,15468,145,0,9,27258,156768,52,19062,0,0,51rt0G8rTN,qqimvRzsp8ZZdKRPgzLg68joSn_k,taul,1K8T,Uk76,fhk21Ss,8xqsKsAwUv,Rvdz,9_Y1,k13i,09_Q,haYg,7M47J5GA0pTYIFxg5uy,kIsH,uKAI,L84s,XfqtO3UdzaXh_,XTbPUYD,C9df,UYBR,FzaX,4UxGlow,oslk,catzS2D,LM8l689qOp,fKCe,ZI9m,iyHGyLCEkQ
0,854,7,884,104,130,40,333.28,5,3592554,0,4.354411,9,56,385,739800,12,196332.3,15,6,24,24,211042.8,505,42,45954,40,1823995,864000,9140,0,9,0,7718560,10,1094412,0,0,tr0Wq69cTy,RO12,taul,1K8T,j1T2,6KF0k8W,JlBPeqq,9fqn,9_Y1,0A_v,09_Q,43pnToF,me75fM6ugJ,kIsH,uKAI,Mtgm,NhsEn4L,mAjbk_S,AtS5,UYBR,Lmli,ot6oLzk,oslk,IIvC99a,M_8D,PM2D,RAYp,F2FyR07IdsN7I
0,637,7,7632,140,175,16,166.56,0,79974,0,2.802179,18,168,406,4223760,0,168039,0,0,32,64,-293768.4,490,12,1098,0,6803000,141298,685,0,18,1847902,7890160,46,0,0,0,75lTmBtFkL,2Knk1KF,taul,1K8T,AnrR,b9lODwF,BBhiudN5VwCx3,OC0o,9_Y1,c2JP,VpdQ,6JmL,me75fM6ugJ,kIsH,uKAI,L84s,XfqtO3UdzaXh_,XTbPUYD,p6ap,cJvF,FzaX,gboeT2p,oslk,LnLaK89,jySVZNlOJy,rgKb,RAYp,TCU50_Yjmm6GIBZ0lL_
0,987,14,3960,156,195,80,253.52,0,4053702,0,1.361461,27,144,175,148336,0,180607.8,40,6,40,8,291332,580,54,19665,0,2354350,1289508,775,0,27,0,10461320,16,1425696,0,0,jg6vyxLkBI,2Knk1KF,taul,1K8T,R4_H,jF6Moat,pUwdAyB,07xQ,9_Y1,vzJD,VpdQ,hzlB,me75fM6ugJ,kIsH,uKAI,L84s,XfqtO3UdzaXh_,11p4mKe,Ct9u,cJvF,FzaX,LwG8XLE,oslk,_XSRDbC,LM8l689qOp,xb3V,RAYp,55YFVY9
0,833,0,0,84,105,24,166.56,0,551352,0,2.936552,9,58,0,4694608,0,99548.41,0,4,32,56,168838,415,18,6057,0,3651975,614486,0,0,9,1553874,6865480,12,60,0,0,Yddq9ayE15,RO12,taul,1K8T,42Cy,ezgcTEF,6uerj6GG35,RQv3,9_Y1,pQsY,VpdQ,IYzP,me75fM6ugJ,kIsH,uKAI,L84s,NhsEn4L,mAjbk_S,UlM9,cJvF,FzaX,xtRfGrO,oslk,N0GRusu,LM8l689qOp,TNEC,RAYp,F2FyR07IdsN7I
0,189,0,0,44,55,8,220.08,0,1354308,0,1.753472,9,18,0,4390328,0,314592,10,2,8,8,131377.2,315,6,0,0,1127260,25172,0,0,9,0,9161200,10,2785692,0,0,Y3tqrQKzJV,RO12,taul,1K8T,kNzO,wGQJeCE,FoJylxy,MuFn,9_Y1,15m3,VpdQ,zm5i,me75fM6ugJ,kIsH,uKAI,L84s,NhsEn4L,mAja5EA,7MyX,cJvF,FzaX,dpuv1FD,oslk,o6f7A2G,LM8l689qOp,FSa2,RAYp,F2FyR07IdsN7I
0,1057,7,1184,436,545,152,186.64,0,35640,0,0.4887844,9,154,49,16640,0,3296.58,20,14,64,56,20347.72,1225,48,118116,0,306065,25320,5300,0,9,14441,352676,128,18948,0,0,euOBcmz45j,2Knk1KF,taul,1K8T,0WHw,GUgO9Nm,ZkibjLN5VwJ2V,D417,9_Y1,KubS,VpdQ,hAFG,me75fM6ugJ,kIsH,uKAI,L84s,XfqtO3UdzaXh_,XTbPUYD,flSc,cJvF,OFWH,AuG68SY,oslk,KWm7j0h,LM8l689qOp,Qcbd,RAYp,TCU50_Yjmm6GIBZ0lL_
0,1428,7,2672,244,305,24,253.52,0,1032240,0,5.141636,9,98,364,4435536,0,123112.8,45,0,64,56,81105.6,950,138,73557,0,7524500,444908,295,0,18,2217768,10073120,38,0,0,0,64ngUH7IEC,RO12,taul,1K8T,lK27,QfdNj4_,glRBFJT8NN,5HEu,9_Y1,m_h1,VpdQ,hzlB,me75fM6ugJ,kIsH,uKAI,L84s,XfqtO3UdzaXh_,kq0IkyT,ktRU,UYBR,FzaX,yOONioI,oslk,ZjaoG9v,LM8l689qOp,WqMG,RAYp,F2FyR07IdsN7I
0,987,14,172,172,215,176,200,0,71514,0,2.100406,18,128,28,647136,0,31972.5,5,10,64,56,47359.2,595,6,25470,0,414250,207584,65,0,18,211876,1416492,14,215160,0,0,py5gUH7ejg,2Knk1KF,taul,1K8T,vSNn,WIUbfVI,V6XUlxabJ4VaD,xkat,9_Y1,m_h1,VpdQ,haYg,me75fM6ugJ,kIsH,uKAI,L84s,XfqtO3UdzaXh_,XTbPUYD,Hr3R,UYBR,FzaX,31vOjel,oslk,Nwm7kpB,LM8l689qOp,WqMG,RAYp,55YFVY9
0,1043,7,388,116,145,96,200,0,0,0,6.006195,9,50,21,79168,0,6218.521,10,14,64,16,189.1428,545,0,19008,0,77870,78646,55,0,0,26474,347528,12,122472,0,0,IXSgUHShse,RO12,taul,1K8T,kNzO,hburbwz,glRBFJT8NN,vvGC,9_Y1,RVjC,VpdQ,IYzP,me75fM6ugJ,kIsH,uKAI,L84s,NhsEn4L,mAjbk_S,TgHo,UYBR,FzaX,Qf2vOIl,oslk,AccAwsZ,LM8l689qOp,FSa2,RAYp,F2FyR07IdsN7I
0,336,0,0,648,810,456,220.08,0,9134640,0,6.110019,9,18,0,489472,0,49862.7,70,16,96,56,87696.4,1040,132,0,0,1458845,247376,0,0,9,48363,10368200,108,46608,0,0,uUdt0G8EIb,RO12,taul,1K8T,YmZp,q9gARMl,hOpRIhsUSP,geDi,9_Y1,k13i,VpdQ,zm5i,me75fM6ugJ,kIsH,uKAI,L84s,NhsEn4L,kZJtVhC,3N1f,cJvF,FzaX,zQ_4jrS,oslk,3L2y2B0,LM8l689qOp,fKCe,RAYp,F2FyR07IdsN7I
0,896,7,1308,136,170,64,186.64,0,3078072,0,4.4279,36,132,0,992232,0,220532.4,15,22,96,16,-240643.6,500,36,85104,0,932285,1094204,30,0,9,263396,7719480,8,2092734,0,0,1YVvyx7IEC,2Knk1KF,taul,1K8T,JLbT,Gy0VbCv,_jTP8ioIlJ,DBov,9_Y1,RcM7,VpdQ,IYzP,me75fM6ugJ,kIsH,uKAI,L84s,NhsEn4L,beK4AFX,IIhP,UYBR,tdJW_Pm,TVj18fN,oslk,bYjaRTx,bCPvVye,szEZ,RAYp,55YFVY9
0,567,7,440,72,90,48,313.68,0,17064,0,3.139287,9,56,0,34040,0,2725.671,0,0,0,56,1123.856,270,18,77931,8,7500,8462,1365,0,9,0,51320,4,0,0,7,v0Nt0Go8Lb,RO12,taul,1K8T,TyGl,m5VrWlZ,MypvvoIQqc,FwBJ,9_Y1,rGJy,09_Q,IYzP,me75fM6ugJ,kIsH,uKAI,L84s,NhsEn4L,TDceha3,JZka,cJvF,OFWH,2DUDSPW,oslk,CRup3c_,LM8l689qOp,Qu4f,RAYp,F2FyR07IdsN7I
0,3143,7,1848,188,235,104,233.44,0,10920,0,4.257423,9,154,35,1055624,0,14022.96,0,22,56,136,-211308,745,6,38439,0,137105,126698,585,0,45,0,1095324,10,295728,0,0,m9SvyxLkBI,g62hiBSaKg,taul,1K8T,UpNf,fhk21Ss,q2tfFQq,cxMb,9_Y1,vzJD,VpdQ,6JmL,7M47J5GA0pTYIFxg5uy,kIsH,uKAI,L84s,XfqtO3UdzaXh_,XTbPUYD,BWLa,UYBR,FzaX,4UxGlow,oslk,catzS2D,jySVZNlOJy,xb3V,ZI9m,ib5G6X1eUxUn6
0,1743,21,2316,44,55,0,0,5,2114220,0,5.597308,36,206,168,1267240,3,25423.8,0,0,8,16,-70400.4,555,24,657,16,7236050,0,625,0,45,0,7831920,10,0,0,0,l7Fq9ayE15,ByQdnLRlFnny2k4AJzG,CiJDdr4TQ0rGERIS,1K8T,3PdN,fhk21Ss,LJsg,KX1F,9_Y1,000J,VpdQ,y6dw,7M47J5GA0pTYIFxg5uy,kIsH,uKAI,Mtgm,_5OXC8MSLt,LxWMvcL,Kgqw,UYBR,FzaX,4UxGlow,oslk,catzS2D,LM8l689qOp,7P5s,ZI9m,NoEd
0,2947,21,3032,40,50,8,263.52,0,9852420,0,2.070925,36,170,364,2688320,0,10299.06,0,0,16,32,-440148,740,30,8100,0,0,28914,825,0,45,924882,7970240,0,0,0,0,Y3tqrQKzJV,2Knk1KF,taul,1K8T,i0GO,eIfMukw,CdPgMY1Z52,hdqt,9_Y1,15m3,VpdQ,haYg,me75fM6ugJ,kIsH,uKAI,L84s,XfqtO3UdzaXh_,XTbPUYD,8644,cJvF,FzaX,ue3v1FD,oslk,E11ObSS,LM8l689qOp,FSa2,RAYp,TCU50_Yjmm6GIBZ0lL_
0,2520,7,8936,556,695,568,166.56,0,0,0,5.892544,36,226,119,1124064,0,26781.45,0,24,88,136,23802.56,1575,0,13581,0,2676030,343130,255,0,18,589694,3709276,78,480240,0,0,1YVgUHXZeb,NRCqczK,CiJDdr4TQ0rGERIS,1K8T,0Xwj,fhk21Ss,MV4DUjA,V9OO,HLqf,STGZ,VpdQ,y6dw,7M47J5GA0pTYIFxg5uy,sBgB,uKAI,L84s,MeOIHRG3F9,uZL67c5,gI4i,cJvF,FzaX,4UxGlow,zCkv,catzS2D,jySVZNlOJy,453m,ZI9m,NoEd
0,945,7,1108,100,125,16,294.96,15,5725170,0,4.551591,9,124,0,2468424,0,191025.3,20,0,40,24,-110345.2,550,72,468,40,3253340,235590,3590,0,54,239526,9449440,8,0,2,7,DHeTmBftjz,2Knk1KF,taul,1K8T,0Xwj,0mQduRc,QRUkxCQ,XCko,F3hy,4N0K,VpdQ,CoYW,me75fM6ugJ,kIsH,uKAI,Mtgm,XfqtO3UdzaXh_,XTbPUYD,sMxj,cJvF,FzaX,JthK5YS,oslk,AV7svbM,LM8l689qOp,Qu4f,RAYp,55YFVY9
0,1386,14,2572,252,315,72,286.96,0,1226838,0,2.439009,18,58,49,4713040,0,33001.8,10,14,96,80,254138.8,1140,54,19584,0,8700650,110740,470,0,9,774116,10808760,52,331758,0,0,npOt0G8EIb,RO12,taul,1K8T,wOc1,tsKMUDL,N4xbMThNdK,3zem,9_Y1,k13i,VpdQ,IYzP,me75fM6ugJ,kIsH,uKAI,L84s,NhsEn4L,mAjbk_S,maPP,cJvF,FzaX,lbr8hdx,oslk,eiyRusu,LM8l689qOp,fKCe,RAYp,F2FyR07IdsN7I
0,4270,14,648,96,120,56,253.52,0,1778196,0,2.688314,27,178,105,3801696,0,6937.8,0,0,24,48,-178382.8,905,30,17991,0,2376060,1108828,2785,0,45,0,7204800,12,0,0,0,bt0mfo875g,qqimvRzsp8ZZdKRPgzLg68joSn_k,taul,1K8T,7gSz,fhk21Ss,Tg7jjBB,8Cnp,9_Y1,_48V,VpdQ,y6dw,7M47J5GA0pTYIFxg5uy,kIsH,uKAI,L84s,_5OXC8MSLt,XTbj5PX,JTDI,cJvF,FzaX,4UxGlow,oslk,catzS2D,LM8l689qOp,3Cy4,ZI9m,iyHGyLCEkQ
0,2940,7,3132,188,235,72,166.56,5,1749690,0,6.358898,9,38,0,5068032,0,59389.5,20,4,56,64,133217.6,1030,36,4410,8,7217900,329788,720,0,0,0,10663320,36,106338,0,0,75lTmBtFkL,AERks4l,taul,z3mO,0Xwj,V6R7GMk,k10MzgT,cTqg,HLqf,C6Eu,VpdQ,IYzP,GjJ35utlTa_GNSvxxpb9ju,sBgB,uKAI,L84s,JBfYVit4g8,uZLz8Sc,ZT0v,UYBR,FzaX,VgKtpkh,Al6ZaUT,CxD378S,jySVZNlOJy,rgKb,02N6s8f,xwM2aC7IdeMC0
0,1512,7,512,60,75,32,200,0,30510,0,5.500748,18,160,0,13744,0,14824.29,0,0,8,8,-182856.4,560,12,53181,0,85130,12176,5,0,9,12026,119668,16,0,0,0,2jigUH7ejg,AERks4l,taul,1K8T,72yt,fhk21Ss,3YDCvKmfJfpMkIzl,H5aB,9_Y1,1Bp0,VpdQ,lVqb,7M47J5GA0pTYIFxg5uy,kIsH,uKAI,L84s,leSl,teA09W3,1Neh,cJvF,FzaX,4UxGlow,QKW8DRm,catzS2D,LM8l689qOp,WqMG,ZI9m,ib5G6X1eUxUn6
0,1092,7,924,136,170,32,299.2,5,4393410,0,4.486007,9,150,147,1267232,0,42793.2,25,4,32,16,142629.6,545,60,5031,8,4328820,633616,385,0,54,0,10510520,22,950424,0,0,puvq9aX0Db,2Knk1KF,taul,1K8T,TLkP,fhk21Ss,q2tfFQq,x3o3,9_Y1,Y9Bl,VpdQ,CoYW,7M47J5GA0pTYIFxg5uy,kIsH,uKAI,L84s,E1aAZ0x7vd,CWNz16o,604y,UYBR,FzaX,4UxGlow,QKW8DRm,catzS2D,LM8l689qOp,uWr3,ZI9m,ib5G6X1eUxUn6
0,210,0,0,36,45,8,186.64,0,432228,0,4.554155,9,22,0,4198672,9,217916.1,0,0,8,8,-739164,330,6,0,32,3326100,38962,0,6,9,0,5126280,12,0,0,0,1YVTmBftjz,RO12,taul,1K8T,0Xwj,77fJ9iC,oI3dOfoZBD,rdmX,HLqf,YePk,sJzTlal,zm5i,me75fM6ugJ,sBgB,uKAI,L84s,NhsEn4L,mAja5EA,L6Hq,cJvF,FzaX,t5EvdH_,oslk,E2dQguc,LM8l689qOp,Qu4f,RAYp,F2FyR07IdsN7I
0,336,0,0,524,655,176,200,10,159660,0,4.866695,9,16,0,1987192,0,38495.7,0,12,64,200,-540060,880,6,0,16,3835790,573420,0,0,0,375788,6004200,154,1033038,0,0,zKnr4RXktW,RO12,taul,1K8T,ChAX,6Z7Jmw_,S85VnNtF9z,zuv2,9_Y1,Zazx,VpdQ,IYzP,DHn_WUyBhW_whjA88g9bvA64_,kIsH,uKAI,Mtgm,PWD40mS,y5F4t8Z,WMli,UYBR,FzaX,6nlwyyT,Al6ZaUT,Sh5qPCU,LM8l689qOp,Xa3G,02N6s8f,F2FyR07IdsN7I
0,252,7,492,72,90,16,166.56,0,3444,0,5.991668,9,128,14,44792,0,6097.05,0,2,0,24,-2078108,390,6,11250,0,152780,8118,1670,0,9,0,169364,22,9318,0,0,75lTmBtFkL,onTuEhrJJQy_H3IHkZku5AFczhYGqxJ890,taul,1K8T,EJC9,fqeOwLG,I1sqWRxUAv,mVfa,9_Y1,C6Eu,09_Q,kxE9,7M47J5GA0pTYIFxg5uy,kIsH,uKAI,Mtgm,tbewxY_YSo,OFqjQwt,K7ao,UYBR,FzaX,fxJmel6,JIiEFBU,WfsWw2A,LM8l689qOp,rgKb,ZI9m,iyHGyLCEkQ
0,707,7,40,152,190,88,200,0,0,0,1.265969,9,66,7,606000,0,31756.2,0,4,40,48,167780.4,510,0,35739,0,352735,133560,1125,0,0,328510,939396,38,130632,0,0,ZSNrjIX0Db,RO12,taul,1K8T,dTod,82ydmQ4,gRMqgqpgI1QYsH4l,ICn7,9_Y1,xQ2A,VpdQ,IYzP,me75fM6ugJ,kIsH,uKAI,L84s,NhsEn4L,TDceha3,Zjf8,cJvF,FzaX,FonmS85,oslk,PC0a_vf,LM8l689qOp,5Acm,RAYp,F2FyR07IdsN7I
0,623,7,120,136,170,24,286.96,0,3179232,0,0.1527451,9,58,126,3246896,0,151075.2,20,0,32,40,90465.6,570,54,22527,0,5435500,486970,2750,0,9,0,10447680,26,0,0,0,64ngUH7IEC,RO12,taul,1K8T,72yt,WIUbfVI,oY8BeVP,VIee,9_Y1,m_h1,VpdQ,sYC_,me75fM6ugJ,kIsH,uKAI,L84s,NhsEn4L,kZJXxsX,c7ea,UYBR,FzaX,31vOjel,oslk,Nwm7kpB,LM8l689qOp,WqMG,RAYp,F2FyR07IdsN7I
0,763,7,17828,120,150,0,253.52,0,10368000,0,4.260628,9,122,280,0,0,236333.1,45,0,32,0,137789.6,480,120,4617,0,432000,0,955,0,9,0,10368000,2,0,0,0,zcRZptzip9,2Knk1KF,taul,1K8T,487l,Wtcc5gJ,FoJylxy,Oryy,9_Y1,t_4G,VpdQ,kxE9,me75fM6ugJ,kIsH,uKAI,L84s,h0lfDKh52u4GP,IoI4mKe,t89X,UYBR,FzaX,_McRoKG,oslk,pWu6FsY,jySVZNlOJy,Qu4f,RAYp,55YFVY9
0,777,0,180,136,170,0,186.64,0,9331200,0,0.6853237,9,116,7,1614040,0,236095.5,30,4,48,32,119785.2,490,108,64557,0,1613075,0,0,0,9,35812,10600160,8,528690,0,0,639TmBQxul,2Knk1KF,taul,1K8T,pJUk,X94uP03,r83_sZi,UiFw,9_Y1,TjV7,VpdQ,sYC_,me75fM6ugJ,kIsH,uKAI,L84s,NhsEn4L,teAyFc5,CyrB,UYBR,FzaX,YXh0FxM,oslk,s5vObSS,LM8l689qOp,FSa2,RAYp,55YFVY9
0,1316,7,4024,128,160,104,220.08,0,951024,0,4.923093,18,172,70,2764800,0,98484.91,0,8,32,32,-412908,815,18,14040,0,3327305,2082220,1140,0,18,0,10225120,16,2073600,0,0,DHeq9ayfAo,AERks4l,taul,1K8T,mAW3,fhk21Ss,nQU2P_OLn0,kbho,9_Y1,kJJ7,VpdQ,hAFG,7M47J5GA0pTYIFxg5uy,kIsH,uKAI,L84s,4kVnq_T26xq1p,IoIcawr,Zo1t,cJvF,FzaX,4UxGlow,zCkv,catzS2D,LM8l689qOp,7P5s,ZI9m,ib5G6X1eUxUn6
0,875,7,4,1112,1390,176,299.76,5,4543842,0,0.5562914,9,34,0,1484488,3,54284.7,45,48,480,224,-134348,1905,498,225,16,166425,1244700,20,0,27,81319,8895360,224,104154,0,0,EsYrjIX0Db,RO12,taul,1K8T,vsvk,6JEJgAs,NFlfMbKIm3,DssG,9_Y1,Nbbb,09_Q,kxE9,me75fM6ugJ,kIsH,uKAI,Mtgm,XfqtO3UdzaXh_,XTbPUYD,Ilsw,UYBR,FzaX,U3CYjZW,oslk,WmdTQlu,LM8l689qOp,5Acm,RAYp,F2FyR07IdsN7I
0,2877,7,800,100,125,64,166.56,5,562284,0,6.654134,9,138,42,150752,0,27899.55,10,4,32,64,-672668,1000,18,84969,8,30095,229424,930,0,9,0,1452348,4,327714,0,0,5_lq9aXt5a,2Knk1KF,taul,1K8T,Uk76,fhk21Ss,r83_sZi,WQdw,9_Y1,Y9Bl,VpdQ,wMei,7M47J5GA0pTYIFxg5uy,kIsH,uKAI,L84s,E1aAZ0x7vd,OFqVH0t,V_pW,cJvF,FzaX,4UxGlow,QKW8DRm,catzS2D,LM8l689qOp,uWr3,ZI9m,ib5G6X1eUxUn6
0,1806,7,0,80,100,16,320,0,6866460,0,2.44029,9,60,0,485448,0,88607.41,5,2,8,8,229756,860,42,108,0,3933785,219694,80,0,18,0,9762880,16,1055280,0,0,qXhvyxLp3Z,RO12,taul,1K8T,ssAy,OfJo7aV,GHfL3MpXAX,WClt,9_Y1,vzJD,VpdQ,IYzP,me75fM6ugJ,kIsH,uKAI,L84s,NhsEn4L,TDceha3,2kka,cJvF,FzaX,Nr9j9cC,oslk,TBXQ5_S,LM8l689qOp,xb3V,RAYp,F2FyR07IdsN7I
0,7098,14,4292,4656,5820,3000,296.96,0,4421748,0,2.080966,27,190,224,3007904,0,26532.84,495,352,1120,432,392291.6,9415,2022,48492,0,3665115,674142,2995,0,72,386218,10210240,246,784656,0,0,vAsvyx7ejg,LrdZy8QqgUfkVShG,taul,1K8T,7wJ6,fhk21Ss,nQUBcBcErl,jv62,9_Y1,RcM7,VpdQ,y6dw,7M47J5GA0pTYIFxg5uy,kIsH,uKAI,L84s,_5OXC8MSLt,XTbQpf0,A1VJ,UYBR,FzaX,4UxGlow,oslk,catzS2D,M_8D,szEZ,ZI9m,ib5G6X1eUxUn6
0,1743,7,0,336,420,136,166.56,0,539970,0,2.741935,9,30,0,373480,0,21054,40,4,56,64,-50344.8,910,198,1206,0,376885,317260,215,0,0,91238,2156740,32,474300,0,0,1nlTmBtueT,RO12,taul,1K8T,487l,A4fnQZj,6JhQ5n9,hGpy,9_Y1,47ra,09_Q,IYzP,me75fM6ugJ,kIsH,uKAI,L84s,NhsEn4L,mAjbk_S,FA58,cJvF,FzaX,9qlAWQ7,oslk,ERuOTZB,LM8l689qOp,rgKb,RAYp,F2FyR07IdsN7I
0,1120,7,460,176,220,64,166.56,0,2969844,0,3.476821,9,56,35,1812184,0,93947.7,15,10,24,48,-78754,640,54,873,0,3214865,246018,140,0,9,272489,6726040,26,728886,0,0,P1WvyxLp3Z,RO12,taul,1K8T,0Xwj,crMnQZj,fc7YXF9,mvTk,F3hy,vzJD,VpdQ,IYzP,me75fM6ugJ,kIsH,uKAI,L84s,NhsEn4L,mAjbk_S,5rE1,UYBR,FzaX,4PcK5YS,oslk,bTP9hga,LM8l689qOp,xb3V,RAYp,F2FyR07IdsN7I
0,693,7,56,172,215,184,287.36,0,0,0,6.813074,9,34,7,2048424,0,178822.8,0,2,32,48,-137667.2,510,0,1449,0,1676185,553148,250,0,9,964684,3542116,26,105990,0,0,Yn7t0Go8Lb,RO12,taul,1K8T,lK27,QWnyDjD,V_KR_LD,akq8,9_Y1,YePk,VpdQ,zm5i,me75fM6ugJ,kIsH,uKAI,L84s,NhsEn4L,kZJtVhC,iQEp,cJvF,FzaX,UGoOhQy,oslk,SYvO_7b,LM8l689qOp,Qu4f,RAYp,F2FyR07IdsN7I
0,630,7,172,156,195,16,268.16,0,7044060,0,5.880367,9,30,42,1484936,0,213780,35,2,48,24,70817.2,575,90,56718,0,3021445,147854,5215,0,9,0,10666040,22,143118,0,0,FAJWq69cTy,RO12,taul,1K8T,8qEx,wEJSdMg,P9HTde2,0XzP,9_Y1,Px52,VpdQ,IYzP,me75fM6ugJ,kIsH,uKAI,L84s,NhsEn4L,kZJtVhC,JEC4,UYBR,FzaX,aMa88FJ,oslk,tM4OEra,LM8l689qOp,PM2D,RAYp,F2FyR07IdsN7I
0,1743,7,808,596,745,248,166.56,0,69168,0,1.577441,9,34,280,968488,0,11037.51,25,12,120,264,187890,1755,96,10341,0,1124205,430094,695,0,9,494886,2487952,116,247152,0,0,HAoOj1KXzC,RO12,taul,1K8T,0Y9G,2gN8HPr,LGk3GNC3u14shA_j3Eb,hdFs,9_Y1,ID5l,09_Q,69fI,me75fM6ugJ,kIsH,uKAI,L84s,XfqtO3UdzaXh_,11p4mKe,YkQi,cJvF,FzaX,sx5ARL_,oslk,hFzRusu,LM8l689qOp,kwS7,RAYp,F2FyR07IdsN7I
0,686,7,4,140,175,48,280.08,0,3326484,0,1.654561,9,52,0,3141544,0,105553.8,20,2,40,40,64135.6,525,42,90,0,4796625,753000,35,0,9,0,10715760,24,475212,0,0,GcUBcmz45j,RO12,taul,1K8T,0WHw,m9HabdC,J3fgbi2,gvC7,9_Y1,EwzD,VpdQ,IYzP,me75fM6ugJ,kIsH,uKAI,Mtgm,NhsEn4L,TDcECyH,QTI0,UYBR,FzaX,QkcAfvB,oslk,CqZjPJU,LM8l689qOp,Qcbd,RAYp,F2FyR07IdsN7I
0,105,0,0,148,185,48,332.4,5,3210522,0,2.666097,18,16,0,0,0,106602,20,8,32,0,-205951.2,365,54,0,8,2920735,588634,0,0,0,554428,8188720,28,1900872,0,0,HrWq9aXt5a,RO12,taul,1K8T,487l,b2zbY3_,KyxX4chnKM,DUTG,9_Y1,Y9Bl,09_Q,IYzP,me75fM6ugJ,kIsH,uKAI,L84s,NhsEn4L,kZJyVg2,HrZo,UYBR,FzaX,2Wb19U9,oslk,SQ6wBif,LM8l689qOp,uWr3,RAYp,F2FyR07IdsN7I
0,224,0,0,56,70,0,190,0,52512,0,5.157231,9,22,0,6101408,0,238265.4,5,2,16,16,-2257.428,360,18,0,0,4948910,0,0,0,9,0,8114240,14,858402,0,0,GcUt0G8rTN,RO12,taul,1K8T,wOc1,_3J0EW7,7ruFuE4,xklo,9_Y1,e7QV,VpdQ,zm5i,me75fM6ugJ,kIsH,uKAI,L84s,NhsEn4L,mAja5EA,p2M1,UYBR,FzaX,Q_h871e,oslk,7zTdByr,LM8l689qOp,fKCe,RAYp,F2FyR07IdsN7I
0,1659,14,7688,288,360,120,253.52,0,215544,0,4.264473,45,116,462,1360784,0,58001.4,15,14,64,96,9393.72,755,24,41697,0,3379790,238154,180,0,27,260897,4553040,62,734784,0,0,oUPBcmzkzH,2Knk1KF,taul,1K8T,JLbT,P_IO4FC,S85hUvwQZb,Xoh1,9_Y1,WGOH,VpdQ,sYC_,me75fM6ugJ,kIsH,uKAI,L84s,NhsEn4L,teAyFc5,rdgs,UYBR,FzaX,WFgfrxM,oslk,HpgObSS,jySVZNlOJy,Qcbd,RAYp,55YFVY9
0,539,0,0,280,350,56,282.8,0,6798900,0,0.8632771,18,22,0,1874736,0,150949.5,35,4,56,64,-276552,790,126,0,0,2879740,223782,0,0,0,40446,10304440,50,116034,0,0,cFHt0GoOh3,AERks4l,taul,1K8T,7gSz,OX9nKvq,ThrrhXg,aFB2,9_Y1,t_4G,VpdQ,IYzP,DHn_WUyBhW_whjA88g9bvA64_,kIsH,uKAI,L84s,JBfYVit4g8,TDctq2l,4ls8,cJvF,FzaX,U8IF95t,Al6ZaUT,5i2qwU1,LM8l689qOp,Qu4f,02N6s8f,xwM2aC7IdeMC0
0,861,7,0,136,170,48,186.64,0,4310250,0,1.147618,9,58,0,2307120,0,53589.9,25,2,32,32,167304,555,54,1314,0,3223725,347962,155,0,18,1379280,9378320,18,861486,0,0,MtpBcmzkzH,RO12,taul,1K8T,uErj,XX34iqB,ELRUn57,Xmim,9_Y1,yrDU,VpdQ,hAFG,me75fM6ugJ,kIsH,uKAI,L84s,XfqtO3UdzaXh_,11p4mKe,ozF7,cJvF,FzaX,nf9OhQy,oslk,P6mQZmh,LM8l689qOp,Qcbd,RAYp,F2FyR07IdsN7I
0,357,0,0,236,295,152,166.56,0,0,0,6.581713,9,20,0,31040,0,11050.47,5,8,16,24,-292007.2,855,0,0,0,676730,169828,0,0,0,90531,974264,64,103560,0,0,V8lt0G8rTN,RO12,taul,1K8T,TyGl,q9gARMl,GHfL3MpXAX,KBdR,9_Y1,k13i,VpdQ,IYzP,me75fM6ugJ,kIsH,uKAI,L84s,NhsEn4L,TDcwKda,hRV8,UYBR,FzaX,zQ_4jrS,oslk,3L2y2B0,LM8l689qOp,fKCe,RAYp,F2FyR07IdsN7I
0,700,7,152,20,25,8,291.2,0,0,0,3.96112,9,54,0,27768,9,5531.34,0,2,32,24,-12816.56,140,0,8460,40,0,1180,10,0,0,31871,20572,0,6492,0,14,dRagUHXM47,RO12,taul,1K8T,ChAX,Jn8nx5A,gG7Uh_O5Ag,UBVb,9_Y1,8BBI,09_Q,IYzP,me75fM6ugJ,kIsH,uKAI,L84s,NhsEn4L,mAjbk_S,eS5T,cJvF,FzaX,b0vNgdR,oslk,yOuy5oW,LM8l689qOp,453m,RAYp,F2FyR07IdsN7I
0,12012,0,0,5900,7375,1664,286.96,0,1103502,0,1.31019,9,24,0,530192,0,4346.4,695,170,1504,1320,-1361892,27315,2454,0,8,957320,174358,0,0,0,113582,2485100,938,197568,2,0,1JGTmBQZiT,RO12,taul,1K8T,PGNs,Q9Rq8UC,EAuxEkj,8d_Q,9_Y1,TjV7,VpdQ,IYzP,me75fM6ugJ,kIsH,uKAI,L84s,NhsEn4L,7Ww66JZ,ckPi,UYBR,FzaX,NRwYlW4,oslk,zwFAGfT,LM8l689qOp,FSa2,RAYp,F2FyR07IdsN7I
0,833,7,48,140,175,88,53.52,0,373968,0,6.739585,9,32,0,4140232,0,203698.5,0,4,32,56,65888,505,18,2556,0,4797895,1870518,245,0,9,0,10590000,24,1036800,0,0,75lq9ayfAo,RO12,taul,1K8T,lK27,Xlthli9,yiXTc3CbD1,tw0h,9_Y1,F_Lu,VpdQ,zm5i,me75fM6ugJ,kIsH,uKAI,L84s,NhsEn4L,mAjbk_S,twGf,cJvF,FzaX,U8IKsQe,oslk,R2LdzOv,LM8l689qOp,TNEC,RAYp,F2FyR07IdsN7I
0,70,0,0,76,95,8,186.64,0,6309360,0,4.495407,9,14,0,1267280,0,320298,15,0,8,16,25354.44,170,36,0,0,2284905,43434,0,0,0,0,9767800,14,0,0,0,xOXTmBtFkL,RO12,taul,1K8T,ssAy,LrukueW,zJIwUbLPQVlp8,lYhq,9_Y1,C6Eu,09_Q,IYzP,me75fM6ugJ,kIsH,uKAI,L84s,NhsEn4L,mAja5EA,dKbH,cJvF,qxDb,meW8iqZ,oslk,1VXQv5o,LM8l689qOp,rgKb,RAYp,F2FyR07IdsN7I
0,1015,14,2292,116,145,56,143.28,0,2940132,9,5.052126,45,62,14,1837000,6,121543.2,10,2,24,24,328346.4,405,42,414,24,3214245,2073800,13630,0,27,554414,10548000,18,475212,0,0,cFHt0GoOh3,RO12,taul,1K8T,0Xwj,iJzviRg,ilrY4YM,bWuP,HLqf,t_4G,09_Q,wMei,7M47J5GA0pTYIFxg5uy,sBgB,uKAI,Mtgm,4kVnq_T26xq1p,jaw7Q1n,luKx,UYBR,FzaX,ch2oGfM,zCkv,P6pu4Vl,jySVZNlOJy,Qu4f,ZI9m,R4y5gQQWY8OodqDV
0,3661,7,4308,396,495,104,200,0,1594494,0,5.51207,54,160,574,968448,0,29644.62,60,24,136,64,-225448.4,2700,156,207,0,1336450,346428,5410,0,45,135520,4580360,56,195504,0,0,Y3tqrQKzJV,AERks4l,taul,1K8T,AnrR,fhk21Ss,J3fgbi2,S9ge,9_Y1,15m3,VpdQ,haYg,7M47J5GA0pTYIFxg5uy,kIsH,uKAI,L84s,9fipLB8rlL,pMWHTVR,JKCf,UYBR,FzaX,4UxGlow,zCkv,catzS2D,LM8l689qOp,FSa2,ZI9m,ib5G6X1eUxUn6
0,602,7,64,128,160,0,286.96,10,10553160,0,0.3215125,18,28,0,0,0,219753,45,0,32,0,123450,515,126,3222,16,552675,0,115,0,9,0,10588000,4,0,0,0,2jigUH7ejg,RO12,taul,1K8T,TIPl,5EpyqQo,n1zVHpT8NN,3lgo,9_Y1,m_h1,09_Q,zm5i,me75fM6ugJ,kIsH,uKAI,L84s,NhsEn4L,kZJyVg2,lkWc,UYBR,FzaX,OTgTUAd,oslk,GeD8gbh,LM8l689qOp,WqMG,RAYp,F2FyR07IdsN7I
0,1183,7,2920,188,235,72,262.88,0,2872638,0,3.01709,9,42,0,2515680,0,152166,20,10,48,56,158648.8,760,48,35811,0,4497595,997602,675,0,18,1814400,10421160,28,1121328,0,0,vNEvyxLp3Z,RO12,taul,1K8T,ssAy,6KF0k8W,VqnbMThC8i,SFE6,9_Y1,vzJD,09_Q,IYzP,me75fM6ugJ,kIsH,uKAI,L84s,NhsEn4L,mAjbk_S,x0_n,cJvF,FzaX,ot6oLzk,oslk,IIvC99a,LM8l689qOp,xb3V,RAYp,F2FyR07IdsN7I
0,539,0,0,240,300,48,442.48,0,6054300,0,2.788507,9,18,0,675032,0,50926.5,40,4,48,16,-66558.4,2155,150,0,0,2146230,413936,0,0,0,493892,9773960,34,640734,0,0,voArjIXt5a,RO12,taul,1K8T,80HR,2LUe_ev,glRBFJT8NN,xSQh,9_Y1,xQ2A,VpdQ,IYzP,me75fM6ugJ,kIsH,uKAI,L84s,NhsEn4L,kZJyVg2,f0j3,cJvF,FzaX,KVXR98m,oslk,EHC0WQG,LM8l689qOp,5Acm,RAYp,F2FyR07IdsN7I
0,1246,7,32,716,895,160,300.32,0,6203640,0,6.074556,9,68,0,340136,0,93357,60,4,384,328,239405.6,1270,348,9585,0,1909685,831398,20,0,27,0,10365120,92,635376,0,0,Yn7t0Go8Lb,RO12,taul,1K8T,IIni,PTPnCPt,I1sqWRxUAv,t7tD,9_Y1,rGJy,sJzTlal,43pnToF,me75fM6ugJ,kIsH,uKAI,Mtgm,NhsEn4L,mAja5EA,XZu1,UYBR,FzaX,t0r88FJ,oslk,CqxAwsZ,LM8l689qOp,Qu4f,RAYp,F2FyR07IdsN7I
0,1869,21,2588,428,535,192,180.56,0,219366,0,2.512925,45,176,84,423456,0,7974.21,5,26,152,168,-924272,1275,108,265095,0,305270,85646,4370,0,45,117796,925444,60,209982,0,0,DQlrEyXXnK,g62hiBSaKg,taul,1K8T,0Xwj,fhk21Ss,EXpWEXgaYpMJ7,82Y0,HLqf,H1uM,VpdQ,sYC_,7M47J5GA0pTYIFxg5uy,sBgB,uKAI,Mtgm,QsQAxv5,pMWAZpz,sjNV,cJvF,AU8pNoi,4UxGlow,QKW8DRm,catzS2D,LM8l689qOp,Aoh3,ZI9m,ib5G6X1eUxUn6
0,5712,21,2940,668,835,416,166.56,0,2672688,0,5.640889,36,90,1092,1546128,0,10287.27,20,52,192,208,204412.4,3230,96,5985,0,3940605,664932,1880,0,0,345702,8008960,86,670278,0,0,AUUt0GoOh3,RO12,taul,1K8T,lK27,8RVBmIU,ELRUn57,Taoo,9_Y1,Z5OU,VpdQ,sYC_,me75fM6ugJ,kIsH,uKAI,L84s,NhsEn4L,kq0aHkC,ewhY,UYBR,FzaX,HlomS85,oslk,MMuldxq,LM8l689qOp,Qu4f,RAYp,F2FyR07IdsN7I
0,1211,21,1788,328,410,96,220.08,0,8169900,0,3.558214,36,134,14,1427752,0,167135.1,35,20,40,120,180715.6,965,102,55872,0,2048200,266270,240,0,36,9695,10718080,42,24954,0,0,4bwt0GoOh3,2Knk1KF,taul,1K8T,0Xwj,b8EvARv,o64y9zI,3XiJ,F3hy,rGJy,VpdQ,Tkho,me75fM6ugJ,kIsH,uKAI,L84s,NhsEn4L,beK4AFX,7EM2,UYBR,FzaX,Q_huhvP,oslk,QqIaRTx,LM8l689qOp,Qu4f,RAYp,55YFVY9
0,875,7,0,132,165,112,186.64,0,1548096,0,0.9863278,9,42,0,698072,0,189260.7,15,12,40,16,753508,510,24,423,0,1555595,2419200,15,0,18,0,10395400,8,2889330,0,0,mCGq9ayE15,RO12,taul,1K8T,lK27,Ml6pXKQ,9YuYZx0Xsm,c0__,9_Y1,kJJ7,VpdQ,IYzP,me75fM6ugJ,kIsH,uKAI,L84s,NhsEn4L,mAja5EA,LP8n,cJvF,FzaX,Y2C68SY,oslk,RJNqhZX,LM8l689qOp,7P5s,RAYp,F2FyR07IdsN7I
0,3052,7,448,528,660,304,200,0,82470,0,0.8436232,9,50,70,612752,0,3743.37,0,38,176,328,583.284,1545,102,13347,0,92920,119590,2545,0,18,52423,825948,34,226614,0,0,8I1r4RXXnK,RO12,taul,1K8T,lK27,fIZg0iR,II0S8f9,Phiv,9_Y1,TFSW,VpdQ,6JmL,me75fM6ugJ,kIsH,uKAI,L84s,XfqtO3UdzaXh_,XTbPUYD,uAgP,UYBR,FzaX,kM3Ojel,oslk,20HE4Qn,LM8l689qOp,Xa3G,RAYp,F2FyR07IdsN7I
0,707,7,1940,112,140,0,200,0,9331200,0,5.657338,9,118,98,0,0,253795.2,45,0,32,0,-378895.2,445,108,13653,0,9930,0,370,0,18,0,9219280,2,0,0,0,1KSr4RK2Mx,2Knk1KF,ArtjQZ8ftr3NB,1K8T,JLbT,7qvk2Zj,2Pfa30CvY0,yfpF,9_Y1,DtNL,09_Q,kxE9,me75fM6ugJ,kIsH,uKAI,L84s,XfqtO3UdzaXh_,XTbPUYD,BY9S,UYBR,FzaX,FhTm94s,oslk,TIxsTKW,M_8D,FSa2,RAYp,55YFVY9
0,917,0,0,128,160,0,186.64,0,7661700,0,3.504593,9,54,0,0,0,205519.8,40,4,32,0,120785.2,520,90,8280,0,2776120,0,0,0,9,0,10546640,14,1036800,0,0,wx50AqAqGL,RO12,taul,1K8T,PGNs,6YwyOPj,iG_TQSj,93co,9_Y1,RVjC,09_Q,IYzP,me75fM6ugJ,kIsH,uKAI,L84s,NhsEn4L,7WwX8Ya,Ioib,UYBR,FzaX,sTy4Erk,oslk,lAqub85,jySVZNlOJy,FSa2,RAYp,F2FyR07IdsN7I
0,868,7,12,100,125,40,166.56,0,138252,0,5.121555,9,56,0,108744,0,21273.15,0,4,16,16,-93580,590,24,2997,0,504635,72148,70,0,0,0,763880,24,104004,0,0,dRarjIK12c,RO12,taul,1K8T,PbOJ,BMnJ89M,UFIOuyR,t0aw,9_Y1,7WNq,VpdQ,IYzP,me75fM6ugJ,kIsH,uKAI,L84s,NhsEn4L,mAjbk_S,spyB,UYBR,FzaX,8d5YWu3,oslk,sXbT3Cb,LM8l689qOp,WqMG,RAYp,F2FyR07IdsN7I
0,140,0,0,148,185,24,263.52,0,9735780,0,5.559282,18,16,0,117032,0,213445.8,35,4,40,8,219081.2,335,126,0,0,531570,327808,0,0,0,0,10675440,6,950466,0,0,gE8Wq6edh4,RO12,taul,1K8T,lK27,r6ccy5d,J1MZ1kd,mYaA,9_Y1,_xpN,sJzTlal,IYzP,me75fM6ugJ,kIsH,uKAI,L84s,NhsEn4L,kZJtVhC,lNFY,cJvF,FzaX,LWkYE38,oslk,8ag7A2G,LM8l689qOp,FSa2,RAYp,F2FyR07IdsN7I
0,707,7,1400,148,185,96,298.88,0,636342,0,2.324717,18,88,77,3829792,0,175547.7,0,4,32,48,107392.8,545,30,47781,0,3947040,2073600,3295,0,18,0,10318400,24,1011660,0,0,HYTrjIK12c,RO12,taul,1K8T,TyGl,ryQlmqV,4O0D7cBiOG,31ev,9_Y1,7WNq,09_Q,lVqb,me75fM6ugJ,kIsH,uKAI,Mtgm,XfqtO3UdzaXh_,11p4mKe,FfTq,UYBR,FzaX,CyvYWu3,oslk,Pm3QZmh,LM8l689qOp,WqMG,RAYp,F2FyR07IdsN7I
0,749,7,2124,136,170,32,286.96,0,4752396,0,4.675069,9,126,203,1900856,0,192039.3,35,2,40,24,175276,505,60,28467,0,3383385,633620,6440,0,27,554414,10627120,18,475206,0,0,V8lt0G8rTN,RO12,taul,1K8T,487l,6CXYbuk,wmPTCOK,uosd,9_Y1,k13i,VpdQ,hzlB,Kxdu,kIsH,uKAI,L84s,FMSzZ91zL2,11pG9ir,HIlz,UYBR,FzaX,ROeipLp,zCkv,K2SqEo9,LM8l689qOp,fKCe,6fzt,4rd_
0,203,7,4,20,25,8,200,0,0,0,3.082675,9,56,0,120,0,8067.57,0,4,24,8,-18684.16,95,0,48474,0,8905,6804,5,0,0,47201,47704,2,40368,0,0,1GdOj1KXzC,RO12,taul,1K8T,lK27,Q9RASYT,_jTP8ioIlJ,l_1U,9_Y1,ID5l,VpdQ,IYzP,me75fM6ugJ,kIsH,uKAI,L84s,NhsEn4L,mAjbk_S,mwBL,cJvF,FzaX,NRwAWQ7,oslk,fGIAGfT,LM8l689qOp,kwS7,RAYp,F2FyR07IdsN7I
0,1246,7,4604,156,195,8,298.16,0,6445620,0,1.071993,9,130,343,2764800,0,137566.5,25,2,32,32,114199.6,725,84,50553,0,3498320,76686,1830,0,18,0,10401200,28,62550,0,0,vAsvyx7ejg,2Knk1KF,taul,1K8T,0Xwj,PHNvXy8,glRBFJT8NN,qHTX,HLqf,xSqs,VpdQ,haYg,NKv3VA1BpP,sBgB,uKAI,L84s,Ie_5MZs,teAY_NX,m9o2,cJvF,FzaX,UF16siJ,zCkv,APgdzOv,jySVZNlOJy,szEZ,6fzt,Zy3gnGM
0,3717,7,80,276,345,104,220.08,0,1929516,0,0.1531724,9,36,0,975680,0,63235.2,45,16,128,64,104779.2,1430,60,6138,0,3150060,1902228,525,0,9,178472,10576920,42,2521698,0,0,8Iqt0G8rTN,RO12,taul,1K8T,Uk76,d1uSYVk,UnPVrhYT1Y,QIBm,9_Y1,e7QV,sJzTlal,wMei,me75fM6ugJ,kIsH,uKAI,L84s,NhsEn4L,7WwwAA_,KdQO,cJvF,FzaX,7Om87dl,oslk,ZXdOTZB,LM8l689qOp,fKCe,RAYp,F2FyR07IdsN7I
0,476,0,0,196,245,96,320.4,0,6684600,0,5.398206,9,18,0,2534568,0,108845.7,15,6,40,32,135399.6,1080,90,0,0,2232810,731934,0,0,9,554442,10657520,24,1099908,0,0,CEat0G8rTN,RO12,taul,1K8T,0Xwj,BoXLp7C,UFIdC8I,431x,F3hy,k13i,09_Q,zm5i,me75fM6ugJ,kIsH,uKAI,L84s,NhsEn4L,kZJtVhC,Extz,UYBR,FzaX,FhTR2zc,oslk,MyA9M4r,LM8l689qOp,fKCe,RAYp,F2FyR07IdsN7I
0,742,7,152,124,155,80,153.2,0,3819786,0,0.936552,9,60,7,1382400,0,230092.5,10,8,32,16,103277.6,480,48,4572,0,2160000,1723688,50,0,0,0,10486720,10,2073600,0,0,4bwt0GoOh3,RO12,taul,1K8T,7gSz,6zFJt03,Tg7jjBB,6YaA,9_Y1,rGJy,VpdQ,IYzP,me75fM6ugJ,kIsH,uKAI,L84s,NhsEn4L,TDceha3,948R,cJvF,FzaX,ZDjvOIl,oslk,G9mQQMs,M_8D,Qu4f,RAYp,F2FyR07IdsN7I
0,1204,14,1232,240,300,112,133.12,0,0,0,0.2238838,18,54,329,2855888,0,48780.3,0,8,64,88,538400,850,0,5184,0,4307905,453160,955,0,9,336833,5989560,62,313440,0,0,Iskvyx875g,RO12,taul,1K8T,JLbT,ojHCYcI,V4E_TU9097,D6lg,9_Y1,MBhA,09_Q,haYg,me75fM6ugJ,kIsH,uKAI,L84s,XfqtO3UdzaXh_,XTbPUYD,5smi,UYBR,FzaX,KtBOw16,oslk,NKvz4Af,LM8l689qOp,WqMG,RAYp,F2FyR07IdsN7I
0,553,7,472,148,185,16,166.56,0,0,0,0.6137577,18,154,0,204112,0,11777.07,0,10,32,224,-193901.2,345,0,9612,0,10375,5416,30,0,36,16639,137916,4,25092,0,0,CEaBcmz45j,g62hiBSaKg,taul,1K8T,YPhp,fhk21Ss,lGX0Z38RhO,u2ld,9_Y1,rzbc,sJzTlal,y6dw,7M47J5GA0pTYIFxg5uy,kIsH,uKAI,L84s,XfqtO3UdzaXh_,XTbPUYD,spJV,cJvF,FzaX,4UxGlow,oslk,catzS2D,LM8l689qOp,Qcbd,ZI9m,ib5G6X1eUxUn6
0,1498,7,248,308,385,120,200,0,1157700,0,5.230079,18,88,14,319024,0,27650.55,80,12,16,16,-259233.6,1220,42,405,0,443945,331288,70,0,9,69167,2855624,62,180144,0,0,52Iq9ayE15,RO12,taul,1K8T,tzKK,iJzviRg,YQcPlrpk3ptPA,zZpU,9_Y1,vm5R,VpdQ,sYC_,7M47J5GA0pTYIFxg5uy,kIsH,uKAI,L84s,9fipLB8rlL,7WwcfkM,A7Vf,cJvF,FzaX,ch2oGfM,zCkv,P6pu4Vl,LM8l689qOp,7P5s,ZI9m,R4y5gQQWY8OodqDV
0,2429,14,1540,360,450,280,166.56,0,13650,0,6.248665,27,132,448,1195840,0,6513.12,5,12,112,160,-6477.44,1405,6,55260,16,390500,230172,13255,0,18,92694,1469244,54,120768,0,14,qFpmfo8zhV,2Knk1KF,taul,1K8T,QQSE,3FCrXBz,BBhiudN5VdgIL,YYvw,9_Y1,7pVf,VpdQ,haYg,7M47J5GA0pTYIFxg5uy,kIsH,uKAI,L84s,1YxyYTLbzthWO,_JdY_NX,D22N,cJvF,FzaX,oatipLp,zCkv,RsCQLlz,LM8l689qOp,wX53,vJ_w8kB,Zy3gnGM
0,770,7,512,128,160,8,220.08,0,0,0,2.900449,9,48,0,5529600,0,217449.3,0,0,32,64,168436.4,495,0,21141,0,9879150,3780,200,0,9,0,10675680,46,0,0,0,MlYvyx875g,RO12,taul,1K8T,TyGl,FZVtMxl,ElQylxy,952t,9_Y1,MBhA,09_Q,43pnToF,me75fM6ugJ,kIsH,uKAI,L84s,NhsEn4L,mAja5EA,j6nf,UYBR,tdJW_Pm,B9vNioI,oslk,pHOw_BK,bCPvVye,WqMG,RAYp,F2FyR07IdsN7I
0,308,0,0,460,575,176,282.88,0,707226,0,4.264687,9,14,0,709520,0,13334.43,45,12,136,128,51514,825,48,0,0,520105,247628,0,0,0,45584,2115504,108,34194,0,0,ZSNq9atbb6,RO12,taul,1K8T,5B99,gjtEWXn,GHfL3MpXAX,uSSw,9_Y1,KfYH,VpdQ,IYzP,me75fM6ugJ,kIsH,g5HH,L84s,NhsEn4L,TDc4Td_,HsUK,cJvF,FzaX,JptRsCb,oslk,2wCqs0R,LM8l689qOp,me1d,RAYp,F2FyR07IdsN7I
0,1141,7,4304,240,300,160,133.12,0,21960,0,6.548387,18,128,784,402912,0,21270.27,5,10,56,48,-1206264,845,18,103878,0,1175675,734208,800,0,18,320488,2830460,50,307884,0,0,75lq9ayfAo,rEUOq2QD1qfkRr6qpua,taul,1K8T,hAOr,fhk21Ss,9xAFApr,gzjv,9_Y1,F_Lu,09_Q,kxE9,7M47J5GA0pTYIFxg5uy,kIsH,uKAI,L84s,4kVnq_T26xq1p,y5F2n31,AbMb,cJvF,FzaX,4UxGlow,zCkv,catzS2D,LM8l689qOp,TNEC,ZI9m,ib5G6X1eUxUn6
0,1652,7,2528,304,380,280,143.12,0,1842,0,2.787225,18,94,91,158496,0,3312.12,5,10,120,144,-730048,925,6,15894,0,82180,67630,3110,0,18,51674,302464,32,31446,0,0,HAoOj1KXzC,RO12,taul,1K8T,lK27,9GJGgoz,o5s5gdL,U_8b,9_Y1,jdbz,VpdQ,wMei,Kxdu,kIsH,uKAI,Mtgm,FMSzZ91zL2,11pMkO_,NwRz,UYBR,FzaX,Tvpip6Z,zCkv,hHJsvbM,LM8l689qOp,kwS7,6fzt,SbOd7O8ky1wGNxp0Arj0Xs
0,2380,7,96,308,385,128,173.28,0,15558,0,4.421278,9,52,0,261568,0,14687.1,25,10,72,120,-45710,1330,18,47529,0,722095,71956,190,0,0,45612,935152,66,51198,0,0,8Fdr4RXXnK,RO12,taul,1K8T,dWQK,B4gu5tB,0IWZqtp,78Ig,9_Y1,TFSW,VpdQ,IYzP,me75fM6ugJ,kIsH,uKAI,L84s,NhsEn4L,TDcECyH,GMiK,cJvF,FzaX,l8AOtFs,oslk,ZjpR6zD,LM8l689qOp,Xa3G,RAYp,F2FyR07IdsN7I
0,623,0,0,188,235,56,233.44,0,0,0,6.965605,9,64,0,1413912,0,56749.5,0,34,56,72,-1400540,540,0,1791,0,2482335,320716,0,0,0,629804,3558888,28,336948,0,0,CxSr4RXktW,RO12,taul,1K8T,AHrt,GQplhSa,9YuYZx0Xsm,0utj,9_Y1,ZKJc,VpdQ,IYzP,me75fM6ugJ,kIsH,uKAI,L84s,NhsEn4L,kq0lCGt,9UWP,cJvF,FzaX,9WbYE38,oslk,ZI_Qhib,LM8l689qOp,7FJQ,RAYp,F2FyR07IdsN7I
0,5229,7,24,1092,1365,392,290.16,0,5578080,0,4.462721,9,36,0,1865160,0,43242.3,85,58,360,432,121781.2,2845,258,207,0,3400165,500104,25,0,9,331422,10366040,162,598146,0,0,1JGr4RKzJV,RO12,taul,1K8T,TyGl,Z4hPoJV,Q50Ydp0,IPea,9_Y1,DtNL,09_Q,zm5i,me75fM6ugJ,kIsH,7A3j,L84s,NhsEn4L,kZJyVg2,qJKz,UYBR,FzaX,25c0nTz,oslk,xiJRusu,LM8l689qOp,FSa2,RAYp,F2FyR07IdsN7I
0,1855,7,12,316,395,24,220.48,0,34866,0,4.950652,9,34,0,636136,0,4968.78,5,0,88,176,-64520.8,1165,24,351,0,724020,9362,75,0,0,82411,940252,98,0,0,0,9rAq9at_88,RO12,taul,1K8T,0Xwj,pKIL3j7,yLQX8HOoy1,qqlk,F3hy,KfYH,09_Q,IYzP,me75fM6ugJ,kIsH,g5HH,L84s,NhsEn4L,TDc4Td_,7mgE,cJvF,FzaX,7DID5lR,oslk,JIB9h3w,LM8l689qOp,me1d,RAYp,F2FyR07IdsN7I
0,2205,7,1324,280,350,192,307.04,0,950418,0,2.818201,9,154,21,207352,12,5274.99,0,22,56,136,-623188,1090,12,104652,48,206315,99960,2155,0,9,19159,1180868,32,117912,0,14,qXhvyxLp3Z,2Knk1KF,taul,1K8T,Xa_z,8Nsn57c,4l4G867,3LBe,9_Y1,vzJD,09_Q,sYC_,me75fM6ugJ,kIsH,uKAI,L84s,XfqtO3UdzaXh_,XTbPUYD,WGCv,cJvF,FzaX,07m8iqZ,oslk,VjJAgOW,LM8l689qOp,xb3V,RAYp,TCU50_Yjmm6GIBZ0lL_
0,4333,21,3436,528,660,352,200,0,42990,0,1.893826,36,204,91,679432,0,4705.29,0,26,184,216,-1476208,2260,54,1548,0,313785,127034,710,0,45,173145,974280,78,151212,0,0,1JGr4RKzJV,AERks4l,CiJDdr4TQ0rGERIS,1K8T,0Xwj,fhk21Ss,nQU2P_OLn0,Ha2D,HLqf,DtNL,VpdQ,oZyB,7M47J5GA0pTYIFxg5uy,sBgB,uKAI,Mtgm,iwn6,LQcSaAj,3fQ5,cJvF,FzaX,4UxGlow,QKW8DRm,catzS2D,LM8l689qOp,FSa2,ZI9m,NoEd
0,833,14,6844,128,160,8,475.04,0,0,0,1.376202,45,132,77,6220800,0,216021.6,0,0,32,72,5634.44,515,0,9612,0,9113900,26618,3230,0,18,0,10454760,44,0,0,0,gE8Wq6edh4,2Knk1KF,taul,1K8T,kNzO,PHNvXy8,5q1hF23,nNGw,9_Y1,_xpN,09_Q,6JmL,NKv3VA1BpP,kIsH,uKAI,Mtgm,Ie_5MZs,OFqdri0,uTDD,UYBR,FzaX,UF16siJ,zCkv,APgdzOv,jySVZNlOJy,FSa2,6fzt,Zy3gnGM
0,770,7,7184,132,165,24,261.12,0,4277034,0,1.523179,18,38,301,1267264,0,224439.6,20,4,32,16,420972,495,54,29772,0,5103550,400498,595,0,9,554435,10269720,26,950460,0,0,DHegUHXZeb,RO12,taul,1K8T,pE9z,bd4J34g,NYI7gyRGMwl_nJyY,F4vN,9_Y1,STGZ,09_Q,zm5i,me75fM6ugJ,kIsH,uKAI,L84s,NhsEn4L,mAjbk_S,e9fs,UYBR,FzaX,OOCs94F,oslk,piPYdpM,jySVZNlOJy,453m,RAYp,F2FyR07IdsN7I
0,959,7,2072,136,170,64,196.64,0,2592000,0,6.556719,18,80,14,528024,0,78018.59,40,4,48,24,195424.8,475,30,6858,0,2342625,834812,6545,0,0,467719,8194120,16,435456,0,0,4e7Wq69R_D,RO12,taul,1K8T,ssAy,iJzviRg,ELRUn57,hst8,9_Y1,0A_v,VpdQ,IYzP,7M47J5GA0pTYIFxg5uy,kIsH,uKAI,L84s,4kVnq_T26xq1p,mAj2rsm,OJIM,UYBR,FzaX,ch2oGfM,zCkv,P6pu4Vl,jySVZNlOJy,PM2D,ZI9m,R4y5gQQWY8OodqDV
0,784,7,3100,168,210,64,286.96,0,2422632,0,2.78402,9,96,14,4236904,0,199515,5,8,48,56,183536.8,685,48,75762,0,5283950,1217382,1520,0,18,1209600,10760320,28,537528,0,0,NESWq69R_D,AERks4l,taul,1K8T,kNzO,PHNvXy8,767sa0XN9l,6JkR,9_Y1,z5Ry,09_Q,sYC_,NKv3VA1BpP,kIsH,7A3j,L84s,I6KzrtUCei,y5FFCkG,xW7K,UYBR,FzaX,UF16siJ,zCkv,APgdzOv,jySVZNlOJy,FSa2,6fzt,xwM2aC7IdeMC0
0,1295,7,896,156,195,96,286.96,0,13386,0,0.731254,27,38,343,1100984,0,34853.7,0,6,48,72,-1550680,635,6,61209,0,1060395,364682,130,0,18,311227,2298188,28,241638,0,0,8I1TmBtueT,AERks4l,taul,1K8T,AnrR,4REhli9,nQU6Y9VDCp,8tMU,9_Y1,c2JP,VpdQ,sYC_,GjJ35utlTa_GNSvxxpb9ju,kIsH,uKAI,L84s,JBfYVit4g8,kq0OAoI,SeaO,cJvF,FzaX,U8ISs9j,Al6ZaUT,R2LP0MI,LM8l689qOp,rgKb,02N6s8f,xwM2aC7IdeMC0
0,861,7,84,180,225,88,0,0,80790,0,1.559069,18,148,0,1345896,0,54405,5,6,64,112,195629.6,620,12,2070,0,1952855,402360,5,0,18,459494,3463092,28,463524,0,0,lAFr4RQZiT,2Knk1KF,taul,1K8T,lK27,PHNvXy8,LMDauou,2AEA,9_Y1,z5Ry,VpdQ,hAFG,NKv3VA1BpP,kIsH,uKAI,L84s,Ie_5MZs,CWNY2py,0IWb,UYBR,FzaX,UF16siJ,zCkv,APgdzOv,LM8l689qOp,FSa2,6fzt,Zy3gnGM
0,973,7,2448,132,165,152,253.52,0,1885638,0,0.4345225,9,120,21,1041272,0,170721,5,12,40,16,113388.8,530,24,43461,0,165900,3114200,450,0,45,1209600,10376560,2,3110400,0,0,yaKt0Go8Lb,2Knk1KF,taul,1K8T,g6No,6Z7JA2C,YHenSa7pPs,tWr9,9_Y1,rGJy,VpdQ,TIA9,me75fM6ugJ,kIsH,uKAI,L84s,XfqtO3UdzaXh_,11pEY2j,UC2E,UYBR,qxDb,K9BuLpj,oslk,Sh5K0JH,jySVZNlOJy,Qu4f,RAYp,55YFVY9
0,791,14,628,120,150,0,166.56,0,0,0,6.906644,27,120,7,5529600,0,238118.4,0,0,32,64,455496,470,0,22869,0,9504000,0,195,0,18,0,10368000,44,0,0,0,1nlTmBtueT,2Knk1KF,taul,1K8T,pdks,au1CPws,OthpAth,et5n,9_Y1,c2JP,VpdQ,hAFG,me75fM6ugJ,kIsH,uKAI,L84s,XfqtO3UdzaXh_,OFqmdNV,pv4R,UYBR,qxDb,_PxY_02,oslk,r7xOEra,jySVZNlOJy,rgKb,RAYp,55YFVY9
0,651,7,156,20,25,8,220.08,0,7257600,0,5.688955,9,54,0,0,0,204333,5,0,8,0,263633.6,370,12,26640,0,2885385,353618,1395,0,18,0,10273160,2,0,0,0,8I1r4RXXnK,RO12,taul,1K8T,uErj,H3rqtNX,_jTP8ioIlJ,m78k,9_Y1,Albh,VpdQ,haYg,me75fM6ugJ,kIsH,uKAI,Mtgm,XfqtO3UdzaXh_,11p4mKe,imSY,cJvF,FzaX,cXsYH7D,oslk,VOHAgOW,LM8l689qOp,Xa3G,RAYp,F2FyR07IdsN7I
0,91,0,0,196,245,112,198.8,5,5668302,0,2.270669,9,14,0,1392464,0,111057,25,0,32,64,-31680.84,330,78,0,8,2643560,566830,0,0,0,0,9381040,18,0,0,0,m9SrEy7Rm6,RO12,taul,z3mO,lK27,VjLN8e1,y2LuFUfSEo,3Q0L,9_Y1,H9GL,VpdQ,IYzP,me75fM6ugJ,kIsH,uKAI,L84s,NhsEn4L,kq00nJM,fDPA,UYBR,FzaX,ZN3fSEp,oslk,DrA79_c,LM8l689qOp,Aoh3,RAYp,F2FyR07IdsN7I
0,1484,7,1400,264,330,176,133.12,0,306012,0,5.971587,9,70,84,2291976,0,42043.5,10,6,48,72,-13235.84,1055,30,15381,0,1457635,720220,1670,0,0,1238139,4355680,50,597750,0,0,DHeq9ayfAo,RO12,taul,1K8T,tzKK,IMI3Naj,Pkku4gO,1_v2,9_Y1,vm5R,VpdQ,IYzP,me75fM6ugJ,kIsH,uKAI,L84s,NhsEn4L,TDceha3,qjDV,UYBR,qxDb,NI568SY,oslk,kWFEVJ2,LM8l689qOp,7P5s,RAYp,F2FyR07IdsN7I
0,889,14,92,168,210,32,220.08,0,8032260,0,6.064516,45,52,21,2972792,0,189963,20,2,48,56,85593.6,590,102,3906,0,2879120,28452,65,0,0,114884,10484520,18,22056,0,0,l7Fq9ayE15,RO12,taul,1K8T,_8YK,lCpd8Q3,GHfL3MpXAX,sryr,9_Y1,kJJ7,VpdQ,IYzP,me75fM6ugJ,kIsH,uKAI,L84s,NhsEn4L,kZJtVhC,e6YI,cJvF,FzaX,JO06w_1,oslk,ZwrQhib,jySVZNlOJy,7P5s,RAYp,F2FyR07IdsN7I
0,875,14,10516,160,200,80,200,0,1527798,0,5.940611,36,54,546,2451680,0,129179.7,20,2,40,48,376033.6,595,54,15003,0,1803285,1218884,11410,0,0,719747,7179560,20,83436,0,0,puvq9aX0Db,RO12,taul,1K8T,0Xwj,9GJGgoz,9g4oaYjoL0,vWkf,F3hy,6TCl,VpdQ,IYzP,Kxdu,kIsH,uKAI,L84s,FMSzZ91zL2,TDcEYQ6,1xAs,cJvF,FzaX,Tvpip6Z,zCkv,hHJsvbM,jySVZNlOJy,uWr3,6fzt,SbOd7O8ky1wGNxp0Arj0Xs
0,287,0,0,120,150,24,265.76,0,8267880,0,2.164068,18,18,0,818864,0,160385.7,15,6,48,48,380796,710,54,0,0,849420,564926,0,0,9,59787,10335680,12,3141174,0,0,DQlrEyXXnK,RO12,taul,1K8T,EJC9,yCazglW,kNNfhu4XNbKJNT9W,mAEA,9_Y1,SkZj,sJzTlal,zm5i,me75fM6ugJ,kIsH,uKAI,L84s,NhsEn4L,kq0IUgY,aINY,UYBR,FzaX,rulVLo0,oslk,aLIJ085,LM8l689qOp,Aoh3,RAYp,F2FyR07IdsN7I
0,525,0,0,148,185,24,213.36,0,6327240,0,3.633198,9,28,0,1904024,0,179697.6,25,2,40,32,365543.2,545,90,0,0,3349125,412460,0,0,18,0,10374640,18,518400,0,0,a4vrEy7Rm6,RO12,taul,1K8T,487l,zN9Vdmm,r83_sZi,QAH3,9_Y1,H9GL,VpdQ,IYzP,me75fM6ugJ,kIsH,uKAI,L84s,NhsEn4L,mAja5EA,kted,cJvF,FzaX,Ox8fR8o,oslk,mWoTy9x,LM8l689qOp,Aoh3,RAYp,F2FyR07IdsN7I
0,1330,7,128,168,210,88,166.56,0,5201424,0,5.168767,9,54,14,1486056,0,46235.1,20,12,40,32,254870.4,810,72,7938,0,747800,714028,2525,0,9,842394,7283520,10,521358,0,0,xddq9ayfAo,RO12,taul,1K8T,PJLW,iJzviRg,Tg7jjBB,7v3W,9_Y1,vm5R,VpdQ,kxE9,7M47J5GA0pTYIFxg5uy,kIsH,uKAI,L84s,4kVnq_T26xq1p,kZJT_Am,Sm_e,cJvF,FzaX,ch2oGfM,zCkv,P6pu4Vl,LM8l689qOp,7P5s,ZI9m,R4y5gQQWY8OodqDV
0,560,14,608,368,460,104,186.64,0,0,0,1.747917,18,54,210,108056,3,4522.74,0,6,48,72,11567.56,745,0,5040,8,1181155,21256,255,0,9,12362,1061908,134,30666,0,0,DHegUHXZeb,RO12,taul,1K8T,pE9z,au1K0yW,V6XUlxabJ4VaD,2VwW,9_Y1,fTh6,VpdQ,IYzP,me75fM6ugJ,kIsH,uKAI,L84s,NhsEn4L,mAjcfkM,TrOt,cJvF,FzaX,iEX0Q3K,oslk,LPD2Oqu,LM8l689qOp,453m,RAYp,F2FyR07IdsN7I
0,980,7,224,160,200,40,220.08,0,3745560,0,2.664174,36,92,0,3420776,0,165659.7,10,4,40,56,-325116,540,54,6696,0,6109650,295694,235,0,27,0,10231880,30,39066,0,0,dRavyx7ejg,RO12,ev6I,1K8T,lK27,FJDupBg,ELRUn57,kKp4,9_Y1,YGOC,VpdQ,giwq,7M47J5GA0pTYIFxg5uy,kIsH,uKAI,L84s,E1aAZ0x7vd,beKMbmK,SMDf,UYBR,FzaX,OYHoGfM,QKW8DRm,RlTh9x_,jySVZNlOJy,szEZ,vJ_w8kB,WfJYmPMksSqa1pajvfG
0,875,7,2208,100,125,40,166.56,0,0,0,1.507797,9,82,7,782760,0,52636.8,0,4,40,40,-24605.56,455,0,32868,0,2131320,107308,1545,0,0,268982,2372180,26,91692,0,0,qXhrEy7VR2,RO12,taul,1K8T,IvdZ,kkNkJwu,q2tfFQq,WZTy,9_Y1,X8zP,VpdQ,IYzP,me75fM6ugJ,kIsH,uKAI,L84s,NhsEn4L,mAjbk_S,UicK,cJvF,FzaX,TZC87dl,oslk,aN3QowC,LM8l689qOp,Aoh3,RAYp,F2FyR07IdsN7I
0,1022,14,284,260,325,120,139.84,0,36948,0,0.4355907,18,58,91,112992,0,12841.05,0,4,48,48,-1220352,915,18,34785,0,411180,93154,4380,0,0,138810,660424,78,96066,0,0,1GdOj1KXzC,RO12,taul,1K8T,lK27,ZtBNj4_,y2LIM01bE1,0t4g,9_Y1,jdbz,09_Q,sYC_,me75fM6ugJ,kIsH,uKAI,Mtgm,NhsEn4L,kq0n8Bj,1dQH,cJvF,wwPEXoilkr,TLbNioI,oslk,W41oG9v,LM8l689qOp,kwS7,RAYp,F2FyR07IdsN7I
0,1281,7,960,136,170,64,272.32,0,3038382,0,5.586841,9,40,147,2534576,0,141180.6,10,4,32,32,70150,810,42,65745,0,4010030,1267562,445,0,9,1108884,10303320,22,950460,0,0,dTGmfo8zhV,RO12,taul,1K8T,0Xwj,LTIJsEU,IQqVdTN5VLxy3,5jtm,HLqf,_48V,VpdQ,zm5i,me75fM6ugJ,sBgB,uKAI,L84s,NhsEn4L,mAjbk_S,bIrf,UYBR,FzaX,PtLvdH_,oslk,wif79_c,jySVZNlOJy,3Cy4,RAYp,F2FyR07IdsN7I
0,714,21,18936,128,160,32,166.56,0,1393152,0,4.560137,36,204,301,5303016,0,247759.8,0,0,32,64,88861.2,465,24,8802,0,6912000,582006,7860,0,18,0,10273880,32,0,0,0,EsYrjIX0Db,TW8dXluYzKpktZjuY8kSPBaZa,CiJDdr4TQ0rGERIS,1K8T,JLbT,fhk21Ss,Hz6CKEGgVigq3,Lpyy,9_Y1,Nbbb,sJzTlal,y6dw,7M47J5GA0pTYIFxg5uy,kIsH,uKAI,L84s,_5OXC8MSLt,LxWMvcL,ZhfC,cJvF,FzaX,4UxGlow,oslk,catzS2D,jySVZNlOJy,5Acm,ZI9m,NoEd
0,623,0,0,120,150,0,253.52,0,0,0,4.804956,9,22,0,5529600,0,102082.5,0,0,32,64,49632.4,590,0,0,0,9504000,0,0,0,9,0,10368000,44,0,0,0,vNEvyxLp3Z,RO12,taul,1K8T,lK27,uwNwuGt,Z8ZAV8jDl3,fxbT,9_Y1,FbIm,VpdQ,zm5i,me75fM6ugJ,sBgB,uKAI,L84s,NhsEn4L,kZJtVhC,CAlf,UYBR,FzaX,QMdfc8E,oslk,mh7QQMs,LM8l689qOp,xb3V,RAYp,F2FyR07IdsN7I
0,1148,7,64,236,295,176,166.56,0,0,0,5.740654,9,82,0,788256,0,12022.74,0,8,64,112,-79386.4,720,0,153,0,433010,186748,120,0,0,327215,1197672,38,125460,0,0,tr0rEyXktW,RO12,taul,1K8T,YFAj,IXynQZj,2TwXCiT,7KBn,9_Y1,SkZj,VpdQ,sYC_,me75fM6ugJ,kIsH,uKAI,L84s,NhsEn4L,kq0aHkC,8m7I,cJvF,FzaX,O3em94s,oslk,Pb1DUPK,LM8l689qOp,Aoh3,RAYp,F2FyR07IdsN7I
0,2016,7,3884,268,335,56,133.12,0,38820,0,6.587481,9,92,364,914544,0,28172.25,25,4,64,96,-93465.2,1115,12,14229,0,3731895,86896,13210,0,27,129374,3764620,78,102672,0,0,AUUt0GoOh3,RO12,taul,1K8T,7gSz,6CXYbuk,J3fgbi2,0_Ay,9_Y1,YePk,VpdQ,hAFG,Kxdu,kIsH,uKAI,L84s,9pUnzWLbztKTo,y5FWIFG,5iFl,cJvF,FzaX,ROeipLp,zCkv,K2SqEo9,LM8l689qOp,Qu4f,6fzt,am14IcfM7tWLrUmRT52KtA
0,364,0,0,144,180,24,186.64,0,3246684,0,1.840419,18,22,0,3339648,0,230495.4,15,0,32,48,119027.2,510,42,0,0,6558900,291736,0,0,9,604800,10672880,34,0,0,0,8I1TmBtueT,e6CkoqApVR,taul,1K8T,F9g8,9GJGgoz,DKUDUftgA7,eoUz,9_Y1,C6Eu,VpdQ,zm5i,Kxdu,kIsH,uKAI,L84s,FMSzZ91zL2,kq0IHVu,hwg8,cJvF,FzaX,Tvpip6Z,zCkv,hHJsvbM,jySVZNlOJy,rgKb,6fzt,F2FcTt7IdMT_v
0,203,0,0,180,225,8,166.56,0,16500,0,6.679556,9,18,0,86224,0,6414,10,8,56,56,-1531496,690,12,0,0,704715,2014,0,0,0,49,639704,58,7098,0,0,1KSr4RK2Mx,RO12,taul,1K8T,Uk76,0v27GMk,Vxu_jOXYqv,Cnrd,9_Y1,DtNL,09_Q,IYzP,me75fM6ugJ,kIsH,uKAI,Mtgm,NhsEn4L,mAja5EA,a6_Y,UYBR,FzaX,YBh0nTz,oslk,J_tzF_Q,LM8l689qOp,FSa2,RAYp,F2FyR07IdsN7I
0,3563,7,628,472,590,320,233.44,0,8052,0,1.85815,9,140,21,415136,0,12594.54,10,28,128,208,89438,1285,12,20556,0,52105,49716,1080,0,18,69545,390664,68,52140,0,0,mzKvyx8zhV,2Knk1KF,taul,1K8T,kwI9,w7CdCxx,glRBFJT8NN,XeWN,9_Y1,MBhA,VpdQ,y6dw,me75fM6ugJ,kIsH,uKAI,L84s,XfqtO3UdzaXh_,XTbPUYD,UPjY,UYBR,FzaX,VBuAAox,oslk,smo7DIf,LM8l689qOp,WqMG,RAYp,55YFVY9
0,3521,14,388,624,780,440,166.56,0,150390,0,2.504166,18,152,84,1533608,0,12423.39,40,48,200,160,31266.44,1765,168,21456,0,478420,628890,870,0,45,433517,2866284,42,411888,0,0,xOXr4RXktW,bYmQ4nc,taul,1K8T,0Xwj,fhk21Ss,yiXKNUCbD1,1RZ6,HLqf,TFSW,VpdQ,wMei,7M47J5GA0pTYIFxg5uy,sBgB,uKAI,L84s,4kVnq_T26xq1p,_JdqC5o,I1xb,cJvF,FzaX,4UxGlow,zCkv,catzS2D,LM8l689qOp,Xa3G,ZI9m,ib5G6X1eUxUn6
0,350,7,0,76,95,32,166.56,0,0,0,3.349071,9,98,0,73192,0,3184.32,0,0,32,96,-20857.16,410,0,0,0,19650,3902,5,0,18,16961,60120,6,0,0,0,DQlgUH7IEC,RO12,taul,1K8T,72yt,iJzviRg,_03xtaMIkZsn1,7jsr,9_Y1,m_h1,VpdQ,giwq,7M47J5GA0pTYIFxg5uy,kIsH,uKAI,L84s,cOJGGr4F_wga1,mAjjzeN,zK5X,cJvF,OFWH,ch2oGfM,zCkv,P6pu4Vl,LM8l689qOp,WqMG,ZI9m,R4y5gQQWY8OodqDV
0,721,7,612,148,185,48,253.52,0,7486980,0,0.4569536,9,144,0,202048,0,39978.9,20,6,32,8,-82082.8,695,96,56574,8,798290,1036800,2410,6,18,604800,10223800,14,1555200,0,0,LDPgUHXZeb,2Knk1KF,taul,1K8T,JLbT,TsqM639,Oe4E7cR6Kt,EOBC,9_Y1,8BBI,VpdQ,wMei,me75fM6ugJ,kIsH,uKAI,L84s,h0lfDKh52u4GP,IoI4mKe,RRN_,UYBR,FzaX,bDf87dl,oslk,BeDRkup,LM8l689qOp,453m,RAYp,55YFVY9
0,238,0,0,160,200,40,220.08,0,5210334,0,4.331553,9,20,0,1382400,0,184582.2,25,4,32,16,-203356.4,545,78,0,0,3736590,727682,0,0,9,1159235,10691080,26,950460,0,0,hSogUHXZeb,RO12,taul,1K8T,pE9z,7tlwdK9,ZkibjLN5VdYQ7,Whod,9_Y1,8BBI,VpdQ,zm5i,me75fM6ugJ,kIsH,uKAI,L84s,NhsEn4L,kZJtVhC,5IEC,cJvF,FzaX,FonRPEi,oslk,IGDRHnW,LM8l689qOp,453m,RAYp,F2FyR07IdsN7I
0,791,7,196,144,180,184,166.56,0,0,0,0.7026277,9,108,7,1150240,0,31137.3,0,10,40,40,-79928.4,440,0,6210,0,19895,406774,675,0,9,900935,1740740,6,504234,0,0,NQ5vyxLkBI,2Knk1KF,taul,1K8T,487l,rsmRWXF,_03xtaMIkk68B,tnfT,9_Y1,vzJD,VpdQ,haYg,me75fM6ugJ,kIsH,uKAI,L84s,XfqtO3UdzaXh_,11p4mKe,w7rW,cJvF,FzaX,FhT87dl,oslk,og8TE6Y,LM8l689qOp,xb3V,RAYp,55YFVY9
0,1778,14,308,688,860,408,220.08,0,5385558,0,1.320231,18,46,420,2196736,0,75756.59,40,22,120,168,351075.2,1875,168,67761,0,3935885,503082,9630,0,0,654927,10676240,106,518898,0,0,dTGmfo8zhV,RO12,taul,1K8T,lK27,AKG5V1L,Hz6CKEGgV0Vbb,WXWN,9_Y1,iZJp,09_Q,IYzP,me75fM6ugJ,kIsH,uKAI,L84s,NhsEn4L,mAjbk_S,O35T,cJvF,FzaX,R4h87dl,oslk,kPEzrB7,M_8D,3Cy4,RAYp,F2FyR07IdsN7I
0,847,7,2612,132,165,48,254.64,0,4752324,0,1.651357,9,54,252,3648112,0,200266.8,15,0,40,48,89094.4,545,60,46197,0,3168175,950456,1060,0,9,554435,10378160,16,0,0,0,N_vrjIXt5a,RO12,taul,1K8T,dTod,82ydmQ4,MypvvoIQqc,1DAt,9_Y1,VILw,09_Q,43pnToF,me75fM6ugJ,kIsH,uKAI,L84s,NhsEn4L,mAjbk_S,PJmt,cJvF,FzaX,FonmS85,oslk,PC0a_vf,LM8l689qOp,5Acm,RAYp,F2FyR07IdsN7I
0,1365,7,72,236,295,168,133.12,0,0,0,0.7359539,9,64,0,563256,0,25767.51,5,14,56,88,-235032,775,0,49806,0,527425,365358,30,0,0,82628,1612844,38,249006,0,0,HAoOj1KXzC,RO12,taul,1K8T,ZNsX,A_yBboK,6JeJzqR,f0ug,9_Y1,jdbz,VpdQ,IYzP,me75fM6ugJ,kIsH,uKAI,L84s,NhsEn4L,TDceha3,SnHC,cJvF,FzaX,3Jmmfvd,oslk,JD1lw9w,jySVZNlOJy,kwS7,RAYp,F2FyR07IdsN7I
0,840,7,400,160,200,24,355.6,0,4630392,0,3.46849,9,48,119,3456032,0,206689.8,20,0,32,40,482792,560,66,130284,0,5044600,127936,3205,0,0,0,10432680,34,0,0,0,P1WvyxLp3Z,RO12,taul,1K8T,ssAy,6KF0k8W,FoJylxy,j1nD,9_Y1,_r21,VpdQ,IYzP,me75fM6ugJ,kIsH,uKAI,L84s,NhsEn4L,kq0n8Bj,ctRw,cJvF,FzaX,ot6oLzk,oslk,IIvC99a,jySVZNlOJy,xb3V,RAYp,F2FyR07IdsN7I
0,798,7,3752,68,85,16,186.64,20,6274320,0,1.39906,9,68,210,4958416,0,227249.1,0,4,24,24,117015.6,395,36,24660,32,752545,57900,355,0,27,3618244,9474160,8,3141372,0,0,E3dr4RQxul,RO12,taul,1K8T,z8at,vHHY4q6,EG2hH7KmXr,yG_y,9_Y1,z5Ry,09_Q,sYC_,me75fM6ugJ,kIsH,uKAI,L84s,NhsEn4L,NGZ_CaA,QcPI,UYBR,FzaX,R4hm94s,oslk,oSyMpgG,jySVZNlOJy,FSa2,RAYp,F2FyR07IdsN7I
0,861,7,392,132,165,8,220.08,0,3372750,0,0.1826533,9,36,0,5529600,0,208754.7,5,0,32,64,195064,525,42,4869,0,6462100,92710,80,0,9,0,10570960,32,0,0,0,HYTrjIK12c,RO12,taul,1K8T,TyGl,2BY_6Iq,P9HTde2,qbvZ,9_Y1,7WNq,VpdQ,zm5i,DHn_WUyBhW_whjA88g9bvA64_,kIsH,uKAI,L84s,CrNX,y5FewfI,ejsS,UYBR,FzaX,3YkcOku,d0EEeJi,7bhyLgb,LM8l689qOp,WqMG,nIGXDli,F2FyR07IdsN7I
0,217,0,0,416,520,152,412.16,0,396432,0,0.8600726,9,14,0,4468816,0,66551.41,60,16,104,88,114856,530,114,0,0,1225705,1625296,0,0,0,3631292,9369960,70,51792,0,0,_v2TmBftjz,RO12,taul,1K8T,LFM_,86dToXU,koda1Jh,tTqs,9_Y1,Gx0B,VpdQ,IYzP,me75fM6ugJ,kIsH,uKAI,L84s,NhsEn4L,mAja5EA,fyBD,UYBR,AU8pNoi,QMaRwBA,oslk,0D0gQ7h,LM8l689qOp,Qu4f,RAYp,F2FyR07IdsN7I
0,2520,14,1872,256,320,80,200,0,37320,9,2.599231,18,76,0,1416168,6,16427.55,0,42,136,104,0,1025,6,19638,24,1400705,271862,20,0,18,477050,2698688,38,452154,0,0,oUPBcmzkzH,RO12,taul,1K8T,z8at,6CXYbuk,kiHr5yw,YADB,9_Y1,rzbc,VpdQ,hzlB,Kxdu,kIsH,uKAI,L84s,9pUnzWLbztKTo,y5FWh4t,oyPY,cJvF,FzaX,ROeipLp,zCkv,K2SqEo9,LM8l689qOp,Qcbd,6fzt,am14IcfM7tWLrUmRT52KtA
0,931,7,2116,168,210,48,166.56,0,0,0,2.521256,9,82,210,1694824,0,64634.7,0,12,48,56,69434.4,610,0,26064,0,3281490,10000,9210,0,18,1033487,3800672,46,462102,0,0,64nWq69R_D,RO12,taul,1K8T,FPxv,cGZ4XxH,k10MzgT,jxb1,9_Y1,0A_v,VpdQ,TIA9,me75fM6ugJ,kIsH,uKAI,L84s,XfqtO3UdzaXh_,beKAZpz,wyFS,cJvF,FzaX,9Ud87dl,oslk,G6q7kpB,LM8l689qOp,PM2D,RAYp,F2FyR07IdsN7I
0,714,7,656,144,180,88,186.64,0,5402424,0,5.539414,9,194,672,1262104,0,214335.9,15,4,32,32,94167.6,475,72,10323,0,635085,1665862,420,0,18,0,9800480,8,1036800,0,0,DHegUHXZeb,AERks4l,taul,1K8T,7ALb,fhk21Ss,ZaChz0C,V9OO,9_Y1,STGZ,VpdQ,y6dw,7M47J5GA0pTYIFxg5uy,kIsH,uKAI,L84s,4kVnq_T26xq1p,CWNi0ob,COGO,cJvF,FzaX,4UxGlow,zCkv,catzS2D,LM8l689qOp,453m,ZI9m,ib5G6X1eUxUn6
0,1372,14,384,324,405,72,133.12,5,0,0,1.2978,18,64,112,263576,0,5345.85,0,8,64,248,20591.56,895,0,4401,8,442290,11486,3080,0,0,13433,523644,74,22578,0,0,Mtpt0G8EIb,RO12,taul,1K8T,487l,LK5nVRA,k10MzgT,S4gD,9_Y1,k13i,VpdQ,IYzP,me75fM6ugJ,kIsH,uKAI,L84s,NhsEn4L,TDceha3,TYm8,UYBR,FzaX,FM28hdx,oslk,dh6qI2t,LM8l689qOp,fKCe,RAYp,F2FyR07IdsN7I
0,1099,14,2064,240,300,176,166.56,0,0,0,1.609912,18,152,133,402600,0,9898.199,0,24,88,56,4090.56,880,0,10269,0,533750,111234,220,0,18,82810,1068260,38,326238,0,0,dukmfo8zhV,AERks4l,taul,1K8T,0Xwj,fhk21Ss,r83_sZi,Xe0d,HLqf,gnEy,VpdQ,wMei,7M47J5GA0pTYIFxg5uy,sBgB,uKAI,L84s,WsRVNrF85oPU_,11pJN9e,UaDR,UYBR,FzaX,4UxGlow,zCkv,catzS2D,LM8l689qOp,3Cy4,ZI9m,ib5G6X1eUxUn6
0,1141,14,6456,40,50,8,211.12,0,1755780,0,5.363811,18,196,245,1385984,0,111420,5,0,16,16,431820,385,12,1890,0,7981550,113658,410,0,72,0,9824360,8,0,0,0,wx50AqAqGL,RO12,taul,1K8T,lK27,fhk21Ss,mns7fncOGU,0xFv,9_Y1,RVjC,VpdQ,y6dw,7M47J5GA0pTYIFxg5uy,kIsH,uKAI,L84s,WsRVNrF85oPU_,teAoFRV,Kz6e,UYBR,FzaX,4UxGlow,zCkv,catzS2D,LM8l689qOp,FSa2,ZI9m,iyHGyLCEkQ
0,1197,7,2348,128,160,56,166.56,0,1952010,0,6.389874,9,128,49,2501320,0,65751.91,0,6,40,64,359432.8,580,24,2790,0,2079545,317738,1820,0,18,694883,5120520,20,404130,0,0,CEat0G8rTN,g62hiBSaKg,taul,1K8T,2Ix5,fhk21Ss,hOpRIhsUSP,DUuu,9_Y1,k13i,VpdQ,haYg,7M47J5GA0pTYIFxg5uy,kIsH,uKAI,L84s,4kVnq_T26xq1p,uZLbXme,YuXi,UYBR,FzaX,4UxGlow,zCkv,catzS2D,LM8l689qOp,fKCe,ZI9m,ib5G6X1eUxUn6
0,1526,14,196,288,360,192,200,0,42516,0,0.7974792,18,82,77,370040,0,6339.271,20,16,112,160,-1896.428,1080,30,44055,0,154575,98066,900,0,9,61719,572048,22,39306,0,0,zcRZptzip9,RO12,taul,1K8T,wGW5,INoV6tQ,IG_G867,fici,9_Y1,t_4G,VpdQ,sYC_,me75fM6ugJ,kIsH,uKAI,L84s,NhsEn4L,beK4AFX,fhl_,cJvF,FzaX,kj7fGrO,oslk,pHGT3Cb,LM8l689qOp,Qu4f,RAYp,F2FyR07IdsN7I
0,693,7,0,144,180,88,166.56,0,23172,0,6.635975,9,40,0,142576,0,12568.35,10,10,32,32,-162581.6,390,18,144,0,41870,107550,5,0,0,71561,419856,22,110454,0,0,eOQt0GoOh3,RO12,taul,1K8T,487l,H9Tg2A0,8o3H4KH,CNGI,9_Y1,rGJy,sJzTlal,IYzP,me75fM6ugJ,kIsH,uKAI,L84s,NhsEn4L,7Ww_Xqy,EOrY,UYBR,FzaX,stpv4zN,oslk,YE7zrB7,LM8l689qOp,Qu4f,RAYp,F2FyR07IdsN7I
0,833,7,996,240,300,208,166.56,0,506328,0,6.104679,9,64,21,623752,0,46758.3,0,28,80,72,99156.4,685,12,142182,0,572280,294932,1325,0,9,176176,1838640,18,212286,0,0,TfiBcmzkzH,RO12,taul,1K8T,lK27,Q9R7qwL,y2LIM03TrE,tuU_,9_Y1,rzbc,09_Q,hAFG,me75fM6ugJ,kIsH,uKAI,L84s,XfqtO3UdzaXh_,XTbPUYD,c3rB,cJvF,FzaX,Zc06pd1,oslk,SiXzrB7,LM8l689qOp,Qcbd,RAYp,F2FyR07IdsN7I
0,644,7,2072,120,150,64,186.64,10,0,0,4.89169,27,78,0,159312,0,18737.49,0,0,32,144,21800.28,345,0,25893,16,13580,57486,320,0,18,0,205492,8,0,0,0,HrWrjIXt5a,RO12,taul,1K8T,lK27,9LEd8Q3,ThrHXVS,_iUi,9_Y1,xQ2A,sJzTlal,hAFG,me75fM6ugJ,kIsH,uKAI,L84s,XfqtO3UdzaXh_,11p4mKe,xymV,cJvF,AU8pNoi,bDM6w_1,oslk,4w8Qhib,LM8l689qOp,5Acm,RAYp,F2FyR07IdsN7I
0,840,7,2628,148,185,16,286.96,0,6561540,0,3.769921,9,38,560,1674320,0,219120.9,25,4,40,32,34933.28,510,78,44595,0,4070850,157180,29075,0,9,0,10774000,22,1036800,0,0,FoxgUHSK8h,RO12,taul,1K8T,AHgj,_ybO0dd,WN2wUb0T0UKRa,lwFv,9_Y1,z5Ry,09_Q,zm5i,me75fM6ugJ,kIsH,uKAI,L84s,NhsEn4L,mAjbk_S,9GUD,UYBR,OFWH,L91KIiz,oslk,CE7uk3u,jySVZNlOJy,FSa2,RAYp,F2FyR07IdsN7I
0,35,0,0,44,55,32,330.96,0,0,0,5.508652,9,14,0,9676800,0,506037,10,2,24,16,-28946.84,55,0,0,0,328980,467650,0,0,0,1258558,7421880,4,1078764,0,0,JMGq9aXt5a,RO12,taul,1K8T,nCqp,dRqgqKR,FRMJnCr_MM,nTtg,9_Y1,Y9Bl,sJzTlal,IYzP,me75fM6ugJ,kIsH,uKAI,L84s,NhsEn4L,mAja5EA,ZANc,UYBR,FzaX,PXbv1FD,oslk,2Yrz_Kt,LM8l689qOp,uWr3,RAYp,F2FyR07IdsN7I
0,623,7,1508,180,225,32,301.44,0,4701486,0,1.56035,9,154,0,2534432,0,179595,20,2,32,32,471660,490,132,10557,0,3030845,633608,1505,0,9,554407,9546040,20,475212,0,0,DQlrEyXXnK,g62hiBSaKg,taul,1K8T,YFAj,fhk21Ss,r83_sZi,4wTx,9_Y1,SkZj,VpdQ,kxE9,7M47J5GA0pTYIFxg5uy,kIsH,uKAI,Mtgm,4kVnq_T26xq1p,ORM8MkS,nMMt,cJvF,FzaX,4UxGlow,zCkv,catzS2D,jySVZNlOJy,Aoh3,ZI9m,ib5G6X1eUxUn6
0,756,7,604,128,160,8,206.72,0,5488872,0,1.577868,18,50,56,1382400,0,226507.8,40,0,40,16,-157810.8,485,66,21492,0,3921815,2228,925,0,0,0,9823240,20,0,0,0,_v2TmBftjz,RO12,taul,1K8T,ssAy,K8Lod6b,V6XUlxabJ4VaD,DQv3,9_Y1,Gx0B,VpdQ,IYzP,me75fM6ugJ,kIsH,uKAI,L84s,NhsEn4L,mAjnHLS,ItPQ,cJvF,FzaX,EAnsTJ7,oslk,gv2w01M,M_8D,Qu4f,RAYp,F2FyR07IdsN7I
0,903,7,980,156,195,8,316.32,10,1355292,0,6.452467,9,32,126,5529600,0,140069.1,0,0,32,64,93930,550,60,343647,16,8498500,2408,12665,0,0,1814400,10471960,40,0,0,0,TfiBcmzkzH,RO12,taul,1K8T,0WHw,IUormCU,hOpRIhsUSP,0OBU,9_Y1,KubS,VpdQ,IYzP,me75fM6ugJ,kIsH,uKAI,L84s,NhsEn4L,kZJtVhC,89hK,cJvF,FzaX,8EdDGHt,oslk,eHppVh5,LM8l689qOp,Qcbd,RAYp,F2FyR07IdsN7I
0,1596,7,728,256,320,136,188.64,0,3481140,0,5.94702,9,146,42,1034352,0,22596.72,35,16,88,72,-375419.2,1140,72,2925,16,1145295,441274,265,0,18,405671,5893680,22,173718,0,14,C2Dvyx875g,2Knk1KF,taul,1K8T,pGTb,FZVtMxl,8nstQ62E0C,TLWi,9_Y1,MBhA,VpdQ,haYg,me75fM6ugJ,kIsH,uKAI,L84s,XfqtO3UdzaXh_,11p4mKe,UTYv,cJvF,FzaX,B9vNioI,oslk,pHOw_BK,LM8l689qOp,WqMG,RAYp,55YFVY9
0,1078,7,696,376,470,184,133.12,0,0,0,5.212561,9,100,154,257712,0,25258.05,0,6,32,80,-83118.4,1070,0,1332,0,1517605,385536,290,0,9,0,2199812,116,128700,0,0,zKnr4RXktW,RO12,taul,1K8T,lK27,dpLnqNs,Tg7jjBB,zs8x,9_Y1,ZKJc,VpdQ,sYC_,me75fM6ugJ,kIsH,uKAI,L84s,NhsEn4L,beK4AFX,a_LO,UYBR,AU8_WTd,9F7m0jM,oslk,jrbDSFl,jySVZNlOJy,7FJQ,RAYp,F2FyR07IdsN7I
0,6377,28,2404,196,245,56,294.16,0,878574,0,2.616749,45,162,119,1859480,0,19043.1,20,4,48,48,116809.2,620,12,13176,0,1732865,227184,370,0,36,40663,4757360,56,313698,0,0,9rAq9at_88,iKEouAWeUBYR3fQ5tZmt_bDPIn6qT7tIGHs8L,taul,1K8T,ZF5Q,fqeOwLG,jAfjUPy,kuUe,9_Y1,KfYH,VpdQ,hAFG,7M47J5GA0pTYIFxg5uy,kIsH,g5HH,L84s,6z7lZp6XhQkon,ORMof31,GtVP,cJvF,FzaX,fxJmel6,z4pH,WfsWw2A,jySVZNlOJy,me1d,ZI9m,iyHGyLCEkQ
0,1512,7,260,200,250,104,454.4,5,3556866,0,5.785943,9,50,21,1382408,0,75885,10,8,32,16,248628.4,950,54,11331,8,1201985,2233020,3115,0,27,0,10563640,40,2073600,0,0,py5gUH7ejg,RO12,taul,1K8T,72yt,Wtcr3WP,z5GHq2DaPU,kN7p,9_Y1,m_h1,09_Q,lVqb,me75fM6ugJ,kIsH,uKAI,L84s,XfqtO3UdzaXh_,11p4mKe,HXyx,cJvF,FzaX,5ZxD5lR,oslk,WUmqPCU,LM8l689qOp,WqMG,RAYp,F2FyR07IdsN7I
0,651,7,56,36,45,24,186.64,0,228918,0,3.958556,9,32,0,0,0,235742.4,5,0,8,0,60728,295,6,2970,0,9321700,330876,365,0,18,0,9571440,8,0,0,0,5_lq9aXt5a,RO12,taul,1K8T,JLbT,gRirkF8,qj0X1JD6U2VDfcVe,BWnU,9_Y1,Y9Bl,09_Q,zm5i,me75fM6ugJ,kIsH,uKAI,L84s,NhsEn4L,mAjbk_S,evck,UYBR,FzaX,vcuv48t,oslk,OTXAgOW,LM8l689qOp,uWr3,RAYp,F2FyR07IdsN7I
0,777,7,240,136,170,24,462.72,0,1960524,0,3.986542,9,30,0,5230904,0,155586.3,5,0,32,64,181392.4,540,36,459,0,6758500,444902,200,0,0,604800,10451720,32,0,0,0,a2iBLJED1x,RO12,taul,1K8T,4fje,EKR938I,g3XV6S1D4rNGWBIu,YBGC,9_Y1,RVjC,09_Q,IYzP,me75fM6ugJ,kIsH,3av_,L84s,NhsEn4L,kZJyVg2,1Zzr,UYBR,FzaX,OrnLfvc,oslk,1J2cvxe,LM8l689qOp,FSa2,RAYp,F2FyR07IdsN7I
0,1407,7,276,292,365,240,169.92,0,13332,0,1.152745,9,126,28,264976,0,6544.92,0,12,24,88,22471.28,935,18,10296,0,235800,148798,95,0,9,0,680736,46,79686,0,0,8Iqt0G8rTN,2Knk1KF,taul,1K8T,wOc1,PHNvXy8,3YDCvKmfJ1QYkZMn,H5LP,9_Y1,e7QV,VpdQ,hAFG,NKv3VA1BpP,kIsH,uKAI,L84s,Ie_5MZs,teAjUwW,58OV,cJvF,FzaX,UF16siJ,zCkv,APgdzOv,LM8l689qOp,fKCe,6fzt,Zy3gnGM
0,1141,7,3880,136,170,96,200,0,1208772,0,2.395428,9,150,532,3456000,0,143186.1,0,8,32,40,100990.4,525,30,2982132,0,3247625,1962006,11045,0,36,0,10438360,16,2073600,0,0,nQZrEyXktW,rEUOq2QD1qfkRr6qpua,taul,1K8T,AkfA,fhk21Ss,yEFIHeU,hweR,9_Y1,H1uM,VpdQ,CoYW,7M47J5GA0pTYIFxg5uy,kIsH,uKAI,L84s,4kVnq_T26xq1p,IoIcawr,9nbL,cJvF,FzaX,4UxGlow,zCkv,catzS2D,LM8l689qOp,Aoh3,ZI9m,ib5G6X1eUxUn6
0,1421,7,3332,112,140,72,315.68,0,2521548,0,3.347575,9,142,105,1382400,3,96281.41,10,4,24,16,349984.4,560,36,24192,8,1694390,2478240,1660,0,18,604800,10726560,14,1036800,0,0,52Iq9ayE15,2Knk1KF,taul,1K8T,z32l,TO7rLeh,ZkibjLN5VdYQ7,uQJv,9_Y1,QBpP,VpdQ,haYg,5iay,kIsH,uKAI,L84s,dznt9poYpmHt7,OFqUj6W,gXIq,cJvF,FzaX,e8B6QRJ,zCkv,VAZR69P,LM8l689qOp,7P5s,6fzt,Zy3gnGM
0,448,0,0,184,230,96,200,0,1944,0,5.009827,9,26,0,1740040,0,47202.9,30,4,64,72,-4565.16,690,6,0,0,1102005,247592,0,0,0,754152,3251692,32,203142,0,0,npOBcmzkzH,RO12,taul,1K8T,uErj,pfMpcUU,bRabnkT8NN,Xwsi,9_Y1,yrDU,09_Q,IYzP,me75fM6ugJ,kIsH,uKAI,L84s,NhsEn4L,mAja5EA,BmH6,cJvF,FzaX,U8I6w_1,oslk,CFMqCcD,LM8l689qOp,Qcbd,RAYp,F2FyR07IdsN7I
0,623,0,0,1148,1435,472,186.64,0,5242866,0,2.671651,9,14,0,2258800,0,28571.43,170,12,136,248,47353.2,2015,408,0,8,3243425,588020,0,0,0,496587,10397120,178,117672,0,7,2jirEyXktW,RO12,taul,1K8T,487l,q5Zs43J,7ONkRNQCK7,7KBn,9_Y1,SkZj,VpdQ,IYzP,me75fM6ugJ,kIsH,uKAI,L84s,NhsEn4L,kZJtVhC,IFIj,cJvF,FzaX,zJh68SY,oslk,ZdsRt72,LM8l689qOp,Aoh3,RAYp,F2FyR07IdsN7I
0,1148,14,2732,52,65,8,186.64,0,6488820,0,1.540269,27,124,42,0,0,161867.4,10,0,16,0,-301018.8,390,18,1143,0,1209155,12588,1570,0,18,0,7883120,14,0,0,0,ypNt0Go8Lb,AERks4l,taul,1K8T,wGW5,fhk21Ss,5q1hF23,sQE4,9_Y1,Z5OU,VpdQ,haYg,7M47J5GA0pTYIFxg5uy,kIsH,uKAI,L84s,WsRVNrF85oPU_,TDcYEk4,0zUs,cJvF,AU8pNoi,4UxGlow,zCkv,catzS2D,LM8l689qOp,Qu4f,ZI9m,ib5G6X1eUxUn6
0,798,0,0,128,160,8,200,0,0,0,1.62273,9,114,0,6220800,0,219921.3,0,0,32,72,142862,490,0,8199,0,9503750,22808,0,0,9,0,10759000,44,0,0,0,Iskvyx875g,2Knk1KF,LfvqpCtLOY,1K8T,vSNn,G6aMVop,e1XhvTunuD,CYGG,9_Y1,QMes,VpdQ,sYC_,me75fM6ugJ,kIsH,uKAI,L84s,NhsEn4L,teAyFc5,Yz5N,cJvF,FzaX,Xsgmfvd,oslk,uBYMak1,LM8l689qOp,WqMG,RAYp,55YFVY9
0,14,0,0,180,225,184,20.08,0,501966,0,6.646229,9,50,0,2053344,12,111331.8,5,0,16,8,-270354.4,225,18,0,40,4507650,68118,0,0,0,0,6679920,34,0,0,7,crIt0Go8Lb,RO12,taul,1K8T,7gSz,fqeOwLG,Ap8NcjxiOM,QCbZ,9_Y1,Z5OU,VpdQ,IYzP,7M47J5GA0pTYIFxg5uy,kIsH,uKAI,L84s,FMSzZ91zL2,TDcEYQ6,A7Qj,cJvF,FzaX,fxJmel6,zCkv,WfsWw2A,LM8l689qOp,Qu4f,ZI9m,SbOd7O8ky1wGNxp0Arj0Xs
0,1918,7,144,16,20,0,186.64,0,2520888,0,4.316172,9,34,0,0,0,50219.4,5,4,0,0,-194736.4,225,6,5877,0,0,0,2670,0,18,0,8409280,0,7257600,0,0,m9SvyxLkBI,RO12,taul,1K8T,0Xwj,3ZjT9kY,d4Gf64d6X6,_9ol,F3hy,FbIm,09_Q,IYzP,me75fM6ugJ,kIsH,uKAI,L84s,NhsEn4L,mAjbk_S,H4an,UYBR,FzaX,hNjRPlm,oslk,sd7gyXK,LM8l689qOp,xb3V,RAYp,F2FyR07IdsN7I
0,938,21,680,152,190,176,133.12,0,8256,0,5.933775,27,56,105,1172768,0,46718.1,0,12,32,24,-95722.8,575,6,1116,0,501800,1180582,460,0,0,1091832,4131440,12,1165446,0,0,a4vPe2fHUn,RO12,taul,1K8T,lK27,iMR_WUr,77iJmpaB0e,HJ88,9_Y1,mTeA,sJzTlal,IYzP,me75fM6ugJ,kIsH,uKAI,L84s,NhsEn4L,TDceha3,8Mfr,UYBR,FzaX,Oa93REx,oslk,j1EhgR7,LM8l689qOp,FSa2,RAYp,F2FyR07IdsN7I
0,665,7,132,124,155,144,166.56,0,0,0,0.4477676,18,72,7,47056,0,1947.372,0,12,24,32,13796.84,400,0,720,0,8215,28548,65,0,0,0,108116,6,31380,0,0,1JGr4RKzJV,AERks4l,taul,1K8T,PGNs,PHNvXy8,_jTP8ioIlJ,Oq3x,9_Y1,DtNL,VpdQ,IYzP,NKv3VA1BpP,kIsH,uKAI,L84s,Ie_5MZs,y5FEvJ5,N8lL,UYBR,FzaX,UF16siJ,zCkv,APgdzOv,LM8l689qOp,FSa2,6fzt,xwM2aC7IdeMC0
0,1778,14,2948,136,170,48,253.52,0,6676980,0,3.810083,36,68,931,3081456,0,89537.09,15,2,32,40,193161.6,625,78,45054,0,2273880,592326,2315,0,9,604800,10378200,12,518400,0,0,FAJWq69cTy,RO12,taul,1K8T,lK27,GdzFZs5,okUWEXgaYpMJ7,MnG9,9_Y1,Px52,VpdQ,IYzP,me75fM6ugJ,kIsH,uKAI,Mtgm,NhsEn4L,TDceha3,oGgs,cJvF,FzaX,Xsg8XLE,oslk,eIi2qo0,LM8l689qOp,PM2D,RAYp,F2FyR07IdsN7I
0,21973,0,0,132,165,48,254.88,0,3801696,0,6.893399,9,28,0,2534464,0,5559.6,20,6,40,32,154884,530,48,0,0,3168080,950424,0,0,9,0,10454680,16,1425636,0,0,qFpmfo8zhV,RO12,CuXi4je,1K8T,AKN1,TaM4iqB,k10MzgT,3taI,9_Y1,wGwL,VpdQ,wMei,me75fM6ugJ,kIsH,uKAI,L84s,NhsEn4L,jaw7f1S,VA4Q,UYBR,FzaX,bDI871e,oslk,_54nl9z,LM8l689qOp,wX53,RAYp,F2FyR07IdsN7I
0,749,21,5296,124,155,96,166.56,0,3628800,0,2.501816,27,190,861,691200,0,211691.4,10,8,40,8,82956.4,510,42,5607,0,1386635,2073600,6175,0,36,180194,9515960,10,1205196,0,0,oUPBcmzkzH,2Knk1KF,taul,1K8T,lK27,fhk21Ss,5q1hF23,sGGa,9_Y1,EwzD,09_Q,y6dw,7M47J5GA0pTYIFxg5uy,kIsH,uKAI,L84s,_5OXC8MSLt,LxWhDOK,91pY,UYBR,FzaX,4UxGlow,oslk,catzS2D,LM8l689qOp,Qcbd,ZI9m,iyHGyLCEkQ
0,413,7,168,136,170,128,286.96,0,48336,0,4.559923,9,64,0,1329800,0,92969.41,25,8,56,40,-817092,545,12,19872,8,19310,617130,270,0,9,243383,2358896,4,339726,0,7,1JGr4RKzJV,RO12,LfvqpCtLOY,1K8T,TyGl,xziuXRS,767sa0XN9l,yfpF,9_Y1,DtNL,09_Q,IYzP,me75fM6ugJ,kIsH,uKAI,L84s,NhsEn4L,TDceha3,BY9S,UYBR,FzaX,uUY0Q3K,oslk,HMhOTZB,LM8l689qOp,FSa2,RAYp,F2FyR07IdsN7I
0,924,7,144,156,195,24,296.96,15,3876984,27,6.757103,9,48,126,2292880,6,186521.4,10,4,24,56,432996,810,72,3915,72,3904830,518400,1035,6,36,0,8642840,26,89814,0,0,npOBcmzkzH,RO12,taul,1K8T,JLbT,gwYdMIs,N4xbMThNdK,LWhQ,9_Y1,yrDU,VpdQ,IYzP,me75fM6ugJ,kIsH,uKAI,Mtgm,NhsEn4L,mAja5EA,eCIn,cJvF,FzaX,tzpmIK9,oslk,Hcoaiae,LM8l689qOp,Qcbd,RAYp,F2FyR07IdsN7I
0,1596,7,448,260,325,72,246.4,5,335730,9,4.874813,9,56,28,1185344,3,27209.37,10,12,40,48,170468,870,12,8397,40,2253365,157810,1210,0,0,253092,3060872,80,180108,0,14,TfiBcmzkzH,RO12,taul,1K8T,PGNs,FSVXtaU,Hz673939hSRjL,A7_2,9_Y1,KubS,VpdQ,IYzP,me75fM6ugJ,kIsH,uKAI,L84s,NhsEn4L,mAjbk_S,7eKt,cJvF,FzaX,R4hRoKG,oslk,AEKwFs9,LM8l689qOp,Qcbd,RAYp,F2FyR07IdsN7I
0,1379,14,2552,352,440,192,166.56,0,126,0,6.168554,18,164,1036,1122552,0,31364.1,0,22,56,64,-778652,1130,6,33372,0,2241915,544592,1255,0,36,0,3927512,88,725154,0,0,DHeq9ayfAo,iKEouAWeUBYR3fQ5tZmt_bDPIn6qT7tIGHs8L,taul,1K8T,TyGl,fqeOwLG,yEFIHeU,a4fh,9_Y1,kJJ7,VpdQ,itlM,7M47J5GA0pTYIFxg5uy,kIsH,uKAI,Mtgm,MeOIHRG3F9,_Jd8MkS,qsbh,UYBR,FzaX,fxJmel6,zCkv,WfsWw2A,LM8l689qOp,7P5s,ZI9m,iyHGyLCEkQ
0,1197,0,0,136,170,32,286.96,0,6879240,0,1.739158,9,28,0,1684064,0,17758.77,25,0,40,32,141532.8,1015,84,0,8,2658290,662408,0,0,27,301196,10455800,14,0,0,7,CxSr4RXktW,AERks4l,taul,1K8T,OTVu,ON5Ou9e,BBhiudN5VdgIL,qWaB,9_Y1,Albh,VpdQ,IYzP,DHn_WUyBhW_whjA88g9bvA64_,kIsH,uKAI,L84s,JBfYVit4g8,TDc_9Yi,vXbB,cJvF,FzaX,p40KIAf,Al6ZaUT,C6OGkwT,LM8l689qOp,Xa3G,02N6s8f,xwM2aC7IdeMC0
0,8722,7,20,2032,2540,616,286.96,0,3326472,0,6.319162,9,68,0,2711440,0,11295.12,240,90,272,472,375573.6,6580,480,2736,0,3082350,374904,60,0,9,169022,8019600,398,662298,0,0,HYTvyx7ejg,RO12,taul,1K8T,487l,3Eh9x15,_EOD6za,y1jr,9_Y1,YGOC,VpdQ,sYC_,me75fM6ugJ,kIsH,uKAI,L84s,NhsEn4L,NGZ3rEe,gNT5,cJvF,qxDb,82JLVmS,oslk,3pbcJdh,jySVZNlOJy,szEZ,RAYp,F2FyR07IdsN7I
0,1680,14,4524,152,190,48,166.56,0,2615472,0,1.162145,18,120,245,1404600,0,69884.7,25,8,56,32,-487132,685,36,52965,0,3551045,548892,230,0,36,230713,7890160,26,714264,0,0,_v2vyx7IEC,RO12,taul,1K8T,SzjZ,iJzviRg,_jTP8ioIlJ,Z1hR,9_Y1,qaiO,VpdQ,kxE9,7M47J5GA0pTYIFxg5uy,kIsH,uKAI,L84s,4kVnq_T26xq1p,cUQ8NRM,mReg,UYBR,FzaX,ch2oGfM,zCkv,P6pu4Vl,LM8l689qOp,szEZ,ZI9m,R4y5gQQWY8OodqDV
0,1568,7,3404,284,355,320,192.08,0,30354,0,5.861568,9,108,189,1156864,0,11971.35,5,12,80,112,67759.2,1040,24,15408,0,49610,288672,760,0,9,408709,1483812,12,354402,0,0,ZSNq9aX0Db,RO12,taul,1K8T,dWQK,tUuJwlU,xIwtvGqIZ9,zgFp,9_Y1,Y9Bl,sJzTlal,sYC_,me75fM6ugJ,kIsH,uKAI,L84s,NhsEn4L,teAyCQX,1_T1,UYBR,Lmli,0vKvEWW,oslk,SqzQZmh,LM8l689qOp,uWr3,RAYp,F2FyR07IdsN7I
0,301,7,2256,176,220,264,179.84,0,6114,0,4.914762,9,110,546,29240,0,3859.38,0,0,8,24,-13781.56,535,6,40689,0,32075,104226,590,0,9,0,252808,14,0,0,0,hSogUHXZeb,RO12,taul,1K8T,h3JW,iJzviRg,_jTP8ioIlJ,1qtb,9_Y1,STGZ,VpdQ,haYg,7M47J5GA0pTYIFxg5uy,kIsH,uKAI,L84s,4kVnq_T26xq1p,TDchMJH,s9FI,UYBR,FzaX,ch2oGfM,zCkv,P6pu4Vl,LM8l689qOp,453m,ZI9m,R4y5gQQWY8OodqDV
0,896,0,0,132,165,88,220.08,0,4170918,0,3.480453,9,40,0,0,0,205452.3,25,8,32,0,119802.4,645,60,4275,0,1118205,1900804,0,0,9,0,10376200,6,2073600,0,0,FoxgUHSK8h,RO12,taul,1K8T,4fje,xRePyOH,ExO0otI9qW,bj2o,9_Y1,mTeA,VpdQ,wMei,me75fM6ugJ,kIsH,uKAI,L84s,NhsEn4L,7WwwAA_,sQQA,UYBR,FzaX,jE90Azj,oslk,QhgRt72,jySVZNlOJy,FSa2,RAYp,F2FyR07IdsN7I
0,623,7,2584,88,110,128,286.96,0,0,0,1.866054,18,170,364,0,0,177129.6,0,8,16,0,124414.8,440,0,40374,0,100735,2763160,1540,0,27,0,6989280,4,2073600,0,0,auhr4RQxul,2Knk1KF,LfvqpCtLOY,1K8T,0Xwj,fhk21Ss,k10MzgT,o5H_,HLqf,RVjC,VpdQ,kxE9,7M47J5GA0pTYIFxg5uy,sBgB,uKAI,L84s,Ie_5MZs,CWNY2py,TQqY,UYBR,FzaX,4UxGlow,zCkv,catzS2D,jySVZNlOJy,FSa2,ZI9m,TCU50_Yjmm6GIBZ0lL_
0,903,14,1092,144,180,48,349.84,0,8812800,0,1.010041,45,134,0,152216,0,203359.5,35,4,48,24,597680,510,102,68751,0,101080,691870,1285,0,27,130431,10473600,2,1036800,0,0,uGLq9ayE15,2Knk1KF,taul,1K8T,0Xwj,fhk21Ss,J_sb4dmQwP,QPuB,F3hy,000J,VpdQ,haYg,7M47J5GA0pTYIFxg5uy,kIsH,uKAI,L84s,XfqtO3UdzaXh_,11p4mKe,_00E,cJvF,FzaX,4UxGlow,oslk,catzS2D,LM8l689qOp,7P5s,ZI9m,55YFVY9
0,812,0,20,152,190,104,267.12,0,196764,0,3.438154,9,44,0,1802232,0,168394.5,15,10,40,24,-234784,530,12,1971,0,2146225,1734436,0,0,0,0,7450240,24,834306,0,0,1qmr4RQxul,RO12,taul,1K8T,0Xwj,_ybO0dd,aB4Juyc,RTc9,HLqf,z5Ry,VpdQ,IYzP,me75fM6ugJ,sBgB,uKAI,L84s,NhsEn4L,TDcECyH,BXUS,UYBR,FzaX,L91KIiz,oslk,CE7uk3u,LM8l689qOp,FSa2,RAYp,F2FyR07IdsN7I
0,910,7,84,168,210,48,286.96,0,7128480,0,6.818202,9,32,7,719928,0,163862.7,35,4,64,40,474208,715,90,104625,0,1966150,634786,715,0,0,310702,10638560,14,698928,0,0,Mtpt0G8EIb,RO12,taul,1K8T,PbOJ,5EpXqGp,4hMlgkf58mhwh,5ffM,9_Y1,k13i,VpdQ,IYzP,me75fM6ugJ,kIsH,uKAI,L84s,NhsEn4L,mAjbk_S,I09s,UYBR,FzaX,OTgQ8OA,oslk,Vo68gbh,LM8l689qOp,fKCe,RAYp,F2FyR07IdsN7I
0,2590,28,2388,520,650,176,200,0,246006,0,6.80517,36,192,469,58808,0,4064.58,30,28,192,136,-36615.56,1930,120,51660,0,197730,70362,4015,0,18,57239,720040,102,282642,0,0,1KSr4RK2Mx,2Knk1KF,taul,1K8T,487l,fhk21Ss,_jTP8ioIlJ,IPea,9_Y1,DtNL,VpdQ,y6dw,7M47J5GA0pTYIFxg5uy,kIsH,uKAI,L84s,_5OXC8MSLt,teA9E86,qJKz,UYBR,Lmli,4UxGlow,oslk,catzS2D,LM8l689qOp,FSa2,ZI9m,iyHGyLCEkQ
0,833,0,0,564,705,216,296.48,0,8247000,0,5.657979,9,16,0,3040848,0,51196.8,20,50,200,136,172019.2,2080,192,0,0,1582170,607174,0,0,0,309666,10577240,72,123018,0,0,wRXmfo875g,RO12,taul,1K8T,42Cy,UKQvcTJ,MfzoaYmeBx,hsvy,9_Y1,6Kw9,sJzTlal,IYzP,me75fM6ugJ,kIsH,uKAI,L84s,NhsEn4L,mAja5EA,6C3e,cJvF,FzaX,75woGGc,oslk,23ZMCCr,LM8l689qOp,3Cy4,RAYp,F2FyR07IdsN7I
0,847,7,384,132,165,96,273.6,0,5059260,0,4.450117,9,74,14,0,0,186716.4,25,8,40,0,92177.2,570,60,74025,0,159235,2072140,1840,0,18,0,10731880,4,2073600,0,0,CxSr4RXktW,RO12,taul,1K8T,FgS1,ojHnF0C,NW71mrodGH,hK9K,9_Y1,Zazx,VpdQ,hAFG,me75fM6ugJ,kIsH,uKAI,Mtgm,XfqtO3UdzaXh_,XTbPUYD,wH2R,cJvF,FzaX,KhlYWu3,oslk,83UEsaq,LM8l689qOp,Xa3G,RAYp,F2FyR07IdsN7I
0,4781,14,464,588,735,296,166.56,0,2670,0,3.46849,36,200,77,514912,0,8258.82,20,40,304,408,-130522,1945,6,159093,0,530890,203680,2405,0,36,183463,1607836,68,412890,0,0,etYt0G8EIb,vuPfq6YcbX,CiJDdr4TQ0rGERIS,1K8T,2Ix5,fhk21Ss,ELRUn57,_piL,9_Y1,e7QV,VpdQ,oZyB,7M47J5GA0pTYIFxg5uy,kIsH,uKAI,L84s,iwn6,CWNSYfx,s9VS,cJvF,FzaX,4UxGlow,QKW8DRm,catzS2D,LM8l689qOp,fKCe,ZI9m,NoEd
0,1827,7,2268,324,405,256,166.56,0,0,0,3.453963,18,74,105,171048,0,18628.5,25,10,64,80,-102494,915,0,423,0,340100,822354,1555,0,9,123340,2473472,58,315816,0,0,zKnr4RXktW,RO12,taul,1K8T,z32l,Np_47cQ,nu5cwYj,5Tnv,9_Y1,Cgc3,VpdQ,hAFG,me75fM6ugJ,kIsH,uKAI,L84s,XfqtO3UdzaXh_,11p4mKe,XHJ8,cJvF,FzaX,uHZYWu3,oslk,8C02pc5,LM8l689qOp,Xa3G,RAYp,F2FyR07IdsN7I
0,938,14,0,124,155,168,253.52,0,950454,0,3.183294,27,48,0,0,0,185388,0,16,32,0,119270,520,12,216,0,0,3578540,70,0,0,2419200,10555520,0,4147200,0,0,AhzZptzip9,RO12,taul,1K8T,kNzO,25Anr2P,C_u8_AlBK7,4Wsq,9_Y1,t_4G,09_Q,IYzP,me75fM6ugJ,kIsH,uKAI,L84s,NhsEn4L,kq0n8Bj,ZuPl,UYBR,FzaX,KNXfql_,oslk,AA72Oqu,LM8l689qOp,Qu4f,RAYp,F2FyR07IdsN7I
0,168,0,0,44,55,24,166.56,0,0,0,1.645161,9,28,0,27072,0,6627,0,0,8,24,7388.28,155,0,0,0,18280,11266,0,0,0,532,50692,10,0,0,0,m9SvyxLkBI,RO12,taul,1K8T,UpNf,7jET1QS,6uerj6GG35,TyIK,9_Y1,_r21,VpdQ,IYzP,DHn_WUyBhW_whjA88g9bvA64_,kIsH,uKAI,L84s,CrNX,kq0Ng6w,RgOH,cJvF,FzaX,drWLMwt,d0EEeJi,UzT2tV5,LM8l689qOp,xb3V,nIGXDli,F2FyR07IdsN7I
0,910,7,576,40,50,0,233.44,0,6268440,0,5.679769,9,34,0,0,0,156504,0,0,0,0,66543.2,175,24,13446,0,6911200,0,235,0,18,0,9707880,12,0,0,0,Foxt0Go8Lb,ND3t9Yro9U,taul,1K8T,JLbT,81o7kIo,V6XUlxabJ4VaD,Taoo,9_Y1,Z5OU,VpdQ,IYzP,GjJ35utlTa_GNSvxxpb9ju,kIsH,uKAI,Mtgm,NhsEn4L,7Ww66JZ,PrZW,UYBR,FzaX,stpt_SW,oslk,rWh3yNE,jySVZNlOJy,Qu4f,02N6s8f,F2FcTt7IdMT_v
0,1386,7,4,240,300,176,253.52,0,553860,0,0.2775048,27,38,0,2357560,0,49816.2,0,8,48,80,33569.72,925,102,36,0,901700,573858,40,0,9,303800,3766104,14,523512,0,0,KXMgUH7IEC,RO12,taul,1K8T,PbOJ,7tlrR6d,daiGnRstPa,PhgR,9_Y1,m_h1,09_Q,zm5i,me75fM6ugJ,kIsH,uKAI,L84s,NhsEn4L,7Ww66JZ,lRxw,UYBR,FzaX,OrnDBnE,oslk,BC4qYia,jySVZNlOJy,WqMG,RAYp,F2FyR07IdsN7I
0,469,7,128,56,70,8,186.64,0,6209100,0,5.661397,36,78,63,4838400,0,147474,0,2,8,8,30660.16,425,48,37071,0,2457015,158406,1400,0,18,0,10314280,6,2209890,0,0,9hRmfo875g,RO12,taul,1K8T,QQSE,INosKl9,_jTP8ioIlJ,TseB,9_Y1,wGwL,VpdQ,hAFG,me75fM6ugJ,kIsH,uKAI,L84s,XfqtO3UdzaXh_,11p4mKe,eU5O,cJvF,FzaX,7XC6hzI,oslk,wH3Rt2K,LM8l689qOp,wX53,RAYp,F2FyR07IdsN7I
0,364,7,968,60,75,40,176.56,0,66144,0,4.860286,9,48,21,93184,0,9240.15,0,4,16,32,-32143.72,185,24,79758,0,0,42290,4200,0,0,31528,193284,0,27024,0,0,75lr4RXktW,RO12,taul,1K8T,lK27,yB8VVdO,NBVUlxabJhR17,QASw,9_Y1,TFSW,sJzTlal,IYzP,me75fM6ugJ,kIsH,uKAI,L84s,NhsEn4L,mAja5EA,yN2z,cJvF,FzaX,fmK1UQz,oslk,LsdaF5M,LM8l689qOp,Xa3G,RAYp,F2FyR07IdsN7I
0,707,7,8,24,30,0,253.52,0,7257600,0,4.992095,9,42,0,1347296,0,238866,5,0,8,8,29268,285,12,72,0,2957310,0,5,0,18,1178884,8208120,4,0,0,0,75lr4RXktW,RO12,taul,1K8T,42Cy,dpLnqNs,zA2IZno2NK,QiC7,9_Y1,TFSW,VpdQ,zm5i,me75fM6ugJ,kIsH,uKAI,L84s,NhsEn4L,NGZXfGp,4Wor,UYBR,FzaX,9F7m0jM,oslk,jrbDSFl,LM8l689qOp,Xa3G,RAYp,F2FyR07IdsN7I
0,3598,7,2124,528,660,184,133.12,0,64794,0,6.377056,9,80,0,124232,0,2604.024,15,16,144,184,3031,2095,18,9522,0,293695,37666,7410,0,27,2352,497396,144,85812,0,0,1GdOj17ejg,RO12,taul,1K8T,aD1X,P_IFZs5,Tg7jjBB,EKVC,9_Y1,eQTr,VpdQ,6JmL,me75fM6ugJ,kIsH,uKAI,L84s,XfqtO3UdzaXh_,11p4mKe,UqRJ,cJvF,FzaX,RnY8XLE,oslk,IBL2qo0,LM8l689qOp,7aLG,RAYp,F2FyR07IdsN7I
0,1078,21,3724,176,220,64,253.52,0,3748158,0,1.963042,36,178,140,1173104,0,114168.3,25,10,48,24,140280,670,66,84960,0,4128505,1032248,820,0,27,380660,10806520,24,1154700,0,0,npOBcmzkzH,RO12,taul,1K8T,kwI9,fhk21Ss,W0et5_vULgdzLIyJ,VBUU,9_Y1,yrDU,VpdQ,hAFG,7M47J5GA0pTYIFxg5uy,kIsH,uKAI,L84s,XfqtO3UdzaXh_,_JdH8mF,AFiH,UYBR,FzaX,4UxGlow,oslk,catzS2D,LM8l689qOp,Qcbd,ZI9m,iyHGyLCEkQ
0,3619,7,96,588,735,416,133.12,0,295104,0,6.548601,9,100,0,850784,0,8391.03,5,34,184,248,-1492992,1840,18,6921,0,534185,397384,15,0,9,348488,2034900,86,283290,0,0,4e7Wq69R_D,RO12,taul,1K8T,ssAy,iJzviRg,9YuGF5RSX0,nYWr,9_Y1,0A_v,VpdQ,wMei,7M47J5GA0pTYIFxg5uy,kIsH,uKAI,L84s,9fipLB8rlL,_JdM60Q,e0EP,UYBR,FzaX,ch2oGfM,zCkv,P6pu4Vl,LM8l689qOp,PM2D,ZI9m,R4y5gQQWY8OodqDV
0,3983,7,524,704,880,232,220.08,0,3951858,0,3.755608,18,66,245,2035016,0,17482.11,50,42,264,408,339527.6,2615,84,7704,0,3843530,254086,275,0,18,369999,8848440,102,464658,0,0,dRaq9ayE15,RO12,taul,1K8T,tzKK,cGZPV0c,n1zVHpT8NN,pt_1,9_Y1,QBpP,09_Q,IYzP,me75fM6ugJ,kIsH,uKAI,L84s,NhsEn4L,mAjbk_S,Volc,cJvF,qxDb,rulfc8E,oslk,y9NqhZX,LM8l689qOp,7P5s,RAYp,F2FyR07IdsN7I
0,126,7,68,20,25,32,253.52,0,0,0,5.83871,9,80,0,0,0,5791.74,0,2,0,0,-9122,75,0,369,8,0,20416,60,0,9,0,57456,0,24936,0,7,1JGTmBQZiT,RO12,taul,1K8T,AHgj,uTVx0bI,zA2IZno2NK,2xl_,9_Y1,TjV7,VpdQ,IYzP,GjJ35utlTa_GNSvxxpb9ju,kIsH,uKAI,L84s,JBfYVit4g8,kq0wjIN,ol_5,UYBR,FzaX,1FqNpO5,Al6ZaUT,3ilGn0i,LM8l689qOp,FSa2,02N6s8f,xwM2aC7IdeMC0
0,763,7,1036,124,155,16,266.88,0,3320754,0,5.620808,9,42,7,4147200,0,220668.3,0,0,24,48,-145613.2,510,60,920412,0,5592900,184150,840,0,9,0,9130040,26,0,0,0,m9SrEy7Rm6,RO12,taul,1K8T,PbOJ,1XgO0dd,Vxu_jOIy4u,Ykq8,9_Y1,H9GL,sJzTlal,zm5i,me75fM6ugJ,kIsH,uKAI,L84s,NhsEn4L,kZJtVhC,TIYz,cJvF,FzaX,bhMfR8o,oslk,vI2OtEt,LM8l689qOp,Aoh3,RAYp,F2FyR07IdsN7I
0,91,0,0,72,90,16,260.96,0,4308,0,3.640461,9,12,0,24632,0,1254,0,2,40,96,-32652.56,90,6,0,8,2310,5358,0,0,0,19474,30096,4,3516,0,7,tr0rEyXktW,RO12,taul,1K8T,1TqK,q5Zs43J,V6XUlxabJ4VaD,MoKf,9_Y1,SkZj,VpdQ,IYzP,me75fM6ugJ,kIsH,uKAI,L84s,NhsEn4L,mAja5EA,k1ZC,UYBR,FzaX,zJh68SY,oslk,ZdsRt72,LM8l689qOp,Aoh3,RAYp,F2FyR07IdsN7I
0,945,7,696,192,240,56,187.76,0,6937980,0,5.489426,9,94,399,3105112,0,149264.1,30,6,40,48,576772,665,96,13059,0,2869230,296934,390,0,36,0,10502160,20,109050,0,0,6VLvyx7IEC,RO12,taul,1K8T,hM6W,GUg04mC,Y0uewlZ,et0n,9_Y1,qaiO,09_Q,itlM,me75fM6ugJ,kIsH,uKAI,Mtgm,XfqtO3UdzaXh_,XTbPUYD,FbT7,UYBR,FzaX,6g5Ojel,oslk,UbjqFbB,LM8l689qOp,szEZ,RAYp,F2FyR07IdsN7I
0,560,7,396,56,70,72,253.52,0,0,0,6.166631,18,30,546,2838272,3,226504.5,0,4,16,8,-46550.4,445,0,3726,8,866860,3614320,315,0,0,0,10032480,4,1036800,0,0,xOXr4RXktW,RO12,taul,1K8T,FgS1,gmq88LT,E0AoEzR,I2VO,9_Y1,Zazx,09_Q,IYzP,me75fM6ugJ,kIsH,uKAI,L84s,NhsEn4L,mAjbk_S,aK8c,cJvF,FzaX,gbo1rOn,oslk,Pml6FsY,LM8l689qOp,Xa3G,RAYp,F2FyR07IdsN7I
0,945,7,328,152,190,72,233.44,0,0,0,6.940825,9,40,84,792216,0,18873.78,0,2,8,48,-647160,630,0,873,0,2582010,318298,250,0,0,0,3188852,44,135810,0,0,eOQgUHShse,RO12,taul,1K8T,4fje,zOo4luf,_jTP8ioIlJ,Mx5G,9_Y1,RVjC,VpdQ,IYzP,me75fM6ugJ,kIsH,uKAI,Mtgm,NhsEn4L,mAjbk_S,9haV,UYBR,wwPEXoilkr,i9J4_jR,oslk,964Rb9q,LM8l689qOp,FSa2,RAYp,F2FyR07IdsN7I
0,42,0,0,160,200,88,253.52,5,2382084,0,5.319803,9,14,0,229136,0,61854.6,5,6,32,16,-689724,200,42,0,8,1766105,20800,0,0,0,3052,3298904,32,59310,0,0,ZSNq9aX0Db,RO12,taul,1K8T,JLbT,FotXFFL,J1Mkkkp,zFWP,9_Y1,6TCl,sJzTlal,IYzP,me75fM6ugJ,kIsH,uKAI,L84s,NhsEn4L,kZJyVg2,vo1R,UYBR,FzaX,CJTANRN,oslk,ygDuF_T,LM8l689qOp,uWr3,RAYp,F2FyR07IdsN7I
0,714,28,7464,120,150,0,226.72,0,0,0,3.358043,45,144,770,5529600,0,247075.2,0,0,32,64,153612.8,445,0,22941,0,9504000,0,7275,0,0,0,10368000,44,0,0,0,1KSr4RK2Mx,2Knk1KF,taul,1K8T,487l,7qvk2Zj,e1XhvTunuD,g7ag,9_Y1,DtNL,VpdQ,IYzP,me75fM6ugJ,kIsH,uKAI,L84s,NhsEn4L,beK4AFX,iNnS,UYBR,qxDb,FhTm94s,oslk,TIxsTKW,jySVZNlOJy,FSa2,RAYp,55YFVY9
0,1295,7,2000,212,265,192,200,0,158076,0,5.49498,9,34,63,223656,0,11071.77,0,10,96,80,52737.2,910,42,6849,0,34570,250740,45,0,0,45689,785124,14,58164,0,0,HYTrjIK12c,RO12,taul,1K8T,TyGl,vzPc2Tv,msIqHk8toE,43ip,9_Y1,7WNq,VpdQ,IYzP,me75fM6ugJ,kIsH,uKAI,L84s,NhsEn4L,kZJtVhC,CiWj,UYBR,FzaX,tzpRCiV,oslk,Cue6Ztl,LM8l689qOp,WqMG,RAYp,F2FyR07IdsN7I
0,4312,7,1484,756,945,264,186.64,0,5245878,0,3.949584,9,44,448,2056624,0,44703.3,70,34,208,296,98303.6,2805,120,75690,0,3268405,580932,16485,0,9,406784,10347920,136,569364,0,0,bZkvyxLkBI,RO12,taul,1K8T,R4_H,604SYUX,n1zVHpT8NN,Ja0a,9_Y1,FbIm,09_Q,zm5i,me75fM6ugJ,kIsH,uKAI,L84s,NhsEn4L,mAjbk_S,FXd0,UYBR,FzaX,kH58iqZ,oslk,dc9OtEt,M_8D,xb3V,RAYp,F2FyR07IdsN7I
0,1295,7,3328,44,55,40,166.56,0,0,0,1.032685,9,128,7,339864,0,14965.8,5,0,24,40,-41326,440,0,10107,0,0,28662,575,0,27,24206,263376,0,0,0,0,0vimfo8zhV,2Knk1KF,taul,1K8T,ssAy,VWnXzAw,AnFkDi2c_X,DWWi,9_Y1,6Kw9,VpdQ,hAFG,me75fM6ugJ,kIsH,uKAI,L84s,XfqtO3UdzaXh_,XTbPUYD,tWNh,cJvF,FzaX,2WbYjZW,oslk,p2sz20V,LM8l689qOp,3Cy4,RAYp,55YFVY9
0,1708,7,5652,652,815,264,0,0,1650546,0,1.994018,9,64,819,576984,0,75431.41,30,34,136,136,120148.8,1890,252,54810,0,2653790,2252940,19350,0,18,1322454,10274120,96,2304408,0,0,ZSNrjIX0Db,RO12,taul,1K8T,vsvk,UsKXtaU,9YuuPSz3BI,6MIe,9_Y1,EKFb,VpdQ,IYzP,me75fM6ugJ,kIsH,uKAI,Mtgm,NhsEn4L,mAjbk_S,RGeW,UYBR,FzaX,eTkY_02,oslk,flKzgmc,LM8l689qOp,5Acm,RAYp,F2FyR07IdsN7I
0,1470,7,24,308,385,216,196.64,0,887490,18,6.774621,9,58,63,1130440,3,20275.17,10,6,104,152,-60487.2,890,24,261,24,1620080,150678,2200,0,18,130165,3238556,44,74970,0,0,l7Fq9ayE15,RO12,taul,1K8T,LZs_,K_tc5gJ,6szB_M1cm2Std74J,jv4s,9_Y1,000J,VpdQ,IYzP,DHn_WUyBhW_whjA88g9bvA64_,kIsH,uKAI,L84s,CrNX,NGZ_12K,RYCi,cJvF,FzaX,JthatAw,d0EEeJi,BvEHAaE,LM8l689qOp,7P5s,nIGXDli,F2FyR07IdsN7I
0,693,7,2268,252,315,136,233.44,0,15168,0,2.901303,9,80,161,343680,0,6158.76,0,14,80,152,-1822948,555,12,29835,0,303585,106412,450,0,9,109319,759956,36,183468,0,0,qXhvyxLp3Z,RO12,taul,1K8T,GYbZ,dRqabdC,_UtlxbJ,7EiB,9_Y1,FbIm,VpdQ,IYzP,me75fM6ugJ,kIsH,uKAI,L84s,NhsEn4L,mAjbk_S,RQRf,UYBR,FzaX,eJsfrxM,oslk,renAIRG,LM8l689qOp,xb3V,RAYp,F2FyR07IdsN7I
0,644,0,0,132,165,56,220.08,0,2183586,0,4.883358,18,38,0,2073640,0,217090.8,10,8,32,24,274673.6,435,36,1377,0,4327725,1209600,0,0,9,0,10447520,22,2073600,0,0,crIt0Go8Lb,RO12,taul,1K8T,0Xwj,faywyM5,3cO76t0,VXi0,HLqf,rGJy,VpdQ,zm5i,DHn_WUyBhW_whjA88g9bvA64_,sBgB,uKAI,L84s,CrNX,y5FewfI,CLpq,cJvF,FzaX,3s41NKZ,d0EEeJi,aD3P7LR,jySVZNlOJy,Qu4f,nIGXDli,F2FyR07IdsN7I
0,1078,7,1708,132,165,72,369.76,0,4297362,0,5.462295,36,158,259,1382400,0,161057.4,25,4,40,16,3460.428,605,60,10458,0,1827200,1537972,12115,0,36,0,10382280,10,1036800,0,0,HYTvyx7ejg,2Knk1KF,taul,1K8T,7M9D,G2zwXf5,UFIdC8I,giKM,9_Y1,f4dr,VpdQ,haYg,me75fM6ugJ,kIsH,uKAI,Mtgm,XfqtO3UdzaXh_,XTbPUYD,uKV7,cJvF,FzaX,KhWfR8o,oslk,0MpQv5o,LM8l689qOp,szEZ,RAYp,TCU50_Yjmm6GIBZ0lL_
0,1911,35,3816,148,185,80,257.28,0,3923988,0,3.651143,45,116,700,1384080,0,68901,30,4,32,24,163913.2,575,54,91359,0,1477285,1704334,23325,0,27,0,10543840,14,1036800,0,0,zKnr4RXktW,2Knk1KF,taul,1K8T,0Xwj,b9lODwF,6SqRYfh,v5KQ,HLqf,ZKJc,VpdQ,giwq,me75fM6ugJ,sBgB,uKAI,L84s,h0lfDKh52u4GP,IoI4mKe,h3ow,cJvF,FzaX,gboeT2p,oslk,LnLaK89,LM8l689qOp,7FJQ,RAYp,55YFVY9
0,728,7,16,52,65,32,471.6,5,5028576,0,4.717155,9,48,0,0,6,201273,5,4,8,0,-309574.8,190,24,2745,24,944385,447422,330,0,0,0,7388000,4,2015496,0,0,LDPq9ayfAo,RO12,taul,1K8T,LZs_,H9TGiDY,ykqtjb8,HyV4,9_Y1,000J,VpdQ,IYzP,Kxdu,kIsH,uKAI,L84s,FMSzZ91zL2,kq067VR,pdgB,cJvF,FzaX,rSNKYdx,zCkv,O8sb4Lm,LM8l689qOp,7P5s,6fzt,SbOd7O8ky1wGNxp0Arj0Xs
0,77,0,0,100,125,64,369.44,0,8028,0,2.422559,18,12,0,120440,0,127759.2,30,8,16,8,-467744,125,36,0,24,0,1382400,0,0,0,1209600,4258640,0,1984218,0,21,Iskvyx875g,RO12,taul,1K8T,ujBx,jCepSrJ,Yi4Pkbj,CYGG,9_Y1,QMes,sJzTlal,IYzP,me75fM6ugJ,kIsH,uKAI,L84s,NhsEn4L,kZJyVg2,Yz5N,cJvF,FzaX,Oy_RPEi,oslk,FS4qjNq,LM8l689qOp,WqMG,RAYp,F2FyR07IdsN7I
0,2604,21,5252,1500,1875,744,220.08,0,1149816,0,1.806024,27,128,7,620672,0,29427.57,195,88,344,160,-925660,3850,456,61371,0,1285390,388158,1345,0,18,246008,3486684,206,475998,0,0,HYTrjIK12c,2Knk1KF,taul,1K8T,iJ4u,EnSNXZR,e1XhvTunuD,E2M4,9_Y1,7WNq,VpdQ,hAFG,me75fM6ugJ,kIsH,uKAI,L84s,XfqtO3UdzaXh_,XTbPUYD,GoPX,cJvF,FzaX,KnzzTww,oslk,EbgaySi,LM8l689qOp,WqMG,RAYp,55YFVY9
0,1106,7,3080,292,365,176,166.56,0,27924,0,6.926939,9,190,119,445928,0,6239.7,0,12,104,136,23838.56,1075,12,4743,0,325865,105902,215,0,45,46193,733624,52,29322,0,0,DHeTmBftjz,2Knk1KF,taul,1K8T,0Xwj,fhk21Ss,BBhiudN5VwCx3,MYaJ,HLqf,Gx0B,VpdQ,y6dw,7M47J5GA0pTYIFxg5uy,sBgB,uKAI,L84s,_5OXC8MSLt,LxWMK5e,sjjV,cJvF,FzaX,4UxGlow,oslk,catzS2D,LM8l689qOp,Qu4f,ZI9m,iyHGyLCEkQ
0,2527,7,2172,512,640,192,190.08,5,33246,0,5.074557,9,136,231,833640,0,8471.07,10,16,120,160,-48198,1735,18,2187,8,1467110,406362,815,0,36,181573,2746124,142,443358,0,0,hSogUHXZeb,2Knk1KF,taul,1K8T,7ALb,PHNvXy8,e1XhvTunuD,ZIlk,9_Y1,STGZ,VpdQ,haYg,NKv3VA1BpP,kIsH,uKAI,L84s,Ie_5MZs,CWNY2py,s9FI,UYBR,FzaX,UF16siJ,zCkv,APgdzOv,LM8l689qOp,453m,6fzt,Zy3gnGM
0,2751,14,684,564,705,296,233.6,0,54042,0,5.013031,18,64,182,1906720,0,7434.57,0,10,24,104,384286,2425,48,657,0,1480170,294200,380,0,0,1010996,2822612,156,91032,0,0,CEaBcmz45j,RO12,taul,1K8T,TyGl,wj1pdnz,9YuYZx0Xsm,BGOt,9_Y1,WGOH,VpdQ,IYzP,me75fM6ugJ,kIsH,uKAI,L84s,NhsEn4L,TDceha3,LD9n,cJvF,FzaX,lRbDnJ7,oslk,bO0DUcR,LM8l689qOp,Qcbd,RAYp,F2FyR07IdsN7I
0,4319,7,5024,132,165,32,286.96,0,3726792,0,1.576159,9,156,56,3788208,0,46845.6,0,4,32,48,269086.4,525,48,52893,0,5080850,676812,3490,0,27,0,10488120,26,1036800,0,0,51rt0G8rTN,g62hiBSaKg,taul,1K8T,2Ix5,fhk21Ss,Tg7jjBB,cTnK,9_Y1,k13i,VpdQ,y6dw,7M47J5GA0pTYIFxg5uy,kIsH,uKAI,L84s,4kVnq_T26xq1p,teAaNR4,EwWK,UYBR,FzaX,4UxGlow,zCkv,catzS2D,M_8D,fKCe,ZI9m,ib5G6X1eUxUn6
0,1008,14,2008,156,195,56,220.08,0,1072392,0,6.980133,18,178,63,3456000,0,173603.1,25,0,32,40,152613.6,625,18,12204,0,7852750,161504,90,0,36,604800,10385920,38,0,0,0,gE8Wq6edh4,2Knk1KF,taul,1K8T,0Xwj,fhk21Ss,3A8iudN5VuylP,_PtF,HLqf,_xpN,VpdQ,hAFG,7M47J5GA0pTYIFxg5uy,sBgB,uKAI,Mtgm,Ie_5MZs,CWNY2py,qulK,cJvF,FzaX,4UxGlow,zCkv,catzS2D,M_8D,FSa2,ZI9m,TCU50_Yjmm6GIBZ0lL_
0,945,7,1036,148,185,160,166.56,0,38946,0,5.718436,9,78,7,157632,0,43677,15,8,56,40,-176512.4,545,18,54207,0,74550,203102,155,0,0,273490,1026600,4,295938,0,0,GcUBcmz45j,RO12,taul,1K8T,0WHw,Z4ho8ot,NW71mrodGH,G7MT,9_Y1,KubS,VpdQ,IYzP,me75fM6ugJ,kIsH,uKAI,L84s,NhsEn4L,mAjbk_S,L0xc,cJvF,FzaX,pqU6hzI,oslk,XKaTy9x,LM8l689qOp,Qcbd,RAYp,F2FyR07IdsN7I
0,448,0,0,44,55,0,220.08,0,5163588,0,4.279428,27,28,0,443560,0,251686.2,10,2,8,8,73651.6,320,18,0,0,3132610,0,0,0,18,0,8727960,8,1043688,0,0,vAsgUHXM47,RO12,taul,1K8T,h3JW,au1K0yW,LJF4fPp,414b,9_Y1,fTh6,VpdQ,zm5i,me75fM6ugJ,kIsH,uKAI,L84s,NhsEn4L,mAjbk_S,7PJK,cJvF,FzaX,iEX0Q3K,oslk,LPD2Oqu,LM8l689qOp,453m,RAYp,F2FyR07IdsN7I
0,1239,0,76,364,455,224,253.52,0,423090,0,1.376843,18,172,7,1095144,0,42870.6,5,14,64,32,-1220848,1185,42,134838,0,1777105,625316,0,0,18,122801,4115520,88,855354,0,0,xOXrjIQq3d,LrdZy8QqgUfkVShG,taul,1K8T,yMvB,fhk21Ss,lGXpFd_2Rf,VNjO,9_Y1,RVjC,09_Q,G_zk,7M47J5GA0pTYIFxg5uy,kIsH,uKAI,L84s,XfqtO3UdzaXh_,_JdcICD,p8c0,UYBR,FzaX,4UxGlow,oslk,catzS2D,LM8l689qOp,FSa2,ZI9m,ib5G6X1eUxUn6
0,721,0,0,256,320,192,166.56,0,58332,0,6.194616,9,28,0,534920,0,8874.36,5,20,64,112,-110239.2,995,6,0,0,873085,108028,0,0,9,158165,1459504,28,299796,0,0,75lr4RXktW,RO12,taul,1K8T,uErj,dpLnqNs,V_KR_LD,w5JY,9_Y1,Albh,VpdQ,43pnToF,me75fM6ugJ,kIsH,uKAI,L84s,NhsEn4L,mAja5EA,KoRW,cJvF,FzaX,9F7m0jM,oslk,jrbDSFl,LM8l689qOp,Xa3G,RAYp,F2FyR07IdsN7I
0,994,7,56,112,140,0,253.52,0,4147200,0,6.747062,9,86,56,2766144,0,135599.1,20,0,32,40,16893.56,465,48,576,0,4752000,0,60,0,9,0,9284000,22,0,0,0,dRaq9ayE15,RO12,taul,1K8T,mAW3,fi0OqeB,J3fgbi2,5EtP,9_Y1,kJJ7,VpdQ,IYzP,me75fM6ugJ,kIsH,uKAI,L84s,NhsEn4L,mAjbk_S,T98R,UYBR,FzaX,VDdAM23,oslk,gF2YaaM,LM8l689qOp,7P5s,RAYp,F2FyR07IdsN7I
0,714,7,1752,404,505,160,246.8,0,7777320,0,6.063662,18,54,21,1468944,0,92207.41,40,2,56,80,163306,970,138,76104,0,2859530,193344,20,0,18,99253,10675600,78,164322,0,0,doHWq69cTy,RO12,taul,1K8T,8qEx,6CXYbuk,GVWDufEPyV,BJhy,9_Y1,0A_v,VpdQ,kxE9,Kxdu,kIsH,uKAI,L84s,9pUnzWLbztKTo,y5FWIFG,LQpM,cJvF,qxDb,ROeipLp,zCkv,K2SqEo9,LM8l689qOp,PM2D,6fzt,am14IcfM7tWLrUmRT52KtA
0,2100,7,7488,572,715,248,200,0,22428,0,1.79577,9,38,504,228976,0,39024.3,5,16,128,160,147861.2,1975,12,38394,0,935000,163284,10805,0,18,154427,1297228,162,138420,0,0,GcUt0G8rTN,RO12,taul,1K8T,487l,gwY4NQF,yEFIHeU,6HXF,9_Y1,k13i,VpdQ,zm5i,me75fM6ugJ,kIsH,uKAI,L84s,NhsEn4L,mAjbk_S,Kcak,UYBR,FzaX,t5EoLzk,oslk,ag5iNPX,LM8l689qOp,fKCe,RAYp,F2FyR07IdsN7I
0,987,7,12,120,150,40,113.68,15,3847272,0,1.35313,9,42,0,0,6,158845.2,5,8,16,0,645752,600,72,423,40,2311720,1685366,255,0,18,554421,9369000,16,1900854,0,0,FoxgUHSK8h,RO12,taul,1K8T,TyGl,NxdYjTW,5CtupK8,SYvw,9_Y1,mTeA,09_Q,zm5i,me75fM6ugJ,kIsH,uKAI,Mtgm,NhsEn4L,mAjbk_S,ezfD,UYBR,FzaX,cS20nTz,oslk,gsLqI2t,LM8l689qOp,FSa2,RAYp,F2FyR07IdsN7I
0,378,7,60,88,110,8,166.56,0,0,0,2.840846,9,132,14,409968,0,56573.4,0,0,8,24,180364.4,355,0,56070,0,2074965,186,525,0,18,0,1865328,36,0,0,0,vAsvyx7ejg,2Knk1KF,taul,1K8T,7M9D,jlzcpQc,9sLj8Wv,tyay,9_Y1,f4dr,VpdQ,hAFG,me75fM6ugJ,kIsH,uKAI,L84s,XfqtO3UdzaXh_,XTbPUYD,FaHP,UYBR,FzaX,OgVfql_,oslk,BXGzrB7,LM8l689qOp,szEZ,RAYp,55YFVY9
0,1659,0,1528,232,290,120,166.56,0,136854,0,2.377911,9,82,0,178232,0,18842.82,45,16,88,112,17823.28,625,60,118890,0,82950,65234,0,0,0,65226,737548,4,233886,0,0,oUPBcmzkzH,RO12,taul,1K8T,tXti,OJdcVcA,Yi49a6G,Xoh1,9_Y1,WGOH,VpdQ,IYzP,me75fM6ugJ,kIsH,uKAI,L84s,NhsEn4L,mAjbk_S,rdgs,UYBR,FzaX,rPpfql_,oslk,d1cRkup,jySVZNlOJy,Qcbd,RAYp,F2FyR07IdsN7I
0,378,14,2936,84,105,32,99.68,0,0,0,2.062593,18,132,119,111960,0,3992.25,15,8,32,72,-119524,255,0,9108,0,5365,8442,25,0,9,23947,121476,2,26502,0,0,NQ5rEy7Rm6,onTuEhrJJQy_H3IHkZku5AFczhYGqxJ890,taul,1K8T,sKnY,KKwu40Y,hOpRIhsUSP,F1UB,9_Y1,X8zP,VpdQ,haYg,DHn_WUyBhW_whjA88g9bvA64_,kIsH,uKAI,L84s,CrNX,AuSBTw7,BShe,cJvF,FzaX,hNj9wBO,d0EEeJi,45nSV4D,jySVZNlOJy,Aoh3,nIGXDli,iyHGyLCEkQ
0,931,14,3304,116,145,56,324.64,5,6188580,0,0.9004486,18,254,1239,0,15,99065.7,30,4,32,0,-43586,555,72,7488,48,62755,1209600,1455,0,18,0,9276200,4,1036800,0,0,YddrjIQ5Ph,9U2tunPAje3TwfLLUQxzM3dC1ghn,hiMqnEM7VgIk4JUu,1K8T,487l,fhk21Ss,msIqHk8toE,sMhn,9_Y1,RVjC,VpdQ,y6dw,7M47J5GA0pTYIFxg5uy,kIsH,uKAI,L84s,_5OXC8MSLt,LxWhDOK,4DIm,UYBR,FzaX,4UxGlow,oslk,catzS2D,LM8l689qOp,FSa2,ZI9m,VjDE
0,112,7,764,60,75,0,166.56,0,0,0,3.733177,9,74,0,56384,0,5813.82,0,0,0,24,-74697.6,170,0,41823,0,79300,0,510,0,0,0,91632,24,0,0,0,JMGrjIXt5a,RO12,taul,1K8T,vsvk,im_bujo,_UtlxbJ,_PFP,9_Y1,nr0d,VpdQ,IYzP,me75fM6ugJ,kIsH,uKAI,L84s,NhsEn4L,kZJs2nh,1wvd,cJvF,FzaX,hf11Ctd,oslk,6Uhw_BK,LM8l689qOp,5Acm,RAYp,F2FyR07IdsN7I
0,1393,7,3440,128,160,0,357.28,0,11378520,0,2.463149,9,76,672,0,0,130525.2,45,0,32,0,150274,540,132,89073,0,143040,0,12070,0,9,0,10810520,2,0,0,0,NESWq69R_D,e6CkoqApVR,taul,1K8T,lK27,PHNvXy8,ThrnFOQ,VNjO,9_Y1,RVjC,sJzTlal,IYzP,NKv3VA1BpP,kIsH,uKAI,Mtgm,I6KzrtUCei,y5Fn3nQ,p8c0,UYBR,FzaX,UF16siJ,zCkv,APgdzOv,LM8l689qOp,FSa2,6fzt,xwM2aC7IdeMC0
0,1001,7,6216,136,170,40,196.64,0,5339418,0,5.474898,9,74,1771,691200,0,141053.7,20,4,32,8,87766.4,510,72,8046,0,3146355,864000,22725,0,9,604800,10223880,20,1036800,0,0,302Oj17IEC,RO12,taul,1K8T,aD1X,9GJGgoz,Mmks44r,yBI2,9_Y1,zfpA,09_Q,6JmL,Kxdu,kIsH,uKAI,L84s,FMSzZ91zL2,NGZokw4,t59f,cJvF,FzaX,Tvpip6Z,zCkv,hHJsvbM,LM8l689qOp,7aLG,6fzt,SbOd7O8ky1wGNxp0Arj0Xs
0,1344,7,1320,184,230,48,166.56,0,2504388,0,3.200171,9,46,119,1206504,0,66648,20,8,40,32,464400,720,42,23148,0,2137435,355628,420,0,18,764491,6016720,42,721338,0,0,Yddq9ayE15,RO12,taul,1K8T,JLbT,Xh3ng1z,KcR1XI2VFT,Z72I,9_Y1,F_Lu,VpdQ,hAFG,me75fM6ugJ,kIsH,uKAI,L84s,XfqtO3UdzaXh_,11p4mKe,fD6S,UYBR,FzaX,6JWfR8o,oslk,jKDEKx8,LM8l689qOp,TNEC,RAYp,F2FyR07IdsN7I
0,819,7,2292,128,160,64,253.52,0,6580440,0,3.004272,27,100,147,318984,0,218256.3,35,2,32,8,99129.2,540,84,4023,0,135455,1353604,850,0,18,0,10069240,2,518400,0,0,Foxt0Go8Lb,RO12,taul,1K8T,IGdn,LUVNw5i,hOpRIhsUSP,6UiV,9_Y1,MGOA,VpdQ,lVqb,5iay,kIsH,uKAI,L84s,dznt9poYpmHt7,7WwnpJW,bHR7,UYBR,qxDb,9Z9iNGc,zCkv,jADGkwT,LM8l689qOp,Qu4f,6fzt,xwM2aC7IdeMC0
0,518,0,0,156,195,136,186.64,0,22314,0,3.457167,9,22,0,2191816,0,50281.2,10,2,48,64,-601260,595,30,0,0,706945,634368,0,0,9,378371,2969688,12,7110,0,0,vAsTmBfHUn,RO12,taul,1K8T,12fX,pro8v8X,IG_G867,Q5Ne,9_Y1,4N0K,VpdQ,zm5i,me75fM6ugJ,kIsH,uKAI,L84s,NhsEn4L,mAja5EA,FxCC,cJvF,FzaX,meWVy8V,oslk,DQ3u3MC,LM8l689qOp,Qu4f,RAYp,F2FyR07IdsN7I
0,8092,7,4,224,280,48,253.52,0,1094574,0,1.53621,9,40,0,4446432,0,21348.6,15,0,40,56,1593552,3085,84,4086,0,7994850,315514,50,0,9,0,10930280,52,0,0,0,vAsvyx7ejg,RO12,taul,1K8T,0Xwj,ml5cNhj,ELRUn57,Ef1y,F3hy,RcM7,VpdQ,43pnToF,me75fM6ugJ,kIsH,uKAI,L84s,NhsEn4L,mAja5EA,A1VJ,UYBR,FzaX,XbZfrxM,oslk,QfJz_Kt,LM8l689qOp,szEZ,RAYp,F2FyR07IdsN7I
0,2023,7,12,352,440,240,133.12,0,1038072,0,4.616535,9,50,0,556400,0,11439.09,5,14,88,128,-1047.428,1115,78,21042,0,211610,195270,340,0,0,159782,1800536,42,401442,0,0,E3dr4RQxul,RO12,taul,1K8T,JLbT,tGK9gpP,nG4HyGn,hJPt,9_Y1,z5Ry,VpdQ,IYzP,me75fM6ugJ,kIsH,uKAI,L84s,NhsEn4L,TDcECyH,hIp0,UYBR,FzaX,UF1NvFm,oslk,8Eja5gA,LM8l689qOp,FSa2,RAYp,F2FyR07IdsN7I
0,882,14,2684,56,70,48,146.48,0,0,0,4.945311,18,128,280,35312,0,4206.63,0,4,32,32,-2554.284,395,0,22752,0,11165,16576,410,0,18,25508,71504,4,17646,0,0,tr0Wq69cTy,2Knk1KF,taul,1K8T,lK27,ka_5wbm,I1sqWRxUAv,1o8Y,9_Y1,Px52,09_Q,kxE9,me75fM6ugJ,kIsH,uKAI,L84s,XfqtO3UdzaXh_,XTbPUYD,I04_,cJvF,FzaX,KA38iqZ,oslk,m1Bz4Af,LM8l689qOp,PM2D,RAYp,55YFVY9
0,1092,7,3584,136,170,56,255.76,0,3131598,0,1.857082,9,78,266,2426304,0,150516.6,10,4,32,32,165163.6,510,42,52335,0,4657050,1108952,27485,0,0,554421,10511680,24,950436,0,0,GcUBcmz45j,RO12,taul,1K8T,487l,wj1pdnz,9HOPNsJ,ZXWs,9_Y1,yrDU,09_Q,IYzP,me75fM6ugJ,kIsH,uKAI,L84s,NhsEn4L,TDceha3,o_F7,cJvF,FzaX,lRbDnJ7,oslk,bO0DUcR,LM8l689qOp,Qcbd,RAYp,F2FyR07IdsN7I
0,399,7,728,228,285,128,200.64,0,58620,0,3.88699,9,40,7,645344,9,78076.8,10,10,48,32,-633056,285,24,4797,24,2281470,641494,1410,0,9,671139,4466560,52,1428804,0,0,vAsgUHXM47,RO12,taul,1K8T,7ALb,au1K0yW,ThrHXVS,ZZSJ,9_Y1,fTh6,09_Q,IYzP,me75fM6ugJ,kIsH,uKAI,L84s,NhsEn4L,mAjbk_S,LI0l,UYBR,FzaX,iEX0Q3K,oslk,LPD2Oqu,LM8l689qOp,453m,RAYp,F2FyR07IdsN7I
0,392,7,16,104,130,88,166.56,0,0,0,3.87695,9,126,0,145096,0,3345.57,0,0,0,16,12016.28,400,0,29772,0,33515,5598,320,0,9,0,110556,26,0,0,0,UCDvyx8zhV,g62hiBSaKg,taul,1K8T,JLbT,kJ1ERUT,msIFlLyI91,mW3T,9_Y1,MBhA,VpdQ,haYg,7M47J5GA0pTYIFxg5uy,kIsH,uKAI,L84s,leSl,teA09W3,BdeV,UYBR,FzaX,MMTJrCp,QKW8DRm,Rkj9jvX,LM8l689qOp,WqMG,vJ_w8kB,ib5G6X1eUxUn6
0,2541,7,5468,568,710,432,264.64,0,3286770,0,3.011322,9,54,70,4631248,0,54478.8,35,14,104,104,154669.6,2875,150,10404,0,5871400,346628,270,0,18,391132,10665640,72,203784,0,0,HYTvyx7ejg,RO12,taul,1K8T,lK27,T7cNGWG,qTSH6kogwg,Rr4M,9_Y1,qaiO,sJzTlal,43pnToF,me75fM6ugJ,kIsH,uKAI,L84s,NhsEn4L,mAjbk_S,Qucg,cJvF,FzaX,ByIfGrO,oslk,Esw7qqc,LM8l689qOp,szEZ,RAYp,F2FyR07IdsN7I
0,721,7,8,36,45,8,347.44,0,3669612,0,6.546037,18,36,0,6027224,0,207118.8,0,0,0,16,261453.2,320,12,315,0,2216405,1209600,55,0,18,0,9652360,8,0,0,0,5_lq9aXt5a,RO12,taul,1K8T,0Xwj,pt5nqNs,nQUraz4Iff,K9Xw,HLqf,Y9Bl,VpdQ,zm5i,me75fM6ugJ,sBgB,uKAI,L84s,NhsEn4L,mAjbk_S,Q675,UYBR,FzaX,1Fqm0jM,oslk,6NrDSFl,LM8l689qOp,uWr3,RAYp,F2FyR07IdsN7I
0,742,14,2264,120,150,8,288.32,0,0,0,6.465285,18,54,147,5522408,0,241472.1,0,0,32,64,68458,480,0,5598,0,9007550,125014,400,0,9,2419200,10217280,42,0,0,0,Tfit0G8EIb,RO12,taul,1K8T,wOc1,B884X3H,1e6A3itvlb8Ijzlg,7ioK,9_Y1,e7QV,09_Q,43pnToF,me75fM6ugJ,kIsH,7A3j,L84s,NhsEn4L,kZJtVhC,EHsf,UYBR,FzaX,Fon8hdx,oslk,bTV7qqc,jySVZNlOJy,fKCe,RAYp,F2FyR07IdsN7I
0,1330,7,668,180,225,80,166.56,0,3217836,0,2.411664,9,62,14,1072080,0,46826.7,20,10,48,40,570272,595,78,28953,0,1344050,88488,540,0,0,183743,4802720,16,36234,0,0,vAsTmBfHUn,RO12,taul,1K8T,JLbT,cmyXfGf,NW71mrodGH,pSVn,9_Y1,4N0K,VpdQ,IYzP,DHn_WUyBhW_whjA88g9bvA64_,kIsH,uKAI,L84s,CrNX,NGZ_12K,8Ymd,cJvF,OFWH,HH3HySX,d0EEeJi,QhhH4R1,jySVZNlOJy,Qu4f,nIGXDli,F2FyR07IdsN7I
0,987,7,332,140,175,40,318.08,0,1555200,0,1.622303,27,156,21,2521512,0,82462.2,15,6,56,40,-232070.4,665,18,684,0,6302200,238056,30,0,9,236173,9141960,32,578958,0,0,N_vrjIXt5a,onTuEhrJJQy_H3IHkZku5AFczhYGqxJ890,taul,1K8T,dTod,fqeOwLG,yiXKNUCbD1,1DAt,9_Y1,VILw,VpdQ,kxE9,7M47J5GA0pTYIFxg5uy,kIsH,uKAI,Mtgm,9pUnzWLbztKTo,XTbWMnx,PJmt,cJvF,AU8pNoi,fxJmel6,zCkv,WfsWw2A,LM8l689qOp,5Acm,ZI9m,iyHGyLCEkQ
0,931,7,3520,20,25,8,156.08,0,2073600,0,3.531083,18,76,287,0,0,91420.8,0,0,0,0,-1652144,325,24,16866,0,0,143044,16500,0,0,0,1668488,0,0,0,0,crIt0Go8Lb,RO12,taul,1K8T,TyGl,y2NL3Mv,yLQTWghLEB,w9uL,9_Y1,rGJy,09_Q,IYzP,DHn_WUyBhW_whjA88g9bvA64_,kIsH,uKAI,L84s,CrNX,mAjbq_f,fvvC,cJvF,FzaX,ROetXJe,d0EEeJi,K2S6c6W,jySVZNlOJy,Qu4f,nIGXDli,F2FyR07IdsN7I
0,826,14,3344,116,145,32,166.56,0,5706,0,2.698142,18,84,546,965896,0,12926.25,5,4,56,72,-53397.6,405,6,72414,0,143125,49718,16845,0,0,100919,767856,24,95004,0,0,Qu0TmBQZiT,RO12,taul,1K8T,AHgj,rPAblEW,0_L_dkAYST,8d_Q,9_Y1,TjV7,09_Q,IYzP,me75fM6ugJ,kIsH,uKAI,L84s,NhsEn4L,mAjbk_S,ckPi,UYBR,FzaX,bEm38SL,oslk,serQJQm,LM8l689qOp,FSa2,RAYp,F2FyR07IdsN7I
0,756,7,304,284,355,248,193.44,0,0,0,1.165776,9,62,0,706104,0,35124.6,0,8,32,56,-258262,955,0,22005,0,1014755,369934,250,0,18,195965,2045816,58,211638,0,0,vAsvyx7ejg,RO12,taul,1K8T,7M9D,YDGnFi6,V4EcIXVbjg,2v2H,9_Y1,f4dr,09_Q,Tkho,me75fM6ugJ,kIsH,uKAI,L84s,NhsEn4L,kq0n8Bj,gRNU,cJvF,FzaX,DI4fGrO,oslk,qPM2pc5,LM8l689qOp,szEZ,RAYp,F2FyR07IdsN7I
0,854,7,40,448,560,232,253.52,0,4772070,0,6.690451,9,42,14,2422464,3,182044.2,5,12,88,72,105923.6,925,96,14454,8,3406795,1180700,390,0,9,195895,10221000,102,637098,0,0,GcUBcmz45j,RO12,taul,1K8T,kwI9,esxkA1P,nQUq7hGe64,G7MT,9_Y1,KubS,09_Q,zm5i,me75fM6ugJ,kIsH,uKAI,L84s,NhsEn4L,mAjbk_S,SyWE,UYBR,FzaX,EPImS85,oslk,MI8s5nE,LM8l689qOp,Qcbd,RAYp,F2FyR07IdsN7I
0,1218,14,412,292,365,24,200,0,9354600,0,1.111515,45,44,14,1791424,0,129585,35,4,32,208,158967.6,755,114,95571,0,1098850,57364,1825,0,9,0,10263600,32,177444,0,0,0vimfo8zhV,RO12,taul,1K8T,ssAy,LTIJsEU,BIxuwM5,7g8d,9_Y1,_48V,VpdQ,IYzP,me75fM6ugJ,kIsH,uKAI,L84s,NhsEn4L,kZJtVhC,Mflc,cJvF,FzaX,PtLvdH_,oslk,wif79_c,LM8l689qOp,3Cy4,RAYp,F2FyR07IdsN7I
0,819,7,172,280,350,120,166.56,0,2838,0,1.420209,9,152,7,65544,0,2545.275,5,10,40,56,-946.716,910,18,159264,0,101265,29600,2250,0,36,0,194448,78,27576,0,0,qFpmfo8zhV,AERks4l,taul,1K8T,ssAy,fhk21Ss,q2tfFQq,baGx,9_Y1,wGwL,VpdQ,wMei,7M47J5GA0pTYIFxg5uy,kIsH,uKAI,L84s,h0lfDKh52u4GP,IoI4mKe,ascb,UYBR,AU8_WTd,4UxGlow,oslk,catzS2D,jySVZNlOJy,wX53,ZI9m,ib5G6X1eUxUn6
0,574,0,0,320,400,152,335.44,0,4043358,0,0.2095706,9,20,0,2849712,0,97254.3,30,8,40,48,514168,1315,114,0,0,4704130,404730,0,0,9,604800,10674880,52,338196,0,0,O8Zr4Rdc_a,RO12,taul,1K8T,lK27,GYqMgvV,zMhaz51,poJj,9_Y1,em8I,09_Q,Tkho,me75fM6ugJ,kIsH,g5HH,L84s,NhsEn4L,TDc4Td_,ipbg,cJvF,FzaX,Z6VDnJ7,oslk,Bzj0Joi,LM8l689qOp,me1d,RAYp,F2FyR07IdsN7I
0,812,28,4120,224,280,96,297.44,0,3932778,0,3.052767,36,206,896,4435584,0,199131.3,30,4,48,56,151272.8,710,60,990,0,3994185,659250,970,0,54,554442,10525120,38,99324,0,0,v0Nt0Go8Lb,2Knk1KF,CiJDdr4TQ0rGERIS,1K8T,g6No,fhk21Ss,MSmOHlx,tWr9,9_Y1,rGJy,09_Q,y6dw,7M47J5GA0pTYIFxg5uy,kIsH,uKAI,Mtgm,MeOIHRG3F9,Kqj3jwh,_Vh7,UYBR,FzaX,4UxGlow,zCkv,catzS2D,LM8l689qOp,Qu4f,ZI9m,VjDE
0,931,7,2708,128,160,40,190,0,27690,0,3.452895,27,200,70,88496,0,5883.42,5,6,40,32,-29789,840,18,69696,0,247735,18982,1195,0,45,55839,327232,32,24258,0,0,5_lq9aXt5a,_7J0OGNN8s6gFzbM,CiJDdr4TQ0rGERIS,1K8T,TyGl,fhk21Ss,7ruFuE4,jSs4,9_Y1,Y9Bl,VpdQ,y6dw,7M47J5GA0pTYIFxg5uy,kIsH,uKAI,L84s,MeOIHRG3F9,EknepHi,oPL2,UYBR,FzaX,4UxGlow,zCkv,catzS2D,LM8l689qOp,uWr3,ZI9m,ZeaF
0,2100,7,1020,344,430,120,173.2,0,3860448,0,6.112796,45,94,0,916504,0,73200.59,10,16,48,136,-466924,1340,60,5256,0,1758285,959600,960,0,9,7742,8016560,68,2164092,0,0,YddTmBtueT,RO12,taul,1K8T,2Ix5,65ynxCu,J3fgbi2,Sljo,9_Y1,C6Eu,VpdQ,sYC_,me75fM6ugJ,kIsH,uKAI,Mtgm,NhsEn4L,beK4AFX,_xsf,UYBR,FzaX,EAn87dl,oslk,gv2qFbB,LM8l689qOp,rgKb,RAYp,F2FyR07IdsN7I
0,385,0,400,132,165,104,153.2,0,36432,0,6.523819,18,86,0,0,0,8347.68,10,2,8,0,-7335.44,495,12,82404,0,112835,47570,0,0,9,37212,243144,30,31896,0,0,hSovyx7IEC,RO12,taul,1K8T,hM6W,GLcYYlr,5q1hF23,gtyJ,9_Y1,RcM7,09_Q,lVqb,me75fM6ugJ,kIsH,uKAI,L84s,XfqtO3UdzaXh_,11p4mKe,CbqS,cJvF,FzaX,eNCmIK9,oslk,xhoMnus,LM8l689qOp,szEZ,RAYp,F2FyR07IdsN7I
0,77,0,0,80,100,16,186.64,10,2163654,0,3.180731,9,16,0,6180712,3,243648,5,0,8,16,-258146.8,240,36,0,24,2179260,60996,0,0,0,0,8817400,18,0,0,0,ZSNrjIX0Db,RO12,taul,1K8T,ZHNR,fIZ2EMp,LJF4fPp,77t0,9_Y1,xQ2A,VpdQ,IYzP,7M47J5GA0pTYIFxg5uy,kIsH,uKAI,L84s,NhsEn4L,mAja5EA,JrIk,cJvF,FzaX,YZ2TNgw,oslk,x3aOgRj,LM8l689qOp,5Acm,ZI9m,F2FyR07IdsN7I
0,861,7,12,276,345,240,233.6,0,151584,0,5.809229,9,72,0,378504,0,9770.85,30,20,120,56,-1465044,345,18,1962,0,226860,330538,165,0,0,229992,1831344,26,603630,0,0,Qu0TmBQZiT,e6CkoqApVR,taul,1K8T,487l,PHNvXy8,nDVACim,DRcm,9_Y1,TjV7,09_Q,IYzP,NKv3VA1BpP,kIsH,uKAI,Mtgm,I6KzrtUCei,TDcemRG,kB8_,UYBR,FzaX,UF16siJ,zCkv,APgdzOv,LM8l689qOp,FSa2,6fzt,xwM2aC7IdeMC0
0,770,0,0,260,325,176,286.96,0,196992,0,6.190344,9,24,0,2882816,0,103432.5,5,16,72,80,37618.56,1015,6,0,0,4560970,359678,0,0,9,524699,6340480,46,502272,0,0,yaKt0Go8Lb,RO12,taul,1K8T,g6No,pro8v8X,Oe4E7cR6Kt,spgp,9_Y1,rGJy,VpdQ,IYzP,me75fM6ugJ,kIsH,uKAI,L84s,NhsEn4L,kZJyVg2,IiBO,cJvF,FzaX,meWVy8V,oslk,DQ3u3MC,LM8l689qOp,Qu4f,RAYp,F2FyR07IdsN7I
0,2352,0,0,932,1165,360,253.52,0,5835888,0,1.711814,9,24,0,1795360,0,34539.9,35,20,120,176,168533.6,3360,120,0,0,2993695,540306,0,0,9,147119,9922720,258,642984,0,0,NESt0G8EIb,RO12,taul,1K8T,wOc1,7c9SNLr,ZkibjLN5VdYQ7,BI77,9_Y1,k13i,VpdQ,zm5i,me75fM6ugJ,kIsH,uKAI,L84s,NhsEn4L,kZJtVhC,sx8P,UYBR,FzaX,mTP8jNM,oslk,bMSObSS,LM8l689qOp,fKCe,RAYp,F2FyR07IdsN7I
0,518,14,2664,232,290,160,265.76,0,0,0,6.906857,18,114,448,234224,9,7572.03,0,2,40,128,-52174.4,840,0,80451,40,132715,44522,14005,0,9,3927,314224,42,2844,0,14,oBXrjIQq3d,2Knk1KF,taul,1K8T,0Xwj,EKR938I,puVN1KTszPHt3,o5H_,HLqf,RVjC,09_Q,sYC_,me75fM6ugJ,sBgB,uKAI,L84s,NhsEn4L,beK4AFX,TQqY,UYBR,FzaX,OrnLfvc,oslk,1J2cvxe,LM8l689qOp,FSa2,RAYp,55YFVY9
0,756,7,60,212,265,168,166.56,0,0,0,6.804743,9,98,21,126464,0,4490.67,0,2,24,80,7052.16,650,0,108954,0,107380,78252,1345,0,9,0,310296,42,6984,0,0,qXhvyxLp3Z,RO12,LfvqpCtLOY,1K8T,tXti,4JEMGuV,nQUBcBcErl,WClt,9_Y1,vzJD,VpdQ,haYg,me75fM6ugJ,kIsH,uKAI,L84s,XfqtO3UdzaXh_,XTbPUYD,2kka,cJvF,FzaX,VA_88FJ,oslk,0JeRt72,LM8l689qOp,xb3V,RAYp,F2FyR07IdsN7I
0,994,7,172,88,110,48,20.08,0,3784476,0,5.007904,9,38,28,1003808,3,181455,5,4,32,16,49033.2,940,36,4788,8,4431080,1100588,50,0,18,1322797,10467080,10,1133826,0,0,0vimfo8zhV,RO12,taul,1K8T,LloI,jX5lhSa,S85klZI_wB,UPi7,9_Y1,Bw19,09_Q,IYzP,me75fM6ugJ,kIsH,uKAI,Mtgm,NhsEn4L,mAjbk_S,WXCF,UYBR,FzaX,WEga9N8,oslk,NbpRb9q,LM8l689qOp,wX53,RAYp,F2FyR07IdsN7I
0,161,7,104,12,15,0,133.12,0,0,0,2.861355,9,130,21,77432,0,4876.47,0,2,16,16,1090.228,55,0,117513,0,0,0,15,0,9,41139,51112,0,18594,0,0,oBXTmBtFkL,2Knk1KF,taul,1K8T,AnrR,au1CPws,msIvIpku4g,laA9,9_Y1,c2JP,VpdQ,haYg,me75fM6ugJ,kIsH,uKAI,L84s,XfqtO3UdzaXh_,XTbPUYD,aETW,cJvF,FzaX,_PxY_02,oslk,r7xOEra,LM8l689qOp,rgKb,RAYp,55YFVY9
0,693,0,1512,192,240,40,186.64,0,4849596,0,4.079257,9,82,7,1517760,0,194610.3,25,6,48,48,-39416.16,580,90,55494,0,3199940,261746,0,0,9,650139,9201400,28,597024,0,0,tr0Wq69cTy,RO12,taul,1K8T,ssAy,6KF0k8W,ELRUn57,0XzP,9_Y1,Px52,VpdQ,43pnToF,me75fM6ugJ,kIsH,uKAI,L84s,NhsEn4L,mAjbk_S,JEC4,UYBR,FzaX,ot6oLzk,oslk,IIvC99a,LM8l689qOp,PM2D,RAYp,F2FyR07IdsN7I
0,861,14,1048,164,205,64,270.72,0,3607830,0,6.735313,36,40,7,1206192,3,163031.1,30,4,40,16,191037.2,725,54,3636,8,3726980,950436,555,0,9,554435,10425320,28,950436,0,0,51rt0G8rTN,RO12,taul,1K8T,0Xwj,1QD5ha2,_UtlxbJ,fr1w,F3hy,k13i,VpdQ,zm5i,me75fM6ugJ,kIsH,uKAI,L84s,NhsEn4L,NGZXfGp,iFDy,UYBR,FzaX,eNC8jNM,oslk,L3az_Kt,LM8l689qOp,fKCe,RAYp,F2FyR07IdsN7I
0,756,21,520,144,180,8,253.52,0,3818232,0,3.32664,36,38,126,3128288,0,231993.6,25,0,32,48,198980.4,495,54,13014,0,6480000,40176,125,0,9,1209600,10739040,30,0,0,0,JMGrjIXt5a,RO12,taul,1K8T,JLbT,tUuO1hZ,3clyC8L,VDOY,9_Y1,xQ2A,VpdQ,zm5i,Kxdu,kIsH,uKAI,L84s,FMSzZ91zL2,kq0jANs,x9yd,cJvF,FzaX,2JIKlta,zCkv,HI2n4Yj,LM8l689qOp,5Acm,6fzt,SbOd7O8ky1wGNxp0Arj0Xs
0,854,14,3240,128,160,0,234.72,0,66822,0,3.2884,27,172,308,6220800,0,219236.4,0,0,32,72,68687.6,485,12,63819,0,9072000,0,510,0,18,0,10412560,42,0,0,0,qXhPe2ftjz,AERks4l,taul,1K8T,kNzO,fhk21Ss,y2LIM01bE1,dZaL,9_Y1,mTeA,sJzTlal,hAFG,7M47J5GA0pTYIFxg5uy,kIsH,uKAI,L84s,WsRVNrF85oPU_,11pW8Jd,HySH,UYBR,FzaX,4UxGlow,zCkv,catzS2D,LM8l689qOp,FSa2,ZI9m,ib5G6X1eUxUn6
0,2023,0,0,296,370,80,220.08,0,4943466,0,4.758171,9,46,0,4336344,0,88347.59,25,10,80,80,352869.2,1340,114,17991,0,2465410,1038662,0,0,0,85911,10519880,50,287178,0,0,DHeTmBftjz,RO12,taul,1K8T,LFM_,9GJGgoz,7ONkRNQCK7,1o7d,9_Y1,Gx0B,VpdQ,IYzP,Kxdu,kIsH,uKAI,L84s,FMSzZ91zL2,kq0q2tw,wPYF,UYBR,FzaX,Tvpip6Z,zCkv,hHJsvbM,jySVZNlOJy,Qu4f,6fzt,SbOd7O8ky1wGNxp0Arj0Xs
0,147,0,0,116,145,0,240.56,0,9259440,0,2.664388,9,16,0,0,0,209209.5,45,0,32,0,-3443.856,345,108,0,0,14140,0,0,0,0,0,9294680,4,0,0,0,ZSNq9atbb6,RO12,taul,1K8T,4fje,WkH7nZN,I1sqWRxUAv,5hez,9_Y1,KfYH,sJzTlal,IYzP,me75fM6ugJ,kIsH,g5HH,L84s,NhsEn4L,TDc4Td_,y8W_,cJvF,FzaX,scZ0Q3K,oslk,zmvzrB7,LM8l689qOp,me1d,RAYp,F2FyR07IdsN7I
0,3255,7,2276,480,600,432,220.08,0,230586,0,5.350139,9,126,175,1377360,0,19648.56,25,28,200,192,-88084.4,2380,12,18162,0,2194485,192588,1600,0,36,322700,3793076,42,490266,0,0,_v2TmBftjz,2Knk1KF,taul,1K8T,LFM_,PHNvXy8,r83_sZi,VTSO,9_Y1,4N0K,VpdQ,haYg,NKv3VA1BpP,kIsH,uKAI,L84s,Ie_5MZs,teAjUwW,acbs,UYBR,FzaX,UF16siJ,zCkv,APgdzOv,LM8l689qOp,Qu4f,6fzt,Zy3gnGM
0,3871,7,28,144,180,32,286.96,0,3977706,0,0.783166,9,50,0,4838400,0,30448.5,10,0,32,56,400540,3880,48,1458,0,5680700,75486,90,0,0,0,10457760,30,0,0,0,1YVvyx7IEC,RO12,taul,1K8T,hM6W,bbmns41,zA2IZno2NK,VTAI,9_Y1,RcM7,VpdQ,IYzP,me75fM6ugJ,kIsH,7A3j,L84s,NhsEn4L,kZJtVhC,0W8n,cJvF,FzaX,oatfGrO,oslk,8vXEsaq,LM8l689qOp,szEZ,RAYp,F2FyR07IdsN7I
0,784,14,2220,164,205,72,303.6,0,3812910,9,1.468276,18,84,28,2171424,0,216221.7,25,4,48,32,292079.2,570,72,67509,8,2962075,1267444,3215,0,18,164066,10497840,18,615858,0,0,kMJt0GoOh3,RO12,taul,1K8T,yMvB,iJzviRg,y2LulqfeLe,XcYz,9_Y1,rGJy,VpdQ,sYC_,7M47J5GA0pTYIFxg5uy,kIsH,uKAI,L84s,4kVnq_T26xq1p,cUQqrkO,Hl_U,UYBR,FzaX,ch2oGfM,zCkv,P6pu4Vl,LM8l689qOp,Qu4f,ZI9m,R4y5gQQWY8OodqDV
0,11228,7,476,996,1245,704,226.8,0,697986,0,3.384106,9,124,182,607416,0,2625.117,70,46,264,320,106712.4,5865,306,270,0,228790,282830,360,0,45,165347,1940136,66,319056,0,0,kMJt0GoOh3,AERks4l,taul,1K8T,g6No,EJ59haC,Ul53C9j6E20MnXKH,_zcQ,9_Y1,rGJy,VpdQ,kxE9,GjJ35utlTa_GNSvxxpb9ju,kIsH,uKAI,L84s,H4p93_uThXwSG,_Jd1ICc,PmU4,UYBR,FzaX,806Fxqu,Al6ZaUT,RIUVyzI,LM8l689qOp,Qu4f,02N6s8f,ib5G6X1eUxUn6
0,1848,7,1556,368,460,272,166.56,0,816,0,6.241829,9,154,35,1301208,0,13665.66,5,8,56,120,-93410.8,1340,6,142398,0,857955,464390,1785,0,27,695282,2422288,74,227904,0,0,vAsgUHXM47,LrdZy8QqgUfkVShG,taul,1K8T,h3JW,ItK8HPr,Pkku4gO,n7th,9_Y1,8BBI,09_Q,hAFG,DHn_WUyBhW_whjA88g9bvA64_,kIsH,uKAI,L84s,CrNX,AuSBTw7,gYDS,UYBR,FzaX,aldQTVi,d0EEeJi,cWNh5ih,LM8l689qOp,453m,nIGXDli,ib5G6X1eUxUn6
0,2149,7,88,188,235,56,166.56,0,0,0,0.163213,9,64,0,415032,0,8620.979,0,16,40,192,-182387.2,810,0,59724,0,51010,77224,195,0,9,27643,439044,16,54408,0,0,N_vrjIXt5a,RO12,taul,1K8T,vsvk,zZbYk2K,e1XhvTunuD,zff9,9_Y1,nr0d,VpdQ,hAFG,me75fM6ugJ,kIsH,uKAI,L84s,XfqtO3UdzaXh_,11p4mKe,Niib,cJvF,FzaX,YQXmS85,oslk,aeyMFRV,LM8l689qOp,5Acm,RAYp,F2FyR07IdsN7I
0,1687,14,3092,32,40,0,198.88,0,3326496,0,2.672506,18,58,14,280,0,68347.8,5,0,8,8,76866,490,6,19314,0,9361350,0,4880,0,18,0,10530160,10,0,0,0,nTwTmBtueT,RO12,taul,1K8T,F9g8,PTPYR4W,yiXTc3CbD1,MBL1,9_Y1,47ra,VpdQ,43pnToF,me75fM6ugJ,kIsH,uKAI,Mtgm,NhsEn4L,mAjbk_S,F3t3,cJvF,FzaX,NlJA1m8,oslk,rUjzgmc,LM8l689qOp,rgKb,RAYp,F2FyR07IdsN7I
0,700,7,248,100,125,72,0,0,0,0,4.672292,9,34,35,166856,12,24520.11,0,4,24,32,-25267.84,335,0,74304,32,380850,157380,1535,0,0,124432,829596,20,190092,0,0,hSovyx7IEC,AERks4l,taul,1K8T,lK27,ON5Ou9e,LWyxgtXeJL,qHTX,9_Y1,xSqs,VpdQ,IYzP,DHn_WUyBhW_whjA88g9bvA64_,kIsH,uKAI,L84s,JBfYVit4g8,TDctq2l,2aaY,cJvF,FzaX,p40KIAf,Al6ZaUT,C6OGkwT,LM8l689qOp,szEZ,02N6s8f,xwM2aC7IdeMC0
0,1071,14,280,176,220,64,166.56,0,36210,0,3.391156,18,148,14,1681440,0,41205.3,0,6,48,104,-161234.4,620,12,15057,0,928820,158344,520,0,9,305928,1998048,36,110166,0,0,MlYvyx875g,2Knk1KF,taul,1K8T,YVv3,SHXbfVI,NFlfMbKIm3,952t,9_Y1,MBhA,09_Q,sYC_,me75fM6ugJ,kIsH,uKAI,L84s,NhsEn4L,beK4AFX,j6nf,UYBR,FzaX,7GEoYtn,oslk,4QlaK89,jySVZNlOJy,WqMG,RAYp,55YFVY9
0,1099,14,1788,156,195,8,166.56,0,21216,0,4.138859,18,140,7,294896,0,82557,5,14,32,24,151292.4,525,30,6183,0,6754050,81752,1805,0,27,1052863,6755520,44,1517754,0,0,2jiWq69cTy,2Knk1KF,taul,1K8T,lK27,ka_5wbm,_03xtaMIkZsn1,TyIK,9_Y1,_r21,VpdQ,sYC_,me75fM6ugJ,kIsH,uKAI,L84s,NhsEn4L,beK4AFX,tQsg,cJvF,FzaX,KA38iqZ,oslk,m1Bz4Af,LM8l689qOp,xb3V,RAYp,55YFVY9
0,9079,21,18620,1272,1590,112,200,0,3671322,0,4.93228,27,136,28,109920,0,30583.5,10,12,40,8,128282,2410,66,39951,0,1249770,2134840,475,0,9,604800,10488440,568,3037884,0,0,FAJWq69cTy,2Knk1KF,taul,1K8T,TyGl,6KF0k8W,nQU2P_OLn0,opWD,9_Y1,Px52,VpdQ,sYC_,me75fM6ugJ,kIsH,uKAI,L84s,NhsEn4L,beK4AFX,Ncyl,UYBR,FzaX,ot6oLzk,oslk,IIvC99a,M_8D,PM2D,RAYp,55YFVY9
0,196,7,1344,104,130,16,271.04,0,0,0,4.049989,9,156,0,18696,0,3310.98,0,2,8,16,10220.56,280,0,3843,0,99235,2472,8430,0,9,5922,97064,42,5076,0,0,lAFr4RQZiT,2Knk1KF,taul,1K8T,PbOJ,34dq7r9,y4g9XoZ,lwFv,9_Y1,z5Ry,VpdQ,hAFG,me75fM6ugJ,kIsH,uKAI,L84s,XfqtO3UdzaXh_,XTbPUYD,9GUD,UYBR,AU8pNoi,drWYWu3,oslk,0XlAKIt,LM8l689qOp,FSa2,RAYp,TCU50_Yjmm6GIBZ0lL_
0,1015,7,28,20,25,0,166.56,0,2788824,0,1.919675,9,58,14,0,0,190294.5,0,2,8,0,-108175.6,285,6,234,0,9072000,0,85,0,9,0,9813320,6,1044756,0,0,mzKvyx8zhV,RO12,taul,1K8T,JLbT,EnSNXZR,fXexTA9,952t,9_Y1,MBhA,VpdQ,IYzP,me75fM6ugJ,kIsH,uKAI,L84s,NhsEn4L,kZJtVhC,j6nf,UYBR,FzaX,KnzzTww,oslk,EbgaySi,M_8D,WqMG,RAYp,F2FyR07IdsN7I
0,1099,14,3916,204,255,192,133.12,0,107274,0,3.113224,27,112,203,1411576,0,32744.7,10,12,72,96,5708.28,710,30,61146,0,81910,570922,4975,0,45,659498,2622916,4,929322,0,0,P1WvyxLp3Z,2Knk1KF,taul,1K8T,0Xwj,PHNvXy8,LH0kFz12FM,gVmZ,F3hy,vzJD,09_Q,hAFG,NKv3VA1BpP,kIsH,uKAI,L84s,Ie_5MZs,CWNY2py,YzSo,cJvF,FzaX,UF16siJ,zCkv,APgdzOv,LM8l689qOp,xb3V,6fzt,Zy3gnGM
0,3920,21,612,1036,1295,800,166.56,0,52908,0,0.3920103,27,34,217,620504,0,6134.52,5,62,288,416,81715.2,3205,30,6471,0,613230,406492,245,0,18,151074,1854024,140,298554,0,0,zcROj17IEC,RO12,taul,1K8T,JLbT,cnWs43J,nQUc3pw1hr,7dqt,9_Y1,iVbl,09_Q,Tkho,me75fM6ugJ,sBgB,uKAI,L84s,NhsEn4L,mAjR0Ac,NBpe,cJvF,FzaX,FgkjbzC,oslk,5gSwS9i,LM8l689qOp,7aLG,RAYp,F2FyR07IdsN7I
0,1610,7,1656,156,195,72,166.56,0,228072,0,1.704978,9,226,245,83800,0,6655.32,25,14,96,64,-51511.6,785,60,10872,0,0,30348,1250,0,18,86415,368296,0,105294,0,0,HAoOj1KXzC,vuPfq6YcbX,CiJDdr4TQ0rGERIS,1K8T,0Xwj,fhk21Ss,aEghjcMgI1QYJu7y,SXkR,HLqf,vYXv,VpdQ,y6dw,7M47J5GA0pTYIFxg5uy,sBgB,uKAI,L84s,iwn6,TDcSrRM,vbgG,cJvF,FzaX,4UxGlow,QKW8DRm,catzS2D,LM8l689qOp,kwS7,ZI9m,NoEd
0,840,7,2340,320,400,144,186.64,0,283170,0,5.198248,27,178,182,1695208,0,206799.6,0,22,80,24,-114857.2,730,204,19188,0,1738940,3009420,485,0,9,1209600,10203480,28,2635638,0,0,Qu0qrQKzJV,AERks4l,b_3Q,1K8T,ssAy,fhk21Ss,DKUDUftgA7,OLXK,9_Y1,15m3,VpdQ,y6dw,7M47J5GA0pTYIFxg5uy,kIsH,uKAI,L84s,nlbpV6E,CWNEkY3,K2hx,UYBR,FzaX,4UxGlow,QKW8DRm,catzS2D,M_8D,FSa2,ZI9m,ib5G6X1eUxUn6
0,609,0,28,144,180,24,307.04,0,42252,0,6.42085,9,64,0,14440,0,15095.13,30,0,16,16,-1545020,415,36,0,0,118305,26518,0,0,0,0,407252,38,0,0,0,py5gUH7ejg,eSGpMwS8zSGgq_trOpckZ5,taul,1K8T,0Xwj,qlm0k8W,P9HTde2,CacU,F3hy,1Bp0,VpdQ,IYzP,GjJ35utlTa_GNSvxxpb9ju,kIsH,uKAI,L84s,UbxQ8lZ,mAjIgyq,uavu,cJvF,FzaX,iokanKa,Al6ZaUT,ag5PLOe,jySVZNlOJy,WqMG,02N6s8f,R4y5gQQWY8OodqDV
0,1113,7,7472,124,155,24,233.44,0,7776000,0,6.2978,9,202,273,2073600,0,167788.8,30,0,32,24,50216,525,90,30870,0,1689235,125956,1715,0,27,0,9897720,8,0,0,0,qFpmfo8zhV,TW8dXluYzKpktZjuY8kSPBaZa,CiJDdr4TQ0rGERIS,1K8T,0Xwj,fhk21Ss,Tg7jjBB,CucZ,HLqf,_48V,VpdQ,y6dw,7M47J5GA0pTYIFxg5uy,sBgB,uKAI,L84s,_5OXC8MSLt,LxWMK5e,Wmov,UYBR,FzaX,4UxGlow,oslk,catzS2D,LM8l689qOp,3Cy4,ZI9m,NoEd
0,2205,7,684,276,345,40,166.56,0,9601920,0,4.551591,9,40,434,144384,0,29112.06,50,0,48,24,113989.2,1445,120,206991,0,1106795,29438,4890,0,9,0,10680160,62,0,0,0,52Iq9ayE15,RO12,taul,1K8T,h3JW,9GJXmCB,MV4DUjA,hG8e,9_Y1,QBpP,VpdQ,43pnToF,DHn_WUyBhW_whjA88g9bvA64_,kIsH,uKAI,L84s,CrNX,mAjbq_f,WoGH,cJvF,FzaX,TvpQFhp,d0EEeJi,xCC8e0L,jySVZNlOJy,7P5s,nIGXDli,F2FyR07IdsN7I
0,665,7,556,124,155,88,121.44,0,34536,0,5.760094,9,50,35,6896,9,3036.72,15,12,32,8,-11886,490,42,777951,24,31955,8162,1650,0,18,7364,103108,6,31530,0,0,1YVvyx7IEC,RO12,taul,1K8T,kNzO,P3bnFi6,eO3Oseu,NMZa,9_Y1,xSqs,VpdQ,hAFG,me75fM6ugJ,kIsH,uKAI,L84s,XfqtO3UdzaXh_,XTbPUYD,816E,cJvF,AU8pNoi,IhOfGrO,oslk,wWB2pc5,LM8l689qOp,szEZ,RAYp,F2FyR07IdsN7I
0,511,14,5992,64,80,24,166.56,0,0,0,5.056826,18,204,833,415144,0,87308.09,10,0,0,24,-337584.8,365,0,44820,0,1546775,67510,5875,0,18,0,1588548,16,0,0,0,dRavyx7ejg,ByQdnLRlFnny2k4AJzG,CiJDdr4TQ0rGERIS,1K8T,0Xwj,fhk21Ss,IoHgH68hVM,rYaA,F3hy,YGOC,09_Q,y6dw,7M47J5GA0pTYIFxg5uy,kIsH,uKAI,L84s,cVJeATK39j43p,AuSW9pX,keyj,cJvF,FzaX,4UxGlow,Al6ZaUT,catzS2D,LM8l689qOp,szEZ,ZI9m,NoEd
0,917,0,1732,148,185,16,297.36,0,1813830,0,4.41551,9,76,28,4037528,0,188678.4,20,2,40,48,88525.6,565,42,68949,0,7170950,36780,0,0,18,630504,10164440,34,22032,0,0,DHevyx7IEC,RO12,taul,1K8T,7wJ6,b4AnqNs,VxuSneqjum,tpP6,9_Y1,RcM7,09_Q,43pnToF,me75fM6ugJ,kIsH,uKAI,L84s,NhsEn4L,kZJs2nh,7eR1,cJvF,FzaX,8c8Ku_a,oslk,OyG9qc9,LM8l689qOp,szEZ,RAYp,F2FyR07IdsN7I
0,3276,0,20,588,735,240,253.52,0,4421700,0,4.075839,9,46,0,2326248,0,54805.5,40,26,152,224,59433.2,1690,120,9450,0,3224800,590266,0,0,0,1138641,9878640,96,723792,0,0,npOt0G8EIb,RO12,taul,1K8T,EPHy,jMFkXPi,nQUq7hGe64,XEaz,9_Y1,k13i,09_Q,IYzP,me75fM6ugJ,kIsH,uKAI,L84s,NhsEn4L,mAja5EA,Pi7k,UYBR,qxDb,yBu8hdx,oslk,853QZmh,LM8l689qOp,fKCe,RAYp,F2FyR07IdsN7I
0,1015,7,1184,360,450,240,246.56,0,1000608,0,0.4789575,9,74,182,438000,0,44957.7,5,10,24,96,-519900,640,54,14724,0,1907640,404310,455,0,27,105035,3672412,66,210192,0,0,AUUt0GoOh3,RO12,taul,1K8T,EWYi,ZEFcnmW,waznHJbSN2,aFB2,9_Y1,t_4G,09_Q,IYzP,DHn_WUyBhW_whjA88g9bvA64_,kIsH,uKAI,L84s,CrNX,mAjbq_f,4ls8,cJvF,FzaX,YZ2Zmv0,d0EEeJi,x3aCVQe,LM8l689qOp,Qu4f,nIGXDli,F2FyR07IdsN7I
0,112,0,0,20,25,8,166.56,0,14515200,0,5.586413,9,18,0,0,0,438309,0,0,0,0,-183416.4,230,24,0,0,0,402984,0,0,0,0,10482760,0,0,0,0,vAsvyx7ejg,AERks4l,taul,1K8T,hM6W,VK3u1hQ,NW71mrodGH,9DFd,9_Y1,xSqs,VpdQ,IYzP,GjJ35utlTa_GNSvxxpb9ju,kIsH,uKAI,L84s,JBfYVit4g8,TDc_9Yi,X6By,cJvF,FzaX,koga63T,Al6ZaUT,m9reLdZ,LM8l689qOp,szEZ,02N6s8f,xwM2aC7IdeMC0
0,1001,14,7228,128,160,40,153.2,0,2148660,0,6.372784,18,178,819,3947912,0,155106.6,0,4,32,48,120280.4,485,30,45306,0,5863000,864000,12985,0,36,0,10516000,28,1036800,0,0,oyGrjIXt5a,RO12,taul,1K8T,hoa9,fhk21Ss,C0UHhjM,kX9q,9_Y1,m7JR,09_Q,hAFG,7M47J5GA0pTYIFxg5uy,kIsH,uKAI,L84s,XfqtO3UdzaXh_,_JdH8mF,HazX,cJvF,FzaX,4UxGlow,oslk,catzS2D,LM8l689qOp,5Acm,ZI9m,iyHGyLCEkQ
0,308,7,2304,24,30,0,186.64,0,0,0,3.742363,9,30,7,1382400,0,192080.7,0,0,8,16,-1340784,295,0,9387,0,1617175,0,15,0,9,0,1984940,8,0,0,0,2jigUH7ejg,e6CkoqApVR,taul,1K8T,lK27,9GJGgoz,Pkku4gO,M1Zd,9_Y1,bJXB,VpdQ,IYzP,Kxdu,kIsH,uKAI,L84s,FMSzZ91zL2,TDc1wjU,2Jk0yEB,cJvF,FzaX,Tvpip6Z,zCkv,hHJsvbM,LM8l689qOp,w_Ub,6fzt,F2FcTt7IdMT_v
0,1512,7,164,164,205,136,166.56,10,108426,0,3.331553,9,122,308,186984,0,6529.229,0,6,72,64,-1219076,860,42,49374,16,79350,65786,7210,0,18,118643,387256,12,39642,0,0,1KSTmBQxul,g62hiBSaKg,taul,1K8T,487l,ICE4XMm,_8V82Gk,9JQA,9_Y1,TjV7,VpdQ,wMei,15TtzZrRt2,kIsH,uKAI,L84s,4ylQpLr46xum2hHQ,7WwRlzF,TDYB,UYBR,FzaX,Phzi_Q3,z4pH,CxDRUH6,LM8l689qOp,FSa2,02N6s8f,ib5G6X1eUxUn6
0,1183,7,252,188,235,112,166.56,0,0,0,0.6695151,18,52,21,648904,0,67962.91,5,4,32,80,211504.4,700,0,693,0,3199850,256264,30,0,0,342356,3525860,40,128952,0,0,a4vrEy7Rm6,RO12,taul,1K8T,Wmd1,ezgR5DT,MNb3UvqVZX,l1Gz,9_Y1,H9GL,VpdQ,IYzP,me75fM6ugJ,kIsH,uKAI,L84s,NhsEn4L,mAja5EA,Vc8A,cJvF,FzaX,O308iqZ,oslk,eyvTy9x,LM8l689qOp,Aoh3,RAYp,F2FyR07IdsN7I
0,3472,7,92,364,455,248,286.96,0,3120810,0,0.09164708,9,52,7,3237496,0,19574.64,5,2,48,112,-70138.4,1745,48,30573,0,4144875,907494,260,0,27,0,9463800,72,475224,0,0,vAsvyx7ejg,RO12,taul,1K8T,7wJ6,_gMFP1r,oK90Gaqj9K,1kuw,9_Y1,qaiO,VpdQ,hAFG,7M47J5GA0pTYIFxg5uy,kIsH,uKAI,L84s,PKGlZN_,7Ww0Ekt,JfX7,cJvF,FzaX,68RJbH2,QKW8DRm,z9ub4Lm,LM8l689qOp,szEZ,vJ_w8kB,WfJ2BB2SFSqauljlfOB
0,1337,21,4608,164,205,32,310,0,9463440,0,5.956206,36,184,217,74168,0,135114,45,0,40,8,133522.8,605,114,70920,0,1279545,206408,95,0,18,0,10743440,16,0,0,0,kMJt0GoOh3,RO12,taul,1K8T,UkfA,fhk21Ss,r83_sZi,2PWS,9_Y1,rGJy,VpdQ,y6dw,7M47J5GA0pTYIFxg5uy,kIsH,uKAI,L84s,4kVnq_T26xq1p,ORM49H7,_bJN,UYBR,FzaX,4UxGlow,zCkv,catzS2D,LM8l689qOp,Qu4f,ZI9m,iyHGyLCEkQ
0,2786,14,3844,412,515,160,320.4,0,2103648,0,6.616322,27,174,805,4209200,0,61716.3,20,12,112,200,171856.8,1665,36,14211,0,7380700,138428,670,0,18,102221,10615400,84,128220,0,0,DQlgUH7IEC,2Knk1KF,taul,1K8T,dm89,fhk21Ss,ilrY4YM,M3EA,9_Y1,m_h1,09_Q,haYg,7M47J5GA0pTYIFxg5uy,kIsH,7A3j,L84s,Ie_5MZs,CWNY2py,pqIQ,UYBR,FzaX,4UxGlow,zCkv,catzS2D,LM8l689qOp,WqMG,ZI9m,TCU50_Yjmm6GIBZ0lL_
0,126,0,0,124,155,168,220.08,0,235872,0,4.68981,9,16,0,0,0,225441,0,16,32,0,320372.4,375,6,0,0,432000,3628800,0,0,0,0,10525240,2,4147200,0,0,dRagUHXM47,RO12,taul,1K8T,0Xwj,rBuV_8u,_DLXGZ6,0Q1J,HLqf,8BBI,VpdQ,IYzP,DHn_WUyBhW_whjA88g9bvA64_,sBgB,uKAI,L84s,CrNX,y5FewfI,IqHu,cJvF,FzaX,stpsiJC,d0EEeJi,c8qetdt,LM8l689qOp,453m,02N6s8f,F2FyR07IdsN7I
0,763,0,0,100,125,24,187.28,0,0,0,4.660329,9,56,0,66440,0,8367.87,0,12,16,48,-1891968,300,0,171,0,231900,35730,0,0,9,34545,391312,20,151668,0,0,mCGq9ayE15,RO12,taul,1K8T,SzjZ,cmyrvGQ,mHkh,0oiO,9_Y1,vm5R,VpdQ,69fI,me75fM6ugJ,kIsH,uKAI,L84s,XfqtO3UdzaXh_,11p4mKe,NuBG,cJvF,FzaX,HH3v8BP,oslk,hThoIp0,LM8l689qOp,7P5s,RAYp,F2FyR07IdsN7I
0,392,0,0,92,115,40,166.56,0,6948,0,2.373638,9,18,0,43936,0,5988.33,0,24,24,16,-1065.428,445,18,0,0,2130,13986,0,0,0,19264,120260,2,95976,0,0,vAsvyx7ejg,RO12,taul,1K8T,hM6W,WkHngaa,C_uQoStwYE,qHTX,9_Y1,xSqs,sJzTlal,IYzP,me75fM6ugJ,kIsH,uKAI,L84s,NhsEn4L,mAja5EA,2aaY,cJvF,FzaX,gg7Y_02,oslk,tzhEVJ2,LM8l689qOp,szEZ,RAYp,F2FyR07IdsN7I
0,1498,7,1240,184,230,56,166.56,0,0,0,0.8376415,9,64,308,2481472,0,29291.85,0,8,56,88,62348,700,0,59823,0,4147675,146938,11405,0,9,862022,5080960,48,342318,0,0,75lTmBtFkL,RO12,taul,1K8T,F9g8,47WdmQ4,6uerj6GG35,ghdu,9_Y1,47ra,VpdQ,IYzP,me75fM6ugJ,kIsH,uKAI,L84s,NhsEn4L,mAjbk_S,c7Qk,cJvF,FzaX,w97ARL_,oslk,hqk7qqc,LM8l689qOp,rgKb,RAYp,F2FyR07IdsN7I
0,5299,14,1240,212,265,80,220.08,0,2263332,0,5.68981,45,76,1008,3887496,0,23333.64,10,4,24,112,371196.4,3835,60,85113,0,5375000,1118766,835,0,9,0,10240240,30,102042,0,0,ypNt0Go8Lb,RO12,taul,1K8T,ujBx,Mi6wWAP,J3fgbi2,GUi9,9_Y1,C7DI,VpdQ,IYzP,DHn_WUyBhW_whjA88g9bvA64_,kIsH,uKAI,Mtgm,CrNX,7WwM33k,glY0,cJvF,FzaX,Jt8v656,d0EEeJi,u62URYX,LM8l689qOp,Qu4f,nIGXDli,F2FyR07IdsN7I
0,231,0,0,140,175,56,287.6,0,3760296,0,2.868191,9,20,0,2534464,0,191582.1,20,0,32,32,92173.6,560,48,0,0,4705885,854334,0,0,9,0,10514720,24,0,0,0,py5rEyXktW,RO12,taul,1K8T,lK27,GOBtJoj,I1sqWRxUAv,wJGq,9_Y1,SkZj,VpdQ,zm5i,me75fM6ugJ,kIsH,uKAI,Mtgm,NhsEn4L,NGZxnJM,2zRD,cJvF,FzaX,xtRTKvt,oslk,N0GYONy,LM8l689qOp,Aoh3,RAYp,F2FyR07IdsN7I
0,1113,7,528,200,250,192,166.56,0,0,0,0.1730399,9,156,0,790096,0,11684.16,5,14,56,56,-375692.8,750,0,927,0,829165,184458,430,0,9,219464,1506644,22,101664,0,0,xOXr4RXktW,2Knk1KF,taul,1K8T,OTVu,_gMXOhW,9YuuPSz3BI,bIER,9_Y1,ZKJc,VpdQ,haYg,me75fM6ugJ,kIsH,uKAI,L84s,XfqtO3UdzaXh_,XTbPUYD,XXsx,cJvF,FzaX,r5hYlW4,oslk,CWizrB7,LM8l689qOp,7FJQ,RAYp,TCU50_Yjmm6GIBZ0lL_
0,63,0,0,232,290,96,295.76,5,0,0,5.952788,9,12,0,430552,3,14893.5,0,0,0,72,-117465.6,290,0,0,32,1043020,51036,0,0,0,0,1151764,74,0,0,14,ZSNq9aX0Db,RO12,taul,1K8T,0Xwj,JiiTZhf,yiXTc3CbD1,BWnU,HLqf,Y9Bl,VpdQ,IYzP,DHn_WUyBhW_whjA88g9bvA64_,sBgB,uKAI,L84s,CrNX,y5FewfI,9Xdp,UYBR,FzaX,hAXQLfu,d0EEeJi,NFmQpDj,LM8l689qOp,uWr3,02N6s8f,F2FyR07IdsN7I
0,3563,7,376,280,350,88,347.12,10,4774410,0,0.7637257,18,148,0,2646168,3,41788.5,35,6,72,168,-98258.4,1580,78,4500,32,4116520,424120,225,0,18,53893,9180400,30,129030,0,7,dRavyx7ejg,rEUOq2QD1qfkRr6qpua,taul,1K8T,JLbT,fhk21Ss,7vJz3tk,tgzr,9_Y1,RcM7,VpdQ,6JmL,7M47J5GA0pTYIFxg5uy,kIsH,uKAI,L84s,4kVnq_T26xq1p,ORM8MkS,opJC,cJvF,FzaX,4UxGlow,zCkv,catzS2D,LM8l689qOp,szEZ,ZI9m,ib5G6X1eUxUn6
0,868,14,196,128,160,128,220.08,0,0,0,0.9506515,18,130,7,0,0,226926.9,5,16,32,0,123427.6,505,0,15579,0,2794120,2764800,480,0,18,0,10610840,14,4147206,0,0,a4v9tYsGvO,AERks4l,taul,1K8T,TyGl,As2EuWU,II0S8f9,DBF8,9_Y1,YULl,VpdQ,hAFG,EBKcR3s6B22tD6gC36gm6S,kIsH,uKAI,L84s,CrNX,IoIJUo_,_WCD,UYBR,FzaX,ue3al57,d0EEeJi,9Yoolf6,M_8D,FSa2,nIGXDli,ib5G6X1eUxUn6
0,980,7,1540,136,170,8,186.64,15,6092520,0,0.7218543,18,42,525,3456000,0,174864.3,20,0,32,40,128666.8,615,72,10566,24,4358380,3070,380,0,9,0,10664920,24,0,0,0,Qu0r4RKzJV,RO12,taul,1K8T,GtOw,LSFAcBg,DKUDUftgA7,43ak,9_Y1,DtNL,VpdQ,zm5i,Kxdu,kIsH,uKAI,L84s,FMSzZ91zL2,kq0IHVu,etA_,cJvF,FzaX,zQ_itkX,zCkv,LRS774A,LM8l689qOp,FSa2,6fzt,SbOd7O8ky1wGNxp0Arj0Xs
0,1946,7,560,224,280,176,186.64,0,92430,0,0.5765862,9,52,0,1623536,0,34758.6,15,24,72,80,157406.4,855,18,92538,0,456475,841106,2855,0,18,833273,3285768,12,425346,0,0,l7Fq9ayE15,RO12,taul,1K8T,PJLW,H9TGiDY,9UKYzPA4k5,R8Qz,9_Y1,vm5R,VpdQ,sYC_,Kxdu,kIsH,uKAI,L84s,FMSzZ91zL2,TDcEYQ6,FbcX,cJvF,FzaX,rSNKYdx,zCkv,O8sb4Lm,LM8l689qOp,7P5s,6fzt,SbOd7O8ky1wGNxp0Arj0Xs
0,728,7,92,124,155,0,200,0,756,0,4.140996,18,32,0,5529600,0,231250.8,0,0,32,64,80908.8,475,6,513,0,9504000,0,35,0,0,0,10368520,44,0,0,0,Qu0qrQKzJV,AERks4l,taul,1K8T,PGNs,ON5Ou9e,hOpMh7dRpW,2TeA,9_Y1,15m3,sJzTlal,IYzP,DHn_WUyBhW_whjA88g9bvA64_,sBgB,uKAI,L84s,JBfYVit4g8,TDctq2l,vMQp,UYBR,FzaX,p40KIAf,Al6ZaUT,C6OGkwT,LM8l689qOp,FSa2,02N6s8f,xwM2aC7IdeMC0
0,630,7,164,140,175,32,133.12,0,6993240,0,1.376202,9,54,0,870720,0,101153.4,25,4,48,24,44608,575,84,6327,0,1928070,128094,580,0,0,0,8681160,14,405444,0,0,52Iq9ayE15,RO12,taul,1K8T,PShj,5UkZJEa,_jTP8ioIlJ,GRBm,9_Y1,vm5R,VpdQ,IYzP,me75fM6ugJ,kIsH,uKAI,L84s,NhsEn4L,TDceha3,mtRz,cJvF,wwPEXoilkr,yAL1OQN,oslk,gpUKvPi,LM8l689qOp,7P5s,RAYp,F2FyR07IdsN7I
0,1309,14,3492,188,235,56,166.56,0,287148,0,0.007477035,27,158,490,2279800,0,67214.41,5,4,64,88,68875.6,775,24,39501,0,3908765,354992,3305,0,18,923692,5765280,44,377010,0,0,HrWrjIXt5a,RO12,taul,1K8T,lK27,6JEJgAs,glRBFJT8NN,lYJ2,9_Y1,Nbbb,VpdQ,kxE9,me75fM6ugJ,kIsH,uKAI,L84s,XfqtO3UdzaXh_,pMWf0Gn,mRHt,cJvF,FzaX,U3CYjZW,oslk,WmdTQlu,LM8l689qOp,5Acm,RAYp,iyHGyLCEkQ
0,2121,7,4680,1060,1325,408,166.56,0,16458,0,2.589618,9,184,637,52824,0,2512.326,20,66,280,248,-31108.28,3665,114,37593,0,234460,50722,10260,0,36,23079,377764,254,66672,0,0,oUPBcmzkzH,2Knk1KF,taul,1K8T,0Xwj,fhk21Ss,iDskMGe,QBBG,HLqf,WGOH,09_Q,haYg,7M47J5GA0pTYIFxg5uy,sBgB,uKAI,L84s,H4p93_uThXwSG,ORM1ICc,3lLH,UYBR,FzaX,4UxGlow,Al6ZaUT,catzS2D,LM8l689qOp,Qcbd,ZI9m,iyHGyLCEkQ
0,84,0,0,180,225,184,205.44,0,31704,0,4.986328,9,12,0,10056,0,6838.74,0,20,32,16,27695.16,225,18,0,8,95100,102992,0,0,0,38150,410324,14,153144,0,7,HYTrjIK12c,RO12,taul,1K8T,JLbT,EnSNXZR,LMDauou,qbvZ,9_Y1,7WNq,VpdQ,IYzP,me75fM6ugJ,kIsH,uKAI,L84s,NhsEn4L,mAja5EA,ejsS,UYBR,FzaX,KnzzTww,oslk,EbgaySi,LM8l689qOp,WqMG,RAYp,F2FyR07IdsN7I
0,1519,7,32,388,485,384,166.56,0,102,0,0.2431105,9,116,7,1162056,0,8716.26,30,38,136,88,245904,1210,6,5985,0,108845,396024,120,0,27,498008,1779372,24,455334,0,0,1YVvyx7IEC,2Knk1KF,taul,1K8T,TyGl,fhk21Ss,ThrnFOQ,gflG,9_Y1,RcM7,09_Q,kxE9,7M47J5GA0pTYIFxg5uy,kIsH,uKAI,L84s,XfqtO3UdzaXh_,11p4mKe,pObN,cJvF,FzaX,4UxGlow,oslk,catzS2D,LM8l689qOp,szEZ,ZI9m,55YFVY9
0,210,0,0,120,150,40,220.08,0,3900720,0,5.599018,9,16,0,5523096,0,199626,10,4,40,48,85234.8,490,42,0,0,2157680,792052,0,0,0,2219,9411880,16,396858,0,0,a4v9tYsGvO,RO12,taul,1K8T,PGNs,ca7X0IX,nQU2P_OLn0,n3m2,9_Y1,YULl,VpdQ,IYzP,me75fM6ugJ,kIsH,uKAI,L84s,NhsEn4L,mAja5EA,n2if,UYBR,FzaX,JthVoxc,oslk,BvERAzx,LM8l689qOp,FSa2,RAYp,F2FyR07IdsN7I
0,1666,7,2028,272,340,144,200,0,3330,0,3.741722,18,104,28,255496,0,11424.99,50,6,40,64,-68332,1335,18,3519,0,216030,82224,330,0,18,3591,567948,52,74304,0,0,vAsvyx7ejg,2Knk1KF,taul,1K8T,mAW3,60sg0bq,nmSyZS3,0AJi,9_Y1,YGOC,VpdQ,haYg,me75fM6ugJ,kIsH,uKAI,L84s,XfqtO3UdzaXh_,kq0cPRz,SMDf,UYBR,FzaX,ooBv48t,oslk,wtiz4Af,LM8l689qOp,szEZ,RAYp,55YFVY9
0,1148,7,24,112,140,40,20.08,0,4547850,0,6.351207,9,32,0,549440,6,97257.59,10,4,16,16,-103950.4,455,72,81,16,413270,450816,55,0,18,0,5777240,10,1036800,0,0,1nlTmBtueT,RO12,taul,1K8T,TyGl,2Ae7Duj,9YuuPSz3BI,6Ud5,9_Y1,c2JP,VpdQ,zm5i,me75fM6ugJ,kIsH,uKAI,L84s,NhsEn4L,mAjbk_S,ihVm,cJvF,FzaX,snhYH7D,oslk,4EXRt2K,LM8l689qOp,rgKb,RAYp,F2FyR07IdsN7I
0,1974,7,44,396,495,128,205.36,0,1416330,0,4.85815,9,82,7,915464,9,15353.91,30,16,104,136,-587572,1370,120,117,32,1323260,669770,260,0,9,37506,4424440,64,115662,0,7,npOBcmzkzH,RO12,taul,1K8T,lK27,C9mYk2K,glRBFJT8NN,bpE0,9_Y1,EwzD,VpdQ,43pnToF,me75fM6ugJ,kIsH,uKAI,L84s,NhsEn4L,mAjbk_S,9P_c,cJvF,FzaX,8huKVq0,oslk,7V8NFRU,LM8l689qOp,Qcbd,RAYp,F2FyR07IdsN7I
0,483,7,104,124,155,8,166.56,0,0,0,0.3392437,9,148,0,37656,0,41078.4,0,4,32,24,85477.2,480,0,1170,0,2419795,176,45,0,18,41468,1966844,50,17742,0,0,EsYrjIX0Db,2Knk1KF,taul,1K8T,0Xwj,J7Kx0bI,koda1Jh,3OjE,HLqf,xQ2A,VpdQ,Tkho,me75fM6ugJ,sBgB,uKAI,L84s,NhsEn4L,beK4AFX,gvA6,UYBR,FzaX,VsU68SY,oslk,F2mOEra,jySVZNlOJy,5Acm,RAYp,55YFVY9
0,819,7,4596,28,35,8,268.72,0,3166080,0,6.476608,9,156,126,2008192,0,198899.7,5,0,16,8,-163846.8,365,12,53226,0,4859530,12840,5,0,18,0,7492280,4,0,0,0,8I1r4RXXnK,2Knk1KF,taul,1K8T,1TqK,ojHnF0C,yiXKNUCbD1,hK9K,9_Y1,Zazx,VpdQ,6JmL,me75fM6ugJ,kIsH,uKAI,L84s,XfqtO3UdzaXh_,XTbPUYD,wH2R,cJvF,FzaX,KhlYWu3,oslk,83UEsaq,LM8l689qOp,Xa3G,RAYp,TCU50_Yjmm6GIBZ0lL_
0,2800,7,2568,120,150,176,220.08,0,0,0,3.047426,9,76,196,0,0,56351.1,0,16,32,0,958924,500,0,8964,0,0,3798080,1425,0,27,2419200,10360960,0,4147200,0,0,1KSTmBQxul,RO12,taul,1K8T,487l,rpAtFlZ,_jTP8ioIlJ,8d_Q,9_Y1,TjV7,VpdQ,IYzP,me75fM6ugJ,kIsH,uKAI,L84s,NhsEn4L,TDceha3,ckPi,UYBR,FzaX,Z6VR15G,oslk,5037lZj,LM8l689qOp,FSa2,RAYp,F2FyR07IdsN7I
0,42,7,136,52,65,8,220.08,0,0,0,6.305917,9,74,0,0,0,15994.83,0,0,0,0,48338.4,160,0,2979,0,391885,14428,90,0,18,0,342364,24,0,0,0,5_lq9aXt5a,RO12,taul,1K8T,L80O,qbzg2A0,9YuuPSz3BI,SONI,9_Y1,Y9Bl,VpdQ,sYC_,me75fM6ugJ,kIsH,uKAI,L84s,NhsEn4L,beK4AFX,s2Fd,UYBR,FzaX,Dndv4zN,oslk,6ebzrB7,LM8l689qOp,uWr3,RAYp,F2FyR07IdsN7I
0,7364,7,948,144,180,40,331.28,0,9214080,0,3.279214,9,170,70,912288,0,24043.08,40,0,32,16,512388,770,114,22437,0,584985,444530,1105,0,27,0,10516600,4,0,0,0,C2Dvyx875g,RO12,taul,1K8T,kNzO,fqeOwLG,o64y9zI,JM2c,9_Y1,MBhA,VpdQ,hAFG,7M47J5GA0pTYIFxg5uy,kIsH,uKAI,L84s,XfqtO3UdzaXh_,XTbPUYD,5smi,UYBR,FzaX,fxJmel6,oslk,WfsWw2A,LM8l689qOp,WqMG,ZI9m,iyHGyLCEkQ
0,224,0,0,56,70,8,186.64,5,10318440,0,2.588336,9,18,0,0,0,200168.1,5,6,16,0,476348,465,30,0,8,3418205,3182,0,0,9,0,11286160,8,2024148,0,0,UCDvyx8zhV,RO12,taul,1K8T,0Xwj,K0kTHHg,76j2P_OLn0,uG5M,HLqf,3NyY,VpdQ,zm5i,DHn_WUyBhW_whjA88g9bvA64_,sBgB,uKAI,L84s,PWD40mS,kZJDcQU,s3T4,cJvF,FzaX,I3fnzad,Al6ZaUT,wqB39VJ,LM8l689qOp,WqMG,02N6s8f,F2FyR07IdsN7I
0,5061,7,352,888,1110,472,305.76,0,1497486,0,1.238624,9,58,21,2446032,0,38358.9,90,80,160,296,96160,4690,252,34758,0,7557250,305630,860,0,0,118160,10655320,52,597366,0,0,DQlrEyXXnK,AERks4l,taul,1K8T,Wmd1,lLNnKvq,I1sFbvOhm1,pJyv,9_Y1,SkZj,09_Q,IYzP,GjJ35utlTa_GNSvxxpb9ju,kIsH,uKAI,L84s,JBfYVit4g8,mAjoPQ2,w58n,cJvF,FzaX,H7jF95t,Al6ZaUT,kPWqwU1,M_8D,Aoh3,02N6s8f,xwM2aC7IdeMC0
0,567,7,260,20,25,0,186.64,0,3687810,0,2.614398,18,86,0,9676800,0,123736.8,5,0,16,16,-247988.4,280,12,179145,0,0,0,100,0,9,0,8813520,0,0,0,0,xearjIX0Db,RO12,taul,1K8T,IvdZ,UpI8v8b,FoJylxy,2Ueo,9_Y1,WIr3,VpdQ,IYzP,me75fM6ugJ,kIsH,uKAI,L84s,NhsEn4L,mAjbk_S,YD6S,UYBR,FzaX,bDfm94s,oslk,rBxAyXX,jySVZNlOJy,5Acm,RAYp,F2FyR07IdsN7I
0,3045,7,1840,344,430,96,498.64,0,4529412,0,0.1127964,9,218,378,1571608,0,37493.4,35,4,96,120,224250,1595,108,3663,0,2561385,640412,420,0,36,24437,9582480,64,424218,0,0,M5vt0Gdc_a,TW8dXluYzKpktZjuY8kSPBaZa,CiJDdr4TQ0rGERIS,1K8T,4fje,fhk21Ss,msIFlLyI91,AFaK,9_Y1,cyKH,VpdQ,y6dw,7M47J5GA0pTYIFxg5uy,kIsH,g5HH,L84s,iwn6,TDcSrRM,gyCx,cJvF,FzaX,4UxGlow,QKW8DRm,catzS2D,LM8l689qOp,me1d,ZI9m,VjDE
0,294,0,0,200,250,40,475.84,25,3066420,0,2.62273,9,22,0,3204456,3,134064,35,6,56,48,1018772,735,90,0,48,2882755,626118,0,0,9,1652875,8261520,28,302100,0,0,EsYrjIX0Db,RO12,taul,1K8T,lK27,JVFLDAi,aXPHXVS,_iUi,9_Y1,xQ2A,09_Q,wMei,me75fM6ugJ,kIsH,uKAI,L84s,NhsEn4L,TDc6N9t,NDef,cJvF,FzaX,YTCRPlm,oslk,nXK9h3w,LM8l689qOp,5Acm,RAYp,F2FyR07IdsN7I
0,2450,0,0,1280,1600,32,286.96,0,9063060,0,6.659902,9,22,0,1038608,0,28260.78,45,2,336,688,279057.2,4175,126,0,0,1395745,134624,0,0,9,41790,10512040,398,24396,0,0,GcUt0G8rTN,RO12,taul,1K8T,wOc1,F0DSdMg,C0UHhjM,3gSu,9_Y1,e7QV,09_Q,zm5i,me75fM6ugJ,kIsH,uKAI,L84s,NhsEn4L,NGZxnJM,7uPL,cJvF,wwPEXoilkr,1Fq88FJ,oslk,XByOEra,LM8l689qOp,fKCe,RAYp,F2FyR07IdsN7I
0,1491,7,412,276,345,112,220.08,0,773712,0,1.039308,27,198,7,4436976,0,79553.09,15,6,64,64,20801.72,1170,66,7848,0,6040950,704378,65,0,27,615314,9521640,60,343446,0,0,npOBcmzkzH,AERks4l,taul,1K8T,JLbT,fhk21Ss,IG_G867,kTCl,9_Y1,KubS,VpdQ,y6dw,7M47J5GA0pTYIFxg5uy,kIsH,uKAI,L84s,iwn6,CWNSYfx,uonk,UYBR,AU8pNoi,4UxGlow,QKW8DRm,catzS2D,LM8l689qOp,Qcbd,ZI9m,ib5G6X1eUxUn6
0,546,14,1100,104,130,40,166.56,0,925278,0,6.391156,27,98,504,360784,0,29573.04,5,8,24,16,325993.2,240,72,26595,0,4065,165274,1185,0,18,62797,1596772,4,180192,0,0,DHeq9ayfAo,RO12,taul,1K8T,z32l,ka_xJVj,hCdK,5uIy,9_Y1,kJJ7,VpdQ,Tkho,me75fM6ugJ,kIsH,uKAI,L84s,NhsEn4L,beK4AFX,S9AY,cJvF,AU8_WTd,Mms6hzI,oslk,iZDAgOW,jySVZNlOJy,7P5s,RAYp,F2FyR07IdsN7I
0,798,7,44,132,165,24,253.52,0,5227518,0,0.7494125,9,34,56,2534552,0,176337.6,10,4,32,32,265517.2,500,66,22878,0,4356255,475228,1190,0,9,554442,10455040,22,950466,0,0,1KSr4RK2Mx,RO12,taul,1K8T,487l,5HU7nTC,yLQl2MLgBb,gKgo,9_Y1,DtNL,sJzTlal,zm5i,me75fM6ugJ,kIsH,uKAI,Mtgm,NhsEn4L,NGZXfGp,ipbN,UYBR,FzaX,7Jxlefp,oslk,je1reV4,LM8l689qOp,FSa2,RAYp,F2FyR07IdsN7I
0,861,14,1892,100,125,56,377.84,0,186066,0,6.923521,27,172,161,4152,0,87134.41,0,2,16,8,-253616.4,190,48,86508,0,262035,81466,1085,0,36,2492,500104,16,2136,0,0,O8Zr4Rdc_a,NMCEYavk0YOlqn2jHeEDjP0xsdXeAZGnZDN0NOfV,taul,1K8T,0aHy,fhk21Ss,EXpWEXgaYpMJ7,ZIsD,9_Y1,em8I,VpdQ,itlM,7M47J5GA0pTYIFxg5uy,kIsH,g5HH,L84s,XfqtO3UdzaXh_,XTbIt4R,ZEJ7,cJvF,FzaX,4UxGlow,oslk,catzS2D,LM8l689qOp,me1d,ZI9m,iyHGyLCEkQ
0,1001,7,0,148,185,88,166.56,0,0,0,2.005127,9,102,0,61888,0,11682.9,0,16,48,16,-50371.6,675,0,333,0,351110,61606,95,0,0,0,526584,32,137310,0,0,wRXmfo875g,RO12,taul,1K8T,TyGl,X2G4NDc,jgyr5WV,NYVW,9_Y1,6Kw9,VpdQ,sYC_,me75fM6ugJ,kIsH,uKAI,L84s,NhsEn4L,kq0aHkC,_Itq,UYBR,FzaX,DiRY_02,oslk,HiG2C8o,jySVZNlOJy,3Cy4,RAYp,F2FyR07IdsN7I
0,1204,21,9536,76,95,24,366.56,0,6519960,0,2.35313,27,78,56,3718192,0,116748.9,15,2,16,8,153410,445,30,17217,0,1316685,489780,9930,0,18,3253418,10454560,12,876138,0,0,1GdOj1KXzC,RO12,taul,1K8T,JLbT,A_yBboK,HKFGqS8,rvR3,9_Y1,jdbz,09_Q,sYC_,me75fM6ugJ,kIsH,uKAI,L84s,NhsEn4L,beK4AFX,NwRz,UYBR,FzaX,3Jmmfvd,oslk,JD1lw9w,LM8l689qOp,kwS7,RAYp,F2FyR07IdsN7I
0,1568,14,3712,192,240,88,308.96,0,2088624,0,6.792779,18,34,63,3462136,0,87537.91,5,6,48,48,167105.2,1050,48,22302,0,5154450,1042110,1715,0,9,0,10399400,38,1555200,0,0,2jiWq69cTy,RO12,taul,1K8T,0Xwj,creCyD5,UnPEkD6Pex,8z0x,HLqf,0A_v,sJzTlal,zm5i,me75fM6ugJ,sBgB,uKAI,L84s,NhsEn4L,kZJtVhC,SvBd,cJvF,FzaX,Hlo8hdx,oslk,kYwEsaq,LM8l689qOp,PM2D,RAYp,F2FyR07IdsN7I
0,1596,7,64,216,270,112,253.52,0,5345334,0,0.31489,9,30,0,3456008,0,79882.8,25,0,40,40,231329.2,695,84,2817,0,4463160,34646,455,0,0,0,10395800,32,0,0,0,zcROj17IEC,RO12,taul,1K8T,aD1X,au1nqNs,I1s81Dlb7R,uUHn,9_Y1,zfpA,09_Q,IYzP,me75fM6ugJ,kIsH,uKAI,L84s,NhsEn4L,kZJtVhC,qOBq,cJvF,AU8pNoi,_PxA1m8,oslk,vUcOEra,LM8l689qOp,7aLG,RAYp,F2FyR07IdsN7I
0,427,7,1772,60,75,72,133.12,0,11400,0,5.39201,9,62,14,0,0,11296.47,5,0,8,0,-15894.28,180,12,69399,0,129025,132300,1705,0,0,0,378912,6,0,0,0,N_vrjIXt5a,RO12,taul,1K8T,ZHNR,3ZjbFkF,puVN1KTszPHt3,MB3D,9_Y1,xQ2A,sJzTlal,IYzP,me75fM6ugJ,kIsH,uKAI,L84s,NhsEn4L,TDceha3,gvA6,UYBR,FzaX,eTk1UQz,oslk,sd7w991,LM8l689qOp,5Acm,RAYp,F2FyR07IdsN7I
0,3059,7,1080,280,350,232,197.6,0,0,0,4.32963,18,100,63,205888,0,8740.5,0,18,72,88,193010,1525,0,33426,0,222550,365976,325,0,36,54971,1185304,42,258552,0,0,eOQt0GoOh3,eSGpMwS8zSGgq_trOpckZ5,taul,1K8T,lK27,6t65xck,zA2IZno2NK,bWuP,9_Y1,t_4G,VpdQ,hAFG,GjJ35utlTa_GNSvxxpb9ju,kIsH,uKAI,L84s,UbxQ8lZ,ORMRote,luKx,UYBR,FzaX,Zc0Fczp,Al6ZaUT,eS63yNE,LM8l689qOp,Qu4f,02N6s8f,R4y5gQQWY8OodqDV
0,1232,7,4,120,150,64,166.56,0,4866726,0,2.383251,18,34,0,1597672,0,84183.91,20,4,32,24,208817.6,525,66,36594,0,864000,1096268,95,0,0,188363,8792480,4,1036800,0,0,LDPq9ayfAo,RO12,taul,1K8T,z32l,aoAMutf,o0q8tiE,Cfyg,9_Y1,QBpP,VpdQ,IYzP,me75fM6ugJ,kIsH,uKAI,L84s,NhsEn4L,mAjbk_S,V_j1,cJvF,FzaX,N0iD5lR,oslk,G8m0_1Y,LM8l689qOp,7P5s,RAYp,F2FyR07IdsN7I
0,1372,7,148,284,355,376,200,0,42084,0,4.793634,9,152,105,202152,0,2438.925,0,10,72,40,-26277.56,1040,30,48861,0,52130,63036,1645,0,9,7308,306280,18,14058,0,0,oUPBcmzkzH,2Knk1KF,taul,1K8T,tXti,P_IO4FC,98kUPa9,K0g5,9_Y1,WGOH,09_Q,haYg,me75fM6ugJ,kIsH,uKAI,L84s,XfqtO3UdzaXh_,XTbPUYD,VHHi,UYBR,FzaX,WFgfrxM,oslk,HpgObSS,LM8l689qOp,Qcbd,RAYp,55YFVY9
0,420,0,0,52,65,16,100.32,0,0,0,0.5917539,18,30,0,146592,0,7257.45,0,6,0,56,-1834312,130,0,693,0,63500,8144,0,0,0,0,169968,2,44376,0,0,1YVgUHXZeb,RO12,taul,1K8T,pE9z,TsqM639,YQcPlrpk3ptPA,NTFv,9_Y1,8BBI,VpdQ,IYzP,me75fM6ugJ,kIsH,uKAI,Mtgm,XfqtO3UdzaXh_,11p4mKe,FeRb,UYBR,FzaX,bDf87dl,oslk,BeDRkup,LM8l689qOp,453m,RAYp,F2FyR07IdsN7I
0,721,7,428,120,150,0,200,0,0,0,6.23841,9,68,28,5529600,0,227022.9,0,0,32,64,138946,475,0,49356,0,9504000,0,795,0,0,0,10368000,44,0,0,0,tr0gUH7ejg,RO12,taul,1K8T,PbOJ,uqsq_S5,77iJmpaB0e,8Kyr,9_Y1,m_h1,09_Q,IYzP,me75fM6ugJ,kIsH,uKAI,L84s,NhsEn4L,kq062QV,ILZp,cJvF,FzaX,pIAmJge,oslk,f76ryQi,LM8l689qOp,WqMG,RAYp,F2FyR07IdsN7I
0,3325,7,472,552,690,296,166.56,0,159276,0,0.7908567,9,82,35,1234816,0,16160.4,35,32,184,240,-1185236,1965,30,6849,0,1183710,734660,40,0,0,419202,3808484,86,804858,0,0,GcUBcmz45j,RO12,taul,1K8T,TyGl,nLJsz2a,wazNWEjf9i,uwwf,9_Y1,yrDU,09_Q,IYzP,me75fM6ugJ,sBgB,uKAI,L84s,NhsEn4L,mAjbk_S,ykzL,UYBR,FzaX,9oU6V3V,oslk,00ARusu,LM8l689qOp,Qcbd,RAYp,F2FyR07IdsN7I
0,2940,14,1056,132,165,8,220.08,0,2592000,0,2.315958,36,108,56,3841760,0,22251.24,15,2,32,48,111828.8,780,30,5139,0,7143750,158408,250,0,9,0,10512640,34,177720,0,0,J9Vr4RQZiT,2Knk1KF,LfvqpCtLOY,1K8T,EJC9,PTPXtaU,nQUq7hGe64,9BLB,9_Y1,z5Ry,09_Q,sYC_,me75fM6ugJ,kIsH,uKAI,L84s,NhsEn4L,beK4AFX,cNcr,UYBR,FzaX,NlJY_02,oslk,_p6zgmc,jySVZNlOJy,FSa2,RAYp,55YFVY9
0,5460,7,4,876,1095,272,286.96,0,7119720,0,2.635121,9,60,7,1835776,0,28702.83,45,34,232,224,92107.6,3380,138,171,0,3117510,199904,5,0,9,510720,10616400,216,124794,0,0,HYTrjIK12c,RO12,taul,1K8T,TyGl,BMnJ89M,8aRkf58,pUzu,9_Y1,7WNq,VpdQ,sYC_,me75fM6ugJ,kIsH,7A3j,L84s,NhsEn4L,kq0n8Bj,XyD0,cJvF,FzaX,8d5YWu3,oslk,sXbT3Cb,LM8l689qOp,WqMG,RAYp,F2FyR07IdsN7I
0,2709,7,1460,1044,1305,720,166.56,0,1812048,0,5.688955,9,38,1078,958216,0,16411.98,60,66,256,336,289031.6,2620,204,46953,0,849260,586944,4940,0,0,433482,4003760,100,564300,0,0,qXhvyxLp3Z,RO12,taul,1K8T,Xa_z,dRqabdC,CsjH_hi,YJIN,9_Y1,FbIm,VpdQ,IYzP,me75fM6ugJ,kIsH,uKAI,L84s,NhsEn4L,uZL60aU,pA_f,UYBR,FzaX,eJsfrxM,oslk,renAIRG,LM8l689qOp,xb3V,RAYp,F2FyR07IdsN7I
0,959,7,444,156,195,48,339.92,0,4603086,0,6.136723,18,32,7,1840992,0,164826.9,20,4,56,40,137828.4,635,66,32769,0,4092005,843072,4400,0,9,256487,10594520,22,650580,0,0,GcUt0G8rTN,RO12,taul,1K8T,hAOr,qEdASpP,wD13J6M,7ioK,9_Y1,e7QV,VpdQ,IYzP,me75fM6ugJ,kIsH,uKAI,L84s,NhsEn4L,kZJtVhC,EHsf,UYBR,FzaX,0AJo2f2,oslk,2Kb5FSF,LM8l689qOp,fKCe,RAYp,F2FyR07IdsN7I
0,1141,21,4744,144,180,0,166.88,0,9750060,0,2.184576,27,134,189,1382400,0,154047.9,35,4,32,16,334928.4,860,120,10854,0,1312940,0,515,0,27,604800,10724480,10,95556,0,0,qXh9tYsdof,rEUOq2QD1qfkRr6qpua,taul,1K8T,kNzO,fhk21Ss,yEFIHeU,FnId,9_Y1,DtNL,VpdQ,hzlB,7M47J5GA0pTYIFxg5uy,kIsH,uKAI,L84s,leSl,teA09W3,_Pif,cJvF,FzaX,4UxGlow,QKW8DRm,catzS2D,LM8l689qOp,FSa2,ZI9m,ib5G6X1eUxUn6
0,833,7,2008,124,155,0,186.64,0,11358720,0,0.5443282,27,106,273,0,0,192584.1,45,0,32,0,427448,490,132,18549,0,0,0,115,0,0,0,10682880,0,0,0,0,C2Dvyx875g,RO12,taul,1K8T,JLbT,eQgnKxT,e1XhvTunuD,PFwG,9_Y1,MBhA,VpdQ,sYC_,me75fM6ugJ,kIsH,uKAI,L84s,NhsEn4L,kq0aHkC,D_Jh,UYBR,FzaX,GpvRJ5l,oslk,i06ocsg,LM8l689qOp,WqMG,RAYp,F2FyR07IdsN7I
0,161,0,0,164,205,72,286.96,0,4453020,0,2.778893,9,18,0,1997336,0,171340.8,20,2,40,32,166116.4,480,78,0,0,3419800,1017532,0,0,0,554414,10322280,20,475212,0,0,qFpmfo8zhV,RO12,taul,1K8T,LloI,gLjbxgw,ENepqy1xpC,IoAF,9_Y1,Ew1Q,09_Q,IYzP,me75fM6ugJ,kIsH,uKAI,L84s,NhsEn4L,mAja5EA,SxJ2,UYBR,FzaX,qcEoI0_,oslk,fXLavGi,LM8l689qOp,wX53,RAYp,F2FyR07IdsN7I
0,462,7,52,132,165,120,220.08,0,1641528,0,3.16129,9,50,0,2416400,0,183080.1,0,8,32,32,107063.2,450,24,7587,0,2438430,2419360,60,0,9,0,10474440,12,2073600,0,0,IXSgUHShse,RO12,taul,1K8T,kNzO,9mBld0s,I1sqWRxUAv,gMVu,9_Y1,RVjC,09_Q,43pnToF,me75fM6ugJ,kIsH,uKAI,L84s,NhsEn4L,mAjbk_S,YihF,UYBR,FzaX,1FAsTJ7,oslk,i9S9AAi,LM8l689qOp,FSa2,RAYp,F2FyR07IdsN7I
0,819,7,1220,160,200,40,220.08,0,4867842,0,1.217902,9,122,175,1382400,0,208939.2,25,6,40,16,146364.4,550,72,2403,0,4523070,411714,395,0,18,604800,10830360,26,1342620,0,0,HrWrjIXt5a,2Knk1KF,taul,1K8T,dTod,knVbxgw,NW71mrodGH,IaTj,9_Y1,nr0d,VpdQ,kxE9,me75fM6ugJ,kIsH,uKAI,L84s,XfqtO3UdzaXh_,XTbPUYD,QWE_,UYBR,FzaX,qofOVQC,oslk,cbq7j0h,LM8l689qOp,5Acm,RAYp,55YFVY9
0,196,0,0,144,180,32,320.4,0,3774330,0,6.679983,9,16,0,2074224,0,188431.2,15,8,48,32,73882,365,54,0,0,4778045,521070,0,0,9,653884,10200280,24,1597272,0,0,vAsgUHXM47,RO12,taul,1K8T,z32l,qbzATNu,IQqVdTN5VLxy3,HrCG,9_Y1,STGZ,VpdQ,zm5i,me75fM6ugJ,kIsH,uKAI,L84s,NhsEn4L,kZJyVg2,u7mJ,UYBR,FzaX,Oj69oV7,oslk,7IeAGfT,LM8l689qOp,453m,RAYp,F2FyR07IdsN7I
0,1008,7,912,76,95,0,253.52,0,266928,0,3.444777,9,48,0,2250080,24,151520.1,10,6,48,40,-394127.2,435,6,36198,72,3456005,0,365,6,0,180026,4613960,16,91248,0,0,xddq9ayfAo,RO12,taul,1K8T,yYar,Fnlw8DQ,koda1Jh,3mel,9_Y1,QBpP,VpdQ,IYzP,me75fM6ugJ,kIsH,uKAI,Mtgm,NhsEn4L,mAjbk_S,PU79,cJvF,FzaX,wIfAM23,oslk,dwbKSUK,LM8l689qOp,7P5s,RAYp,F2FyR07IdsN7I
0,5467,7,4792,136,170,48,301.2,0,4276962,0,6.665029,9,156,140,3168096,0,16105.2,15,4,32,40,126436.8,1070,54,646812,0,3310540,896856,9125,0,27,554421,10461560,18,950430,0,0,Foxt0Go8Lb,RO12,taul,1K8T,xgSF,tAqBboK,etM739XNbCmUu,Taoo,9_Y1,Z5OU,VpdQ,kxE9,me75fM6ugJ,kIsH,uKAI,L84s,XfqtO3UdzaXh_,_JdcICD,PrZW,UYBR,FzaX,B0LABPr,oslk,UP3EVaf,jySVZNlOJy,Qu4f,RAYp,iyHGyLCEkQ
0,455,0,0,144,180,80,186.64,0,2290350,0,1.138218,9,24,0,2528992,0,193902.9,15,4,40,32,120557.6,625,48,0,0,3136955,1662566,0,0,18,604800,10326360,18,1036800,0,0,Iskvyx875g,RO12,taul,1K8T,JLbT,uMA4Shd,FoJylxy,4Afm,9_Y1,MBhA,VpdQ,IYzP,me75fM6ugJ,kIsH,uKAI,L84s,NhsEn4L,7WwX8Ya,F675,UYBR,FzaX,meWmFX7,oslk,DQ3iZDY,LM8l689qOp,WqMG,RAYp,F2FyR07IdsN7I
0,343,7,1488,84,105,128,200,0,0,0,5.836574,9,92,0,7904,0,3694.35,0,4,16,8,3364.716,290,0,2430,0,6995,43974,1435,0,9,2324,102112,4,6924,0,0,_v2gUHXZeb,RO12,taul,1K8T,lK27,jMFpLPy,FoJylxy,y7Pp,9_Y1,LqKm,VpdQ,sYC_,me75fM6ugJ,kIsH,uKAI,L84s,NhsEn4L,kq0aHkC,LUHy,cJvF,FzaX,WPf6V3V,oslk,tomqI2t,LM8l689qOp,453m,RAYp,F2FyR07IdsN7I
0,987,7,176,184,230,112,207.44,5,664728,0,5.813715,9,106,21,1125944,9,22742.67,10,6,40,56,-448956,740,30,46242,48,1197105,291638,355,0,0,150913,2738884,30,187338,0,14,MtpBcmzkzH,2Knk1KF,taul,1K8T,KqYs,yz3abdC,_UtlxbJ,un_T,9_Y1,WGOH,VpdQ,IYzP,me75fM6ugJ,kIsH,uKAI,L84s,NhsEn4L,beK4AFX,esGz,cJvF,FzaX,zQ_frxM,oslk,B0WAIRG,LM8l689qOp,Qcbd,RAYp,55YFVY9
0,1127,7,144,72,90,16,266.88,0,3425586,0,1.074129,9,54,0,421608,0,51940.8,5,2,16,8,681140,515,24,5238,0,4105855,788116,1780,0,9,625387,9326120,18,536046,0,0,Yddq9ayE15,RO12,taul,1K8T,TyGl,M0FOkab,8nstQ62E0C,G473,9_Y1,F_Lu,VpdQ,sYC_,me75fM6ugJ,kIsH,uKAI,L84s,NhsEn4L,kq0n8Bj,82HH,cJvF,FzaX,sTyfql_,oslk,XBfOTZB,jySVZNlOJy,TNEC,RAYp,F2FyR07IdsN7I
0,1911,7,772,224,280,88,253.52,0,5045376,0,4.606708,9,78,14,2638400,0,125163,25,14,64,64,124133.2,800,60,20268,0,5257550,47122,505,0,9,2471,10406880,30,167388,0,0,E3dr4RQxul,RO12,taul,1K8T,EJC9,ho_lH9W,_9fgcJ0chTp4w,yG_y,9_Y1,z5Ry,09_Q,43pnToF,me75fM6ugJ,kIsH,uKAI,L84s,NhsEn4L,TDceha3,QcPI,UYBR,FzaX,ImpYlW4,oslk,LTMqFbB,jySVZNlOJy,FSa2,RAYp,F2FyR07IdsN7I
0,5607,7,9780,1088,1360,496,166.56,0,20202,0,3.165136,36,82,273,1718816,0,14037.69,5,36,160,344,-4229,3650,60,11052,0,2604880,407798,1845,0,9,573405,4131520,276,533670,0,0,5_lq9aXt5a,RO12,taul,1K8T,JLbT,K6McVcA,76j2P_OLn0,xzph,9_Y1,Y9Bl,VpdQ,IYzP,me75fM6ugJ,kIsH,uKAI,L84s,NhsEn4L,mAjbk_S,tU_W,UYBR,FzaX,OYHAk0_,oslk,qjNw0n7,LM8l689qOp,uWr3,RAYp,F2FyR07IdsN7I
0,679,14,992,172,215,136,200,0,0,0,5.209143,27,112,70,27128,0,3778.71,0,6,16,48,-673996,690,0,23247,0,98270,62674,2035,0,18,15057,251104,34,50364,0,0,uUdt0G8EIb,2Knk1KF,taul,1K8T,JLbT,PHNvXy8,8ob0Cb2,2kDj,9_Y1,e7QV,sJzTlal,hAFG,NKv3VA1BpP,kIsH,uKAI,L84s,Ie_5MZs,teAY_NX,54Ak,UYBR,FzaX,UF16siJ,zCkv,APgdzOv,LM8l689qOp,fKCe,6fzt,Zy3gnGM
0,1701,7,8,380,475,288,166.56,0,701382,0,0.2830592,9,72,0,1526240,0,48168,15,18,120,136,286652,1215,36,936,0,1785405,587944,10,0,0,178577,4310360,48,485814,0,0,1KSqrQK2Mx,zPhCMhkz9XiOF7LgT9VfJZ3yI,taul,1K8T,yMvB,LHr3Naj,etM739XNbCmUu,ZbgS,9_Y1,15m3,VpdQ,IYzP,GjJ35utlTa_GNSvxxpb9ju,kIsH,uKAI,L84s,JBfYVit4g8,uZLw7zy,RRXa,cJvF,FzaX,rSNNpO5,Al6ZaUT,7MHHEwz,jySVZNlOJy,FSa2,02N6s8f,xwM2aC7IdeMC0
0,1092,7,2884,136,170,64,307.28,0,8294400,0,4.503738,9,94,413,123736,0,57365.4,20,6,32,8,49898.4,560,96,25479,0,33080,1351802,290,0,18,0,10740760,4,1555200,0,0,E3dr4RQxul,RO12,taul,1K8T,0Xwj,wGQl2XU,qj0DK2YAJ2VDzcas,HTi9,HLqf,z5Ry,09_Q,sYC_,me75fM6ugJ,sBgB,uKAI,L84s,NhsEn4L,beK4AFX,fVFR,UYBR,FzaX,GOYYjZW,oslk,fEMQguc,LM8l689qOp,FSa2,RAYp,F2FyR07IdsN7I
0,7,7,1664,108,135,0,166.56,0,0,0,1.364452,9,160,21,0,0,75041.09,0,0,0,0,62950,450,0,3951,0,3130390,0,765,0,9,0,2504312,54,0,0,0,l7Fq9ayE15,2Knk1KF,taul,1K8T,tzKK,fhk21Ss,IG_G867,mKIW,9_Y1,kJJ7,VpdQ,haYg,7M47J5GA0pTYIFxg5uy,kIsH,uKAI,L84s,Ie_5MZs,CWNY2py,G71K,cJvF,FzaX,4UxGlow,zCkv,catzS2D,jySVZNlOJy,7P5s,ZI9m,TCU50_Yjmm6GIBZ0lL_
0,658,7,2132,80,100,32,291.12,0,2832534,0,4.298013,9,166,112,303416,0,188225.1,15,2,16,8,-542460,415,36,11880,0,889015,633624,6055,0,18,0,5061920,10,475218,0,0,HrWrjIXt5a,2Knk1KF,taul,1K8T,4fje,fhk21Ss,P9HTde2,lbc7,9_Y1,Nbbb,VpdQ,CoYW,7M47J5GA0pTYIFxg5uy,kIsH,uKAI,L84s,Ie_5MZs,CWNY2py,tKMv,cJvF,FzaX,4UxGlow,zCkv,catzS2D,LM8l689qOp,5Acm,ZI9m,TCU50_Yjmm6GIBZ0lL_
0,364,7,444,124,155,152,253.52,5,0,9,0.4082461,9,32,70,144376,0,20305.44,5,10,40,24,-1174720,285,0,38349,16,133365,146818,1365,0,9,46256,550372,6,115524,0,0,a4v9tYsGvO,RO12,taul,1K8T,lK27,eDdnaaX,V6XUlxabJ4VaD,jvK8,9_Y1,YULl,VpdQ,IYzP,me75fM6ugJ,kIsH,uKAI,L84s,NhsEn4L,mAjbk_S,z1cV,UYBR,FzaX,Dw7YjZW,oslk,oCzEVaf,LM8l689qOp,FSa2,RAYp,F2FyR07IdsN7I
0,2765,7,120,248,310,264,246.8,0,0,0,6.189062,9,102,0,162776,0,4431,5,12,96,112,-49441.6,1285,0,513,0,70010,84048,370,0,36,55475,362572,16,80604,0,0,Foxt0Go8Lb,RO12,taul,1K8T,7gSz,kJ1ERUT,pbNgbi2,MnIU,9_Y1,Z5OU,VpdQ,haYg,7M47J5GA0pTYIFxg5uy,kIsH,uKAI,L84s,leSl,teA09W3,xZ_D,cJvF,FzaX,MMTJrCp,QKW8DRm,Rkj9jvX,LM8l689qOp,Qu4f,vJ_w8kB,WfJ2BB2SFSqauljlfOB
0,672,7,44,108,135,48,186.64,0,2063772,0,4.010681,9,38,14,39024,0,99728.41,15,0,16,24,-71840,420,60,60435,0,2007690,52250,690,0,18,0,3406464,10,0,0,0,ypNt0Go8Lb,RO12,taul,1K8T,lK27,8RVBmIU,pCsFbvQJcF,D04C,9_Y1,MGOA,sJzTlal,IYzP,me75fM6ugJ,kIsH,uKAI,L84s,NhsEn4L,mAjbk_S,rVHr,cJvF,FzaX,HlomS85,oslk,MMuldxq,LM8l689qOp,Qu4f,RAYp,F2FyR07IdsN7I
0,707,7,456,132,165,24,461.04,0,9541560,0,1.28135,36,200,0,0,0,222006.3,35,4,32,0,144971.2,510,114,9018,0,146805,518400,115,0,18,0,10625680,4,1036800,0,0,1qmr4RQxul,2Knk1KF,CiJDdr4TQ0rGERIS,1K8T,0Xwj,fhk21Ss,bGUqwlz,vVrQ,HLqf,z5Ry,VpdQ,oZyB,7M47J5GA0pTYIFxg5uy,sBgB,uKAI,L84s,_5OXC8MSLt,LxWhDOK,4pYq,UYBR,FzaX,4UxGlow,oslk,catzS2D,jySVZNlOJy,FSa2,ZI9m,VjDE
0,987,0,0,600,750,296,200,0,11688,0,4.969024,9,20,0,1833840,0,19046.01,5,42,176,152,-111076.8,2335,6,0,0,1990010,444662,0,0,0,53977,3732944,142,477804,0,0,9hRmfo875g,RO12,taul,1K8T,ssAy,GIMQW8P,S85YZxYiez,jbE4,9_Y1,gnEy,09_Q,IYzP,me75fM6ugJ,kIsH,uKAI,L84s,NhsEn4L,uZLqv2f,Q4S9,cJvF,FzaX,IS7s94F,oslk,MgStYcI,LM8l689qOp,3Cy4,RAYp,F2FyR07IdsN7I
0,945,7,1548,152,190,32,286.96,0,6918420,0,0.8387097,27,94,14,1734688,0,117744.3,35,2,32,24,276973.2,555,90,66312,0,1994790,472696,550,0,18,408982,10534280,16,475230,0,0,4e7gUH7IEC,RO12,taul,1K8T,487l,iJzviRg,K_f9rv8SZjsIyL8ZFMn,jXqB,9_Y1,1Bp0,09_Q,6JmL,7M47J5GA0pTYIFxg5uy,kIsH,uKAI,L84s,4ylQpLr46xum2hHQ,7WwK5g3,BLZS,cJvF,FzaX,ch2oGfM,z4pH,P6pu4Vl,jySVZNlOJy,WqMG,ZI9m,R4y5gQQWY8OodqDV
0,1351,7,608,168,210,144,166.56,0,17022,0,3.976928,18,38,0,848608,0,16283.85,0,8,48,56,-1487164,650,18,657,0,340310,406230,15,0,9,362516,1763408,20,364572,0,0,ypNt0Go8Lb,RO12,taul,1K8T,lK27,DhOMuhr,LH0BJkjM1L,W3ry,9_Y1,MGOA,09_Q,43pnToF,me75fM6ugJ,kIsH,uKAI,Mtgm,NhsEn4L,mAjbk_S,vN9T,cJvF,FzaX,3aBuLpj,oslk,jjOYyXX,LM8l689qOp,Qu4f,RAYp,F2FyR07IdsN7I
0,2506,14,4944,544,680,216,133.12,0,66666,0,1.909635,27,168,756,378688,0,9209.91,5,22,136,192,77504.8,2190,66,1170,0,1526675,299524,1525,0,9,27370,2252184,124,264378,0,0,2jiWq69cTy,2Knk1KF,taul,1K8T,ssAy,cGZ4XxH,BBhiudN5VdgIL,90xo,9_Y1,0A_v,VpdQ,haYg,me75fM6ugJ,kIsH,uKAI,L84s,XfqtO3UdzaXh_,XTbqizz,zf5k,cJvF,FzaX,9Ud87dl,oslk,G6q7kpB,jySVZNlOJy,PM2D,RAYp,TCU50_Yjmm6GIBZ0lL_
0,1435,7,0,132,165,0,186.64,0,801504,0,2.668233,9,100,0,5529600,0,87305.09,0,0,32,64,132404.4,510,18,2142,0,9192450,0,10,0,18,0,10653120,44,0,0,0,DQlrEyXXnK,RO12,taul,1K8T,JLbT,N45xuYM,tru3GNC3u14shA_jA7L,o8nX,9_Y1,SkZj,VpdQ,haYg,me75fM6ugJ,kIsH,uKAI,L84s,XfqtO3UdzaXh_,11p4mKe,fkti,cJvF,FzaX,Led6s0w,oslk,YFaA9vx,LM8l689qOp,Aoh3,RAYp,F2FyR07IdsN7I
0,665,7,3240,104,130,32,167.2,0,102912,0,6.05768,9,120,49,127536,0,5291.97,0,2,8,24,-1966580,415,18,39924,0,258065,15524,2410,0,18,57680,402836,30,49440,0,0,8I1r4RXXnK,onTuEhrJJQy_H3IHkZku5AFczhYGqxJ890,taul,1K8T,0Xwj,fqeOwLG,5CtupK8,t_Kq,HLqf,Zazx,09_Q,hAFG,7M47J5GA0pTYIFxg5uy,sBgB,uKAI,L84s,tbewxY_YSo,OFqenG2,x7nH,cJvF,FzaX,fxJmel6,JIiEFBU,WfsWw2A,LM8l689qOp,Xa3G,ZI9m,iyHGyLCEkQ
0,2457,7,14748,56,70,24,198.88,0,6251940,0,6.554796,9,204,371,4807232,0,39536.7,5,0,16,8,120382.4,440,30,1917,0,3223275,336168,2135,0,45,0,10328480,8,0,0,0,Qu0r4RKzJV,TW8dXluYzKpktZjuY8kSPBaZa,taul,1K8T,PGNs,fhk21Ss,P9HTde2,AUPk,9_Y1,DtNL,VpdQ,y6dw,7M47J5GA0pTYIFxg5uy,kIsH,uKAI,L84s,_5OXC8MSLt,11pMFCG,BUau,UYBR,FzaX,4UxGlow,oslk,catzS2D,jySVZNlOJy,FSa2,ZI9m,NoEd
0,1022,14,720,284,355,32,253.52,0,3465780,0,3.352916,18,74,56,3687104,0,17584.98,10,2,80,88,35015,870,72,15327,0,4411095,138782,4630,0,18,797398,8489800,82,76590,0,0,bt0mfo875g,RO12,taul,1K8T,QQSE,MNwM9_c,o64y9zI,8jem,9_Y1,_48V,VpdQ,IYzP,me75fM6ugJ,kIsH,uKAI,Mtgm,NhsEn4L,TDceha3,WAn0,cJvF,AU8pNoi,0MQv48t,oslk,d0BOtEt,LM8l689qOp,3Cy4,RAYp,F2FyR07IdsN7I
0,896,7,2136,136,170,112,353.84,0,5032968,0,1.596027,9,46,35,1382400,0,202172.1,10,8,32,16,276756,550,60,23940,0,332425,2037220,6510,0,0,0,10171360,4,2073600,0,0,9hRmfo875g,RO12,taul,1K8T,QQSE,TaM4iqB,t187Re3NhK,Jdwj,9_Y1,wGwL,VpdQ,IYzP,me75fM6ugJ,kIsH,uKAI,L84s,NhsEn4L,kq0n8Bj,2zA2,cJvF,FzaX,bDI871e,oslk,_54nl9z,M_8D,wX53,RAYp,F2FyR07IdsN7I
0,882,28,4764,140,175,8,294.48,0,4536042,0,6.952361,36,114,98,4663408,0,89784.3,15,0,32,64,5620,545,54,41697,0,5192750,18122,5690,0,36,195664,10431880,28,0,0,0,crIt0Go8Lb,RO12,I9xt3GDRhUK7p,1K8T,JLbT,fhk21Ss,J3fgbi2,VzUN,9_Y1,C7DI,VpdQ,6JmL,7M47J5GA0pTYIFxg5uy,kIsH,uKAI,L84s,FMSzZ91zL2,11pG9ir,I4SR,cJvF,FzaX,4UxGlow,zCkv,catzS2D,jySVZNlOJy,Qu4f,ZI9m,DU8B
0,742,7,1784,136,170,8,415.92,0,11404800,0,6.859004,9,124,56,0,0,214161.9,45,0,32,0,171009.6,525,132,5319,0,14285,39272,180,0,18,0,10803560,4,0,0,0,LDPgUHXZeb,2Knk1KF,taul,1K8T,JLbT,PFW3ud5,Oe4E7cR6Kt,6cV2,9_Y1,STGZ,VpdQ,IYzP,me75fM6ugJ,kIsH,uKAI,L84s,NhsEn4L,teAyFc5,vJ0N,UYBR,FzaX,OVz6pd1,oslk,AT9E4Qn,M_8D,453m,RAYp,55YFVY9
0,1379,14,3364,124,155,0,186.64,0,174330,0,6.235847,36,154,154,6220800,0,127471.2,0,0,32,72,372479.2,890,6,41571,0,8764800,0,2470,0,27,0,10238480,42,0,0,0,1GdOj1KXzC,2Knk1KF,taul,1K8T,0Y9G,fhk21Ss,o64y9zI,xvTO,9_Y1,jdbz,VpdQ,hAFG,7M47J5GA0pTYIFxg5uy,kIsH,uKAI,Mtgm,Ie_5MZs,CWNY2py,xdRY,cJvF,FzaX,4UxGlow,zCkv,catzS2D,LM8l689qOp,kwS7,ZI9m,TCU50_Yjmm6GIBZ0lL_
0,1267,7,188,140,175,72,99.68,0,0,0,5.885281,9,80,7,81272,0,3402.18,0,10,16,104,-1776576,630,0,62001,0,96235,43638,5,0,9,1442,232736,16,41754,0,0,1GdOj17ejg,RO12,taul,1K8T,aD1X,RACxT1D,yLQX8HOoy1,2UUr,9_Y1,zfpA,09_Q,haYg,me75fM6ugJ,kIsH,uKAI,Mtgm,XfqtO3UdzaXh_,11p4mKe,22ss,cJvF,FzaX,I5GjbzC,oslk,VQZjND2,LM8l689qOp,7aLG,RAYp,F2FyR07IdsN7I
0,1309,7,3088,136,170,40,318.88,0,4402608,0,4.31254,9,116,175,3801696,0,102685.2,10,0,32,48,119277.6,535,60,10989,0,4356110,792020,1865,0,36,1108828,10538480,22,0,0,0,LDPvyx7IEC,eSGpMwS8zSGgq_trOpckZ5,taul,1K8T,Bxva,83iWKYv,5wCdaMvjmfFev,mvdE,9_Y1,qaiO,09_Q,wMei,15TtzZrRt2,kIsH,uKAI,L84s,UbxQ8lZ,teAAe2o,550g,UYBR,FzaX,kH5sgTz,Al6ZaUT,HX39lNX,LM8l689qOp,szEZ,02N6s8f,R4y5gQQWY8OodqDV
0,2870,7,1084,368,460,144,166.56,0,389862,0,6.147618,18,158,189,187704,0,6370.17,45,12,64,40,30055.28,1765,150,666,0,112490,52074,2280,0,18,20293,741480,58,94692,0,0,2jirEyXktW,2Knk1KF,taul,1K8T,LLPZ,6G2q5m3,V_KvNzO,yFEe,9_Y1,SkZj,VpdQ,hAFG,me75fM6ugJ,kIsH,uKAI,L84s,XfqtO3UdzaXh_,XTbPUYD,aINY,UYBR,FzaX,zxm6hzI,oslk,RRM2fT4,LM8l689qOp,Aoh3,RAYp,TCU50_Yjmm6GIBZ0lL_
0,406,0,0,12,15,0,186.64,0,0,0,1.292673,9,28,0,0,0,220436.7,0,0,0,0,826136,290,0,0,0,1192475,0,0,0,9,0,953980,6,0,0,0,zcRZptzip9,RO12,taul,1K8T,TyGl,Mi6GGLP,GQI8eCj,pDLX,9_Y1,t_4G,09_Q,zm5i,DHn_WUyBhW_whjA88g9bvA64_,kIsH,uKAI,L84s,CrNX,jawspbU,dYu6,UYBR,FzaX,ZDj1sjm,d0EEeJi,n1DQU2G,LM8l689qOp,Qu4f,nIGXDli,F2FyR07IdsN7I
0,1827,14,216,384,480,136,253.52,0,6217860,0,6.531083,18,38,119,969192,3,97364.7,45,14,88,64,435936,1545,168,10692,8,3177650,297236,3970,0,9,438179,10094240,54,439806,0,0,V8lt0G8rTN,RO12,taul,1K8T,0LaQ,qEdASpP,NBVUlxabJhR17,NREA,9_Y1,k13i,sJzTlal,zm5i,me75fM6ugJ,kIsH,uKAI,L84s,NhsEn4L,NGZXfGp,rbVb,cJvF,qxDb,0AJo2f2,oslk,2Kb5FSF,LM8l689qOp,fKCe,RAYp,F2FyR07IdsN7I
0,952,7,128,228,285,64,253.52,0,6995940,0,2.914975,9,46,0,1058368,0,209847.6,35,20,32,40,-25766,650,96,29745,0,2201540,483374,345,0,0,0,10267360,22,1005516,0,0,Y3tqrQKzJV,RO12,taul,1K8T,TyGl,uMA4Shd,7aPEU2f,Rnrq,9_Y1,15m3,09_Q,IYzP,me75fM6ugJ,kIsH,uKAI,Mtgm,NhsEn4L,mAjcfkM,iBGt,UYBR,OFWH,meWmFX7,oslk,DQ3iZDY,M_8D,FSa2,RAYp,F2FyR07IdsN7I
0,448,7,220,64,80,32,210.48,0,120,0,3.458236,9,126,0,2480,9,2351.793,0,4,0,8,-1083304,225,6,405,24,101380,3956,90,0,9,0,90680,16,516,0,0,dTGmfo8zhV,2Knk1KF,taul,1K8T,ssAy,3FCrXBz,1kxr72C,DWoV,9_Y1,7pVf,VpdQ,giwq,7M47J5GA0pTYIFxg5uy,kIsH,uKAI,Mtgm,leSl,XTbjMmb,5k48,UYBR,FzaX,oatipLp,QKW8DRm,RsCQLlz,LM8l689qOp,wX53,vJ_w8kB,Zy3gnGM
0,3346,7,3068,736,920,536,253.52,10,0,0,4.076479,18,162,126,358464,3,3609.93,0,50,240,312,-214493.2,2845,0,846,24,238515,296908,1675,0,18,160643,1168360,106,306750,0,0,dRaTmBfHUn,2Knk1KF,taul,1K8T,ujBx,miuxfeC,C_uQoStwYE,Oda5,9_Y1,4N0K,09_Q,kxE9,7M47J5GA0pTYIFxg5uy,kIsH,uKAI,L84s,XfqtO3UdzaXh_,XTbqizz,uC1K,cJvF,FzaX,Idzv48t,oslk,WxhEKx8,LM8l689qOp,Qu4f,RAYp,TCU50_Yjmm6GIBZ0lL_
0,413,7,104,80,100,64,180.56,0,0,0,6.085879,9,74,14,204704,0,6619.65,0,2,16,24,-1981248,265,0,32751,0,137320,34388,165,0,0,95508,290368,16,14076,0,0,KXMrEyXXnK,RO12,taul,1K8T,LLPZ,ErY4xPh,uWgqE5_GHGXZpXx1,tSVR,9_Y1,SkZj,VpdQ,IYzP,me75fM6ugJ,kIsH,uKAI,Mtgm,XfqtO3UdzaXh_,11p4mKe,mU_J,cJvF,FzaX,8OZv_hX,oslk,YLmjELi,LM8l689qOp,Aoh3,RAYp,F2FyR07IdsN7I
0,1652,7,6588,240,300,216,166.56,0,118614,0,1.801325,27,226,70,1979440,0,33064.2,5,12,104,96,143232.8,1100,24,3330,0,615760,636236,225,0,36,541737,3134376,20,441306,0,0,nTwTmBtueT,2Knk1KF,LfvqpCtLOY,1K8T,LloI,fhk21Ss,hCdK,tpmL,9_Y1,C6Eu,VpdQ,y6dw,7M47J5GA0pTYIFxg5uy,kIsH,uKAI,L84s,_5OXC8MSLt,kZJMFCG,cdZM,cJvF,FzaX,4UxGlow,oslk,catzS2D,jySVZNlOJy,rgKb,ZI9m,VjDE
0,1673,7,504,276,345,168,188.08,10,19962,0,3.389019,18,186,119,1505992,0,19693.95,0,4,48,120,12160,1065,6,441,16,1522025,263088,305,0,27,327180,2539188,60,43632,0,0,vNEvyxLp3Z,LrdZy8QqgUfkVShG,taul,1K8T,ssAy,fhk21Ss,k10MzgT,zU1W,9_Y1,vzJD,VpdQ,hAFG,7M47J5GA0pTYIFxg5uy,kIsH,uKAI,L84s,_5OXC8MSLt,XTbQpf0,eySk,cJvF,FzaX,4UxGlow,oslk,catzS2D,jySVZNlOJy,xb3V,ZI9m,ib5G6X1eUxUn6
0,462,0,0,132,165,120,307.2,0,1512492,0,2.342021,9,26,0,1797408,0,215939.1,5,8,32,24,129375.2,490,24,0,0,2520035,2470180,0,0,9,0,10562600,12,2073600,0,0,Yn7t0Go8Lb,RO12,taul,1K8T,JLbT,H9Tg2A0,ThrnFOQ,haQb,9_Y1,rGJy,09_Q,zm5i,me75fM6ugJ,kIsH,uKAI,L84s,NhsEn4L,mAja5EA,7kFz,UYBR,FzaX,stpv4zN,oslk,YE7zrB7,LM8l689qOp,Qu4f,RAYp,0pzBWGkV3fbsGZN52DH
0,1225,7,3308,260,325,192,166.56,5,4002,0,3.280068,9,126,721,11176,0,7226.07,0,2,16,16,18080,935,6,106155,8,1206495,13832,3000,0,27,78666,1046068,74,67428,0,0,75lr4RXktW,2Knk1KF,taul,1K8T,Epqo,T7cNGWG,77iJmpaB0e,IKeG,9_Y1,TFSW,09_Q,wMei,me75fM6ugJ,kIsH,uKAI,L84s,h0lfDKh52u4GP,IoI4mKe,hL8Z,cJvF,FzaX,ByIfGrO,oslk,Esw7qqc,LM8l689qOp,Xa3G,RAYp,55YFVY9
0,1092,7,376,212,265,48,186.64,0,4352958,0,0.5193335,9,122,98,115840,0,186238.5,60,2,0,8,47972.4,635,36,10593,0,2570045,1516266,3815,0,63,0,10110400,54,126732,0,0,1GdOj1KXzC,2Knk1KF,taul,1K8T,0Y9G,jF6Moat,5q1hF23,ZcTu,9_Y1,jdbz,09_Q,hAFG,me75fM6ugJ,kIsH,uKAI,L84s,XfqtO3UdzaXh_,XTbPUYD,sXkl,UYBR,FzaX,LwG8XLE,oslk,_XSRDbC,LM8l689qOp,kwS7,RAYp,55YFVY9
0,1372,7,400,116,145,16,94.996,0,0,0,4.199744,9,122,21,414776,0,3525.57,0,4,56,152,-1623784,395,0,7749,0,49340,6810,140,0,0,67879,284988,12,36762,0,0,64nWq69R_D,g62hiBSaKg,taul,1K8T,ssAy,fhk21Ss,r83_sZi,CYE0,9_Y1,0A_v,VpdQ,IYzP,7M47J5GA0pTYIFxg5uy,kIsH,uKAI,Mtgm,9fipLB8rlL,jaw1mbq,iRuQ,UYBR,FzaX,4UxGlow,zCkv,catzS2D,LM8l689qOp,PM2D,ZI9m,ib5G6X1eUxUn6
0,497,0,0,140,175,8,220.08,0,9199080,0,1.992096,18,26,0,152424,0,159822.3,45,0,32,8,177385.2,490,114,0,0,989300,124280,0,0,18,0,10348840,10,0,0,0,hSogUHXZeb,RO12,taul,1K8T,TyGl,tdsGqNL,Z8ZAV8jDl3,iVwq,9_Y1,STGZ,VpdQ,zm5i,DHn_WUyBhW_whjA88g9bvA64_,kIsH,uKAI,L84s,CrNX,y5FewfI,28uS,cJvF,AU8_WTd,dZDcXIw,d0EEeJi,IrZNDpz,jySVZNlOJy,453m,nIGXDli,F2FyR07IdsN7I
0,266,14,2432,124,155,8,66.88,0,0,0,0.1807306,27,64,112,2352,0,979.197,0,4,48,48,-895.716,510,0,16452,0,4600,152,20670,0,9,686,5276,44,174,0,0,Yddq9ayE15,RO12,taul,1K8T,0Xwj,7z8V8VT,V_KvNzO,rlx_,HLqf,F_Lu,VpdQ,y6dw,me75fM6ugJ,sBgB,uKAI,L84s,XfqtO3UdzaXh_,XTbPUYD,TddH,UYBR,FzaX,h72fSEp,oslk,e7bTQlu,LM8l689qOp,TNEC,RAYp,F2FyR07IdsN7I
0,3710,7,1908,580,725,256,298.64,5,219894,0,0.1926939,18,100,35,749704,9,7475.64,10,32,96,208,-307712,2530,78,333,40,1720155,190146,545,0,0,64302,2882456,112,207918,0,7,tr0rEyXktW,RO12,taul,1K8T,YFAj,LnrdQSP,msIqHk8toE,gif5,9_Y1,SkZj,VpdQ,sYC_,me75fM6ugJ,kIsH,uKAI,Mtgm,NhsEn4L,kq0XiNd,aINY,UYBR,FzaX,UiC6V3V,oslk,nXOQZmh,LM8l689qOp,Aoh3,RAYp,F2FyR07IdsN7I
0,2037,14,2176,136,170,16,261.2,0,10317060,0,3.861141,27,122,42,369608,0,45606,40,2,40,8,72901.6,555,126,21645,0,182110,60130,3215,0,18,0,10267240,2,518400,0,0,DHevyx7IEC,2Knk1KF,taul,1K8T,hM6W,3FCrXBz,nDVACim,WfCO,9_Y1,RcM7,sJzTlal,CoYW,7M47J5GA0pTYIFxg5uy,kIsH,uKAI,L84s,QsQAxv5,11pdwaR,sikS,cJvF,FzaX,oatipLp,QKW8DRm,RsCQLlz,LM8l689qOp,szEZ,vJ_w8kB,Zy3gnGM
0,924,21,1500,136,170,0,200,0,11404800,0,0.04208503,27,32,385,151160,0,150821.4,45,0,40,16,218303.2,520,132,13392,0,89195,0,735,0,0,130256,10758200,2,0,0,0,dRarjIK12c,RO12,taul,1K8T,TyGl,FZVtMxl,7ruKm4v,da5V,9_Y1,7WNq,VpdQ,IYzP,me75fM6ugJ,kIsH,uKAI,L84s,NhsEn4L,kZJaHc_,2D0a,cJvF,FzaX,B9vNioI,oslk,pHOw_BK,jySVZNlOJy,WqMG,RAYp,F2FyR07IdsN7I
0,168,0,0,280,350,144,411.28,5,1969188,0,2.118351,9,14,0,1913416,0,80971.8,10,14,88,120,154477.6,350,66,0,8,2473120,991514,0,0,0,1597939,7557360,34,1175052,0,0,8Iqt0G8rTN,RO12,taul,1K8T,0Xwj,gwY4NQF,8o3HXVS,FyvZ,HLqf,e7QV,09_Q,IYzP,me75fM6ugJ,sBgB,uKAI,L84s,NhsEn4L,NGZxnJM,9uyP,cJvF,FzaX,t5EoLzk,oslk,ag5iNPX,LM8l689qOp,fKCe,RAYp,F2FyR07IdsN7I
0,1036,7,1340,144,180,32,220.08,0,9604620,0,0.7494125,9,122,0,1382400,0,185556.3,35,0,32,16,122652.4,610,114,28089,0,1422045,18282,425,0,27,0,10687680,8,0,0,0,Foxt0Go8Lb,2Knk1KF,taul,1K8T,0Xwj,ZtBNj4_,koda1Jh,tr99,HLqf,rGJy,VpdQ,Tkho,me75fM6ugJ,sBgB,uKAI,L84s,NhsEn4L,teAyFc5,NZQT,UYBR,FzaX,TLbNioI,oslk,W41oG9v,LM8l689qOp,Qu4f,RAYp,55YFVY9
0,2058,7,448,492,615,280,320.4,0,7963560,0,5.812647,9,32,350,1313752,0,65777.41,50,20,160,216,237480.4,2065,120,23742,0,1539090,489050,420,0,9,251055,10628360,42,88740,0,0,75lr4RXktW,RO12,taul,1K8T,EzKK,XvJdiSi,zA2IZno2NK,yvIy,9_Y1,Cgc3,VpdQ,zm5i,me75fM6ugJ,kIsH,uKAI,L84s,NhsEn4L,kZJtVhC,qVjQ,cJvF,FzaX,nEyOVQC,oslk,DenTzYj,LM8l689qOp,Xa3G,RAYp,F2FyR07IdsN7I
0,672,7,840,132,165,40,291.2,0,4276908,0,1.358684,9,30,560,1436512,0,224164.5,20,10,48,32,306174.4,520,54,1557,0,1994870,792020,650,0,9,0,9600760,12,2376060,0,0,euOBcmz45j,RO12,taul,1K8T,KqYs,Ge7oEOb,NBVUlxabJhR17,hHt6,9_Y1,WGOH,09_Q,IYzP,me75fM6ugJ,kIsH,uKAI,L84s,NhsEn4L,mAjbk_S,CpZg,cJvF,FzaX,THMse7s,oslk,erEwwUI,LM8l689qOp,Qcbd,RAYp,F2FyR07IdsN7I
0,966,7,12,164,205,48,295.2,0,7422900,0,1.928007,9,40,0,711320,0,173106.3,25,12,64,40,133974.4,610,90,450,0,911625,864422,10,0,9,622405,10767520,8,2199732,0,0,Ie5gUH7IEC,RO12,taul,1K8T,vSNn,R9_sVcA,ZkibjLN5VwJ2V,lnvr,9_Y1,m_h1,VpdQ,zm5i,me75fM6ugJ,kIsH,7A3j,L84s,NhsEn4L,kZJtVhC,DYAh,cJvF,FzaX,2LwVoxc,oslk,bd1gE7h,LM8l689qOp,WqMG,RAYp,F2FyR07IdsN7I
0,1589,7,912,136,170,48,233.44,0,3952494,0,4.018799,9,100,91,2534480,0,45321.3,20,2,40,32,77987.2,490,54,2754,0,3960110,950424,580,0,36,554414,10389400,20,475212,0,0,BQavyxLp3Z,RO12,taul,1K8T,lK27,yQmne2L,3X0xOLn,ywo_,9_Y1,lXxA,09_Q,hAFG,me75fM6ugJ,kIsH,uKAI,L84s,XfqtO3UdzaXh_,XTbPUYD,A91S,cJvF,FzaX,aL0fc8E,oslk,vVL2C8o,LM8l689qOp,xb3V,RAYp,F2FyR07IdsN7I
0,3927,14,172,316,395,344,253.52,0,1332,0,5.493912,18,62,21,2482368,0,22187.85,0,14,88,120,-58713.6,890,6,30834,0,873085,652354,2395,0,9,802256,3426580,26,271998,0,0,Qu0r4RKzJV,RO12,taul,1K8T,PGNs,qJShE4b,lGXpFd_2Rf,q07g,9_Y1,DtNL,09_Q,sYC_,me75fM6ugJ,kIsH,uKAI,L84s,NhsEn4L,kq0n8Bj,WktM,cJvF,FzaX,Y2CKu_a,oslk,aIqdPAm,LM8l689qOp,FSa2,RAYp,F2FyR07IdsN7I
0,4214,7,0,1156,1445,504,166.56,0,15780,0,3.006195,9,38,0,907744,0,10815.69,0,66,200,256,-123746.8,3790,30,117,0,1350030,526016,70,0,27,167307,2976924,312,570714,0,0,75lq9ayfAo,RO12,taul,1K8T,lK27,mhknt93,jiYmgeD,E_sw,9_Y1,F_Lu,VpdQ,zm5i,me75fM6ugJ,kIsH,uKAI,L84s,NhsEn4L,mAjbk_S,hw6m,UYBR,FzaX,WWmfR8o,oslk,c4R2fT4,LM8l689qOp,TNEC,RAYp,F2FyR07IdsN7I
0,6132,7,88,872,1090,376,166.56,0,57684,0,1.402264,9,172,14,982384,0,6545.34,35,34,272,424,57163.2,2310,210,30834,0,781660,93322,1070,0,18,60921,1595804,118,356220,0,0,V8lt0G8rTN,LrdZy8QqgUfkVShG,taul,1K8T,2Ix5,fhk21Ss,J3fgbi2,dHOn,9_Y1,k13i,VpdQ,hAFG,7M47J5GA0pTYIFxg5uy,kIsH,uKAI,L84s,XfqtO3UdzaXh_,XTbqizz,gimy,UYBR,FzaX,4UxGlow,oslk,catzS2D,LM8l689qOp,fKCe,ZI9m,ib5G6X1eUxUn6
0,511,0,0,124,155,0,300.32,0,11279640,0,2.347362,9,28,0,0,0,190910.1,45,0,32,0,78797.6,540,132,0,0,0,0,0,0,0,0,10630200,0,0,0,0,py5rEyXktW,RO12,taul,1K8T,hoa9,iXH8HPr,76jk_MXMyd,HKNH,9_Y1,VwCR,VpdQ,IYzP,me75fM6ugJ,kIsH,uKAI,L84s,NhsEn4L,kZJyVg2,BH8d,cJvF,FzaX,TIBmS85,oslk,eu1AaaM,jySVZNlOJy,Aoh3,RAYp,F2FyR07IdsN7I
0,392,0,0,124,155,8,290.08,0,2505666,0,2.22602,9,24,0,3456000,0,221054.4,5,4,32,40,121947.6,490,30,0,0,7308050,158410,0,0,9,554435,10404360,34,993630,0,0,Yn7t0Go8Lb,RO12,taul,1K8T,X94c,8F4NGWG,VFlHWjvF92VDZUoi,4bTR,9_Y1,MGOA,09_Q,zm5i,me75fM6ugJ,kIsH,uKAI,Mtgm,NhsEn4L,mAja5EA,bHR7,UYBR,FzaX,J8TK3rj,oslk,6ZAHToS,LM8l689qOp,Qu4f,RAYp,F2FyR07IdsN7I
0,1120,0,0,20,25,0,267.12,0,0,0,1.588977,9,22,0,4838400,0,30062.7,0,0,0,8,36602.72,770,0,0,0,8747500,0,0,0,9,0,9417200,8,0,0,0,CEat0G8rTN,RO12,taul,1K8T,wOc1,qEdASpP,9ttoZBB,NvGS,9_Y1,k13i,VpdQ,zm5i,me75fM6ugJ,kIsH,uKAI,L84s,NhsEn4L,NGZxnJM,WVOn,UYBR,FzaX,0AJo2f2,oslk,2Kb5FSF,LM8l689qOp,fKCe,RAYp,F2FyR07IdsN7I
0,735,7,1600,132,165,104,323.44,0,3628806,0,5.120914,9,32,329,0,0,201666.3,15,12,32,0,154905.2,520,42,90450,0,1486250,2074340,14570,0,9,1209600,10607760,8,3110400,0,0,bt0mfo875g,RO12,taul,1K8T,QQSE,AKG5V1L,_jTP8ioIlJ,f2Yn,9_Y1,iZJp,VpdQ,zm5i,me75fM6ugJ,kIsH,uKAI,Mtgm,NhsEn4L,kZJtVhC,eSkV,cJvF,FzaX,R4h87dl,oslk,kPEzrB7,LM8l689qOp,3Cy4,RAYp,F2FyR07IdsN7I
0,1099,7,24,132,165,32,253.52,0,4135416,0,1.067293,9,36,0,3456000,0,138282,10,0,32,40,91742,515,66,72,0,4510915,598122,125,0,9,1209600,9981120,22,0,0,0,FAJgUH7ejg,RO12,taul,1K8T,lK27,cJKwkuM,_UtlxbJ,Rjw5,9_Y1,m_h1,VpdQ,zm5i,me75fM6ugJ,kIsH,uKAI,L84s,NhsEn4L,mAja5EA,kPer,UYBR,FzaX,aL0uLpj,oslk,5YyyovK,LM8l689qOp,WqMG,RAYp,F2FyR07IdsN7I
0,1323,7,452,256,320,192,223.44,0,23430,0,2.852809,18,170,273,115304,0,23768.34,5,14,64,88,-1384224,905,24,2655,0,1003875,509414,250,0,9,536179,2632292,34,587238,0,0,HAoOj1KXzC,2Knk1KF,taul,1K8T,xgSF,IMIcpQc,lGXpFd_2Rf,eXGJ,9_Y1,vYXv,VpdQ,hAFG,me75fM6ugJ,kIsH,uKAI,Mtgm,XfqtO3UdzaXh_,XTbqizz,ohtB,cJvF,FzaX,BUZfql_,oslk,77vzrB7,LM8l689qOp,kwS7,RAYp,TCU50_Yjmm6GIBZ0lL_
0,602,0,0,668,835,352,305.36,0,49086,0,6.110446,27,14,0,217280,6,2527.419,45,48,208,424,52833.2,835,48,0,16,79315,76984,0,0,0,60144,562772,58,275136,0,0,6VLvyx7IEC,RO12,taul,1K8T,dWQK,OEfWuOK,DKUDUftgA7,kgFm,9_Y1,xSqs,VpdQ,IYzP,DHn_WUyBhW_whjA88g9bvA64_,kIsH,uKAI,L84s,CrNX,NGZ_12K,Mhm0,cJvF,FzaX,rHB00dY,d0EEeJi,ZMfM8n5,LM8l689qOp,szEZ,02N6s8f,F2FyR07IdsN7I
0,392,0,0,220,275,16,247.12,0,6153480,0,5.069003,9,18,0,411848,0,167795.7,55,22,88,136,-107981.2,565,36,0,0,3570085,166908,0,0,0,368270,9506880,16,340140,0,0,v0Nt0Go8Lb,RO12,taul,1K8T,LloI,tAqBboK,E8YyOxY,Taoo,9_Y1,Z5OU,09_Q,IYzP,me75fM6ugJ,kIsH,uKAI,Mtgm,NhsEn4L,7WwuNea,PrZW,UYBR,FzaX,B0LABPr,oslk,UP3EVaf,LM8l689qOp,Qu4f,RAYp,F2FyR07IdsN7I
0,742,7,0,128,160,120,200,0,4665600,0,6.678274,9,36,0,195296,0,212689.5,15,8,32,8,95644.4,400,54,783,0,0,2469920,10,0,9,0,10567080,0,2073600,0,0,yaKt0Go8Lb,RO12,taul,1K8T,lK27,m9HabdC,7OQTfyc,5Kos,9_Y1,MGOA,sJzTlal,43pnToF,me75fM6ugJ,kIsH,uKAI,L84s,NhsEn4L,kZJtVhC,ecx7,cJvF,FzaX,QkcAfvB,oslk,CqZjPJU,LM8l689qOp,Qu4f,RAYp,F2FyR07IdsN7I
0,896,7,300,152,190,48,253.52,0,5067006,0,0.9681692,9,44,14,2617624,0,190763.7,15,4,40,40,738816,580,66,87165,0,3562170,792336,2080,0,9,1108849,10705280,22,950442,0,0,NESWq69R_D,RO12,taul,z3mO,0Xwj,_ybO0dd,q2tfFQq,FaJp,HLqf,mTeA,VpdQ,zm5i,me75fM6ugJ,sBgB,uKAI,L84s,NhsEn4L,mAjbk_S,oqws,UYBR,FzaX,L91KIiz,oslk,CE7uk3u,LM8l689qOp,FSa2,RAYp,F2FyR07IdsN7I
0,854,7,3196,128,160,0,327.76,0,6697320,0,6.88934,18,176,98,2764800,0,190810.8,20,0,32,32,148752.4,510,78,30177,0,4123685,0,870,0,18,0,10528640,22,0,0,0,eOQt0GoOh3,2Knk1KF,taul,1K8T,yMvB,fhk21Ss,9HOPNsJ,CNGI,9_Y1,rGJy,sJzTlal,kxE9,7M47J5GA0pTYIFxg5uy,kIsH,uKAI,L84s,XfqtO3UdzaXh_,beKPUYD,EOrY,UYBR,FzaX,4UxGlow,oslk,catzS2D,LM8l689qOp,Qu4f,ZI9m,iyHGyLCEkQ
0,378,0,0,200,250,104,261.12,0,4520244,0,0.850673,18,22,0,1267256,0,194376.9,35,2,32,16,136220,615,78,0,0,4636455,411208,0,0,9,554428,10593560,28,475224,0,0,1JGqrQKzJV,RO12,taul,1K8T,4fje,cGZJt03,hCdK,aylH,9_Y1,15m3,VpdQ,zm5i,me75fM6ugJ,kIsH,uKAI,Mtgm,NhsEn4L,7WwOAni,x5xg,cJvF,FzaX,EN4vOIl,oslk,82XQQMs,LM8l689qOp,FSa2,RAYp,F2FyR07IdsN7I
0,945,14,5168,184,230,152,146.48,0,295476,0,3.058107,18,146,371,1403712,0,80680.5,0,10,56,64,123165.2,525,36,71847,0,486905,895618,7355,0,18,812413,3790464,16,1066296,0,0,hSogUHXZeb,2Knk1KF,taul,1K8T,AKN1,cGQO1UP,4Ba7_t1,sool,9_Y1,STGZ,VpdQ,Tkho,me75fM6ugJ,kIsH,uKAI,L84s,NhsEn4L,beK4AFX,_Xcv,UYBR,FzaX,ZhB6w_1,oslk,ptT7A2G,LM8l689qOp,453m,RAYp,55YFVY9
0,931,28,64,136,170,8,338.48,0,5752734,0,1.854732,36,38,63,3288832,0,202469.1,20,0,32,40,131554,495,72,8532,0,4574060,43522,1925,0,0,0,10608280,24,0,0,0,8Iqt0G8rTN,AERks4l,taul,1K8T,TyGl,yCM7_tY,J3fgbi2,xf9s,9_Y1,k13i,VpdQ,IYzP,GjJ35utlTa_GNSvxxpb9ju,kIsH,uKAI,L84s,JBfYVit4g8,TDcQxGh,PikD,cJvF,FzaX,lHHtAB9,Al6ZaUT,WCV3SDT,jySVZNlOJy,fKCe,02N6s8f,xwM2aC7IdeMC0
0,707,7,0,128,160,0,220.08,0,6845100,0,4.245888,9,50,0,2764800,0,189377.4,20,0,32,32,165220.4,515,84,5661,0,4128345,0,80,0,9,1209600,10630880,20,0,0,0,Ie5gUH7IEC,RO12,taul,1K8T,487l,UsS0iwa,TpDu7b2VWjWvl1_W,shC2,9_Y1,m_h1,VpdQ,IYzP,me75fM6ugJ,kIsH,uKAI,Mtgm,NhsEn4L,mAja5EA,1kIB,UYBR,FzaX,UF1OtFs,oslk,O45qCcD,LM8l689qOp,WqMG,RAYp,F2FyR07IdsN7I
0,791,7,4,136,170,40,270.24,0,5227344,0,1.56505,9,32,0,3801712,0,196218.6,10,2,32,48,145342,510,66,486,0,3564280,716308,15,0,27,554414,10620200,18,475212,0,0,64nWq69R_D,RO12,taul,1K8T,ssAy,_t7Mbg2,767sa0XN9l,eLra,9_Y1,Px52,09_Q,zm5i,me75fM6ugJ,sBgB,uKAI,Mtgm,NhsEn4L,kZJtVhC,Czbg,UYBR,FzaX,uIoKu_a,oslk,j32r3XO,jySVZNlOJy,PM2D,RAYp,F2FyR07IdsN7I
0,3024,14,2424,320,400,256,220.08,0,147720,0,2.8699,18,110,161,722048,0,11915.28,0,16,144,152,83891.2,1215,36,6417,0,258305,265004,725,0,18,93471,1362108,30,248928,0,0,BQavyxLp3Z,2Knk1KF,taul,1K8T,0Xwj,rsmRWXF,Gai9lEF2Fr,hwwf,F3hy,vzJD,09_Q,sYC_,me75fM6ugJ,kIsH,uKAI,L84s,NhsEn4L,beK4AFX,gcS8,cJvF,FzaX,FhT87dl,oslk,og8TE6Y,LM8l689qOp,xb3V,RAYp,55YFVY9
0,1365,7,16,352,440,104,186.64,0,6460860,0,3.7257,9,40,0,1365784,0,82966.5,30,6,56,128,180779.2,840,102,63054,0,2457275,584372,125,0,9,384517,10032320,66,532944,0,0,JMGq9aXt5a,RO12,taul,1K8T,TLkP,gRirkF8,nQUq7hGe64,vUd5,9_Y1,Y9Bl,09_Q,zm5i,me75fM6ugJ,kIsH,uKAI,L84s,NhsEn4L,mAjbk_S,qduQ,UYBR,FzaX,vcuv48t,oslk,OTXAgOW,jySVZNlOJy,uWr3,RAYp,F2FyR07IdsN7I
0,1176,21,3696,80,100,8,186.64,0,11618580,0,4.296731,27,148,63,0,0,77669.09,10,4,8,0,335836,475,60,34056,0,1043825,31674,1160,0,45,0,11330720,10,37296,0,0,ZSNrjIX0Db,2Knk1KF,taul,1K8T,hoa9,PHNvXy8,Z8ZAV8jDl3,1ElE,9_Y1,EKFb,VpdQ,hAFG,NKv3VA1BpP,kIsH,uKAI,L84s,Ie_5MZs,CWNY2py,Lu4D,cJvF,FzaX,UF16siJ,zCkv,APgdzOv,LM8l689qOp,5Acm,6fzt,Zy3gnGM
0,2597,7,144,116,145,16,253.52,0,4149162,0,4.492203,9,58,7,2534528,0,48314.1,5,6,24,32,-192405.6,495,54,12402,0,3963305,281620,100,0,9,554428,8730640,20,969834,0,0,vAsgUHXM47,eSGpMwS8zSGgq_trOpckZ5,taul,1K8T,AnrR,oVeAv9G,SvK74dGIEbpKK,vh2B,9_Y1,STGZ,sJzTlal,hAFG,GjJ35utlTa_GNSvxxpb9ju,kIsH,uKAI,L84s,UbxQ8lZ,ORMRote,KoYr,UYBR,FzaX,CFU1a9D,Al6ZaUT,nuw4zTk,LM8l689qOp,453m,02N6s8f,R4y5gQQWY8OodqDV
0,371,0,0,132,165,88,220.08,0,2650128,0,4.34608,9,24,0,691200,0,219686.7,10,8,32,8,104969.6,515,36,0,0,3308855,1658094,0,0,9,1209600,10149240,18,2073600,0,0,mzKvyx8zhV,RO12,taul,1K8T,Guv5,PyebXKa,glRBFJT8NN,hpu2,9_Y1,MBhA,VpdQ,zm5i,me75fM6ugJ,kIsH,uKAI,Mtgm,NhsEn4L,kZJtVhC,j6nf,UYBR,FzaX,ZS8OtFs,oslk,e2t7A2G,LM8l689qOp,WqMG,RAYp,F2FyR07IdsN7I
0,175,0,0,40,50,16,249.36,0,3386442,0,3.800256,9,18,0,3921256,3,255859.8,5,0,16,16,302143.2,335,18,0,8,3030320,443688,0,0,9,1736,7901560,4,0,0,0,_v2TmBftjz,RO12,taul,1K8T,lK27,pro8v8X,9YuuPSz3BI,VTSO,9_Y1,4N0K,VpdQ,43pnToF,me75fM6ugJ,kIsH,uKAI,Mtgm,NhsEn4L,kq0IUgY,acbs,UYBR,FzaX,meWVy8V,oslk,DQ3u3MC,LM8l689qOp,Qu4f,RAYp,F2FyR07IdsN7I
0,11788,0,0,96,120,32,325.92,0,4583148,0,0.9690238,9,50,0,228216,0,10841.73,15,4,32,16,-81680,355,30,387,0,3007610,764544,0,0,27,171542,8384520,16,822384,0,0,4bwt0GoOh3,RO12,taul,1K8T,0Xwj,eDdrSyy,BBhiudN5VdgIL,cddR,HLqf,t_4G,VpdQ,IYzP,me75fM6ugJ,sBgB,uKAI,L84s,NhsEn4L,jawcoTk,zkSD,UYBR,FzaX,8OZv1FD,oslk,E5QAIRG,M_8D,Qu4f,RAYp,F2FyR07IdsN7I
0,1358,7,8,168,210,88,166.56,0,42462,0,4.688528,9,44,56,1564536,0,44522.7,5,14,56,72,160134.8,645,18,1125,0,2255010,575008,15,0,9,507983,4183560,22,611034,0,0,75lq9ayfAo,RO12,taul,1K8T,R4_H,ezgcTEF,y4g9XoZ,gsgF,9_Y1,pQsY,VpdQ,IYzP,me75fM6ugJ,kIsH,uKAI,L84s,NhsEn4L,TDcECyH,zPvi,UYBR,FzaX,xtRfGrO,oslk,N0GRusu,LM8l689qOp,TNEC,RAYp,F2FyR07IdsN7I
0,434,0,0,128,160,8,354.72,0,3110400,0,3.014527,9,24,0,4838400,0,219523.8,10,0,32,56,186719.6,515,36,0,0,6647500,15004,0,0,9,0,10385440,32,0,0,0,xOXr4RXktW,RO12,taul,1K8T,1TqK,4XZdCcU,bGUqwlz,kq0d,9_Y1,TFSW,VpdQ,IYzP,me75fM6ugJ,kIsH,uKAI,L84s,NhsEn4L,mAja5EA,qjye,cJvF,FzaX,ZCEmfvd,oslk,Nbsa8ZG,LM8l689qOp,Xa3G,RAYp,F2FyR07IdsN7I
0,238,7,152,712,890,280,166.56,0,0,0,4.662465,27,48,224,365704,3,2985.336,5,28,128,152,112121.6,890,0,225,16,265810,90628,865,0,0,27468,708520,218,197568,0,7,oyGrjIXt5a,RO12,taul,1K8T,vsvk,i3CBUCv,_03xtaMIkZsn1,gdg1,9_Y1,m7JR,VpdQ,IYzP,me75fM6ugJ,kIsH,uKAI,L84s,NhsEn4L,kq0n8Bj,Nn6g,cJvF,FzaX,2X5mIK9,oslk,9Rll1iV,LM8l689qOp,5Acm,RAYp,F2FyR07IdsN7I
0,1463,7,112,228,285,184,166.56,0,0,0,6.672079,9,108,7,854248,0,32808.9,0,20,48,176,67698.4,680,0,88128,0,46185,87456,70,0,18,52059,753312,4,171492,0,0,mzKvyx8zhV,RO12,taul,1K8T,JLbT,3d6d0DS,DKUDUftgA7,VCaF,9_Y1,3NyY,VpdQ,wMei,me75fM6ugJ,kIsH,uKAI,L84s,h0lfDKh52u4GP,IoI4mKe,TONg,cJvF,FzaX,T6wOhQy,oslk,c78T3Cb,LM8l689qOp,WqMG,RAYp,F2FyR07IdsN7I
0,693,7,484,104,130,24,166.56,0,0,0,0.7207862,18,214,119,37808,0,8730.811,5,2,24,24,-482936,300,0,7470,0,226400,4820,595,0,27,30891,219008,36,11418,0,0,hSogUHXZeb,Fveq5yuDUj6drSMiZO3mXe,CiJDdr4TQ0rGERIS,1K8T,TyGl,fhk21Ss,oI3dOfoZBD,flhJ,9_Y1,STGZ,09_Q,haYg,7M47J5GA0pTYIFxg5uy,kIsH,uKAI,Mtgm,_5OXC8MSLt,LxWMK5e,hFTc,cJvF,FzaX,4UxGlow,oslk,catzS2D,LM8l689qOp,453m,ZI9m,VjDE
0,1022,7,172,124,155,16,263.04,0,8812800,0,1.831874,9,164,7,633640,0,140529.6,30,2,32,8,109171.2,520,102,8460,0,1364175,316820,1090,0,45,554435,10307440,8,475230,0,0,v0Nt0Go8Lb,2Knk1KF,taul,1K8T,lK27,fhk21Ss,II0S8f9,w9uL,9_Y1,rGJy,VpdQ,CoYW,7M47J5GA0pTYIFxg5uy,kIsH,uKAI,L84s,E1aAZ0x7vd,XTbJ4br,fvvC,cJvF,FzaX,4UxGlow,QKW8DRm,catzS2D,LM8l689qOp,Qu4f,ZI9m,ib5G6X1eUxUn6
0,49,0,0,20,25,8,186.64,0,6072600,0,2.459304,9,16,0,0,0,526371,0,0,0,0,119069.6,115,12,0,0,3028365,979124,0,0,0,0,8429360,4,0,0,0,52Iq9ayE15,RO12,taul,1K8T,tzKK,z8FO0dd,hCdK,oGid,9_Y1,QBpP,VpdQ,IYzP,me75fM6ugJ,kIsH,uKAI,Mtgm,NhsEn4L,mAja5EA,qPvi,cJvF,FzaX,ZoXfR8o,oslk,IKPOtEt,LM8l689qOp,7P5s,RAYp,F2FyR07IdsN7I
0,966,28,236,144,180,16,297.2,0,5084304,0,6.01474,45,32,28,2664984,0,175893.3,5,6,32,40,97030.4,540,66,31347,0,4804495,316808,3105,0,9,1108828,10466480,28,1425642,0,0,qXh9tYsdof,RO12,taul,1K8T,kwI9,lKN4RJE,_03xtaMIkZsn1,CHuM,9_Y1,YULl,VpdQ,zm5i,me75fM6ugJ,kIsH,uKAI,L84s,NhsEn4L,NGZXfGp,t1pb,cJvF,FzaX,wxPYjZW,oslk,dXi2qo0,LM8l689qOp,FSa2,RAYp,F2FyR07IdsN7I
0,763,14,256,140,175,48,267.6,5,4053462,0,5.55565,27,40,364,2534496,0,231893.7,10,4,32,32,225533.6,515,54,1125,8,4290685,950436,275,0,9,554421,10570240,24,950436,0,0,IXSgUHShse,RO12,taul,1K8T,AHgj,1nw8HPr,V_KvNzO,dZaM,9_Y1,RVjC,VpdQ,zm5i,me75fM6ugJ,sBgB,uKAI,L84s,NhsEn4L,mAjbk_S,0bZ9,UYBR,FzaX,lbrmS85,oslk,_szAaaM,LM8l689qOp,FSa2,RAYp,F2FyR07IdsN7I
0,483,0,0,188,235,120,166.56,0,0,0,4.186926,9,40,0,1268600,0,34013.4,10,8,56,88,193289.2,505,0,216,0,1228065,351862,0,0,0,380541,2478040,30,233004,0,0,mzKvyx8zhV,RO12,taul,1K8T,ekye,LG0vbUP,_YWZ6Ym,1qtb,9_Y1,STGZ,VpdQ,IYzP,me75fM6ugJ,kIsH,uKAI,Mtgm,NhsEn4L,mAja5EA,s9FI,UYBR,FzaX,sE0uLpj,oslk,G9maF5M,LM8l689qOp,453m,RAYp,F2FyR07IdsN7I
0,511,0,0,156,195,152,186.64,0,927060,0,2.935056,9,24,0,638752,0,186572.4,5,18,48,24,139304.4,545,24,0,0,674325,3283200,0,0,9,0,10633200,6,3629712,0,0,DHeTmBftjz,RO12,taul,1K8T,ssAy,pro8v8X,NfN9Bz6HFx,w8Au,9_Y1,4N0K,VpdQ,IYzP,me75fM6ugJ,kIsH,uKAI,L84s,NhsEn4L,mAja5EA,4ryT,UYBR,FzaX,meWVy8V,oslk,DQ3u3MC,jySVZNlOJy,Qu4f,RAYp,F2FyR07IdsN7I
0,805,14,300,120,150,104,200,0,0,0,2.852168,18,132,0,1202056,0,61293.6,0,8,24,32,97690,485,0,37206,0,1806385,211520,835,0,9,523061,2804484,18,502962,0,0,xOXr4RXktW,2Knk1KF,taul,1K8T,EzKK,W0rYWIJ,n1zVHpT8NN,r2w7,9_Y1,Zazx,VpdQ,sYC_,me75fM6ugJ,kIsH,uKAI,L84s,NhsEn4L,beK4AFX,jdoY,UYBR,FzaX,uHZ18fN,oslk,LVdytFJ,LM8l689qOp,Xa3G,RAYp,55YFVY9
0,3220,7,3892,296,370,224,166.56,0,146712,0,1.60564,18,152,126,1150208,0,17137.98,15,28,56,88,508044,1420,24,1845,0,1001925,628182,350,0,45,925883,3577960,28,710772,0,0,HYTvyx7ejg,2Knk1KF,taul,1K8T,0Xwj,idWJKO_,MypvvoIQqc,ZsGL,HLqf,xSqs,09_Q,hAFG,me75fM6ugJ,sBgB,uKAI,L84s,XfqtO3UdzaXh_,XTbPUYD,hZUs,cJvF,FzaX,z0TYlW4,oslk,9mKTE6Y,LM8l689qOp,szEZ,RAYp,55YFVY9
0,1533,7,236,272,340,80,20.72,0,3804,0,4.330058,27,142,84,399400,0,5412.09,0,14,72,200,-51284,1020,6,1179,8,265455,47832,2125,0,9,153398,538004,50,41610,0,7,qXhPe2ftjz,LrdZy8QqgUfkVShG,taul,1K8T,4fje,fhk21Ss,itSGh3t,sOYL,9_Y1,mTeA,VpdQ,hAFG,7M47J5GA0pTYIFxg5uy,kIsH,uKAI,L84s,leSl,teA09W3,upnW,UYBR,FzaX,4UxGlow,QKW8DRm,catzS2D,LM8l689qOp,FSa2,ZI9m,ib5G6X1eUxUn6
0,3255,7,2824,124,155,96,280.24,0,4990236,0,0.4016236,9,64,210,0,3,41338.5,10,12,32,0,390736.8,535,60,14814,8,276020,2073600,6305,0,9,0,10459640,2,3110400,0,0,TfiBcmzkzH,RO12,taul,1K8T,lK27,XX34iqB,daiwphuTtf,oyj8,9_Y1,yrDU,VpdQ,IYzP,me75fM6ugJ,kIsH,uKAI,L84s,NhsEn4L,TDceha3,Wc4m,cJvF,FzaX,nf9OhQy,oslk,P6mQZmh,LM8l689qOp,Qcbd,RAYp,F2FyR07IdsN7I
0,1589,7,1804,648,810,352,166.56,0,532500,0,2.33198,9,62,14,2063608,0,57405.3,25,28,112,232,174147.6,1655,54,96147,0,3584510,309732,6705,0,0,40838,5240160,122,318432,0,0,py5rEyXktW,AERks4l,taul,1K8T,42Cy,PHNvXy8,V6XUlxabJ4VaD,nalJ,9_Y1,SkZj,VpdQ,IYzP,NKv3VA1BpP,kIsH,uKAI,L84s,Ie_5MZs,y5FEvJ5,21c1,cJvF,FzaX,UF16siJ,zCkv,APgdzOv,LM8l689qOp,Aoh3,6fzt,xwM2aC7IdeMC0
0,2380,14,408,276,345,168,166.56,0,40446,0,1.331126,18,66,266,1513720,3,16988.67,20,16,72,104,-16497.56,865,18,1188,16,1365275,642606,210,0,9,562758,3734272,40,833490,0,7,gOyvyx7ejg,RO12,taul,1K8T,TyGl,tSzBmIU,okUWEXgaYpMJ7,7hXF,9_Y1,RcM7,VpdQ,haYg,me75fM6ugJ,kIsH,uKAI,L84s,XfqtO3UdzaXh_,11p4mKe,KIpy,UYBR,FzaX,GpvmS85,oslk,HD2ldxq,LM8l689qOp,szEZ,RAYp,F2FyR07IdsN7I
0,1421,21,8772,460,575,168,153.2,0,270822,0,5.731254,36,106,343,31144,0,6871.229,35,10,80,48,73557.2,1370,102,26118,0,1091270,111076,920,0,9,0,1466036,118,24702,0,0,NQ5rEy7Rm6,2Knk1KF,taul,1K8T,TyGl,AKGnmrh,LnhZQTcrKi,niey,9_Y1,H9GL,sJzTlal,kxE9,me75fM6ugJ,kIsH,uKAI,Mtgm,XfqtO3UdzaXh_,11p4mKe,Cc4l,cJvF,FzaX,9Z9fc8E,oslk,GDJEVJ2,LM8l689qOp,Aoh3,RAYp,55YFVY9
0,1239,0,48,92,115,16,186.64,0,951834,0,0.7133091,9,46,0,1755832,3,154752.3,15,2,32,56,-833308,690,18,17928,16,3226945,573334,0,0,0,919002,9930280,14,518382,0,7,KXMrEyXXnK,RO12,taul,1K8T,487l,LKy47iP,MypvvoIQqc,fmhz,9_Y1,SkZj,09_Q,IYzP,me75fM6ugJ,kIsH,uKAI,L84s,NhsEn4L,mAjbk_S,9gPm,UYBR,OFWH,ZLrmfvd,oslk,khtiNPX,M_8D,Aoh3,RAYp,F2FyR07IdsN7I
0,840,21,1148,168,210,112,166.56,0,1171206,0,1.45439,36,178,0,27912,0,27583.11,15,16,40,24,158304,525,24,39762,0,1858800,290170,2560,0,36,10416,3862908,20,558660,0,0,crIt0Go8Lb,AERks4l,taul,1K8T,wGW5,fhk21Ss,tvCvLMA,yXK2,9_Y1,YePk,09_Q,kxE9,7M47J5GA0pTYIFxg5uy,kIsH,uKAI,L84s,_5OXC8MSLt,XTbj5PX,5JG_,cJvF,FzaX,4UxGlow,oslk,catzS2D,LM8l689qOp,Qu4f,ZI9m,ib5G6X1eUxUn6
0,42,0,0,32,40,8,246.16,0,7257600,0,2.944884,9,22,0,0,0,56524.2,0,2,8,0,-21510.56,1015,12,0,0,1462865,266062,0,0,9,2466065,7950000,8,2113770,0,0,oyGrjIXt5a,RO12,taul,1K8T,80HR,YDGnrqW,7vJz3tk,ZBNx,9_Y1,xQ2A,VpdQ,zm5i,me75fM6ugJ,kIsH,uKAI,Mtgm,NhsEn4L,mAja5EA,gvA6,UYBR,FzaX,DI493UA,oslk,xZb2pc5,LM8l689qOp,5Acm,RAYp,F2FyR07IdsN7I
0,553,7,240,88,110,0,133.12,0,0,0,5.79812,9,134,14,54792,0,8305.949,0,6,48,24,10899.16,490,0,19440,0,152385,0,25,0,9,24234,152352,32,4572,0,0,CEat0G8rTN,2Knk1KF,taul,1K8T,wOc1,BaLg0iR,msIFlLyI91,R9J5,9_Y1,e7QV,VpdQ,wMei,me75fM6ugJ,kIsH,uKAI,Mtgm,h0lfDKh52u4GP,IoI4mKe,22Px,cJvF,AU8pNoi,6XEDGtr,oslk,bSgodIn,LM8l689qOp,fKCe,RAYp,55YFVY9
0,1148,0,0,580,725,392,166.56,0,11616,0,0.8923307,18,18,0,1758976,0,12325.59,25,28,176,312,51236.4,1825,12,0,0,548955,335298,0,0,0,152012,2124592,72,134760,0,0,V8lBcmz45j,RO12,taul,1K8T,0Xwj,r34vTzP,masesLK,kc6M,F3hy,yrDU,VpdQ,IYzP,me75fM6ugJ,kIsH,uKAI,L84s,NhsEn4L,mAja5EA,zbaY,cJvF,FzaX,fabDFjT,oslk,JtcUsvC,LM8l689qOp,Qcbd,RAYp,F2FyR07IdsN7I
0,231,0,0,212,265,96,253.52,0,5652408,0,5.575518,9,16,0,2397088,0,138171.6,20,4,32,32,295383.2,590,102,0,0,4703015,515248,0,0,0,0,11070520,28,65376,0,0,DQlrEyXXnK,RO12,taul,1K8T,YFAj,fIZ2EMp,TbQyCeZ21flwy,j8N7,9_Y1,SkZj,VpdQ,IYzP,7M47J5GA0pTYIFxg5uy,kIsH,uKAI,L84s,NhsEn4L,NGZxnJM,ctu4,UYBR,FzaX,YZ2TNgw,oslk,x3aOgRj,LM8l689qOp,Aoh3,ZI9m,F2FyR07IdsN7I
0,595,0,0,136,170,48,186.64,0,1900296,0,1.540056,9,28,0,2731656,0,223264.2,15,4,48,40,159709.2,500,30,0,0,5313000,938540,0,0,18,604800,10434200,26,1036800,0,0,mCGq9ayE15,RO12,taul,1K8T,tzKK,YDGxW2B,Vxu0anlDbL,v9od,9_Y1,kJJ7,09_Q,IYzP,me75fM6ugJ,kIsH,uKAI,L84s,NhsEn4L,mAja5EA,VuYp,cJvF,FzaX,1mS6hzI,oslk,MIzOtEt,LM8l689qOp,7P5s,RAYp,F2FyR07IdsN7I
0,588,7,5280,132,165,8,176.56,0,8781480,0,0.1681265,27,126,490,0,0,126866.4,50,0,40,0,448756,500,108,2691,0,318505,172800,1015,0,9,0,9824040,8,0,0,0,npOBcmzkzH,2Knk1KF,taul,1K8T,0WHw,1Qqo63u,V6XUlxabJ4VaD,QzN0,9_Y1,EwzD,VpdQ,sYC_,DHn_WUyBhW_whjA88g9bvA64_,kIsH,uKAI,L84s,CrNX,pMWQVqj,vPLw,cJvF,FzaX,PCSeOFF,d0EEeJi,KHRN8iG,LM8l689qOp,Qcbd,nIGXDli,55YFVY9
0,1099,28,17212,148,185,32,220.08,0,6739200,0,6.954497,54,130,1162,528624,0,189063.6,45,8,48,16,119559.6,530,78,7524,0,2013500,515372,5085,0,18,26341,10345360,10,583590,0,0,u6tWq6edh4,2Knk1KF,taul,1K8T,JLbT,rPAblEW,V6XUlxabJ4VaD,Qera,9_Y1,_xpN,VpdQ,sYC_,me75fM6ugJ,kIsH,uKAI,L84s,NhsEn4L,beK4AFX,cjoD,UYBR,FzaX,bEm38SL,oslk,serQJQm,jySVZNlOJy,FSa2,RAYp,55YFVY9
0,896,7,8,60,75,8,186.64,0,4665600,0,3.746422,9,68,0,0,6,201381.6,20,0,16,0,-454024,405,54,39807,24,12230,103062,255,0,18,0,4708720,2,0,0,7,302Oj17IEC,RO12,taul,1K8T,aD1X,25x4spc,kmL8CT_,fyz1,9_Y1,eQTr,sJzTlal,hAFG,me75fM6ugJ,kIsH,uKAI,L84s,XfqtO3UdzaXh_,11p4mKe,O1hY,cJvF,FzaX,0OM8iqZ,oslk,8KG7DIf,M_8D,7aLG,RAYp,F2FyR07IdsN7I
0,2611,7,1800,688,860,296,166.56,0,4398,0,5.186285,9,42,175,493896,0,2466.249,10,36,112,192,17886,1105,6,423,0,957845,153286,70,0,0,178388,1513620,180,284478,0,0,LDPvyx7IEC,RO12,taul,1K8T,0Xwj,WkHngaa,lGXbRju_Hh,zX4w,F3hy,xSqs,09_Q,IYzP,me75fM6ugJ,kIsH,uKAI,L84s,NhsEn4L,mAjbk_S,ibeB,cJvF,FzaX,gg7Y_02,oslk,tzhEVJ2,LM8l689qOp,szEZ,RAYp,F2FyR07IdsN7I
0,1071,7,28,32,40,8,340.08,0,10886400,0,6.929502,18,66,0,0,0,172662.3,0,0,0,0,258746,655,18,44091,0,3535485,514,25,0,9,0,10087000,8,0,0,0,1YVgUHXZeb,RO12,taul,1K8T,7ALb,b8EJ4lp,UFIdC8I,V9OO,9_Y1,STGZ,VpdQ,IYzP,me75fM6ugJ,kIsH,uKAI,L84s,NhsEn4L,NGZXfGp,bdVM,cJvF,qxDb,Hofvwg4,oslk,mKmKSaP,LM8l689qOp,453m,RAYp,F2FyR07IdsN7I
0,1162,7,712,144,180,40,266.8,0,8520060,0,2.763939,9,58,119,60328,0,136574.1,35,4,40,8,293675.6,545,102,45261,0,161885,864000,2830,0,18,0,10678120,8,1036800,0,0,CxSr4RXktW,RO12,taul,1K8T,EzKK,9GJGgoz,3X0xOLn,06mz,9_Y1,Albh,09_Q,haYg,Kxdu,kIsH,uKAI,L84s,FMSzZ91zL2,NGZokw4,qOKv,cJvF,FzaX,Tvpip6Z,zCkv,hHJsvbM,LM8l689qOp,Xa3G,6fzt,SbOd7O8ky1wGNxp0Arj0Xs
0,511,0,0,420,525,192,253.52,0,5513214,0,1.273659,9,18,0,3533104,0,87801.3,35,10,80,72,675920,1315,162,0,0,4107585,340744,0,0,0,30569,10697680,66,147222,0,0,75lTmBtFkL,RO12,taul,1K8T,PbOJ,au1CPws,3cO76t0,et5n,9_Y1,c2JP,VpdQ,IYzP,me75fM6ugJ,kIsH,uKAI,L84s,NhsEn4L,kZJtVhC,pv4R,UYBR,FzaX,_PxY_02,oslk,r7xOEra,LM8l689qOp,rgKb,RAYp,F2FyR07IdsN7I
0,1092,7,2008,124,155,0,200,0,9703620,0,3.250587,27,58,21,0,0,126742.8,45,0,32,0,105134.8,555,114,30078,0,1094290,0,130,0,9,0,10330120,6,0,0,0,52Iq9ayE15,RO12,taul,1K8T,z32l,Fnlw8DQ,_jTP8ioIlJ,ARcF,9_Y1,vm5R,VpdQ,IYzP,me75fM6ugJ,kIsH,uKAI,L84s,NhsEn4L,mAjbk_S,rOTM,cJvF,FzaX,wIfAM23,oslk,dwbKSUK,LM8l689qOp,7P5s,RAYp,F2FyR07IdsN7I
0,469,0,0,132,165,56,329.92,0,1215894,0,2.542619,9,24,0,9720480,0,24330.3,15,4,24,88,27596.56,645,18,0,8,212750,20734,0,0,0,7623,6780360,14,26364,0,7,EsYq9aX0Db,e6CkoqApVR,taul,1K8T,TyGl,6CXYbuk,r4MBJBw3NEYvOPF1,34aq,9_Y1,Y9Bl,VpdQ,IYzP,Kxdu,kIsH,uKAI,L84s,FMSzZ91zL2,7WwBUIl,HrDq,cJvF,qxDb,ROeipLp,zCkv,K2SqEo9,jySVZNlOJy,uWr3,6fzt,F2FcTt7IdMT_v
0,1078,7,352,208,260,152,166.56,0,97272,0,6.97116,18,38,0,168968,0,23233.47,0,14,40,72,54724,465,12,1116,0,166445,130994,90,0,9,151942,655424,30,166422,0,0,HYTrjIK12c,RO12,taul,1K8T,lK27,3PBXEFX,YoRN1KTszPHt3,Zz8p,9_Y1,7WNq,sJzTlal,IYzP,me75fM6ugJ,kIsH,uKAI,L84s,NhsEn4L,mAjbk_S,QBA_,UYBR,FzaX,PYpRJ5l,oslk,eu2wIB5,LM8l689qOp,WqMG,RAYp,F2FyR07IdsN7I
0,371,7,1260,28,35,32,166.56,0,0,0,2.591754,9,126,140,29376,0,6387.45,0,0,8,8,-24083.56,290,0,57987,0,4900,18154,535,0,27,0,54916,4,0,0,0,HrWq9aXt5a,LrdZy8QqgUfkVShG,taul,1K8T,487l,ICE4XMm,P9HTde2,d9gL,9_Y1,Y9Bl,VpdQ,wMei,15TtzZrRt2,kIsH,uKAI,L84s,UbxQ8lZ,_JdAe2o,62PH,cJvF,FzaX,Phzi_Q3,Al6ZaUT,CxDRUH6,LM8l689qOp,uWr3,02N6s8f,ib5G6X1eUxUn6
0,105,7,2180,96,120,112,200,0,1353480,0,5.863063,9,160,889,0,0,209292.6,15,0,0,0,212456,365,18,14211,0,694440,2419200,195,0,9,0,7333080,8,0,0,0,DHeq9ayfAo,2Knk1KF,taul,1K8T,lK27,fhk21Ss,r83_sZi,d45D,9_Y1,kJJ7,VpdQ,kxE9,7M47J5GA0pTYIFxg5uy,kIsH,uKAI,L84s,Ie_5MZs,XTbjhEX,He4R,UYBR,OFWH,4UxGlow,zCkv,catzS2D,jySVZNlOJy,7P5s,ZI9m,TCU50_Yjmm6GIBZ0lL_
0,2016,7,3392,456,570,192,166.56,0,160398,0,1.50267,9,114,1050,172208,0,7613.37,5,18,48,32,87583.6,1655,96,6507,0,970645,140308,6350,0,9,38360,1506252,120,383748,0,0,yaKt0Go8Lb,LrdVolaSGUfkVeWC,taul,1K8T,j_M3,RPKu5tB,UnPdOfJ81q,gqB4,9_Y1,rGJy,sJzTlal,wMei,me75fM6ugJ,kIsH,uKAI,L84s,h0lfDKh52u4GP,ORM0Mzs,5mMR,UYBR,FzaX,WdP1WU5,oslk,05j67Xw,LM8l689qOp,Qu4f,RAYp,R4y5gQQWY8OodqDV
0,3185,7,192,356,445,112,292.64,0,3475404,0,2.239052,9,166,0,2407200,0,47625.9,20,10,104,160,204422.4,1470,66,23706,0,5990950,387874,855,0,45,347907,10341760,70,175200,0,0,6VLvyx7IEC,2Knk1KF,taul,1K8T,dWQK,fqeOwLG,P9HTde2,LHEA,9_Y1,xSqs,VpdQ,hAFG,7M47J5GA0pTYIFxg5uy,kIsH,uKAI,L84s,dGiN9qj1jEYX9,OFqHQyq,Ysi6,cJvF,FzaX,fxJmel6,Al6ZaUT,WfsWw2A,jySVZNlOJy,szEZ,ZI9m,iyHGyLCEkQ
0,21,0,0,28,35,0,186.64,0,17209020,0,5.279855,9,16,0,1047928,0,1041156,0,0,8,8,476592,70,30,0,0,121480,0,0,0,0,0,12093840,2,0,0,0,UCDvyx8zhV,RO12,taul,1K8T,TyGl,zQqh3kj,LH0kFz12FM,sKj_,9_Y1,MBhA,09_Q,IYzP,DHn_WUyBhW_whjA88g9bvA64_,kIsH,uKAI,L84s,CrNX,NGZ_12K,nPjI,cJvF,FzaX,7JxszER,d0EEeJi,4K2GgwO,LM8l689qOp,WqMG,02N6s8f,F2FyR07IdsN7I
0,581,0,0,128,160,32,133.12,0,0,0,5.619953,18,56,0,241064,0,5482.11,0,12,56,112,-137218,335,0,2043,0,53900,5328,0,0,0,5936,217936,16,65442,0,0,N_vrjIXt5a,AERks4l,taul,1K8T,hoa9,PHNvXy8,9YuFlLzSEv,PNW4,9_Y1,nr0d,VpdQ,IYzP,NKv3VA1BpP,kIsH,uKAI,L84s,NjlyLMM,uZLNSmy,1msH,cJvF,FzaX,UF16siJ,zCkv,APgdzOv,LM8l689qOp,5Acm,6fzt,xwM2aC7IdeMC0
0,1204,7,1252,32,40,16,269.28,0,5875986,0,4.54326,18,152,0,0,0,17513.49,0,2,0,0,243952,720,18,1215,0,204045,2419200,355,0,27,0,10433400,4,2271660,0,0,1JGqrQKzJV,2Knk1KF,taul,1K8T,4fje,PTPxkyQ,msIqHk8toE,DRjE,9_Y1,15m3,VpdQ,kxE9,me75fM6ugJ,kIsH,uKAI,Mtgm,XfqtO3UdzaXh_,XTbPUYD,VYQH,UYBR,OFWH,HH3v4zN,oslk,2HJE4Qn,LM8l689qOp,FSa2,RAYp,55YFVY9
0,1939,7,416,476,595,304,166.56,0,0,0,3.608417,18,118,49,403568,0,13403.58,0,18,104,152,-10846.28,1950,0,33687,0,1557750,337736,2155,0,9,166488,2376900,106,380166,0,0,dRavyx7ejg,2Knk1KF,taul,1K8T,SzjZ,PHNvXy8,SCF_a2icdl,gc6M,9_Y1,RcM7,VpdQ,kxE9,NKv3VA1BpP,kIsH,uKAI,L84s,Ie_5MZs,CWNY2py,a94l,UYBR,FzaX,UF16siJ,zCkv,APgdzOv,LM8l689qOp,szEZ,6fzt,Zy3gnGM
0,3227,14,4832,832,1040,536,633.28,0,4303338,0,2.417646,27,64,21,2051008,0,49212.3,100,52,264,136,-160716,4425,204,5724,0,4385600,513152,385,0,9,284074,9920480,88,621432,0,0,BQavyxLp3Z,RO12,taul,1K8T,TyGl,UOmdzR5,mEoHXVS,kfVu,9_Y1,lXxA,09_Q,IYzP,me75fM6ugJ,kIsH,7A3j,L84s,NhsEn4L,mAjbk_S,DknC,UYBR,FzaX,zqsoLzk,oslk,WRysKoy,LM8l689qOp,xb3V,RAYp,F2FyR07IdsN7I
0,805,14,6112,124,155,0,166.56,0,28536,0,6.794916,18,220,203,5529600,0,224648.1,0,0,32,64,213432.8,490,6,99702,0,9504000,0,905,0,18,0,10387040,44,0,0,0,eOQgUHShse,ByQdnLRlFnny2k4AJzG,LfvqpCtLOY,1K8T,R4_H,fhk21Ss,p528EHj,sSbm,9_Y1,mTeA,VpdQ,oZyB,7M47J5GA0pTYIFxg5uy,kIsH,uKAI,L84s,_5OXC8MSLt,LxWMK5e,SCbn,UYBR,FzaX,4UxGlow,oslk,catzS2D,M_8D,FSa2,ZI9m,NoEd
0,2863,14,104,784,980,208,166.56,0,244278,0,4.39671,18,30,0,1488336,0,15639.21,0,28,200,360,-29793.56,2575,174,117,0,1774950,290044,320,0,9,389641,3317900,164,616248,0,0,HYTrjIK12c,RO12,taul,1K8T,487l,EnSNXZR,e1XhvTunuD,iIrG,9_Y1,7WNq,VpdQ,IYzP,me75fM6ugJ,kIsH,uKAI,L84s,NhsEn4L,mAjbk_S,BB1g,cJvF,FzaX,KnzzTww,oslk,EbgaySi,LM8l689qOp,WqMG,RAYp,F2FyR07IdsN7I
0,14518,7,112,696,870,272,186.64,0,3957084,0,1.263619,9,34,0,2134224,0,11443.35,50,18,200,240,205815.2,5470,252,2376,0,2353240,445826,75,0,18,437409,7417360,98,608382,0,0,6VLvyx7IEC,RO12,taul,1K8T,Bxva,cMjcTxR,e1XhvTunuD,WU0y,9_Y1,qaiO,VpdQ,zm5i,me75fM6ugJ,kIsH,uKAI,L84s,NhsEn4L,mAjbk_S,6efi,UYBR,FzaX,fabfGrO,oslk,TT_zF_Q,LM8l689qOp,szEZ,RAYp,F2FyR07IdsN7I
0,756,7,96,140,175,56,133.12,0,8225700,0,1.057039,9,50,21,0,3,202656.9,20,8,32,0,163840,505,96,10098,16,82440,932028,290,0,9,0,10178600,8,2073600,0,7,52Iq9ayE15,RO12,taul,1K8T,0Xwj,tUuO1hZ,_UtlxbJ,n33g,F3hy,QBpP,VpdQ,lVqb,Kxdu,kIsH,uKAI,L84s,FMSzZ91zL2,NGZwo7G,e98O,cJvF,FzaX,2JIKlta,zCkv,HI2n4Yj,jySVZNlOJy,7P5s,6fzt,SbOd7O8ky1wGNxp0Arj0Xs
0,1134,7,152,224,280,56,193.28,0,1404,0,6.70925,9,42,0,102912,0,4581.33,0,6,48,64,-121659.2,1040,6,13941,0,374845,14070,925,0,9,8351,387304,74,10344,0,0,GcUt0G8rTN,RO12,taul,1K8T,lK27,iJzviRg,VFl3jwcNh2VDYrHl,431x,9_Y1,k13i,09_Q,sYC_,7M47J5GA0pTYIFxg5uy,kIsH,uKAI,L84s,a3CcPDe,11p_E1H,Extz,UYBR,FzaX,ch2oGfM,QKW8DRm,P6pu4Vl,LM8l689qOp,fKCe,ZI9m,R4y5gQQWY8OodqDV
0,1456,7,168,368,460,216,166.56,0,108180,0,4.642598,9,80,7,598784,0,6498.45,15,14,96,128,11114.72,1290,48,41319,0,731325,205152,1120,0,9,38381,1412992,62,35628,0,0,52Iq9ayE15,RO12,taul,1K8T,z32l,kJ1ERUT,oY8u_qP,PCf9,9_Y1,vm5R,VpdQ,6JmL,7M47J5GA0pTYIFxg5uy,kIsH,uKAI,L84s,leSl,XTbWNnD,KENS,cJvF,FzaX,MMTJrCp,QKW8DRm,Rkj9jvX,jySVZNlOJy,7P5s,vJ_w8kB,WfJ2BB2SFSqauljlfOB
0,1834,7,248,364,455,200,166.56,0,8612760,0,6.583423,9,58,0,1397648,0,64344.3,25,12,120,128,259025.2,1445,120,117747,0,782540,462950,415,0,0,31248,9762720,38,665154,0,0,AhzZptzip9,RO12,taul,1K8T,0Xwj,rXHcNhj,_jTP8ioIlJ,ya_j,HLqf,t_4G,VpdQ,IYzP,me75fM6ugJ,sBgB,uKAI,L84s,NhsEn4L,mAjbk_S,WKAs,UYBR,FzaX,u9OfrxM,oslk,5Doz_Kt,jySVZNlOJy,Qu4f,RAYp,F2FyR07IdsN7I
0,448,7,84,136,170,56,307.04,0,4276854,0,3.010041,9,30,49,3168040,0,148208.1,15,0,32,40,280365.2,510,54,10719,0,3954365,952972,105,0,18,554407,10455120,20,0,0,0,CxSr4RXktW,RO12,taul,1K8T,EzKK,r6c4NQF,GHfL3MpXAX,njIR,9_Y1,TFSW,VpdQ,kxE9,me75fM6ugJ,kIsH,uKAI,L84s,XfqtO3UdzaXh_,XTbPUYD,8LSA,cJvF,FzaX,vtCOZ4E,oslk,uyDQguc,LM8l689qOp,Xa3G,RAYp,F2FyR07IdsN7I
0,658,7,400,140,175,8,602.56,0,10059300,0,6.333689,45,32,98,1900840,0,211366.2,30,2,40,24,95592,590,126,2241,0,898700,36482,350,0,9,49749,10550600,6,42642,0,0,NESt0G8EIb,RO12,taul,1K8T,KqYs,oKsne2L,p528EHj,RK_c,9_Y1,k13i,VpdQ,43pnToF,me75fM6ugJ,kIsH,uKAI,L84s,NhsEn4L,mAja5EA,6eE_,cJvF,FzaX,iEXADXQ,oslk,xWWynIC,LM8l689qOp,fKCe,RAYp,F2FyR07IdsN7I
0,679,0,0,136,170,24,199.52,0,3469176,0,5.50267,18,22,0,4147200,0,94319.41,10,0,32,48,934384,1070,48,0,0,6326450,302530,0,0,9,0,10743800,30,0,0,0,bZk9tYsGvO,RO12,taul,1K8T,nAmm,XX3cFZv,msIvIpku4g,Sqkw,9_Y1,YULl,VpdQ,zm5i,me75fM6ugJ,kIsH,uKAI,Mtgm,NhsEn4L,7Wws1xg,iJ3I,UYBR,FzaX,FMZYH7D,oslk,MHP7DIf,jySVZNlOJy,FSa2,RAYp,F2FyR07IdsN7I
0,833,7,3100,172,215,72,288.96,0,2941350,0,6.226661,9,128,112,1401632,0,204255.6,15,6,32,24,51219.2,645,54,4527,0,3743930,1425636,575,0,18,554414,10409000,32,1425636,0,0,dTGmfo8zhV,2Knk1KF,taul,1K8T,xgSF,MNwM9_c,Tg7jjBB,vVfW,9_Y1,_48V,VpdQ,wMei,me75fM6ugJ,kIsH,uKAI,L84s,h0lfDKh52u4GP,IoI4mKe,Ca6r,cJvF,FzaX,0MQv48t,oslk,d0BOtEt,jySVZNlOJy,3Cy4,RAYp,55YFVY9
0,2807,14,2768,452,565,232,302.56,0,136152,0,3.067721,27,128,14,339016,0,6441.33,20,16,112,128,-684352,1695,54,23202,0,454915,192070,2075,0,18,161217,1152072,94,135102,0,0,1PnOj1KVEH,AERks4l,taul,1K8T,0Y9G,fhk21Ss,4soGE0N5VZrWb,UxFs,9_Y1,jdbz,09_Q,sYC_,7M47J5GA0pTYIFxg5uy,kIsH,uKAI,L84s,WsRVNrF85oPU_,_JdjUtW,doSF,cJvF,FzaX,4UxGlow,zCkv,catzS2D,LM8l689qOp,kwS7,ZI9m,ib5G6X1eUxUn6
0,917,7,12,160,200,56,288.16,0,5363298,0,4.998718,9,54,0,1037192,0,192405.3,30,6,40,16,453240,545,72,12555,0,2904345,909886,105,0,9,554414,10772440,20,951324,0,0,Y3tqrQKzJV,RO12,taul,1K8T,GYbZ,eIfMukw,LJF4fPp,K946,9_Y1,15m3,VpdQ,43pnToF,me75fM6ugJ,kIsH,uKAI,Mtgm,NhsEn4L,mAjbk_S,hll9,UYBR,FzaX,ue3v1FD,oslk,E11ObSS,LM8l689qOp,FSa2,RAYp,F2FyR07IdsN7I
0,1078,7,84,52,65,32,362.72,0,1408956,0,1.491562,18,66,0,73920,0,90602.7,5,0,8,8,-412160,560,30,31635,8,2817415,1171070,20,0,18,0,7488280,4,0,0,7,639TmBQxul,RO12,taul,z3mO,0Xwj,l4pOT3E,lPwxAiT8NN,yY6V,HLqf,TjV7,sJzTlal,IYzP,me75fM6ugJ,sBgB,uKAI,L84s,NhsEn4L,TDcECyH,Le7P,UYBR,FzaX,p403PT5,oslk,C6O0wok,LM8l689qOp,FSa2,RAYp,F2FyR07IdsN7I
0,623,7,1364,208,260,56,133.12,0,7148220,0,0.2576373,9,64,105,2592632,0,133653.3,25,4,40,48,148704,715,108,39141,0,2184750,717242,2385,0,0,0,10772960,28,221784,0,0,FAJWq69cTy,RO12,taul,1K8T,ssAy,wEJSdMg,77iJmpaB0e,W564,9_Y1,Px52,sJzTlal,IYzP,me75fM6ugJ,kIsH,uKAI,L84s,NhsEn4L,TDceha3,9xrF,UYBR,FzaX,aMa88FJ,oslk,tM4OEra,LM8l689qOp,PM2D,RAYp,F2FyR07IdsN7I
0,826,0,0,200,250,112,252.4,0,2092926,0,6.874172,9,24,0,4270368,0,75567.59,20,4,56,56,35309.72,995,48,0,0,4306685,806040,0,0,9,153524,9476600,30,74202,0,0,HYTvyx7ejg,RO12,taul,1K8T,7M9D,7c9wVfo,Gai9lEF2Fr,5iDV,9_Y1,YGOC,09_Q,zm5i,me75fM6ugJ,kIsH,uKAI,L84s,NhsEn4L,mAjbk_S,iss3,cJvF,FzaX,ys1vdH_,oslk,GoI2qo0,LM8l689qOp,szEZ,RAYp,F2FyR07IdsN7I
0,196,0,0,176,220,56,289.28,0,5550180,0,2.144627,9,18,0,3946992,0,193432.2,15,4,48,48,208885.2,540,72,0,0,4844605,172996,0,0,0,53725,10595000,28,139236,0,0,639qrQK2Mx,RO12,taul,1K8T,TyGl,m9HANMR,o5WT5gy7iu,t65Y,9_Y1,15m3,VpdQ,IYzP,me75fM6ugJ,kIsH,uKAI,Mtgm,NhsEn4L,7Ww61kb,oWky,UYBR,FzaX,QkcNgdR,oslk,v8MjPJU,LM8l689qOp,FSa2,RAYp,F2FyR07IdsN7I
0,7889,21,508,2656,3320,840,200,0,2384706,0,3.740227,45,116,154,2433120,0,14871.12,545,288,848,624,-263190,7790,714,13914,0,1510335,1121602,270,0,9,636741,7114560,218,689766,0,0,DQlgUH7IEC,RO12,taul,1K8T,72yt,9GJGgoz,76j2P_OLn0,j6yv,9_Y1,1Bp0,VpdQ,wMei,Kxdu,kIsH,uKAI,L84s,FMSzZ91zL2,11pMkO_,Tefi,cJvF,FzaX,Tvpip6Z,zCkv,hHJsvbM,jySVZNlOJy,WqMG,6fzt,4rd_
0,98,0,0,204,255,88,166.56,0,0,0,0.6648152,9,16,0,51416,0,1509.168,5,0,48,72,7154.28,355,0,0,0,72080,7054,0,0,0,12110,97848,60,0,0,0,DHeTmBftjz,RO12,taul,1K8T,LFM_,UsKxkyQ,qj0QOb9Jb2VDYrHl,4uxf,9_Y1,Gx0B,09_Q,IYzP,me75fM6ugJ,kIsH,uKAI,L84s,NhsEn4L,mAja5EA,j93V,cJvF,FzaX,OXxv4zN,oslk,VWtE4Qn,LM8l689qOp,Qu4f,RAYp,F2FyR07IdsN7I
0,245,21,232,52,65,24,100.32,0,0,0,3.282205,36,174,0,375472,0,5050.38,0,2,16,40,-1665432,140,0,4896,0,49550,18318,360,0,27,16919,270964,8,10428,0,0,8I1q9ayE15,rEUOq2QD1qfkRr6qpua,taul,1K8T,PbOJ,fhk21Ss,yLQX8HOoy1,f8qu,9_Y1,F_Lu,VpdQ,IYzP,7M47J5GA0pTYIFxg5uy,kIsH,uKAI,Mtgm,XfqtO3UdzaXh_,XTbqizz,byiR,UYBR,FzaX,4UxGlow,oslk,catzS2D,LM8l689qOp,TNEC,ZI9m,ib5G6X1eUxUn6
0,1799,7,268,168,210,24,253.52,0,6754740,0,3.350139,9,38,14,2073608,0,93654.59,30,4,32,24,-10848.56,610,102,79983,0,2807465,282650,90,0,27,0,10152480,22,265662,0,0,N_vrjIXt5a,RO12,taul,1K8T,0Xwj,bvZcCja,pukIBOKHnTeF4mVf,_wWJ,HLqf,m7JR,VpdQ,Tkho,me75fM6ugJ,sBgB,uKAI,Mtgm,NhsEn4L,mAjR0Ac,PCL_,cJvF,FzaX,mTDfR8o,oslk,dEJz4Af,LM8l689qOp,5Acm,RAYp,F2FyR07IdsN7I
0,1337,7,1676,144,180,48,133.12,0,25158,0,4.804529,9,88,0,31376,0,3493.92,15,4,48,32,-41447.2,650,24,56223,0,111330,18026,170,0,9,18641,249448,34,121998,0,0,1KSr4RK2Mx,X2uI6IsGev,taul,1K8T,TyGl,ICE4XMm,Oe4E7cR6Kt,gpsI,9_Y1,DtNL,VpdQ,wMei,15TtzZrRt2,kIsH,uKAI,L84s,h0lfDKh52u4GP,IoI4mKe,O5Ed,UYBR,FzaX,Phzi_Q3,oslk,CxDRUH6,LM8l689qOp,FSa2,02N6s8f,F2FcTt7IdMT_v
0,18151,7,4188,7024,8780,1904,220.08,0,4463430,0,2.827387,9,170,1680,2553808,0,6703.65,990,176,2384,1400,9746.16,26965,2976,3573,0,3375545,700418,1595,0,36,499534,9892360,1122,987756,0,0,IXSgUHShse,2Knk1KF,LfvqpCtLOY,1K8T,0Xwj,BMn12QB,I1sFbv_0IT,Pkzj,HLqf,RVjC,09_Q,haYg,me75fM6ugJ,sBgB,uKAI,L84s,XfqtO3UdzaXh_,XTbPUYD,wVfc,UYBR,OFWH,Qtov48t,oslk,B87Rt2K,jySVZNlOJy,FSa2,RAYp,TCU50_Yjmm6GIBZ0lL_
0,735,7,176,120,150,32,220.08,10,2237682,0,6.971374,9,34,0,2649680,0,209016,20,2,32,32,241309.6,520,30,89073,16,4968150,562076,1605,0,9,0,9354560,24,475224,0,0,dRarjIK12c,RO12,taul,1K8T,pGTb,H5ftJxG,yLQX8HOoy1,aA61,9_Y1,7WNq,sJzTlal,zm5i,me75fM6ugJ,kIsH,uKAI,Mtgm,NhsEn4L,kZJtVhC,p2bJ,cJvF,FzaX,xtRRx5o,oslk,N0G79x1,LM8l689qOp,WqMG,RAYp,F2FyR07IdsN7I
0,917,7,32,4060,5075,3368,220.08,10,3689412,0,3.29075,9,56,56,1742840,0,29557.32,40,10,88,48,260598,6080,672,270,16,3000540,392276,50,0,9,787801,8446240,926,409356,0,0,tr0Wq69cTy,RO12,taul,1K8T,pdks,DP55V1L,r83zMgS,YU0y,9_Y1,0A_v,VpdQ,IYzP,me75fM6ugJ,kIsH,uKAI,L84s,NhsEn4L,mAja5EA,bOcw,UYBR,FzaX,wZZ87dl,oslk,9iFzrB7,LM8l689qOp,PM2D,RAYp,F2FyR07IdsN7I
0,1001,7,364,232,290,32,300.32,0,8336100,0,6.209143,9,42,133,372056,0,161406,40,2,56,96,-196447.6,635,102,137592,0,2255745,202330,2600,0,18,0,10525520,32,62994,0,0,8Iqt0G8rTN,RO12,taul,1K8T,487l,EQsMhNR,DKUDUftgA7,2kDj,9_Y1,e7QV,VpdQ,IYzP,me75fM6ugJ,kIsH,uKAI,L84s,NhsEn4L,mAjYZ4g,54Ak,UYBR,FzaX,KVX8iqZ,oslk,3A8Rt2K,M_8D,fKCe,RAYp,F2FyR07IdsN7I
0,1470,7,12,356,445,120,233.44,5,4115100,0,1.875881,27,54,0,2690272,0,81555.91,60,12,104,112,94235.6,1080,120,4230,8,3362120,679044,230,0,9,726544,9222560,44,12036,0,0,KXMrEyXXnK,RO12,taul,1K8T,LLPZ,XaPdR0M,_UtlxbJ,iB5e,9_Y1,SkZj,VpdQ,IYzP,me75fM6ugJ,kIsH,uKAI,Mtgm,NhsEn4L,kZJtVhC,qwfy,UYBR,FzaX,Hrl6pd1,oslk,dOHQowC,LM8l689qOp,Aoh3,RAYp,F2FyR07IdsN7I
0,952,7,108,140,175,96,20.08,0,153492,0,4.882504,9,36,21,1382400,0,205264.5,5,12,32,16,1149060,575,24,48897,0,4008270,2073600,1435,0,18,0,10325240,20,3110400,0,0,v0Nt0Go8Lb,AERks4l,taul,1K8T,0Xwj,3FCrXBz,_UtlxbJ,aFB2,F3hy,t_4G,VpdQ,zm5i,7M47J5GA0pTYIFxg5uy,kIsH,uKAI,L84s,leSl,NGZ9cXL,AAAn,cJvF,FzaX,oatipLp,QKW8DRm,RsCQLlz,jySVZNlOJy,Qu4f,vJ_w8kB,xwM2aC7IdeMC0
0,707,0,0,156,195,64,311.6,0,758388,0,5.448195,9,28,0,2640680,0,96114,5,6,56,56,292978.8,465,48,0,0,4371440,1209474,0,0,18,604800,9059040,24,1555200,0,0,HYTrjIK12c,RO12,taul,1K8T,lK27,vzPc2Tv,V_KR_LD,fAcL,9_Y1,7WNq,VpdQ,43pnToF,me75fM6ugJ,kIsH,uKAI,L84s,NhsEn4L,mAja5EA,5xIm,cJvF,FzaX,tzpRCiV,oslk,Cue6Ztl,LM8l689qOp,WqMG,RAYp,F2FyR07IdsN7I
0,490,0,0,248,310,48,186.64,0,6384240,0,0.4460585,9,18,0,290392,0,105782.7,35,8,80,80,98090.4,1090,48,0,0,3832085,402444,0,0,9,91707,10805360,54,694152,0,0,1GdOj17ejg,RO12,taul,1K8T,TyGl,bvZAfi7,Hz6CKEGgV0Vbb,AZxo,9_Y1,iVbl,VpdQ,zm5i,me75fM6ugJ,kIsH,uKAI,L84s,NhsEn4L,mAja5EA,tjQJ,cJvF,FzaX,9AJOw16,oslk,ZTFAgOW,LM8l689qOp,7aLG,RAYp,F2FyR07IdsN7I
0,322,7,96,4,5,0,166.56,0,0,0,3.278359,9,52,35,0,0,11834.19,0,0,0,0,-1473288,75,0,22482,0,12850,0,470,0,0,0,10280,2,0,0,0,cFHt0GoOh3,RO12,taul,1K8T,g6No,6CXYbuk,_H1t9Tlb7R,CNGI,9_Y1,rGJy,09_Q,IYzP,Kxdu,kIsH,uKAI,Mtgm,9pUnzWLbztKTo,TDc92TK,EOrY,UYBR,qxDb,ROeipLp,zCkv,K2SqEo9,LM8l689qOp,Qu4f,6fzt,am14IcfM7tWLrUmRT52KtA
0,1197,7,2232,136,170,104,220.08,0,964044,0,0.04058962,9,132,105,1362160,0,150561.9,0,12,32,16,114624,550,30,15219,0,3339700,2246400,101060,0,36,604800,10528040,16,3059568,0,0,HAoOj1KXzC,2Knk1KF,taul,1K8T,TyGl,Q9RASYT,qZsAqpg,Kk5g,9_Y1,ID5l,sJzTlal,sYC_,me75fM6ugJ,kIsH,uKAI,L84s,NhsEn4L,beK4AFX,9ndo,UYBR,FzaX,NRwAWQ7,oslk,fGIAGfT,jySVZNlOJy,kwS7,RAYp,55YFVY9
0,308,0,0,96,120,96,200,0,660,0,4.85046,18,26,0,64312,0,3069.45,0,0,24,64,7004.28,325,6,0,0,6865,51316,0,0,0,0,140720,6,0,0,0,dRagUHXM47,RO12,taul,1K8T,USOt,au1K0yW,_UtlxbJ,FAsf,9_Y1,fTh6,VpdQ,IYzP,me75fM6ugJ,kIsH,uKAI,L84s,NhsEn4L,mAjbQbU,MSzb,cJvF,OFWH,iEX0Q3K,oslk,LPD2Oqu,LM8l689qOp,453m,RAYp,F2FyR07IdsN7I
0,1771,14,2880,404,505,80,166.56,0,189540,0,5.910703,18,166,175,660880,0,5634.9,10,8,64,152,26811.72,1440,84,51489,0,941255,101842,4695,0,36,14497,1447568,104,37446,0,0,FAJgUH7ejg,2Knk1KF,taul,1K8T,JLbT,fqeOwLG,_03xtaMIkZsn1,2bem,9_Y1,m_h1,VpdQ,CoYW,7M47J5GA0pTYIFxg5uy,kIsH,uKAI,L84s,MeOIHRG3F9,_Jd8MkS,c7ea,UYBR,FzaX,fxJmel6,zCkv,WfsWw2A,LM8l689qOp,WqMG,ZI9m,iyHGyLCEkQ
0,945,7,2448,204,255,64,213.36,0,79020,0,3.207007,9,168,364,182992,0,9375.6,15,8,80,112,-1705144,615,18,17991,0,336725,101458,1160,0,18,3549,690880,38,96672,0,0,S8dr4RQxul,g62hiBSaKg,I9xt3Gi01UK7p,1K8T,kNzO,fhk21Ss,k10MzgT,HTi9,9_Y1,z5Ry,VpdQ,oZyB,7M47J5GA0pTYIFxg5uy,kIsH,uKAI,Mtgm,oOT00mkwDoEFW,beKNLuo,fVFR,UYBR,FzaX,4UxGlow,zCkv,catzS2D,LM8l689qOp,FSa2,ZI9m,ib5G6X1eUxUn6
0,791,0,0,136,170,80,286.32,15,3571410,0,4.143773,9,24,0,2443520,0,50280.3,15,6,32,48,1327268,880,48,0,32,1319915,1219226,0,6,18,109508,8275080,8,211770,0,0,tr0Wq69cTy,RO12,taul,1K8T,lK27,SCRu_5h,KcR1XI2VFT,d78V,9_Y1,0A_v,09_Q,IYzP,me75fM6ugJ,kIsH,uKAI,L84s,NhsEn4L,mAja5EA,TLmT,UYBR,FzaX,QtooGGc,oslk,X2DAyp5,LM8l689qOp,PM2D,RAYp,F2FyR07IdsN7I
0,490,7,1076,108,135,136,200,0,0,0,4.249306,9,32,35,72264,0,6788.85,0,4,24,48,26963.44,440,0,1548,0,5335,87522,105,0,0,29064,233288,4,26766,0,0,uGLq9ayE15,RO12,taul,1K8T,tzKK,YMfAHbp,LJF4fPp,puIg,9_Y1,kJJ7,VpdQ,IYzP,me75fM6ugJ,kIsH,uKAI,L84s,NhsEn4L,mAjbk_S,3OLX,cJvF,FzaX,ZxrKsQe,oslk,xhoRP71,LM8l689qOp,7P5s,RAYp,F2FyR07IdsN7I
0,1092,28,1256,24,30,0,188.72,0,15151800,0,6.799402,45,40,98,0,0,142321.8,0,0,0,0,-45977.6,220,30,20502,0,450,0,4335,0,18,0,10101560,2,0,0,0,JMGq9aXt5a,RO12,taul,1K8T,TyGl,zN9sz2a,rRTn3fZ,kfvz,9_Y1,6TCl,09_Q,zm5i,me75fM6ugJ,kIsH,uKAI,L84s,NhsEn4L,mAjbk_S,RuYt,cJvF,FzaX,gSt6V3V,oslk,Tn9Rusu,LM8l689qOp,uWr3,RAYp,F2FyR07IdsN7I
0,735,7,1964,136,170,104,166.56,0,8856,0,4.80517,18,138,168,144832,0,10404.48,5,4,32,48,-63678.8,475,12,26073,0,181150,45298,75,0,9,9128,372312,20,71448,0,0,2jirEyXktW,2Knk1KF,taul,1K8T,fhwd,fqedTJr,xunBDW1,ndT0,9_Y1,H1uM,VpdQ,kxE9,me75fM6ugJ,kIsH,uKAI,L84s,XfqtO3UdzaXh_,XTbPUYD,2lkY,UYBR,FzaX,fxJ68SY,oslk,SyxQQMs,LM8l689qOp,Aoh3,RAYp,55YFVY9
0,749,7,908,136,170,184,153.2,20,0,0,6.880367,18,64,0,0,3,177159,0,18,56,0,-274366,445,0,59931,48,30025,129576,3525,6,9,34013,582664,4,449238,0,0,a4vrEy7Rm6,RO12,taul,1K8T,JLbT,abRsKl9,msIqHk8toE,PupZ,9_Y1,X8zP,VpdQ,hAFG,me75fM6ugJ,kIsH,uKAI,L84s,XfqtO3UdzaXh_,XTbPUYD,7GLv,UYBR,FzaX,mXL6hzI,oslk,BT6Rt2K,LM8l689qOp,Aoh3,RAYp,F2FyR07IdsN7I
0,798,7,368,196,245,56,268.48,0,385476,0,0.1166417,18,130,238,4470992,0,92672.7,15,10,80,64,56905.2,945,30,10467,0,7667350,563680,3630,0,36,603589,10270800,42,569934,0,0,8Iqt0G8rTN,2Knk1KF,taul,1K8T,PbOJ,4rXn9NE,MXlhT5l,9Ywd,9_Y1,e7QV,09_Q,haYg,me75fM6ugJ,kIsH,uKAI,Mtgm,XfqtO3UdzaXh_,11p4mKe,VK0Z,UYBR,Lmli,dqL8hdx,oslk,MnYAKIt,jySVZNlOJy,fKCe,RAYp,55YFVY9
0,1204,0,12,152,190,152,220.08,0,1098042,0,3.664388,9,152,0,1401672,0,137196.9,0,12,40,24,-149635.2,715,18,163242,0,1626620,2960060,0,0,18,604800,10351400,14,2545686,0,0,JMGq9aXt5a,2Knk1KF,taul,1K8T,JLbT,VcWMqdZ,KyxX4chnKM,o_4o,9_Y1,Y9Bl,09_Q,hAFG,me75fM6ugJ,kIsH,uKAI,L84s,XfqtO3UdzaXh_,XTbPUYD,Jz3e,UYBR,OFWH,dBlvOIl,oslk,_83OEra,LM8l689qOp,uWr3,RAYp,55YFVY9
0,658,0,0,268,335,112,220.08,0,7477680,0,6.214911,9,24,0,0,0,150620.1,10,12,32,0,354752.4,755,102,0,0,1249670,936142,0,0,9,0,10598080,56,3110400,0,0,a4v9tYsGvO,RO12,taul,1K8T,487l,31DqtNX,_jTP8ioIlJ,KwKi,9_Y1,YULl,VpdQ,zm5i,me75fM6ugJ,kIsH,uKAI,L84s,NhsEn4L,kZJtVhC,5a5U,UYBR,FzaX,dMzYH7D,oslk,_wyAgOW,LM8l689qOp,FSa2,RAYp,F2FyR07IdsN7I
0,504,0,0,124,155,56,186.64,0,235830,0,3.698996,9,28,0,4147200,0,224306.1,0,4,32,48,101501.6,490,6,0,8,6480000,1168934,0,6,18,604800,10443880,30,1036800,0,0,DQlgUH7IEC,RO12,taul,1K8T,0kpG,QfdNj4_,e1XhvTunuD,5OV_,9_Y1,m_h1,VpdQ,IYzP,me75fM6ugJ,kIsH,uKAI,L84s,NhsEn4L,mAja5EA,GbiX,UYBR,FzaX,yOONioI,oslk,ZjaoG9v,LM8l689qOp,WqMG,RAYp,F2FyR07IdsN7I
0,3514,7,492,144,180,8,186.64,0,9659820,0,5.751976,27,42,42,0,0,52884.6,45,2,40,0,130925.6,1825,120,18513,0,688965,78094,3045,0,9,0,10545600,10,431886,0,0,Tfit0G8EIb,RO12,taul,1K8T,JLbT,gwY4NQF,V_KR_LD,0buo,9_Y1,e7QV,VpdQ,zm5i,me75fM6ugJ,kIsH,uKAI,L84s,NhsEn4L,mAja5EA,UD_u,UYBR,FzaX,t5EoLzk,oslk,ag5iNPX,LM8l689qOp,fKCe,RAYp,F2FyR07IdsN7I
0,8925,21,1588,152,190,128,221.04,0,334860,0,5.955779,36,34,2828,2244192,0,22702.59,5,10,40,40,115033.2,2610,12,27261,0,2913070,2668640,24065,0,9,604800,10643320,18,2445138,0,0,oUPBcmzkzH,RO12,taul,1K8T,uNkU,IUormCU,EXpWEXgaYpMJ7,7nYb,9_Y1,KubS,VpdQ,zm5i,me75fM6ugJ,kIsH,uKAI,L84s,NhsEn4L,kZJtVhC,IT3w,cJvF,FzaX,8EdDGHt,oslk,eHppVh5,LM8l689qOp,Qcbd,RAYp,F2FyR07IdsN7I
0,1491,7,2472,216,270,112,166.56,0,0,0,1.436018,9,78,231,70672,0,5013.12,0,12,72,88,21677.16,755,0,2232,0,56975,47828,1435,0,9,40481,237140,46,90852,0,0,Tfit0G8EIb,RO12,taul,1K8T,YmZp,1QD5ha2,itSGh3t,CoNJ,9_Y1,e7QV,VpdQ,hAFG,me75fM6ugJ,kIsH,uKAI,L84s,XfqtO3UdzaXh_,XTbPUYD,o5hv,UYBR,FzaX,eNC8jNM,oslk,L3az_Kt,LM8l689qOp,fKCe,RAYp,F2FyR07IdsN7I
0,4669,21,856,872,1090,552,133.12,0,0,0,3.721641,45,172,161,791960,0,5400.45,10,26,272,376,20335.28,3155,0,1989,0,623580,277666,265,0,27,177359,1734464,174,416766,0,0,Yn7t0Go8Lb,g62hiBSaKg,taul,1K8T,TyGl,fhk21Ss,76j2P_OLn0,Taoo,9_Y1,Z5OU,VpdQ,hAFG,7M47J5GA0pTYIFxg5uy,kIsH,uKAI,L84s,DmYOBF5GfjJxb,OFqAhVm,PrZW,UYBR,FzaX,4UxGlow,Al6ZaUT,catzS2D,LM8l689qOp,Qu4f,ZI9m,ib5G6X1eUxUn6
0,826,14,3716,156,195,48,200,0,523896,0,0.06622516,27,66,721,4027200,0,214294.5,15,6,48,48,60994.4,555,18,42300,0,7513200,320230,25645,0,0,1132495,9787400,36,973206,0,0,4bwt0GoOh3,RO12,taul,1K8T,xgSF,9GJGgoz,UnPEkD6Pex,pYqR,9_Y1,Z5OU,sJzTlal,IYzP,Kxdu,kIsH,uKAI,L84s,FMSzZ91zL2,y5FemRG,h1cx,cJvF,FzaX,Tvpip6Z,zCkv,hHJsvbM,M_8D,Qu4f,6fzt,SbOd7O8ky1wGNxp0Arj0Xs
0,833,7,192,20,25,8,186.64,0,12895620,0,6.36552,9,82,0,0,0,168125.7,0,0,0,0,3487,265,24,32049,0,0,1139260,1535,0,18,0,10875600,0,0,0,0,DHevyx7IEC,RO12,taul,1K8T,7wJ6,kJ1ERUT,bGUqwlz,AjnJ,9_Y1,xSqs,VpdQ,wMei,7M47J5GA0pTYIFxg5uy,kIsH,uKAI,L84s,leSl,CWNHJ27,RRw0,cJvF,FzaX,MMTJrCp,QKW8DRm,Rkj9jvX,LM8l689qOp,szEZ,vJ_w8kB,WfJ2BB2SFSqauljlfOB
0,133,0,0,176,220,48,166.56,5,2620038,0,6.721,9,14,0,1831728,0,101525.7,10,2,40,72,143978.4,355,36,0,8,3178550,826694,0,0,0,369810,7895600,40,518400,0,0,GcUt0G8rTN,RO12,taul,1K8T,wOc1,FJLIodc,nQUveAzAF7,NkUW,9_Y1,k13i,VpdQ,IYzP,me75fM6ugJ,kIsH,uKAI,L84s,NhsEn4L,kZJtVhC,bkQS,UYBR,FzaX,aTWV5Pv,oslk,QIeR1gC,LM8l689qOp,fKCe,RAYp,F2FyR07IdsN7I
0,861,7,732,168,210,96,247.92,5,2563500,9,2.455245,9,96,49,1654416,0,79828.8,15,6,48,16,155668.8,650,72,46548,24,5365100,91836,105,6,18,17507,9242880,20,525792,0,0,1fZWq6e2Rv,RO12,taul,1K8T,0Xwj,koz7asP,yLQ6Y9f2ln,gdOS,HLqf,_xpN,09_Q,sYC_,me75fM6ugJ,sBgB,uKAI,Mtgm,NhsEn4L,kq0aHkC,sICH,UYBR,FzaX,3jaYE38,oslk,9tNR6zD,LM8l689qOp,FSa2,RAYp,F2FyR07IdsN7I
0,12096,7,416,12,15,8,133.12,0,25008,0,3.336894,9,100,119,391776,0,1196.814,0,0,8,8,-277344.4,10245,6,152901,0,0,1106,405,0,9,342804,214772,0,0,0,0,LDPrjIswVc,AERks4l,taul,1K8T,487l,PHNvXy8,76j2P_OLn0,HpM0,9_Y1,7WNq,VpdQ,sYC_,NKv3VA1BpP,kIsH,g5HH,L84s,Ie_5MZs,_JdDVUG,eMwQ,cJvF,FzaX,UF16siJ,zCkv,APgdzOv,jySVZNlOJy,WqMG,6fzt,xwM2aC7IdeMC0
0,994,7,2176,140,175,56,253.52,0,3120432,0,3.293954,9,162,350,883744,0,37982.7,10,4,88,72,-368280.8,620,42,16020,0,1108215,203756,355,0,27,298025,5741320,16,813786,0,0,doHWq69cTy,2Knk1KF,taul,1K8T,ssAy,6KF0k8W,3GJjsw4DrPEVQ,JGVU,9_Y1,Px52,VpdQ,hAFG,me75fM6ugJ,kIsH,uKAI,Mtgm,XfqtO3UdzaXh_,XTbPUYD,OAOz,UYBR,FzaX,ot6oLzk,oslk,IIvC99a,jySVZNlOJy,PM2D,RAYp,TCU50_Yjmm6GIBZ0lL_
0,1155,21,2772,272,340,160,133.12,0,17880,0,1.90173,27,82,56,595064,0,17062.65,0,30,136,88,147424,595,18,6444,0,1105635,298454,840,0,0,133336,2137284,38,519624,0,0,xOXr4RXktW,RO12,taul,1K8T,lK27,dpLviRg,q2tfFQq,vJTg,9_Y1,5euo,VpdQ,sYC_,me75fM6ugJ,kIsH,uKAI,L84s,NhsEn4L,7WweNKW,5ZIP,cJvF,FzaX,1ZRoYtn,oslk,0qNMkpY,LM8l689qOp,7FJQ,RAYp,F2FyR07IdsN7I
0,1022,14,4388,276,345,176,176.56,0,3748176,0,1.890195,18,110,336,2596448,0,76506.3,20,6,56,88,328881.6,950,102,118521,0,2656395,846936,6310,0,18,407610,8703080,24,173808,0,0,Yn7t0Go8Lb,2Knk1KF,taul,1K8T,ffXs,_A3J26Z,Cy0RhGn,tH4F,9_Y1,rGJy,VpdQ,Tkho,me75fM6ugJ,kIsH,uKAI,L84s,NhsEn4L,cUQBu6y,s1Gb,UYBR,FzaX,7GEv4zN,oslk,UQs7kpB,jySVZNlOJy,Qu4f,RAYp,55YFVY9
0,623,7,640,136,170,64,220.08,5,950868,0,5.33433,9,30,70,2764800,0,201388.5,5,8,32,32,126078.8,490,12,4428,8,5988050,1080012,560,0,0,0,10455480,30,2073600,0,0,qFpmfo8zhV,RO12,taul,1K8T,TyGl,LTIJsEU,LH0BJkjM1L,bzZ4,9_Y1,Z5OU,sJzTlal,IYzP,me75fM6ugJ,kIsH,uKAI,Mtgm,NhsEn4L,kZJtVhC,pdB5,cJvF,FzaX,PtLvdH_,oslk,wif79_c,LM8l689qOp,Qu4f,RAYp,F2FyR07IdsN7I
0,959,7,1044,236,295,168,289.36,0,955266,0,0.5404828,9,112,0,2645600,0,172977,10,4,32,32,121788.8,695,72,3699,0,7092200,699632,90,0,45,0,10415080,36,1036800,0,0,KXMrEyXXnK,eSGpMwS8zSGgq_trOpckZ5,taul,1K8T,487l,nF7MGuV,_UtlxbJ,BGzj,9_Y1,SkZj,VpdQ,6JmL,GjJ35utlTa_GNSvxxpb9ju,kIsH,uKAI,L84s,UbxQ8lZ,ORMRote,Xup6,UYBR,FzaX,ncu59SM,Al6ZaUT,_2ahA4Q,LM8l689qOp,Aoh3,02N6s8f,R4y5gQQWY8OodqDV
0,14,0,0,64,80,48,589.36,10,2177928,0,6.048921,9,12,0,436824,0,127005.6,5,0,8,8,-544672,80,36,0,16,864000,1144,0,0,0,0,2709452,4,0,0,0,dRagUHXM47,RO12,taul,1K8T,487l,jMFpLPy,inQdJuZ1M9,qyCs,9_Y1,LqKm,sJzTlal,IYzP,me75fM6ugJ,sBgB,uKAI,Mtgm,NhsEn4L,mAj3FSW,4_kv,UYBR,FzaX,WPf6V3V,oslk,tomqI2t,LM8l689qOp,453m,RAYp,F2FyR07IdsN7I
0,119,0,0,136,170,64,220.08,0,261918,0,5.046358,9,18,0,16072,0,24181.08,10,4,40,16,-495600,320,12,0,0,179740,44832,0,0,9,16604,577324,36,14232,0,0,DQlgUH7IEC,RO12,taul,1K8T,lK27,FSVlshu,jt3xMpI_cxIIW,tP9w,9_Y1,DmlN,09_Q,zm5i,me75fM6ugJ,kIsH,uKAI,Mtgm,NhsEn4L,kZJtVhC,FCEtzCL,cJvF,FzaX,R4hR2zc,oslk,nmcU_sP,LM8l689qOp,w_Ub,RAYp,F2FyR07IdsN7I
0,609,14,880,20,25,24,186.64,0,3628800,0,6.170476,18,84,217,2660408,0,292743.6,0,0,8,8,296881.6,190,6,58545,0,0,3308680,170,0,9,0,10366760,0,0,0,0,lAFr4RQZiT,RO12,taul,1K8T,JLbT,vHHY4q6,WtEghthlaX,RTc9,9_Y1,z5Ry,09_Q,IYzP,me75fM6ugJ,kIsH,uKAI,L84s,NhsEn4L,mAjbk_S,BXUS,UYBR,AU8pNoi,R4hm94s,oslk,oSyMpgG,LM8l689qOp,FSa2,RAYp,F2FyR07IdsN7I
0,1778,14,208,328,410,176,172.32,0,13140,0,5.474044,18,42,7,312920,0,7903.56,5,22,64,80,-212737.2,1130,12,26577,0,395750,101390,1015,0,9,115682,829476,72,212538,0,0,zC_Wq6e2Rv,AERks4l,taul,1K8T,lK27,brRkueW,y2LuFUfSEo,nNGw,9_Y1,_xpN,VpdQ,IYzP,GjJ35utlTa_GNSvxxpb9ju,kIsH,uKAI,L84s,JBfYVit4g8,uZLz8Sc,uTDD,UYBR,FzaX,yBu55GS,Al6ZaUT,8537sLF,LM8l689qOp,FSa2,02N6s8f,xwM2aC7IdeMC0
0,1078,0,0,652,815,312,200,0,4019340,0,5.654134,9,18,0,1276248,0,27735.96,45,32,152,168,112355.6,2595,210,0,0,2297060,608020,0,0,0,350854,6858920,86,542880,0,0,LDPq9ayfAo,RO12,taul,1K8T,z32l,UsSOoyT,NFlfMbKIm3,f9lm,9_Y1,vm5R,09_Q,IYzP,me75fM6ugJ,kIsH,uKAI,L84s,NhsEn4L,mAja5EA,1kGM,cJvF,FzaX,_Pu6s0w,oslk,Ha_79_c,LM8l689qOp,7P5s,RAYp,F2FyR07IdsN7I
0,2758,7,300,356,445,168,166.56,0,5040,0,2.863491,9,72,7,307240,0,12022.98,10,22,88,112,213981.2,1170,6,89208,0,1632720,401856,2310,0,0,260022,2586544,80,474294,0,0,Yddq9ayE15,RO12,taul,1K8T,c9jp,B5n4Lhq,AnFl2Mwxzd,8zfR,9_Y1,NFMt,VpdQ,IYzP,me75fM6ugJ,kIsH,uKAI,L84s,NhsEn4L,TDceha3,iwSG,cJvF,FzaX,_vdOjel,oslk,ghXQowC,LM8l689qOp,TNEC,RAYp,F2FyR07IdsN7I
0,42,0,0,80,100,16,347.28,0,3326466,0,0.6977141,18,14,0,102584,6,181023.9,20,2,16,8,-477980,100,42,0,16,781830,316804,0,0,0,0,4827320,10,76764,0,0,NESWq69R_D,RO12,taul,1K8T,PJLW,DW3heVi,t187Re3NhK,ZNIX,9_Y1,YULl,VpdQ,IYzP,me75fM6ugJ,kIsH,uKAI,Mtgm,NhsEn4L,mAj3FSW,qQof,UYBR,FzaX,THMQrGj,oslk,cObaF5M,LM8l689qOp,FSa2,RAYp,F2FyR07IdsN7I
0,343,0,0,64,80,0,220.08,0,6240480,0,6.078188,36,22,0,0,0,231161.7,0,2,8,0,208408,395,66,0,0,9588000,0,0,0,9,0,12460560,8,944778,0,0,LDPvyx7IEC,RO12,taul,1K8T,7M9D,G2zwXf5,Z8ZAV8jDl3,giKM,9_Y1,f4dr,VpdQ,zm5i,me75fM6ugJ,kIsH,uKAI,L84s,NhsEn4L,mAjAVZm,m4WS,cJvF,FzaX,KhWfR8o,oslk,0MpQv5o,LM8l689qOp,szEZ,RAYp,F2FyR07IdsN7I
0,2870,7,0,456,570,240,166.56,0,338568,0,4.801538,27,60,0,881408,0,21362.13,0,22,104,208,-117934.4,1825,66,144,0,1257610,347804,115,0,0,138320,2663220,72,442662,0,0,py5gUH7ejg,RO12,taul,1K8T,lK27,9GJGgoz,_jTP8ioIlJ,gUi9,9_Y1,m_h1,VpdQ,giwq,Kxdu,kIsH,uKAI,L84s,FMSzZ91zL2,TDcEYQ6,LH0H,cJvF,qxDb,Tvpip6Z,zCkv,hHJsvbM,jySVZNlOJy,WqMG,6fzt,SbOd7O8ky1wGNxp0Arj0Xs
0,1029,7,96,140,175,40,233.44,0,3506556,0,2.511002,9,34,0,853696,0,31047.6,20,6,32,48,-239825.2,780,72,1665,0,816995,110298,690,0,18,117572,4442080,10,200298,0,0,NESWq69R_D,RO12,taul,1K8T,487l,NUXZNDF,wazLfxy0FK,93co,9_Y1,RVjC,sJzTlal,sYC_,me75fM6ugJ,kIsH,uKAI,L84s,NhsEn4L,7WwVPXv,Ioib,UYBR,FzaX,ALC3PT5,oslk,LsdxH6H,jySVZNlOJy,FSa2,RAYp,F2FyR07IdsN7I
0,14,0,0,28,35,16,120.4,5,299670,9,0.08267464,9,16,0,416432,6,163644,0,0,8,16,-1308928,35,6,0,32,986315,165148,0,0,0,187551,1527344,4,0,0,0,0vimfo8zhV,RO12,taul,1K8T,487l,INosKl9,BdLh6VE,3taI,9_Y1,wGwL,VpdQ,IYzP,me75fM6ugJ,kIsH,uKAI,L84s,NhsEn4L,cUQRbBF,VA4Q,UYBR,FzaX,7XC6hzI,oslk,wH3Rt2K,LM8l689qOp,wX53,RAYp,F2FyR07IdsN7I
0,476,7,20,92,115,96,104.4,0,0,0,5.922239,9,82,14,54440,0,2586.684,0,4,16,32,14197.84,285,0,37296,0,30425,25214,15,0,0,0,112004,10,15024,0,0,dRaq9ayE15,RO12,taul,1K8T,LZs_,cgTpAK4,KhDb8PW,mZTw,9_Y1,000J,VpdQ,sYC_,DHn_WUyBhW_whjA88g9bvA64_,kIsH,uKAI,L84s,CrNX,kZJigPo,SD9H,UYBR,FzaX,w7R76IW,d0EEeJi,gKhc_aX,LM8l689qOp,7P5s,nIGXDli,F2FyR07IdsN7I
0,791,7,5924,132,165,0,200,0,9258,0,6.917325,18,230,2023,2612976,0,86028.3,0,0,40,80,-75747.2,670,6,2889,0,3576910,0,2905,0,45,417263,4174200,44,0,0,0,2jiWq69cTy,BrRu5UxtiQY9TTJ8ABKpfS,CiJDdr4TQ0rGERIS,1K8T,TyGl,fhk21Ss,upawXip,0Twt,9_Y1,Px52,VpdQ,haYg,7M47J5GA0pTYIFxg5uy,kIsH,uKAI,L84s,_5OXC8MSLt,y5Fmao5,kae4,cJvF,FzaX,4UxGlow,oslk,catzS2D,LM8l689qOp,PM2D,ZI9m,VjDE
0,2723,7,232,172,215,56,220.08,0,5154006,0,6.290963,18,58,140,1239880,0,53809.5,25,6,32,24,115811.2,590,72,4383,0,4483435,194756,4025,0,0,351239,10563560,26,1555200,0,0,1qmr4RQxul,RO12,taul,1K8T,PGNs,_ybO0dd,etMEJ1GgV0Sj0,eJPt,9_Y1,z5Ry,09_Q,IYzP,me75fM6ugJ,kIsH,uKAI,L84s,NhsEn4L,kZJtVhC,lSf_,UYBR,FzaX,L91KIiz,oslk,CE7uk3u,LM8l689qOp,FSa2,RAYp,F2FyR07IdsN7I
0,714,7,3128,112,140,0,220.48,0,3275376,0,0.6052126,9,102,42,4146920,0,172721.4,10,0,32,48,-302150.4,405,48,101610,0,4846790,0,2565,0,9,0,8825640,24,0,0,0,lAFgUHEmnE,2Knk1KF,taul,1K8T,L_LK,ON5Ou9e,Fat4oP5,ycAW,9_Y1,em8I,VpdQ,69fI,DHn_WUyBhW_whjA88g9bvA64_,kIsH,g5HH,L84s,I6KzrtUCei,kZJ7osE,Ijs4,cJvF,FzaX,p40KIAf,zCkv,C6OGkwT,LM8l689qOp,me1d,02N6s8f,Zy3gnGM
0,875,7,132,120,150,24,166.56,0,4665600,0,0.7910703,9,164,21,2750640,0,148051.8,15,2,24,32,776896,460,54,28728,0,3465330,95854,845,0,9,1209607,8670360,20,275772,0,0,dTGmfo8zhV,2Knk1KF,taul,1K8T,487l,INosKl9,S85aqNtGtg,ISVR,9_Y1,wGwL,VpdQ,hAFG,me75fM6ugJ,kIsH,uKAI,Mtgm,XfqtO3UdzaXh_,_JdcICD,EwSG,UYBR,FzaX,7XC6hzI,oslk,wH3Rt2K,LM8l689qOp,wX53,RAYp,TCU50_Yjmm6GIBZ0lL_
0,2079,7,196,396,495,200,166.56,0,2964210,0,1.676138,9,54,0,1777896,0,49358.4,25,12,88,104,-143439.6,1400,132,19269,0,508125,373998,1655,0,0,342559,5180880,56,521388,0,0,dRavyx7ejg,RO12,taul,1K8T,487l,tGK44U8,mzDZadGIEhIBI,vTpZ,9_Y1,qaiO,09_Q,IYzP,me75fM6ugJ,kIsH,uKAI,L84s,NhsEn4L,mAjbk_S,LjrG,cJvF,FzaX,_Pu9sBz,oslk,5il6P29,LM8l689qOp,szEZ,RAYp,F2FyR07IdsN7I
0,791,7,1784,128,160,8,253.52,0,7150560,0,4.016663,9,42,476,1382400,0,222372.3,35,0,32,16,123878.8,500,84,11313,0,3339885,2066,19490,0,27,0,10553480,16,0,0,0,DHerjIKQ76,RO12,taul,1K8T,lK27,vzPc2Tv,GJg0GlB3WS,gBL1,9_Y1,7WNq,VpdQ,IYzP,me75fM6ugJ,kIsH,uKAI,Mtgm,NhsEn4L,mAjbk_S,31LB,UYBR,FzaX,tzpRCiV,oslk,Cue6Ztl,jySVZNlOJy,WqMG,RAYp,F2FyR07IdsN7I
0,875,7,332,176,220,72,331.76,5,2594814,0,0.8547319,9,30,105,3126576,0,136861.2,5,6,40,40,134275.2,685,36,5040,8,6980400,92578,1755,0,0,8106,9186320,40,7296,0,0,75lTmBtFkL,AERks4l,taul,1K8T,TIPl,ON5Ou9e,pCsFbvQJcF,sPWS,9_Y1,47ra,VpdQ,IYzP,DHn_WUyBhW_whjA88g9bvA64_,kIsH,uKAI,L84s,JBfYVit4g8,TDctq2l,dpGf,UYBR,FzaX,p40KIAf,Al6ZaUT,C6OGkwT,LM8l689qOp,rgKb,02N6s8f,xwM2aC7IdeMC0
0,2177,7,4,204,255,144,210,0,8346,0,3.323221,9,76,0,209128,0,12404.28,0,8,16,88,-144941.2,1315,12,27,0,158325,150198,1225,0,0,8743,688588,32,227106,0,0,Qu0r4RKzJV,RO12,taul,1K8T,PGNs,_fIAa0F,_UtlxbJ,ELnT,9_Y1,DtNL,VpdQ,IYzP,me75fM6ugJ,kIsH,uKAI,L84s,NhsEn4L,mAjbk_S,XoMh,UYBR,FzaX,XsgCME0,oslk,eIiXg6w,LM8l689qOp,FSa2,RAYp,F2FyR07IdsN7I
0,665,7,640,152,190,24,294.24,0,8220900,0,3.49028,9,110,343,2429992,0,188890.5,25,0,32,32,67008.8,535,108,56916,0,2231330,187318,9105,0,18,0,10583280,16,0,0,0,a4vPe2fHUn,2Knk1KF,taul,1K8T,TyGl,pqekHY6,k10MzgT,T5aZ,9_Y1,mTeA,VpdQ,hAFG,GjJ35utlTa_GNSvxxpb9ju,kIsH,uKAI,L84s,JBfYVit4g8,beK28Fb,YS4i,UYBR,FzaX,KjRSs9j,Al6ZaUT,RlRA80D,LM8l689qOp,FSa2,02N6s8f,Zy3gnGM
0,133,0,0,204,255,112,0,0,9672,0,2.304209,9,14,0,511792,0,14358.09,5,12,40,56,-8015.44,360,6,0,0,492435,86852,0,0,0,110334,880392,44,66138,0,0,LDPq9ayfAo,RO12,taul,1K8T,QQSE,ORzyZ8I,vISMz51,QEAF,9_Y1,000J,sJzTlal,IYzP,me75fM6ugJ,kIsH,uKAI,L84s,NhsEn4L,7WwwAA_,KlJG,cJvF,FzaX,KPaRa8C,oslk,l_freV4,LM8l689qOp,7P5s,RAYp,F2FyR07IdsN7I
0,210,0,0,40,50,32,220.08,0,96978,0,4.82931,9,16,0,0,0,140134.8,10,0,8,0,0,395,6,0,0,672580,387122,0,0,0,0,5609080,6,0,0,0,hSogUHXZeb,RO12,taul,1K8T,TIPl,LHrpdAf,n1zVHpT8NN,GbwL,9_Y1,LqKm,09_Q,IYzP,me75fM6ugJ,kIsH,uKAI,L84s,NhsEn4L,mAjAVZm,D74d,cJvF,FzaX,rSNVGQ9,oslk,O8szlpr,LM8l689qOp,453m,RAYp,F2FyR07IdsN7I
0,2562,14,17536,152,190,0,203.36,0,736974,0,6.045076,18,170,126,1569800,0,35813.4,20,12,112,104,-273998,625,18,2835,0,510925,0,3015,0,36,517538,3265092,24,1058250,0,0,zcROj1KVEH,LrdZy8QqgUfkVShG,taul,1K8T,0Y9G,fhk21Ss,EXpWEXgaYpMJ7,TYU6,9_Y1,ID5l,VpdQ,CoYW,7M47J5GA0pTYIFxg5uy,kIsH,uKAI,L84s,oOT00mkwDoEFW,_Jd08sM,sv6F,cJvF,FzaX,4UxGlow,zCkv,catzS2D,jySVZNlOJy,kwS7,ZI9m,ib5G6X1eUxUn6
0,343,0,0,136,170,144,226.72,0,0,0,6.525315,9,20,0,396856,0,13500.81,0,14,72,48,-37164.56,575,0,0,0,8620,236560,0,0,9,147784,871416,6,289458,0,0,vAsTmBfHUn,RO12,taul,1K8T,ssAy,ho_heVi,5q1hF23,Dyax,9_Y1,Z5OU,09_Q,zm5i,me75fM6ugJ,kIsH,uKAI,L84s,NhsEn4L,kZJtVhC,Fv9P,cJvF,FzaX,ImpAWQ7,oslk,lcWqFbB,LM8l689qOp,Qu4f,RAYp,F2FyR07IdsN7I
0,777,0,8,124,155,88,308.88,0,840072,0,0.1625721,9,128,0,1940888,0,124827.9,5,8,32,32,1200904,485,12,0,0,3511485,1492278,0,0,27,558544,8834200,18,1746546,0,0,vAsTmBfHUn,2Knk1KF,taul,1K8T,487l,gNIgCYR,d6zx_0v,w8Au,9_Y1,4N0K,VpdQ,haYg,me75fM6ugJ,kIsH,uKAI,L84s,XfqtO3UdzaXh_,XTbPUYD,Y8jk,cJvF,FzaX,aD1vOIl,oslk,NnYzgmc,LM8l689qOp,Qu4f,RAYp,55YFVY9
0,1330,0,60,364,455,440,166.56,0,43524,0,1.941038,27,144,70,1279136,0,23186.1,5,4,56,72,16021.28,1375,60,65970,0,1325900,177096,0,0,9,149562,2171596,28,131046,0,0,xOXrjIQq3d,2Knk1KF,taul,1K8T,0Xwj,4JE9Df6,p528EHj,VNjO,F3hy,RVjC,VpdQ,sYC_,me75fM6ugJ,kIsH,uKAI,L84s,NhsEn4L,beK4AFX,p8c0,UYBR,FzaX,Nh_v4zN,oslk,MKETE6Y,jySVZNlOJy,FSa2,RAYp,55YFVY9
0,112,0,0,108,135,64,186.64,5,3678678,0,2.9859,9,18,0,3661664,0,200194.2,5,0,0,8,1434592,395,84,0,8,1583555,5682,0,0,9,0,5881400,6,0,0,0,DHeq9ayfAo,RO12,taul,1K8T,z32l,8ij6Lg8,LH0BJkjM1L,gt88,9_Y1,kJJ7,sJzTlal,zm5i,me75fM6ugJ,kIsH,uKAI,L84s,NhsEn4L,kZJtVhC,WrQ9,cJvF,FzaX,7OmVzos,oslk,76DJixu,LM8l689qOp,7P5s,RAYp,F2FyR07IdsN7I
0,1638,7,108,172,215,56,220.08,0,2234088,0,3.317026,36,40,196,1626264,0,49209,20,8,56,56,27107.72,565,30,558,0,4465510,752400,385,0,9,757631,9149160,32,1058400,0,0,ZSNq9aX0Db,RO12,taul,1K8T,TLkP,pt5nqNs,NBVUlxabJhR17,NjE0,9_Y1,6TCl,09_Q,zm5i,me75fM6ugJ,kIsH,uKAI,L84s,NhsEn4L,kZJtVhC,zRXu,cJvF,FzaX,1Fqm0jM,oslk,6NrDSFl,LM8l689qOp,uWr3,RAYp,F2FyR07IdsN7I
0,6041,7,0,1104,1380,680,133.12,0,426930,0,6.604572,9,46,0,1603464,0,11900.13,85,78,360,464,-1050000,3190,210,1305,0,547495,588680,350,0,0,429786,3233624,84,635238,0,0,py5rEyXktW,RO12,taul,1K8T,JLbT,KVQd0DS,_UtlxbJ,LAsf,9_Y1,SkZj,VpdQ,IYzP,me75fM6ugJ,kIsH,uKAI,L84s,NhsEn4L,TDcECyH,lW54,cJvF,FzaX,kj7871e,oslk,nTRqEo9,jySVZNlOJy,Aoh3,RAYp,F2FyR07IdsN7I
0,1120,7,300,196,245,56,330.64,0,3060198,0,0.9833369,9,34,0,5032400,0,152026.5,10,6,32,64,153018.8,670,72,819,0,4981190,783330,100,0,9,604800,10826880,34,667176,0,0,g5dmfo875g,RO12,taul,1K8T,ssAy,TeBPGBG,n1zVHpT8NN,DY61,9_Y1,7pVf,09_Q,zm5i,me75fM6ugJ,kIsH,uKAI,L84s,NhsEn4L,kZJyVg2,G8B0,cJvF,FzaX,h72QRAM,oslk,u5AtFxo,LM8l689qOp,wX53,RAYp,F2FyR07IdsN7I
0,511,0,96,64,80,24,133.12,0,0,0,6.944883,9,110,0,26504,0,6268.32,0,0,8,24,34815.84,290,0,10917,0,100105,13194,0,0,18,7182,119724,20,0,0,0,voArjIXt5a,2Knk1KF,taul,1K8T,IvdZ,c7x9WtT,CdPgMY1Z52,mYqm,9_Y1,WIr3,VpdQ,haYg,5iay,kIsH,uKAI,L84s,Ie_5MZs,teAWiNP,c0Iv,cJvF,FzaX,iVsiwtx,zCkv,FRz7PDj,LM8l689qOp,5Acm,6fzt,Zy3gnGM
0,1197,7,2232,44,55,24,186.64,0,3628800,0,6.514633,9,94,147,5969224,0,38286.3,0,2,24,24,273322,340,6,150597,0,2826025,1086356,9640,0,27,4233600,9882640,6,67926,0,0,qFpmfo8zhV,RO12,taul,1K8T,AKN1,H9TaVTy,6UEVDe9,0Zsp,9_Y1,Ew1Q,VpdQ,hAFG,me75fM6ugJ,kIsH,uKAI,L84s,XfqtO3UdzaXh_,11p4mKe,0yPM,cJvF,FzaX,MKZfql_,oslk,3lfAGfT,LM8l689qOp,wX53,RAYp,F2FyR07IdsN7I
0,315,0,0,36,45,8,230.56,0,1020060,0,2.014313,9,18,0,1167456,0,148923.3,0,2,8,8,159953.6,565,12,0,0,6986350,625928,0,0,0,0,10523920,8,3628800,0,0,dTGmfo8zhV,RO12,taul,1K8T,AKN1,25Ax0bI,jt3xMpI_cxIIW,3epP,9_Y1,wGwL,09_Q,IYzP,me75fM6ugJ,kIsH,uKAI,Mtgm,NhsEn4L,7WwuNea,0urO,UYBR,FzaX,8c868SY,oslk,PQROEra,LM8l689qOp,wX53,RAYp,F2FyR07IdsN7I
0,3304,0,0,688,860,216,220.48,0,1122234,0,0.1119419,9,110,0,283192,0,4186.29,120,18,232,176,-1383.716,1410,372,3015,0,330170,145088,0,0,36,120022,1784048,56,288882,0,0,O8Zr4Rdc_a,2Knk1KF,taul,1K8T,lK27,Yq54XxH,7vMKQzx,lFcS,9_Y1,em8I,VpdQ,6JmL,me75fM6ugJ,kIsH,g5HH,L84s,XfqtO3UdzaXh_,XTbPUYD,cMpQ,cJvF,FzaX,AuG9eoy,oslk,Kn26Kfh,jySVZNlOJy,me1d,RAYp,55YFVY9
0,742,7,284,136,170,48,335.84,0,2242224,0,4.245888,9,34,7,3868144,0,199779.9,0,4,32,48,941976,510,36,15039,0,6045000,784610,590,0,9,604800,10525320,28,1036800,0,0,8I1r4RXXnK,RO12,taul,1K8T,ChAX,MNw47cQ,e1XhvTunuD,OelD,9_Y1,5euo,VpdQ,zm5i,me75fM6ugJ,kIsH,uKAI,L84s,NhsEn4L,mAjbk_S,KUvX,cJvF,FzaX,ME5YWu3,oslk,qDl2pc5,LM8l689qOp,7FJQ,RAYp,F2FyR07IdsN7I
0,2219,0,84,724,905,280,200,0,685452,0,3.778466,9,156,98,599088,3,16031.4,90,20,248,128,-330520,2610,378,184329,16,2279620,176658,0,0,18,109151,3055456,78,127110,0,7,v0Nt0Go8Lb,MJdP52puUMWhmExsNdlkGDbNTFln2Eg,taul,1K8T,0Xwj,fqeOwLG,wHfQYg4FYrxwdCQ6,WaJ8,HLqf,rGJy,VpdQ,hAFG,7M47J5GA0pTYIFxg5uy,sBgB,uKAI,L84s,XfqtO3UdzaXh_,XTbIt4R,obWA,UYBR,qxDb,fxJmel6,oslk,WfsWw2A,jySVZNlOJy,Qu4f,ZI9m,iyHGyLCEkQ
0,861,7,120,152,190,16,186.64,0,4586166,0,6.595172,18,106,14,2764800,0,191983.2,30,4,40,32,179443.6,540,66,73305,0,5213500,71518,1595,0,18,1209600,10627840,26,754752,0,0,DHevyx7IEC,RO12,taul,1K8T,JLbT,kJ1ERUT,ZkibjLN5VdYQ7,G2l2,9_Y1,YGOC,VpdQ,haYg,7M47J5GA0pTYIFxg5uy,kIsH,uKAI,L84s,leSl,pMW9Htj,Ngjf,cJvF,FzaX,MMTJrCp,QKW8DRm,Rkj9jvX,LM8l689qOp,szEZ,vJ_w8kB,WfJ2BB2SFSqauljlfOB
0,1302,7,0,152,190,56,277.6,0,48942,0,4.063021,9,42,14,52624,0,14431.05,5,12,56,56,-112317.6,845,6,3690,8,471965,60080,5,0,0,35525,630124,32,70518,0,7,GcUBcmz45j,RO12,taul,1K8T,lK27,fqel91c,NFeIdpptt2Styxh1,G7MT,9_Y1,KubS,VpdQ,IYzP,me75fM6ugJ,kIsH,uKAI,L84s,NhsEn4L,mAja5EA,XaQQ,UYBR,qxDb,UISY_02,oslk,DGsqhZX,LM8l689qOp,Qcbd,RAYp,F2FyR07IdsN7I
0,686,0,0,120,150,8,186.64,0,8789580,0,6.906003,9,32,0,691200,0,220773.9,35,0,24,8,115365.6,505,102,0,0,1728000,13828,0,0,9,0,10034560,8,0,0,0,v0Nt0Go8Lb,RO12,taul,1K8T,lK27,PthZnug,LH0kFz12FM,vPeK,9_Y1,rGJy,sJzTlal,zm5i,me75fM6ugJ,kIsH,uKAI,L84s,NhsEn4L,mAjbk_S,DJaG,UYBR,FzaX,ZLrRJnY,oslk,VS4zGlY,jySVZNlOJy,Qu4f,RAYp,F2FyR07IdsN7I
0,2023,0,0,260,325,64,302.64,0,6280020,0,1.782739,9,22,0,1338440,0,31275.6,45,4,48,48,112327.6,2555,114,0,0,3097050,433194,0,0,9,703605,10558160,42,127500,0,0,gE8Wq6edh4,e6CkoqApVR,taul,1K8T,487l,9GJGgoz,7aPrx0x,OhLp,9_Y1,_xpN,09_Q,zm5i,Kxdu,kIsH,uKAI,Mtgm,FMSzZ91zL2,kq0IHVu,QHqB,UYBR,FzaX,Tvpip6Z,zCkv,hHJsvbM,LM8l689qOp,FSa2,6fzt,F2FcTt7IdMT_v
0,105,0,0,132,165,8,114.24,0,10914960,0,3.770562,9,14,0,76336,0,226674,45,0,40,8,273076,265,132,0,0,0,40520,0,0,0,66794,10506240,0,0,0,0,zC_Wq6e2Rv,RO12,taul,1K8T,TLkP,9oSchDb,glRbITbnHQ,SZIp,9_Y1,_xpN,VpdQ,IYzP,me75fM6ugJ,kIsH,uKAI,L84s,NhsEn4L,7WwwAA_,uSGR,UYBR,FzaX,LWnzNJS,oslk,CqZQCxq,LM8l689qOp,FSa2,RAYp,F2FyR07IdsN7I
0,1239,7,4556,164,205,24,357.2,0,343752,0,6.578936,27,124,224,5498288,0,121858.5,5,0,40,64,302602.4,750,36,9144,0,9050950,175330,1730,0,54,2419340,10584920,46,0,0,0,MtpBcmzkzH,2Knk1KF,taul,1K8T,0WHw,fhk21Ss,byFNzV_,G7MT,9_Y1,KubS,VpdQ,haYg,7M47J5GA0pTYIFxg5uy,kIsH,uKAI,Mtgm,XfqtO3UdzaXh_,XTbPUYD,b3P7,UYBR,FzaX,4UxGlow,oslk,catzS2D,LM8l689qOp,Qcbd,ZI9m,55YFVY9
0,196,0,0,144,180,32,220.08,0,7304640,0,5.293954,9,16,0,1382400,0,164803.2,35,0,32,16,387595.2,515,96,0,0,2528965,400436,0,0,0,0,10804200,14,0,0,0,1KSr4RK2Mx,RO12,taul,1K8T,W5sH,0v27GMk,NfN9Bz6HFx,guIy,9_Y1,DtNL,VpdQ,IYzP,me75fM6ugJ,kIsH,uKAI,L84s,NhsEn4L,7WwwAA_,_A_f,UYBR,FzaX,YBh0nTz,oslk,J_tzF_Q,LM8l689qOp,FSa2,RAYp,F2FyR07IdsN7I
0,406,0,0,132,165,16,186.64,0,4178082,0,2.549028,18,24,0,4147200,0,216609.3,10,0,32,48,110362.8,510,60,0,0,5493650,237224,0,0,9,1814400,10419560,26,0,0,0,52Iq9ayE15,RO12,taul,1K8T,TyGl,GOBu1hQ,Iibp4Nm3uQ,KJlN,9_Y1,QBpP,09_Q,zm5i,me75fM6ugJ,kIsH,uKAI,Mtgm,NhsEn4L,mAja5EA,VCds,cJvF,FzaX,xtR871e,oslk,LiUPLfR,jySVZNlOJy,7P5s,RAYp,F2FyR07IdsN7I
0,875,7,0,136,170,64,253.52,0,6504480,0,0.7289041,9,32,0,0,0,197266.5,35,4,32,0,91915.2,520,78,261,0,367255,1382400,15,0,9,604800,10505360,8,1036800,0,0,BQa9tYsdof,RO12,taul,1K8T,TyGl,31DqtNX,VzOE3sV,jZ7a,9_Y1,YULl,VpdQ,zm5i,me75fM6ugJ,kIsH,uKAI,L84s,NhsEn4L,kZJtVhC,HIkE,cJvF,FzaX,dMzYH7D,oslk,_wyAgOW,LM8l689qOp,FSa2,RAYp,F2FyR07IdsN7I
0,168,0,0,344,430,200,195.28,15,4307088,0,6.653493,9,16,0,2749280,6,99386.09,10,24,80,64,151592.8,550,108,0,48,3131920,185792,0,0,0,17969,8126040,42,1048812,2,0,4bwt0GoOh3,RO12,taul,1K8T,lK27,pro8v8X,L1rz70R,cddR,9_Y1,t_4G,09_Q,IYzP,me75fM6ugJ,sBgB,uKAI,L84s,NhsEn4L,kq0IUgY,wY81,UYBR,FzaX,meWVy8V,oslk,DQ3u3MC,LM8l689qOp,Qu4f,RAYp,F2FyR07IdsN7I
0,1064,7,884,316,395,256,330.16,5,189114,0,3.127964,36,174,91,1217008,0,82423.5,10,14,64,96,130524,1145,42,2943,8,566925,382870,5245,0,18,754537,2227184,38,379290,0,0,lAFr4RQZiT,AERks4l,taul,1K8T,0Xwj,fhk21Ss,BBhiudN5VwCx3,itBV,HLqf,z5Ry,VpdQ,haYg,7M47J5GA0pTYIFxg5uy,sBgB,uKAI,L84s,XfqtO3UdzaXh_,beKPUYD,su4O,UYBR,FzaX,4UxGlow,oslk,catzS2D,LM8l689qOp,FSa2,ZI9m,ib5G6X1eUxUn6
0,2373,7,172,368,460,224,166.56,0,5244,0,4.563555,9,36,154,1219576,0,12260.01,15,14,104,128,-163973.2,1630,12,58932,0,1858370,159796,4110,0,0,590695,2502848,72,107088,0,0,1nlTmBtueT,RO12,taul,1K8T,TyGl,_0Ong1z,hCdK,w0gm,9_Y1,47ra,VpdQ,IYzP,DHn_WUyBhW_whjA88g9bvA64_,kIsH,uKAI,L84s,CrNX,mAjbq_f,Qgpw,cJvF,FzaX,Idz_h5s,d0EEeJi,Uq0Hnpg,LM8l689qOp,rgKb,nIGXDli,F2FyR07IdsN7I
0,658,0,116,128,160,0,186.64,0,10886460,0,3.607563,18,32,0,0,0,156129.9,45,0,32,0,62874.4,565,126,2079,0,147100,0,0,0,18,0,10485720,4,0,0,0,xearjIX0Db,RO12,taul,1K8T,vsvk,NwKnsla,ThrHXVS,DssG,9_Y1,Nbbb,sJzTlal,zm5i,me75fM6ugJ,kIsH,uKAI,L84s,NhsEn4L,7WwwAA_,Ilsw,UYBR,FzaX,ZV0mFX7,oslk,1E9D3Yd,LM8l689qOp,5Acm,RAYp,F2FyR07IdsN7I
0,4802,7,692,200,250,136,226.8,0,5302800,0,4.885708,9,36,0,3622312,3,38853.3,10,0,32,48,152000.4,1325,78,39042,8,4352910,434848,2610,0,9,0,10389600,24,0,0,0,dRavyx7ejg,RO12,taul,1K8T,FgS1,gNIaOJ7,ElQylxy,GarG,9_Y1,RcM7,09_Q,zm5i,me75fM6ugJ,kIsH,uKAI,L84s,NhsEn4L,kZJtVhC,XySZ,cJvF,FzaX,ZLOfc8E,oslk,T63AwsZ,LM8l689qOp,szEZ,RAYp,F2FyR07IdsN7I
0,434,0,0,192,240,56,220.08,0,129792,0,1.137791,27,26,0,1925528,0,135108,10,8,32,80,-840948,605,18,0,0,5082600,556864,0,0,9,916174,6581160,44,430938,0,0,oBXq9ayfAo,RO12,taul,1K8T,lK27,jfP4Shd,lGXpFd_2Rf,_0Mk,9_Y1,NFMt,09_Q,zm5i,me75fM6ugJ,kIsH,uKAI,L84s,NhsEn4L,mAja5EA,SyyW,cJvF,FzaX,yBuQKBt,oslk,XQvKSaP,LM8l689qOp,TNEC,RAYp,F2FyR07IdsN7I
0,581,7,1876,60,75,40,172.24,0,0,0,0.7592394,18,136,21,9144,0,46430.1,0,4,16,8,2759.716,295,0,13680,0,74120,7424,230,0,9,4109,81064,14,3522,0,0,py5gUH7ejg,g62hiBSaKg,taul,1K8T,ekye,fhk21Ss,_YWZ6Ym,jyqZ,9_Y1,bJXB,VpdQ,haYg,7M47J5GA0pTYIFxg5uy,kIsH,uKAI,L84s,cOJGGr4F_wga1,pMWZLMk,yiE0Ssq,cJvF,FzaX,4UxGlow,zCkv,catzS2D,LM8l689qOp,w_Ub,ZI9m,ib5G6X1eUxUn6
0,371,7,64,16,20,0,133.12,0,924,0,0.554796,9,154,0,3904,0,1850.7,0,0,8,8,-52048,70,6,25227,0,2885,0,140,0,9,0,4876,4,0,0,0,Foxt0Go8Lb,AERks4l,taul,1K8T,TyGl,fhk21Ss,xtMzxjAuQ_,bqg3,9_Y1,rGJy,sJzTlal,wMei,7M47J5GA0pTYIFxg5uy,kIsH,uKAI,L84s,FMSzZ91zL2,11pnaL4,O0hw,UYBR,FzaX,4UxGlow,zCkv,catzS2D,LM8l689qOp,Qu4f,ZI9m,ib5G6X1eUxUn6
0,819,14,2088,136,170,0,186.64,0,3527760,0,1.135868,18,132,21,4147200,0,215223.9,15,2,40,48,-147853.2,560,54,95769,0,6164500,0,820,0,36,0,10621400,30,341328,0,0,euOBcmz45j,2Knk1KF,taul,1K8T,tXti,gwYdMIs,767sa0XN9l,o1UB,9_Y1,4nnx,09_Q,kxE9,me75fM6ugJ,kIsH,uKAI,L84s,XfqtO3UdzaXh_,XTbPUYD,VKFJ,cJvF,FzaX,tzpmIK9,oslk,Hcoaiae,M_8D,Qcbd,RAYp,55YFVY9
0,1904,28,4620,240,300,104,220.08,0,2811732,0,5.23841,45,108,28,2995848,0,72650.7,25,8,72,48,-116904.8,775,96,21636,0,4375405,508086,2070,0,9,0,8810120,32,226794,0,0,avkq9ayfAo,2Knk1KF,taul,1K8T,lK27,jCeGyn_,e1XhvTunuD,ZMoo,9_Y1,vm5R,VpdQ,sYC_,me75fM6ugJ,kIsH,uKAI,Mtgm,NhsEn4L,kq0aHkC,3HqK,cJvF,FzaX,tCbv66D,oslk,bcU6icy,jySVZNlOJy,7P5s,RAYp,55YFVY9
0,763,7,1740,72,90,8,133.12,0,13482,0,1.171758,27,142,350,273928,0,11363.58,0,0,0,48,-1858208,360,12,93168,0,268675,2002,2765,0,18,0,364896,18,0,0,0,eOQgUHShse,2Knk1KF,taul,1K8T,0Xwj,H9Tg2A0,J1MZ1kd,85IW,HLqf,RVjC,09_Q,wMei,me75fM6ugJ,sBgB,uKAI,Mtgm,h0lfDKh52u4GP,IoI4mKe,ETNp,UYBR,FzaX,stpv4zN,oslk,YE7zrB7,LM8l689qOp,FSa2,RAYp,55YFVY9
0,1197,7,2904,260,325,224,168.8,0,564,0,0.4343089,27,78,420,417176,0,13355.64,20,20,120,88,57622,835,6,145836,0,207155,142458,25,0,0,36883,900292,22,339258,0,0,Tfit0G8EIb,RO12,taul,1K8T,EPHy,lBW_RsF,lGXpFd_2Rf,7ioK,9_Y1,e7QV,09_Q,IYzP,DHn_WUyBhW_whjA88g9bvA64_,kIsH,uKAI,L84s,CrNX,mAjbq_f,56MK,UYBR,FzaX,aoBkEFd,d0EEeJi,6iNNrxB,LM8l689qOp,fKCe,nIGXDli,F2FyR07IdsN7I
0,854,7,36,128,160,8,220.08,0,10832880,0,5.008972,18,82,0,0,0,180290.7,45,0,32,0,132752.8,470,126,3762,0,36025,90732,10,0,18,0,10542600,2,0,0,0,TfiBcmzkzH,RO12,taul,1K8T,TyGl,q9gX7zl,ELRUn57,eAj4,9_Y1,rzbc,VpdQ,hAFG,me75fM6ugJ,kIsH,uKAI,L84s,XfqtO3UdzaXh_,11p4mKe,e56I,UYBR,FzaX,lHHlefp,oslk,KukWIxH,jySVZNlOJy,Qcbd,RAYp,F2FyR07IdsN7I
0,49,0,0,264,330,184,198.8,5,2611614,0,5.093783,9,14,0,2764800,6,88025.7,15,0,24,32,-162594,330,36,0,40,4140475,136808,0,0,0,0,7746280,60,0,2,7,1JGr4RKzJV,RO12,taul,1K8T,JLbT,pNV_5rr,_jTP8ioIlJ,0fcK,9_Y1,DtNL,VpdQ,IYzP,me75fM6ugJ,kIsH,uKAI,Mtgm,NhsEn4L,kq0ncmx,P8do,UYBR,FzaX,tS138SL,oslk,N98hcb8,LM8l689qOp,FSa2,RAYp,F2FyR07IdsN7I
0,2618,35,5392,220,275,48,1.2,5,5390484,9,5.640461,45,106,434,2563000,0,99424.8,30,8,88,88,127577.2,780,66,5364,16,4459835,210694,3725,0,27,213311,10687280,34,528072,0,0,oyGrjIXt5a,2Knk1KF,taul,1K8T,IGdn,600Z3c3,yiXKNUCbD1,I7yc,9_Y1,xQ2A,VpdQ,Tkho,me75fM6ugJ,kIsH,uKAI,Mtgm,NhsEn4L,kq0aHkC,G40E,cJvF,FzaX,PqG1UQz,oslk,ICpK0JH,LM8l689qOp,5Acm,RAYp,55YFVY9
0,798,7,2428,124,155,152,220.08,0,518400,0,5.732963,9,154,21,0,0,70948.5,5,16,32,0,651840,510,6,48420,0,763775,3283200,1180,0,27,0,10501760,4,4147200,0,0,2jiWq69cTy,2Knk1KF,taul,1K8T,ssAy,6KF0k8W,d6zx_0v,VtS_,9_Y1,Px52,VpdQ,G_zk,me75fM6ugJ,kIsH,uKAI,L84s,XfqtO3UdzaXh_,XTbPUYD,H97q,cJvF,FzaX,ot6oLzk,oslk,IIvC99a,LM8l689qOp,PM2D,RAYp,TCU50_Yjmm6GIBZ0lL_
0,889,7,108,156,195,16,220.08,0,2012148,0,1.587695,9,80,0,5529600,0,190497.9,5,2,32,64,-92978,615,42,3078,0,7590250,66838,315,0,0,604800,10679200,40,187104,0,0,P1WvyxLp3Z,RO12,taul,1K8T,JLbT,nLJVdmm,ilrY4YM,UC7i,9_Y1,lXxA,09_Q,IYzP,me75fM6ugJ,kIsH,uKAI,L84s,NhsEn4L,mAja5EA,UdjJ,UYBR,FzaX,sy7fR8o,oslk,QPHTy9x,LM8l689qOp,xb3V,RAYp,F2FyR07IdsN7I
0,217,0,0,40,50,16,699.2,0,447888,0,2.325572,18,20,0,3777432,0,264408.9,10,0,16,8,15339.84,315,6,0,0,3239810,739778,0,0,9,3305253,9490240,8,0,0,0,8Knvyx875g,RO12,taul,1K8T,lK27,2iJuMXJ,RbbI9KkGvG,XqdY,9_Y1,MBhA,sJzTlal,zm5i,me75fM6ugJ,kIsH,uKAI,Mtgm,NhsEn4L,NGZxnJM,Xpz5,UYBR,FzaX,IvCCvHT,oslk,FjXjKAP,LM8l689qOp,WqMG,RAYp,F2FyR07IdsN7I
0,854,14,2140,132,165,112,173.2,0,41490,0,3.562914,18,120,35,532648,0,34576.5,0,14,48,40,52958,490,6,5967,0,275820,429090,105,0,9,315168,1497588,12,187152,0,0,1YVgUHXZeb,2Knk1KF,taul,1K8T,h3JW,6oGvcTJ,aC8o2T0NRp95N,TNyI,9_Y1,fTh6,09_Q,sYC_,me75fM6ugJ,kIsH,uKAI,L84s,NhsEn4L,teAyFc5,gj1k,UYBR,FzaX,MiSOw16,oslk,alU2fT4,jySVZNlOJy,453m,RAYp,55YFVY9
0,2996,7,1452,168,210,104,292,0,3691740,0,3.089938,9,110,105,3930488,0,23305.47,20,0,48,56,100794.4,535,48,1458,0,3567790,1426970,1785,0,18,554435,10894960,20,0,0,0,dRavyx7ejg,2Knk1KF,taul,1K8T,PJLW,PHNvXy8,fo8oHA5,tyay,9_Y1,f4dr,VpdQ,hAFG,NKv3VA1BpP,kIsH,uKAI,L84s,Ie_5MZs,OFqdri0,FaHP,UYBR,FzaX,UF16siJ,zCkv,APgdzOv,LM8l689qOp,szEZ,6fzt,Zy3gnGM
0,833,7,68,136,170,120,253.52,0,854160,0,4.829737,9,126,7,1382400,0,154837.5,15,8,40,16,89720.4,520,12,23832,0,2265120,2540560,1535,0,27,604800,10486920,16,2073600,0,0,1KSqrQK2Mx,2Knk1KF,taul,1K8T,AnrR,l4pOT3E,76j2P_OLn0,et02,9_Y1,15m3,VpdQ,CoYW,me75fM6ugJ,kIsH,uKAI,L84s,XfqtO3UdzaXh_,XTbPUYD,w6J0,cJvF,FzaX,p403PT5,oslk,C6O0wok,LM8l689qOp,FSa2,RAYp,55YFVY9
0,1519,7,3452,272,340,136,333.44,0,333744,0,0.4915617,9,92,63,1613696,0,31055.4,10,10,72,80,67127.2,1005,66,56664,0,1678360,384900,10355,0,9,390733,3421920,46,412818,0,0,vNEvyxLp3Z,RO12,taul,1K8T,R4_H,tUuP5QB,3X0xOLn,3qg9,9_Y1,FbIm,09_Q,Tkho,me75fM6ugJ,kIsH,uKAI,L84s,NhsEn4L,kq0aHkC,vQ9G,cJvF,FzaX,cABfGrO,oslk,wniqI2t,LM8l689qOp,xb3V,RAYp,F2FyR07IdsN7I
0,2205,7,1760,212,265,232,166.56,0,0,0,5.999573,9,90,7,360232,0,14765.19,0,8,64,144,29630.28,895,0,6417,0,56900,212912,90,0,9,144298,764240,4,169170,0,0,gE8Wq6edh4,RO12,taul,1K8T,PGNs,ryQlmqV,N4xbMThNdK,M9ZT,9_Y1,_xpN,VpdQ,sYC_,me75fM6ugJ,kIsH,uKAI,L84s,NhsEn4L,beK4AFX,PPjL,UYBR,FzaX,CyvYWu3,oslk,Pm3QZmh,LM8l689qOp,FSa2,RAYp,F2FyR07IdsN7I
0,210,7,40,160,200,176,166.56,0,0,0,4.933775,9,148,0,0,0,16419.36,10,20,72,0,-218893.2,265,0,3780,8,302525,530270,650,0,18,18900,1639944,12,448692,0,7,YddrjIQ5Ph,2Knk1KF,taul,1K8T,RsSg,fVhJr0F,9xAFApr,o5H_,9_Y1,RVjC,sJzTlal,wMei,me75fM6ugJ,kIsH,uKAI,L84s,h0lfDKh52u4GP,IoI4mKe,TQqY,UYBR,FzaX,yMCvEWW,oslk,cwU7qqc,LM8l689qOp,FSa2,RAYp,55YFVY9
0,756,14,1088,128,160,0,288.16,0,11404860,0,3.1536,36,58,434,125496,0,232648.2,45,0,40,8,147732,495,132,85302,0,0,0,5930,0,0,109809,10776400,0,0,0,0,4e7Wq69R_D,RO12,taul,1K8T,ssAy,6KF0k8W,_H1o1j_0IT,4LeU,9_Y1,Px52,09_Q,IYzP,me75fM6ugJ,kIsH,uKAI,L84s,NhsEn4L,kZJtVhC,8zxy,UYBR,Lmli,ot6oLzk,oslk,IIvC99a,M_8D,PM2D,RAYp,F2FyR07IdsN7I
0,1526,28,364,432,540,144,303.04,0,5459664,0,2.179022,36,190,56,783176,12,124640.4,20,10,64,160,69522,1240,126,4176,32,2015780,1187804,180,0,36,602980,10046640,80,1583670,0,0,euOBcmz45j,LrdZy8QqgUfkVShG,taul,1K8T,OTVu,fhk21Ss,17VONbZnAuZ90atz,c641,9_Y1,WGOH,VpdQ,wMei,7M47J5GA0pTYIFxg5uy,kIsH,uKAI,Mtgm,ZtujLmj9uJdIkLfg,kZJwQNO,X0j7,cJvF,FzaX,4UxGlow,QKW8DRm,catzS2D,M_8D,Qcbd,ZI9m,ib5G6X1eUxUn6
0,1064,7,3504,128,160,16,233.44,0,5599788,0,6.218116,9,126,0,3456000,0,160786.8,10,2,24,40,-19368.84,505,66,6840,0,4752000,86138,225,0,18,0,10467080,22,518400,0,0,bZkvyxLkBI,2Knk1KF,taul,1K8T,Xa_z,Pvu4X3H,nu5cwYj,_8Yh,9_Y1,vzJD,VpdQ,6JmL,me75fM6ugJ,kIsH,uKAI,L84s,XfqtO3UdzaXh_,XTbPUYD,A7SZ,cJvF,FzaX,95r8hdx,oslk,Pk67qqc,M_8D,xb3V,RAYp,55YFVY9
0,1323,21,3224,240,300,88,344.72,0,4714074,0,2.675924,36,198,1155,632496,0,128930.7,30,4,40,88,187519.2,705,78,5607,0,4171355,850040,2290,0,27,610610,10561600,34,950454,0,0,Ylct0GoOh3,g62hiBSaKg,taul,1K8T,lK27,fhk21Ss,JBDM5Vh,GgCV,9_Y1,rGJy,VpdQ,oZyB,7M47J5GA0pTYIFxg5uy,kIsH,uKAI,L84s,_5OXC8MSLt,11pMFCG,KvxW,UYBR,qxDb,4UxGlow,oslk,catzS2D,LM8l689qOp,Qu4f,ZI9m,ib5G6X1eUxUn6
0,301,0,0,112,140,136,220.08,0,0,0,6.90408,9,26,0,730824,0,69404.7,0,4,0,48,162592.4,375,0,0,0,514425,258902,0,0,9,0,1648996,6,531360,0,0,2AAWq69R_D,RO12,taul,1K8T,ssAy,GdzFZs5,Gai9lEF2Fr,MnG9,9_Y1,Px52,sJzTlal,zm5i,me75fM6ugJ,kIsH,uKAI,L84s,NhsEn4L,kZJtVhC,UrUL,UYBR,FzaX,Xsg8XLE,oslk,eIi2qo0,LM8l689qOp,PM2D,RAYp,F2FyR07IdsN7I
0,1624,7,0,388,485,152,286.96,0,6077760,0,6.453536,9,48,0,1486968,0,104279.1,40,14,80,64,421776,1025,150,14139,0,3527490,226068,40,0,9,52003,10605000,60,196986,0,0,FoxgUHSK8h,RO12,taul,1K8T,TyGl,3cunsla,S85q7hCLQa,FdKq,9_Y1,mTeA,VpdQ,IYzP,me75fM6ugJ,kIsH,uKAI,Mtgm,NhsEn4L,TDcECyH,FWJL,UYBR,FzaX,kH5mFX7,oslk,BNrD3Yd,LM8l689qOp,FSa2,RAYp,F2FyR07IdsN7I
0,1785,14,1276,132,165,88,233.44,0,316590,0,0.783166,18,54,28,3056120,0,37770.3,10,2,48,64,-682844,650,42,42075,0,643900,246178,505,0,27,354634,2976344,8,93402,0,0,_v2rjIKQ76,RO12,taul,1K8T,pGTb,miuXVr0,76j2P_OLn0,8hgR,9_Y1,7WNq,VpdQ,haYg,me75fM6ugJ,kIsH,uKAI,L84s,XfqtO3UdzaXh_,XTbPUYD,rHSd,cJvF,FzaX,bYAYWu3,oslk,hT0zF_Q,LM8l689qOp,WqMG,RAYp,F2FyR07IdsN7I
0,609,7,24,80,100,40,743.76,0,2729346,0,0.531724,9,54,0,1267264,0,210298.8,20,0,24,16,1847548,380,36,68895,0,1188065,792040,10,0,18,554428,6310160,6,0,0,0,hSogUHXZeb,RO12,taul,1K8T,487l,PFW3ud5,mEoHXVS,1qtb,9_Y1,STGZ,sJzTlal,43pnToF,me75fM6ugJ,kIsH,uKAI,L84s,NhsEn4L,7WwX8Ya,s9FI,UYBR,FzaX,OVz6pd1,oslk,AT9E4Qn,M_8D,453m,RAYp,F2FyR07IdsN7I
0,1589,7,6372,476,595,208,286.32,0,0,0,5.989318,9,172,161,1203016,0,25160.04,5,32,48,144,11521.28,1195,0,31419,0,815790,107928,1525,0,27,561512,1709756,116,291378,0,0,52Iq9ayE15,2Knk1KF,taul,1K8T,TyGl,creaF5r,aEghjcMgI1QYJu7y,h7KG,9_Y1,QBpP,VpdQ,haYg,me75fM6ugJ,kIsH,7A3j,L84s,XfqtO3UdzaXh_,XTbPUYD,Augw,UYBR,FzaX,PhzfR8o,oslk,JEtAgOW,LM8l689qOp,7P5s,RAYp,TCU50_Yjmm6GIBZ0lL_
0,1407,14,920,296,370,112,166.56,0,0,0,1.116855,18,56,210,76008,0,4074.03,0,22,80,48,-8370.72,875,0,13716,0,170485,35214,230,0,0,8358,416232,86,257118,0,0,DHeTmBftjz,RO12,taul,1K8T,OY2L,Nn3wY8e,GHf4lBZm_z,98Q2,9_Y1,4N0K,sJzTlal,IYzP,me75fM6ugJ,kIsH,uKAI,L84s,NhsEn4L,TDceha3,FGrW,cJvF,FzaX,75wv48t,oslk,xKQ2fT4,LM8l689qOp,Qu4f,RAYp,F2FyR07IdsN7I
0,931,7,268,152,190,32,439.12,0,5115720,0,6.019867,9,148,0,2564360,0,203808.3,10,4,32,48,152242,590,66,297,0,3941915,633608,2300,0,9,554414,10380640,26,950424,0,0,_v2vyx7IEC,2Knk1KF,taul,1K8T,lK27,fhk21Ss,itSGh3t,NMZa,9_Y1,xSqs,VpdQ,wMei,7M47J5GA0pTYIFxg5uy,kIsH,uKAI,L84s,E1aAZ0x7vd,CWNBi3w,Z9wM,cJvF,FzaX,4UxGlow,QKW8DRm,catzS2D,LM8l689qOp,szEZ,ZI9m,ib5G6X1eUxUn6
0,4326,14,716,696,870,280,200,0,33378,0,3.643666,18,140,399,1484912,0,10950.87,15,22,128,184,243079.6,3300,6,19989,0,2246865,408838,735,0,18,330015,4180600,202,1133376,0,0,0vimfo8zhV,g62hiBSaKg,taul,1K8T,0Xwj,fhk21Ss,yEFIHeU,K2Ft,HLqf,Ew1Q,VpdQ,wMei,7M47J5GA0pTYIFxg5uy,sBgB,uKAI,L84s,9fipLB8rlL,_JdM60Q,nx5k,cJvF,FzaX,4UxGlow,zCkv,catzS2D,LM8l689qOp,wX53,ZI9m,ib5G6X1eUxUn6
0,700,14,368,144,180,16,220.08,0,1124934,0,3.810724,18,88,147,4847328,0,217288.8,10,0,48,64,68502,530,18,3762,0,8104900,124458,6700,0,18,0,10388000,42,0,0,0,9hRmfo875g,RO12,taul,1K8T,42Cy,85iypzx,qkFN197WBmtoN,JdsB,9_Y1,gnEy,VpdQ,giwq,me75fM6ugJ,kIsH,uKAI,L84s,h0lfDKh52u4GP,IoI4mKe,S21b,UYBR,FzaX,3s4OZ4E,oslk,QpZO8fW,LM8l689qOp,3Cy4,RAYp,F2FyR07IdsN7I
0,938,7,36,144,180,80,224.64,0,1945812,0,6.840632,9,94,0,830240,0,189201.9,15,8,24,16,-494168,585,36,3987,0,2910640,798468,115,0,9,256242,7187400,22,1270272,0,0,vAsvyx7ejg,PomAbFU,taul,1K8T,Rn7z,6CXYbuk,e1XhvTunuD,gzit,9_Y1,RcM7,VpdQ,69fI,Kxdu,kIsH,uKAI,L84s,FMSzZ91zL2,7WwWaIw,91h_,cJvF,FzaX,ROeipLp,zCkv,K2SqEo9,LM8l689qOp,szEZ,6fzt,F2FcTt7IdMT_v
0,987,7,440,152,190,96,189.36,5,4856136,0,5.948088,18,178,49,492400,3,169401.6,15,6,24,8,8994.84,575,66,4077,16,344730,1879316,190,0,36,430850,9591640,16,1555200,0,0,HOvt0Go8Lb,RO12,taul,1K8T,X94c,fhk21Ss,r83_sZi,WY_b,9_Y1,MGOA,VpdQ,hzlB,7M47J5GA0pTYIFxg5uy,sBgB,uKAI,L84s,XfqtO3UdzaXh_,_JdmoJc,MaXK,cJvF,FzaX,4UxGlow,oslk,catzS2D,LM8l689qOp,Qu4f,ZI9m,iyHGyLCEkQ
0,4263,7,7796,264,330,96,300.32,0,3802332,0,2.256783,9,80,210,3083432,0,27615.75,10,4,40,56,216770.4,1540,90,26577,0,4182895,937946,1395,0,18,604800,10591920,56,902844,0,0,DOvgUHXZeb,RO12,taul,1K8T,TyGl,Jn8nx5A,9YuuPSz3BI,YbGL,9_Y1,fTh6,VpdQ,TIA9,me75fM6ugJ,kIsH,uKAI,L84s,XfqtO3UdzaXh_,11p4mKe,yZpJ,cJvF,FzaX,b0vNgdR,oslk,yOuy5oW,LM8l689qOp,453m,RAYp,F2FyR07IdsN7I
0,735,7,72,24,30,8,306.96,10,0,0,2.876095,9,62,7,9676800,0,219388.2,10,0,32,16,-247013.6,355,0,1152,16,527205,356204,125,0,27,0,9094240,2,0,0,0,xOXrjIQq3d,PomAbFU,taul,1K8T,TIPl,AjvDMYO,zJIwUbLPQVlp8,C6B6,9_Y1,RVjC,09_Q,IYzP,me75fM6ugJ,sBgB,uKAI,Mtgm,NhsEn4L,TDceha3,iKMv,UYBR,tdJW_Pm,KhWT_66,oslk,0MplRwa,bCPvVye,FSa2,RAYp,F2FcTt7IdMT_v
0,399,21,892,120,150,16,200,0,0,0,1.007904,27,94,588,723952,0,61019.7,0,0,0,24,231076,530,0,34074,0,2972490,6620,3935,0,0,0,2753208,50,0,0,0,xOXr4RXktW,RO12,taul,1K8T,0YIT,mOMccZc,EXpORqo6naPYG,zs8x,9_Y1,ZKJc,09_Q,IYzP,DHn_WUyBhW_whjA88g9bvA64_,kIsH,uKAI,L84s,CrNX,pMWQVqj,a_LO,UYBR,FzaX,ianM_y_,d0EEeJi,eIkDyMO,LM8l689qOp,7FJQ,nIGXDli,F2FyR07IdsN7I
0,7238,14,672,2044,2555,480,220.08,0,6293820,0,5.185003,27,108,175,1001528,0,10153.41,45,4,72,64,80867.2,9550,2214,3915,0,2827920,183958,135,0,18,319368,10056240,126,115056,0,0,6VLvyx7IEC,2Knk1KF,taul,1K8T,Bxva,T2ennDZ,fXeumA5,Wgq2,9_Y1,qaiO,VpdQ,sYC_,me75fM6ugJ,kIsH,uKAI,L84s,NhsEn4L,beK4AFX,U5hQ,UYBR,FzaX,8EdfrxM,oslk,VNj2_Lp,LM8l689qOp,szEZ,RAYp,55YFVY9
0,868,7,1780,124,155,120,220.08,0,3628800,0,3.289468,9,98,161,0,0,224049.6,10,12,32,0,319400,480,42,83637,0,144780,2592000,6350,0,9,1814400,10483840,2,3110400,0,0,CEat0G8rTN,AERks4l,taul,1K8T,PbOJ,PHNvXy8,r83_sZi,Rvdz,9_Y1,k13i,VpdQ,kxE9,NKv3VA1BpP,kIsH,uKAI,L84s,Ie_5MZs,teAY_NX,C9df,UYBR,FzaX,UF16siJ,zCkv,APgdzOv,jySVZNlOJy,fKCe,6fzt,xwM2aC7IdeMC0
0,20013,7,236,148,185,48,220.08,0,3484608,0,6.114292,9,34,0,1066824,0,8195.25,30,4,32,16,97413.6,15430,60,3006,0,4187760,892460,1250,0,9,554421,10319760,22,640842,0,0,1KSr4RK2Mx,RO12,taul,1K8T,487l,bMTAExd,wmPTCOK,Fe8u,9_Y1,DtNL,VpdQ,IYzP,me75fM6ugJ,kIsH,uKAI,L84s,NhsEn4L,NGZXfGp,VlCh,UYBR,FzaX,07mQFkJ,oslk,8VyjxQb,LM8l689qOp,FSa2,RAYp,F2FyR07IdsN7I
0,1617,14,1600,404,505,240,200,0,2868012,0,3.035462,18,108,35,835752,0,17630.01,10,6,32,112,214841.2,1515,42,9054,0,1310335,371902,3630,0,18,0,4951680,90,521022,0,0,hSovyx7IEC,2Knk1KF,taul,1K8T,0Xwj,PHNvXy8,DKUDUftgA7,Bwjm,HLqf,xSqs,VpdQ,hAFG,NKv3VA1BpP,sBgB,uKAI,L84s,Ie_5MZs,teAjUwW,s55p,UYBR,FzaX,UF16siJ,zCkv,APgdzOv,LM8l689qOp,szEZ,6fzt,Zy3gnGM
0,1155,0,0,216,270,120,296.96,0,3140154,0,4.545182,9,52,0,1123296,0,89223,5,10,56,64,401460,830,42,3411,0,2139140,1126064,0,0,18,446985,7955080,36,1486404,0,0,Y3tqrQKzJV,RO12,taul,1K8T,lK27,0Sn_9E2,NFlfMbKIm3,73bX,9_Y1,15m3,09_Q,Tkho,me75fM6ugJ,kIsH,uKAI,L84s,NhsEn4L,NGZPqH0,iFmg,cJvF,FzaX,rHB3PT5,oslk,Nzzhnk3,jySVZNlOJy,FSa2,RAYp,F2FyR07IdsN7I
0,3409,7,208,36,45,8,20.08,25,3628812,0,4.02179,18,106,14,0,0,47739,0,8,24,0,-173296.8,450,6,3510,48,4888605,750680,660,0,36,0,8491840,6,990564,0,7,C2Dvyx875g,2Knk1KF,taul,1K8T,487l,TO7rLeh,V_KvNzO,XqdY,9_Y1,MBhA,VpdQ,sYC_,5iay,kIsH,uKAI,L84s,dznt9poYpmHt7,jaweCr4,Xpz5,UYBR,FzaX,e8B6QRJ,zCkv,VAZR69P,LM8l689qOp,WqMG,6fzt,Zy3gnGM
0,336,0,0,500,625,296,166.56,0,112176,0,3.505875,9,14,0,991480,0,9387.96,5,12,176,304,-173820.8,720,18,0,0,782205,147600,0,0,0,215670,1759768,80,184176,0,0,oBXTmBtFkL,RO12,taul,1K8T,TyGl,b9lODwF,e1XhvTunuD,RryB,9_Y1,c2JP,VpdQ,IYzP,me75fM6ugJ,kIsH,uKAI,L84s,NhsEn4L,mAja5EA,zCV6,cJvF,FzaX,gboeT2p,oslk,LnLaK89,LM8l689qOp,rgKb,RAYp,F2FyR07IdsN7I
0,266,0,0,400,500,232,347.84,0,5487438,0,1.520615,9,14,0,32960,12,39018,25,20,8,176,-184479.2,545,84,0,40,2023235,78946,0,0,0,0,5498320,40,37782,0,7,64nWq69R_D,RO12,taul,1K8T,FPxv,q6YpzLh,LH0BJkjM1L,8ObD,9_Y1,Px52,sJzTlal,IYzP,me75fM6ugJ,kIsH,uKAI,L84s,XfqtO3UdzaXh_,11p4mKe,Ucfk,UYBR,FzaX,efgVzos,oslk,OvOQls0,LM8l689qOp,PM2D,RAYp,F2FyR07IdsN7I
0,1547,7,3296,204,255,32,288.72,0,5980566,0,6.103183,45,106,735,3469152,0,123305.7,20,2,56,64,175252.8,710,72,16551,0,3430435,385688,2135,0,27,11508,10576360,44,27090,0,0,DQlgUH7IEC,RO12,I9xt3GDRhUK7p,1K8T,vSNn,FJDupBg,eFD8Sol,lHfo,9_Y1,m_h1,VpdQ,6JmL,7M47J5GA0pTYIFxg5uy,kIsH,uKAI,L84s,E1aAZ0x7vd,teAfWtZ,CeK7,UYBR,FzaX,OYHoGfM,QKW8DRm,RlTh9x_,LM8l689qOp,WqMG,vJ_w8kB,WfJYmPMksSqa1pajvfG
0,917,21,928,52,65,0,176.56,0,366690,0,4.660329,27,50,7,74144,0,53797.8,0,4,16,72,-160924.4,335,6,7929,0,5,0,445,0,0,0,287668,2,9198,0,0,2jiWq69cTy,RO12,taul,z3mO,ssAy,creCyD5,qjiZiFp0w6EeQ,YI3u,9_Y1,0A_v,VpdQ,IYzP,me75fM6ugJ,kIsH,uKAI,L84s,NhsEn4L,mAja5EA,UZT0,cJvF,FzaX,Hlo8hdx,oslk,kYwEsaq,LM8l689qOp,PM2D,RAYp,F2FyR07IdsN7I
0,1197,0,0,772,965,504,166.56,0,5856,0,3.776116,9,26,0,593096,0,4659.3,0,28,184,432,176822.8,1535,42,0,0,276040,162152,0,0,9,131901,999332,110,230616,0,0,CEaBcmz45j,RO12,taul,1K8T,uNkU,kozdzR5,d6zx_0v,NVDi,9_Y1,4nnx,VpdQ,haYg,me75fM6ugJ,kIsH,uKAI,L84s,XfqtO3UdzaXh_,XTbPUYD,ncK1,cJvF,FzaX,sd2OZ4E,oslk,spyTQlu,LM8l689qOp,Qcbd,RAYp,F2FyR07IdsN7I
0,847,7,3868,20,25,0,186.64,0,0,0,1.79577,18,64,63,0,0,245597.4,0,6,24,0,-55788,165,0,32067,0,3847025,0,1765,0,9,12700800,10335240,4,10886400,0,0,5_lq9aXt5a,RO12,taul,1K8T,4fje,6Wunr2P,3cO76t0,5e5b,9_Y1,Y9Bl,VpdQ,sYC_,me75fM6ugJ,kIsH,uKAI,L84s,NhsEn4L,cUQ3StG,Fvsz,UYBR,FzaX,KNXzUqc,oslk,AA7CBom,LM8l689qOp,uWr3,RAYp,F2FyR07IdsN7I
0,2926,7,2584,824,1030,328,166.56,0,214554,0,0.03823969,9,52,217,658664,0,10909.44,10,30,128,296,97844,2135,60,75888,0,1506920,343292,9715,0,9,194663,2923832,202,405642,0,0,75lr4RXktW,eSGpMwS8zSGgq_trOpckZ5,taul,1K8T,1TqK,mz_8weI,h3WsUQk,zP4d,9_Y1,Zazx,VpdQ,wMei,GjJ35utlTa_GNSvxxpb9ju,kIsH,uKAI,L84s,UbxQ8lZ,teAAe2o,WEMF,cJvF,wwPEXoilkr,pU9SHS3,Al6ZaUT,WODevng,LM8l689qOp,Xa3G,02N6s8f,R4y5gQQWY8OodqDV
0,1715,7,688,132,165,0,304.32,0,11404800,0,2.533433,9,42,280,0,0,70836.3,45,4,48,0,156768,525,132,11214,0,0,0,725,0,18,42441,10737880,0,36378,0,0,639r4RK2Mx,RO12,taul,1K8T,Y2P0,apKnqNs,_jTP8ioIlJ,gpsI,9_Y1,DtNL,VpdQ,43pnToF,me75fM6ugJ,kIsH,uKAI,L84s,NhsEn4L,mAjbk_S,O5Ed,UYBR,FzaX,7OmQAVC,oslk,76DYAUb,LM8l689qOp,FSa2,RAYp,F2FyR07IdsN7I
0,847,21,8912,132,165,0,256.8,5,0,0,0.647084,45,200,980,4501024,0,189151.5,5,4,40,56,139776,475,0,98316,8,9936000,0,6365,0,63,0,10648920,46,520566,0,0,_v2TmBftjz,2Knk1KF,CiJDdr4TQ0rGERIS,1K8T,ssAy,fhk21Ss,q2tsmJg,dadT,9_Y1,4N0K,VpdQ,oZyB,7M47J5GA0pTYIFxg5uy,kIsH,uKAI,L84s,_5OXC8MSLt,LxWMvcL,QRRH,UYBR,FzaX,4UxGlow,oslk,catzS2D,LM8l689qOp,Qu4f,ZI9m,VjDE
0,840,7,1664,184,230,56,253.52,0,5454060,0,5.018586,9,108,0,1900880,0,217427.7,30,6,40,24,147423.6,580,78,6057,0,2206350,837064,1100,0,9,451738,10668640,28,1110894,0,0,jg69tYsGvO,2Knk1KF,taul,1K8T,lK27,rpAtFlZ,8nstQ62E0C,JmZ4,9_Y1,YULl,VpdQ,sYC_,me75fM6ugJ,kIsH,uKAI,L84s,NhsEn4L,kq0aHkC,yMMr,cJvF,FzaX,Z6VR15G,oslk,5037lZj,LM8l689qOp,FSa2,RAYp,55YFVY9
0,707,7,188,156,195,40,253.52,0,5586144,0,1.926939,9,38,182,3168056,0,34302.6,10,4,32,40,402984,760,84,16074,0,3239870,677450,140,0,0,554407,10522480,22,950412,0,0,dRavyx7ejg,RO12,taul,1K8T,TyGl,WkHngaa,r83_sZi,oe6C,9_Y1,xSqs,VpdQ,IYzP,me75fM6ugJ,kIsH,uKAI,L84s,NhsEn4L,uZL60aU,dgJv,cJvF,FzaX,gg7Y_02,oslk,tzhEVJ2,LM8l689qOp,szEZ,RAYp,F2FyR07IdsN7I
0,987,7,20,160,200,8,286.96,0,7008780,0,4.571459,9,38,21,1368120,3,202010.7,30,6,56,40,141696.4,555,90,4032,8,2754010,93064,50,0,18,58569,10146600,20,712314,0,0,GcUBcmz45j,RO12,taul,1K8T,KqYs,SDw7JO2,75HH_hi,kTCl,9_Y1,KubS,VpdQ,IYzP,me75fM6ugJ,kIsH,uKAI,Mtgm,NhsEn4L,mAja5EA,uonk,UYBR,FzaX,kH5C5vH,oslk,dc9c_aX,LM8l689qOp,Qcbd,RAYp,F2FyR07IdsN7I
0,812,7,56,120,150,0,220.08,0,0,0,3.373852,9,120,7,5529600,0,225189.3,0,0,32,64,275628,495,0,378,0,9485050,0,655,0,9,1209600,10352840,44,0,0,0,NQ5vyxLkBI,2Knk1KF,taul,1K8T,ssAy,UKQvcTJ,XPzgwMv,4SAx,9_Y1,vzJD,VpdQ,Tkho,me75fM6ugJ,kIsH,uKAI,L84s,NhsEn4L,teAyFc5,ZTs4,UYBR,qxDb,75woGGc,oslk,23ZMCCr,LM8l689qOp,xb3V,RAYp,55YFVY9
0,588,7,172,52,65,24,232.32,0,6182580,0,3.577654,9,30,14,4905344,3,241769.1,5,4,24,16,525024,410,30,5688,8,0,725538,565,0,0,58576,11303120,0,4487178,0,0,KXMrEyXXnK,RO12,taul,1K8T,lK27,5EpXqGp,Vxueejji0f,iB5e,9_Y1,SkZj,09_Q,IYzP,me75fM6ugJ,kIsH,uKAI,L84s,NhsEn4L,mAjbk_S,qwfy,UYBR,FzaX,OTgQ8OA,oslk,Vo68gbh,LM8l689qOp,Aoh3,RAYp,F2FyR07IdsN7I
0,1512,7,376,220,275,56,286.96,0,4071204,0,3.82696,9,76,84,2554792,0,101409.6,25,8,48,48,122449.6,950,114,81972,0,4026545,707516,3765,0,27,37422,10112640,28,99468,0,0,Ylct0GoOh3,RO12,taul,1K8T,ssAy,iJzviRg,0FAX5zR2adZT7io4QEVYaP,Taoo,9_Y1,Z5OU,VpdQ,kxE9,7M47J5GA0pTYIFxg5uy,kIsH,uKAI,L84s,4kVnq_T26xq1p,kq0eelG,ewhY,UYBR,FzaX,ch2oGfM,zCkv,P6pu4Vl,LM8l689qOp,Qu4f,ZI9m,R4y5gQQWY8OodqDV
0,441,0,0,180,225,96,220.08,0,588024,0,2.16364,9,28,0,4488528,0,205054.8,10,4,56,72,100068.8,625,18,0,0,6084650,1046444,0,0,9,239428,10383560,34,1036170,0,0,dRarjIK12c,RO12,taul,1K8T,487l,innngaa,N4xbMThNdK,rofJ,9_Y1,7WNq,VpdQ,zm5i,me75fM6ugJ,kIsH,uKAI,L84s,NhsEn4L,kZJtVhC,e8Cw,cJvF,FzaX,1FARoKG,oslk,CnZoIp0,LM8l689qOp,WqMG,RAYp,F2FyR07IdsN7I
0,1176,7,220,480,600,96,220.08,0,7035900,0,4.065157,9,30,35,156184,0,65326.8,25,8,56,48,206637.6,1720,90,27477,0,707535,955590,1445,0,9,0,10178760,156,2039364,0,0,gE8Wq6edh4,RO12,taul,1K8T,PGNs,iMR_WUr,nQUklZyshN,4cFL,9_Y1,_xpN,09_Q,43pnToF,me75fM6ugJ,kIsH,uKAI,L84s,NhsEn4L,kZJtVhC,4vKm,cJvF,FzaX,Oa93REx,oslk,j1EhgR7,LM8l689qOp,FSa2,RAYp,F2FyR07IdsN7I
0,1078,7,64,404,505,176,286.96,0,0,0,5.597308,9,36,63,1528160,3,21197.52,0,14,96,128,176211.2,4960,0,1566,8,3420295,378608,1225,0,9,374724,4587520,112,494976,0,0,Yddq9ayE15,RO12,taul,1K8T,487l,7CnExHa,T5wrwDN,CIJD,9_Y1,AKLO,09_Q,zm5i,me75fM6ugJ,kIsH,uKAI,L84s,NhsEn4L,NGZXfGp,nQWJ,cJvF,FzaX,82JRa8C,oslk,bIKqbV5,LM8l689qOp,TNEC,RAYp,F2FyR07IdsN7I
0,1575,7,732,748,935,456,166.56,0,145500,0,6.899381,9,32,21,399232,0,4490.19,10,20,160,248,73067.6,1730,120,35829,0,648410,187178,235,0,0,126539,1345664,134,204000,0,0,1nlTmBtueT,RO12,taul,1K8T,hAOr,kLfBUCv,FoJylxy,sPWS,9_Y1,47ra,VpdQ,IYzP,me75fM6ugJ,kIsH,uKAI,L84s,NhsEn4L,mAjbk_S,_36R,UYBR,OFWH,dZDAHgk,oslk,IrZED8N,LM8l689qOp,rgKb,RAYp,F2FyR07IdsN7I
0,70,0,0,104,130,48,167.2,0,0,0,0.8634907,9,14,0,68328,3,3165,0,4,32,64,-1846204,160,0,0,8,49185,8346,0,0,0,3493,105408,20,22806,0,0,Ylct0GoOh3,RO12,taul,1K8T,lK27,fIZ2EMp,UnPEkD6Pex,8aCL,9_Y1,rGJy,09_Q,IYzP,7M47J5GA0pTYIFxg5uy,kIsH,uKAI,Mtgm,XfqtO3UdzaXh_,XTbPUYD,8if2,cJvF,FzaX,YZ2TNgw,oslk,x3aOgRj,LM8l689qOp,Qu4f,ZI9m,F2FyR07IdsN7I
0,3731,7,292,596,745,80,206.72,0,3516486,0,0.6109806,18,44,0,2178008,0,68791.2,85,4,80,136,124437.6,1915,264,3168,0,3648740,1203032,95,0,9,371070,10239480,118,735996,0,0,HAoOj1KXzC,RO12,taul,1K8T,sj_R,voXPV0c,J3fgbi2,VeZb,9_Y1,jdbz,VpdQ,zm5i,me75fM6ugJ,kIsH,uKAI,L84s,NhsEn4L,mAjbk_S,AWny,cJvF,FzaX,5Zxfc8E,oslk,7wLqhZX,M_8D,kwS7,RAYp,F2FyR07IdsN7I
0,756,7,820,140,175,128,153.6,0,7626,0,4.697714,9,32,0,188560,12,8784.99,0,2,48,88,-5573.56,605,6,3483,48,153695,69546,30,0,0,38094,362204,12,1188,0,14,Qu0r4RKzJV,RO12,taul,1K8T,TIPl,FSVXtaU,I1sqWRxUAv,8BLx,9_Y1,DtNL,sJzTlal,IYzP,me75fM6ugJ,kIsH,uKAI,L84s,NhsEn4L,mAjbk_S,ai8u,UYBR,FzaX,R4hRoKG,oslk,AEKwFs9,LM8l689qOp,FSa2,RAYp,F2FyR07IdsN7I
0,399,0,0,16,20,8,186.64,0,3628800,0,1.409528,9,28,0,0,0,240057.6,5,0,0,0,-192511.2,215,6,0,0,2521030,1165240,0,0,9,0,8934360,2,0,0,0,FAJWq69cTy,RO12,taul,1K8T,ssAy,GdzFZs5,itSGh3t,eKTQ,9_Y1,Px52,VpdQ,zm5i,me75fM6ugJ,kIsH,uKAI,L84s,NhsEn4L,7WwwAA_,JEC4,UYBR,FzaX,Xsg8XLE,oslk,eIi2qo0,jySVZNlOJy,PM2D,RAYp,F2FyR07IdsN7I
0,1134,7,1700,272,340,184,166.56,0,0,0,3.608631,9,80,224,212032,0,6035.58,10,10,64,120,22405,825,0,13230,0,141885,72692,490,0,27,32760,423880,46,63744,0,0,u6tWq6edh4,RO12,taul,1K8T,487l,VcWp_2L,P9HTde2,3aLm,9_Y1,_xpN,VpdQ,wMei,7M47J5GA0pTYIFxg5uy,kIsH,uKAI,L84s,fnfcPDe,_Jda0yv,y0PW,UYBR,FzaX,dBlJbH2,QKW8DRm,Z2_IPGf,LM8l689qOp,FSa2,vJ_w8kB,WfJ2BB2SFSqauljlfOB
0,588,0,0,636,795,176,186.64,0,3164904,0,2.628926,18,22,0,2443488,0,78231.91,75,20,184,168,294479.2,1110,270,0,0,3699900,1014004,0,0,9,265496,10275240,92,1444860,0,0,1GdOj17ejg,RO12,taul,1K8T,aD1X,4eOFZH4,6uerj6GG35,JoYX,9_Y1,zfpA,VpdQ,IYzP,DHn_WUyBhW_whjA88g9bvA64_,kIsH,uKAI,L84s,CrNX,NGZ_12K,_aGX,cJvF,FzaX,qofwu1n,d0EEeJi,cbqegZ9,LM8l689qOp,7aLG,nIGXDli,F2FyR07IdsN7I
0,462,0,0,124,155,152,327.28,0,0,0,4.458235,9,26,0,0,0,231828.6,0,16,32,0,183311.6,500,0,0,0,1531990,3283200,0,0,9,0,10556800,8,4147200,0,0,tr0Wq69cTy,RO12,taul,1K8T,ssAy,EQs8M7U,r83_sZi,2iDj,9_Y1,Px52,VpdQ,zm5i,DHn_WUyBhW_whjA88g9bvA64_,kIsH,uKAI,L84s,CrNX,NGZ_12K,RASM,cJvF,FzaX,KVXdQVE,d0EEeJi,EHCegO_,LM8l689qOp,PM2D,nIGXDli,F2FyR07IdsN7I
0,3850,0,0,360,450,88,259.52,0,6488100,0,6.084383,9,34,0,2045800,0,51881.1,45,4,192,216,55058.8,1160,108,1422,0,2482670,620388,0,0,9,199311,10671520,46,593706,0,0,_v2TmBftjz,RO12,taul,1K8T,OY2L,itEMkpB,7ruKm4v,tTqs,9_Y1,Gx0B,VpdQ,zm5i,me75fM6ugJ,kIsH,uKAI,Mtgm,NhsEn4L,NGZXfGp,zEFr,UYBR,FzaX,L91vEWW,oslk,43LO_7b,LM8l689qOp,Qu4f,RAYp,F2FyR07IdsN7I
0,1708,7,332,316,395,216,166.56,0,489012,0,5.718863,9,78,49,310304,0,9488.37,45,14,88,96,35909,950,114,39663,0,97390,152156,2445,0,18,111706,1181908,10,257700,0,0,Iskvyx875g,RO12,taul,1K8T,pGTb,IoVviRg,Tg7jjBB,IPRM,9_Y1,3NyY,VpdQ,IYzP,me75fM6ugJ,kIsH,uKAI,L84s,NhsEn4L,TDceha3,z0Lc,UYBR,FzaX,VoPOjel,oslk,Zc82Oqu,LM8l689qOp,WqMG,RAYp,F2FyR07IdsN7I
0,539,0,0,136,170,120,220.08,0,4809588,0,3.633198,9,24,0,140872,0,189182.4,15,10,40,8,369871.2,660,60,0,0,0,2409380,0,0,9,0,10797000,0,2585880,0,0,a4vrEy7Rm6,RO12,taul,1K8T,YFAj,Z4GY4Me,II0S8f9,mURy,9_Y1,H9GL,VpdQ,zm5i,me75fM6ugJ,kIsH,uKAI,L84s,NhsEn4L,mAj3MXw,onru,cJvF,FzaX,V8hvbB7,oslk,NWMaF5M,jySVZNlOJy,Aoh3,RAYp,F2FyR07IdsN7I
0,1295,7,48,300,375,104,220.08,0,7544100,0,5.046358,9,58,0,2813096,0,146731.5,30,10,104,112,158260.8,960,102,82899,0,2141450,392474,30,0,9,327047,10738560,40,435828,0,0,FAJWq69cTy,RO12,taul,1K8T,TyGl,Fn0AVx0,yLQX8HOoy1,0XzP,9_Y1,Px52,09_Q,Tkho,me75fM6ugJ,kIsH,uKAI,L84s,NhsEn4L,kq0n8Bj,JEC4,UYBR,FzaX,Qf2oI0_,oslk,R9o52Lp,LM8l689qOp,PM2D,RAYp,F2FyR07IdsN7I
0,119,0,0,128,160,128,166.56,0,0,0,3.915189,9,14,0,96536,0,6022.05,15,16,112,32,-195822,170,0,0,0,870,48218,0,0,0,69552,264028,2,157866,0,0,gOyq9ayE15,RO12,taul,1K8T,0Xwj,lCpd8Q3,AnFl2Mwxzd,sryr,HLqf,kJJ7,VpdQ,IYzP,me75fM6ugJ,sBgB,uKAI,L84s,NhsEn4L,kZJtVhC,e6YI,cJvF,FzaX,JO06w_1,oslk,ZwrQhib,LM8l689qOp,7P5s,RAYp,F2FyR07IdsN7I
0,889,7,448,176,220,80,434.32,10,2952654,0,2.312113,9,30,336,1307584,0,161248.8,40,4,80,32,140630,705,42,28638,16,2782555,1110366,5790,0,9,0,9781600,26,950436,0,0,8Iqt0G8rTN,RO12,taul,1K8T,487l,gwY4NQF,yiXTc3CbD1,Ksk9,9_Y1,k13i,VpdQ,IYzP,me75fM6ugJ,kIsH,uKAI,L84s,NhsEn4L,mAjbk_S,tdSs,UYBR,FzaX,t5EoLzk,oslk,ag5iNPX,LM8l689qOp,fKCe,RAYp,F2FyR07IdsN7I
0,490,0,20,40,50,40,133.12,0,34158,0,6.203162,18,54,0,5160,0,6358.95,0,2,16,16,-44754.8,215,6,7947,0,5585,16370,0,0,0,854,65500,2,4410,0,0,dRaTmBfHUn,PomAbFU,taul,1K8T,0Xwj,Nn3wY8e,ELRUn57,XCko,HLqf,4N0K,VpdQ,IYzP,me75fM6ugJ,sBgB,uKAI,L84s,NhsEn4L,TDceha3,YY9V,cJvF,FzaX,75wv48t,oslk,xKQ2fT4,jySVZNlOJy,Qu4f,RAYp,F2FcTt7IdMT_v
0,441,0,0,216,270,72,166.56,0,0,0,2.205085,9,16,0,1379384,0,48833.4,0,38,136,48,388368.4,690,0,0,0,3511895,112558,0,0,0,129528,3986540,40,393324,0,0,9hRmfo875g,RO12,taul,1K8T,QQSE,EekctTK,zA2IZno2NK,pGJd,9_Y1,_48V,VpdQ,IYzP,me75fM6ugJ,kIsH,uKAI,L84s,NhsEn4L,mAja5EA,lNu5,cJvF,FzaX,KgozTww,oslk,S46jtfg,LM8l689qOp,3Cy4,RAYp,F2FyR07IdsN7I
0,959,7,916,160,200,0,495.6,0,11053740,0,3.929075,18,198,42,98016,0,109489.5,30,0,24,8,40818.8,575,132,2322,0,155620,0,425,0,27,0,9616280,22,0,0,0,HrWrjIXt5a,AERks4l,taul,1K8T,hoa9,fhk21Ss,msIqHk8toE,IaTj,9_Y1,nr0d,VpdQ,y6dw,7M47J5GA0pTYIFxg5uy,kIsH,uKAI,L84s,WsRVNrF85oPU_,_Jd5M9A,QWE_,UYBR,FzaX,4UxGlow,zCkv,catzS2D,jySVZNlOJy,5Acm,ZI9m,ib5G6X1eUxUn6
0,3472,7,32,172,215,24,186.64,0,8028780,0,2.423841,27,98,0,1065896,0,29999.31,35,2,48,48,158334.8,1065,102,26262,0,1923940,370158,50,0,27,374395,10663480,18,247590,0,0,302Oj17IEC,RO12,taul,1K8T,4fje,j9nysxi,q2tfFQq,CT6F,9_Y1,iVbl,VpdQ,hAFG,me75fM6ugJ,kIsH,uKAI,L84s,XfqtO3UdzaXh_,11p4mKe,aYZF,cJvF,OFWH,VDdOw16,oslk,M6DOtEt,LM8l689qOp,7aLG,RAYp,F2FyR07IdsN7I
0,819,7,2124,140,175,96,220.08,0,5310804,0,3.652638,9,132,455,67544,0,215736.6,20,8,40,16,108422.4,510,66,1161,0,214015,2039720,1365,0,18,0,10488560,4,2073600,0,0,NESWq69R_D,MJdP52puUMWhmExsNdlkGDbNTFln2Eg,taul,1K8T,JLbT,_gMxSlj,C4RcMDy,nyZz,9_Y1,RVjC,sJzTlal,kxE9,me75fM6ugJ,kIsH,uKAI,L84s,XfqtO3UdzaXh_,XTbPUYD,bru6,UYBR,FzaX,68RvOIl,oslk,GSZEVJ2,LM8l689qOp,FSa2,RAYp,iyHGyLCEkQ
0,1939,7,1140,120,150,88,0,10,0,0,4.382824,18,130,0,82448,9,18991.35,0,8,24,56,-20247.44,880,0,14706,40,81855,125456,635,0,18,1239,525204,16,251376,0,0,8I1r4RXXnK,2Knk1KF,LfvqpCtLOY,1K8T,uErj,PHNvXy8,zA2IZno2NK,4oNJ,9_Y1,Albh,VpdQ,kxE9,NKv3VA1BpP,kIsH,uKAI,L84s,Ie_5MZs,OFqdri0,tDwc,UYBR,FzaX,UF16siJ,zCkv,APgdzOv,LM8l689qOp,Xa3G,6fzt,Zy3gnGM
0,203,0,0,276,345,112,286.96,10,3280260,0,4.994659,9,14,0,1486680,0,86478.3,10,14,40,112,-447084,440,54,0,16,2453135,463442,0,0,0,1470,6163200,46,9912,0,0,6VLvyx7IEC,RO12,taul,1K8T,X9_k,N45nV76,9YuuPSz3BI,bQDw,9_Y1,qaiO,VpdQ,IYzP,me75fM6ugJ,kIsH,uKAI,L84s,NhsEn4L,kZJyVg2,P87U,UYBR,FzaX,EpcfrxM,oslk,ynwED8N,LM8l689qOp,szEZ,RAYp,F2FyR07IdsN7I
0,931,7,5640,108,135,8,267.76,0,1749480,0,5.192266,18,72,42,853352,3,198227.1,15,8,24,16,-144593.2,470,24,124659,8,5210150,165238,9720,0,27,2542288,9359000,26,3704094,0,0,HYTvyx7ejg,RO12,taul,1K8T,hM6W,WkHngaa,9YuT4s0Bqf,qHTX,9_Y1,xSqs,VpdQ,IYzP,me75fM6ugJ,kIsH,uKAI,L84s,XfqtO3UdzaXh_,XTbPUYD,2aaY,cJvF,OFWH,gg7Y_02,oslk,tzhEVJ2,LM8l689qOp,szEZ,RAYp,F2FyR07IdsN7I
0,609,0,0,128,160,0,255.12,0,10368000,0,0.06857509,18,26,0,0,0,168862.8,45,0,32,0,167039.2,470,120,0,0,590360,0,0,0,9,0,10494680,6,0,0,0,oBXTmBtFkL,RO12,taul,1K8T,487l,ZtMq7Fq,Gai9lEF2Fr,et5n,9_Y1,c2JP,09_Q,zm5i,me75fM6ugJ,kIsH,uKAI,L84s,NhsEn4L,mAja5EA,pv4R,UYBR,FzaX,lbrVHK6,oslk,_sz_44J,jySVZNlOJy,rgKb,RAYp,F2FyR07IdsN7I
0,322,7,284,96,120,48,196.64,0,1962,0,6.474044,9,62,49,7280,0,4138.77,0,0,0,16,-41815.6,330,6,63801,0,112545,20706,4700,0,0,0,136396,30,0,0,0,uGLq9ayE15,AERks4l,taul,1K8T,487l,P5sO0dd,u3Y9vGr,1Ve0,9_Y1,vm5R,VpdQ,IYzP,GjJ35utlTa_GNSvxxpb9ju,kIsH,uKAI,L84s,JBfYVit4g8,uZLUDr7,QrEV,cJvF,FzaX,agO_67M,Al6ZaUT,dLSNSJM,LM8l689qOp,7P5s,02N6s8f,xwM2aC7IdeMC0
0,19012,7,36,640,800,200,220.08,0,2956704,0,3.362316,9,34,0,1692160,0,7417.86,70,34,96,192,302862.4,10425,156,75915,0,6094500,291848,845,0,18,818671,10497440,108,1401942,0,0,Foxt0Go8Lb,RO12,taul,1K8T,YVv3,7UBxJVj,76j2P_OLn0,GIER,9_Y1,YePk,VpdQ,zm5i,me75fM6ugJ,kIsH,uKAI,L84s,NhsEn4L,kZJtVhC,ukc4,cJvF,FzaX,07mmflk,oslk,NNyRUH6,LM8l689qOp,Qu4f,RAYp,F2FyR07IdsN7I
0,2625,7,2272,460,575,272,33.44,0,162492,0,4.130527,9,64,273,202928,6,3228.69,30,16,120,152,7717.84,1715,120,8415,16,153475,84844,12975,0,18,10668,641316,56,67650,0,0,qXhvyxLp3Z,PomAbFU,taul,1K8T,lK27,FrOFswM,ELqaUgs,kfVu,9_Y1,lXxA,09_Q,6JmL,DHn_WUyBhW_whjA88g9bvA64_,kIsH,uKAI,L84s,CrNX,AuSDRR8,yZBM,UYBR,FzaX,qcE3hF1,d0EEeJi,fXLzAeF,LM8l689qOp,xb3V,nIGXDli,F2FcTt7IdMT_v
0,1477,7,692,420,525,48,202,5,3576,0,5.694937,18,48,126,327392,0,1714.575,5,6,144,288,-958076,1010,30,2853,8,183935,652,275,0,9,47103,323544,108,12822,0,0,kMJt0GoOh3,RO12,taul,1K8T,g6No,JVF11pK,k10MzgT,qPq_,9_Y1,rGJy,VpdQ,y6dw,me75fM6ugJ,kIsH,uKAI,Mtgm,XfqtO3UdzaXh_,XTb10lF,CHvz,UYBR,FzaX,AOhuZGO,oslk,W8mwS9i,LM8l689qOp,Qu4f,RAYp,F2FyR07IdsN7I
0,245,0,0,132,165,48,259.44,0,3682596,0,4.758385,9,20,0,2534464,0,219666.9,25,0,40,32,119223.6,505,48,0,0,3960100,950424,0,0,18,554414,10375280,20,0,0,0,yIjq9aX0Db,RO12,taul,1K8T,lK27,iKly1or,PaagavI,5sMX,9_Y1,Y9Bl,09_Q,zm5i,DHn_WUyBhW_whjA88g9bvA64_,kIsH,uKAI,L84s,CrNX,NGZ_12K,ZU0r,UYBR,FzaX,TE7SlA3,d0EEeJi,E8SMYx2,LM8l689qOp,uWr3,nIGXDli,F2FyR07IdsN7I
0,2562,7,28,144,180,32,253.52,0,4919190,0,4.77633,9,36,14,2840920,0,26525.58,20,2,40,40,106906,575,72,17910,0,3860295,549230,25,0,36,822577,10439160,20,475206,0,0,ZSNrjIX0Db,RO12,taul,1K8T,80HR,BBmwWHr,9HOPNsJ,Y7X1,9_Y1,xQ2A,09_Q,zm5i,me75fM6ugJ,kIsH,uKAI,L84s,NhsEn4L,mAjbk_S,gvA6,UYBR,FzaX,sTyQFhp,oslk,lJxNMua,LM8l689qOp,5Acm,RAYp,F2FyR07IdsN7I
0,224,7,80,72,90,0,167.92,0,2400,0,5.224738,9,100,0,4624,0,1719.753,0,4,0,8,941.144,220,6,63252,0,32595,0,330,0,9,0,31068,28,1620,0,0,KXMgUH7IEC,RO12,taul,1K8T,IIni,liIupBg,1zfE68c,fYLU,9_Y1,1Bp0,09_Q,hAFG,me75fM6ugJ,kIsH,uKAI,L84s,XfqtO3UdzaXh_,11p4mKe,9K1L,cJvF,AU8pNoi,gOrOjel,oslk,n82Rkup,LM8l689qOp,WqMG,RAYp,F2FyR07IdsN7I
0,399,0,0,128,160,8,220.08,5,7419360,0,1.105747,18,24,0,1386520,0,199068.9,25,0,32,32,-49378.4,450,90,0,8,2166190,88230,0,0,9,0,9276920,14,0,0,0,oyGrjIXt5a,RO12,taul,1K8T,lK27,bvZcCja,3mAIgJy7b0,hFHS,9_Y1,m7JR,09_Q,zm5i,me75fM6ugJ,kIsH,uKAI,L84s,NhsEn4L,mAjbQbU,15KP,UYBR,qxDb,mTDfR8o,oslk,dEJz4Af,LM8l689qOp,5Acm,RAYp,F2FyR07IdsN7I
0,147,0,0,148,185,64,200,0,0,0,5.159795,9,18,0,100792,0,4132.11,0,4,24,56,-31370.56,395,0,0,0,84425,19128,0,0,0,0,170984,40,22188,0,0,AhzOj17IEC,RO12,taul,1K8T,Uk76,xUTqnbN,yiXKNUCbD1,wLQL,9_Y1,iVbl,VpdQ,IYzP,me75fM6ugJ,kIsH,uKAI,L84s,NhsEn4L,mAja5EA,mmDD,cJvF,FzaX,LwGVino,oslk,xYH_Q4n,LM8l689qOp,7aLG,RAYp,F2FyR07IdsN7I
0,140,0,0,396,495,112,88.8,0,3611742,0,4.696433,9,14,0,1442136,0,56648.4,15,12,96,88,-183945.2,495,72,0,8,3535935,162808,0,0,0,641508,7477600,106,579168,0,7,dukmfo8zhV,RO12,taul,1K8T,LloI,_t7Mbg2,KlOa2n0,wfx_,9_Y1,6Kw9,sJzTlal,IYzP,me75fM6ugJ,kIsH,uKAI,L84s,NhsEn4L,mAjDcoz,W4Rs,cJvF,FzaX,uIoKu_a,oslk,j32r3XO,LM8l689qOp,3Cy4,RAYp,F2FyR07IdsN7I
0,2793,14,3948,524,655,544,133.12,0,24498,0,4.914548,18,176,336,129280,0,3711.12,5,48,232,112,-66399.2,1220,24,3519,0,70375,147926,415,0,18,4851,497680,40,95478,0,0,V8lt0G8rTN,LrdZy8QqgUfkVShG,taul,1K8T,0Xwj,fhk21Ss,_jTP8ioIlJ,L2EG,HLqf,k13i,VpdQ,y6dw,7M47J5GA0pTYIFxg5uy,sBgB,uKAI,L84s,N7XB,_Jdf9Mz,Scei,cJvF,FzaX,4UxGlow,QKW8DRm,catzS2D,LM8l689qOp,fKCe,ZI9m,ib5G6X1eUxUn6
0,1890,0,16,400,500,216,166.24,0,51498,0,6.762871,9,50,0,403840,0,29549.04,15,12,112,88,167342.4,1275,60,42678,0,863875,903236,0,0,0,11935,3020940,86,396138,0,0,oyGrjIXt5a,RO12,taul,1K8T,TyGl,NZnrXBz,r83_sZi,v4Jj,9_Y1,WIr3,VpdQ,IYzP,DHn_WUyBhW_whjA88g9bvA64_,kIsH,uKAI,L84s,CrNX,7WwCSJk,2NIB,cJvF,FzaX,oat0m1e,d0EEeJi,RsCHbYI,LM8l689qOp,5Acm,nIGXDli,F2FyR07IdsN7I
0,819,7,0,124,155,0,186.64,0,11404800,0,4.488571,27,132,0,0,0,222966.9,40,0,32,0,107644.4,485,132,6408,0,41540,0,5,0,9,0,10401240,2,0,0,0,DHeTmBftjz,2Knk1KF,taul,1K8T,OY2L,Nn3wY8e,767FTTdROa,jzCl,9_Y1,4N0K,09_Q,hAFG,me75fM6ugJ,kIsH,uKAI,L84s,XfqtO3UdzaXh_,XTbPUYD,qZ9z,cJvF,FzaX,75wv48t,oslk,xKQ2fT4,M_8D,Qu4f,RAYp,55YFVY9
0,840,7,260,156,195,88,288.32,0,2548830,0,3.095065,18,36,0,2764800,0,219402,30,2,48,32,85206,565,30,1161,0,4456495,690970,50,0,27,604800,9926160,24,518400,0,0,eOQgUHShse,RO12,taul,1K8T,ssAy,1uc4xPh,e1XhvTunuD,85IW,9_Y1,RVjC,VpdQ,zm5i,me75fM6ugJ,kIsH,uKAI,L84s,NhsEn4L,jawR0Ac,ETNp,UYBR,FzaX,Qkc0un2,oslk,cwcA9vx,LM8l689qOp,FSa2,RAYp,F2FyR07IdsN7I
0,2093,7,4772,204,255,72,283.76,0,6738360,0,0.7545397,18,154,252,855904,0,12948.06,35,6,64,72,143862.8,1630,90,6876,0,1434150,1198264,1765,0,45,174419,10765760,16,150774,0,0,dTGmfo8zhV,LrdZy8QqgUfkVShG,taul,1K8T,ssAy,fhk21Ss,EXpWEXgaYpMJ7,pM6b,9_Y1,wGwL,VpdQ,hAFG,7M47J5GA0pTYIFxg5uy,kIsH,uKAI,L84s,4kVnq_T26xq1p,XTbTdyD,WMOL,UYBR,FzaX,4UxGlow,zCkv,catzS2D,LM8l689qOp,wX53,ZI9m,ib5G6X1eUxUn6
0,406,7,2124,256,320,120,220.48,0,2448366,0,0.5840632,9,134,70,1667352,0,126836.4,15,4,80,72,-660172,320,78,15192,0,1066400,852710,95,0,36,55664,5727760,44,1542,0,0,O8Zr4Rdc_a,2Knk1KF,taul,1K8T,0Xwj,ZRZs43J,AODeKSz,hINo,F3hy,em8I,09_Q,hAFG,me75fM6ugJ,kIsH,g5HH,L84s,XfqtO3UdzaXh_,XTbPUYD,tlNv,cJvF,OFWH,VA_mahk,oslk,sxHPIsU,jySVZNlOJy,me1d,RAYp,55YFVY9
0,931,35,13032,136,170,24,133.12,0,0,0,2.245033,45,142,2632,5529608,0,212886.6,0,2,40,64,271074,475,0,25128,0,9504000,20,4195,0,18,0,10368080,44,18,0,0,S8dr4RQxul,2Knk1KF,taul,1K8T,PGNs,PHNvXy8,NFeIdppttuZ9yxh1,_KdE,9_Y1,z5Ry,VpdQ,TIA9,NKv3VA1BpP,sBgB,uKAI,L84s,Ie_5MZs,CWNXJkr,tCpO,UYBR,FzaX,UF16siJ,zCkv,APgdzOv,jySVZNlOJy,FSa2,6fzt,Zy3gnGM
0,2002,0,80,20,25,8,153.2,0,183306,0,5.48793,9,58,0,0,0,56689.5,5,2,16,0,-300539.6,45,6,19233,0,305015,172800,0,0,0,604800,1232396,2,518400,0,0,m9SrEy7Rm6,RO12,taul,1K8T,487l,LG0JHBC,CsjH_hi,PBwD,9_Y1,H9GL,VpdQ,IYzP,me75fM6ugJ,kIsH,uKAI,L84s,NhsEn4L,TDceha3,2kCU,cJvF,FzaX,ZDjvbB7,oslk,nx1K0JH,M_8D,Aoh3,RAYp,F2FyR07IdsN7I
0,1288,14,24,184,230,120,255.68,0,3245916,0,2.887417,27,170,0,1900912,0,100506.3,25,6,32,24,145264,1155,54,2169,0,3933320,1009560,15,0,27,554428,10540120,22,1425720,0,0,m9SvyxLkBI,RO12,taul,1K8T,GYbZ,fqeOwLG,3clyC8L,q6E_,9_Y1,_r21,VpdQ,kxE9,7M47J5GA0pTYIFxg5uy,kIsH,uKAI,L84s,9pUnzWLbztKTo,XTbWMnx,o2iu,cJvF,AU8pNoi,fxJmel6,zCkv,WfsWw2A,LM8l689qOp,xb3V,ZI9m,iyHGyLCEkQ
0,280,0,0,108,135,88,186.64,0,299862,0,2.904294,9,20,0,895136,0,90194.7,0,4,40,72,-655124,440,6,0,0,975755,709368,0,0,9,295701,2954116,8,160950,0,0,1YVvyx7IEC,RO12,taul,1K8T,dWQK,ZBOJeCE,Iibp4Nm3uQ,AjnJ,9_Y1,xSqs,09_Q,zm5i,me75fM6ugJ,kIsH,uKAI,L84s,NhsEn4L,mAja5EA,z9Lj,cJvF,AU8pNoi,SppPaRp,oslk,kklH6zW,LM8l689qOp,szEZ,RAYp,F2FyR07IdsN7I
0,350,21,1768,252,315,184,167.68,0,9978,0,5.603717,36,148,91,981016,0,26551.83,5,10,72,48,150872,720,24,31905,0,828755,599440,8290,0,18,367850,2607280,48,358068,0,0,yaKt0Go8Lb,g62hiBSaKg,taul,1K8T,ffXs,Fn0twEE,C0UHhjM,Y8G_,9_Y1,t_4G,09_Q,haYg,DHn_WUyBhW_whjA88g9bvA64_,kIsH,uKAI,L84s,UbxQ8lZ,ORMRote,E66C,UYBR,FzaX,QyR94rR,Al6ZaUT,8eXMuea,LM8l689qOp,Qu4f,02N6s8f,ib5G6X1eUxUn6
0,707,7,148,160,200,32,166.56,0,9175620,0,1.380261,9,34,14,0,0,219227.7,35,4,32,0,147832.8,540,108,2106,0,229765,519022,200,0,0,0,10449360,18,1036800,0,0,m9SvyxLkBI,AERks4l,taul,1K8T,GYbZ,5Uky83A,k10MzgT,afd0,9_Y1,FbIm,09_Q,IYzP,GjJ35utlTa_GNSvxxpb9ju,kIsH,uKAI,L84s,JBfYVit4g8,uZLz8Sc,ri5x,UYBR,FzaX,PtL_0q6,Al6ZaUT,jsMRApT,LM8l689qOp,xb3V,02N6s8f,xwM2aC7IdeMC0
0,686,7,8,116,145,104,230.08,0,0,0,1.960265,18,72,0,27032,0,7554.3,0,14,24,24,1065,315,0,873,0,164280,48098,1260,0,36,0,345424,12,156432,0,0,4bwt0GoOh3,eSGpMwS8zSGgq_trOpckZ5,taul,1K8T,lK27,5eRMqdZ,FoJylxy,4bTR,9_Y1,MGOA,VpdQ,giwq,GjJ35utlTa_GNSvxxpb9ju,kIsH,uKAI,L84s,UbxQ8lZ,teAAe2o,bHR7,UYBR,FzaX,0bjwEe4,Al6ZaUT,PfZN6GE,LM8l689qOp,Qu4f,02N6s8f,R4y5gQQWY8OodqDV
0,1113,21,2280,200,250,96,313.68,0,937278,0,5.075625,27,156,175,2105240,0,83832.91,5,12,48,64,-99615.6,725,48,73521,0,2051215,737730,12000,0,27,571459,5528600,30,601092,0,0,NESt0G8EIb,2Knk1KF,taul,1K8T,NF63,er904mC,EXpWEXgaYpMJ7,mSWW,9_Y1,k13i,VpdQ,wMei,me75fM6ugJ,kIsH,uKAI,L84s,h0lfDKh52u4GP,IoI4mKe,rGBG,UYBR,FzaX,MQ0oYtn,oslk,ghXCL5c,LM8l689qOp,fKCe,RAYp,TCU50_Yjmm6GIBZ0lL_
0,112,7,68,32,40,24,20.17328,0,0,0,3.478317,9,128,0,0,0,2740.998,0,0,0,0,-1665404,155,0,855,0,53815,8734,195,0,0,0,60520,10,0,0,0,Yddq9ayE15,2Knk1KF,taul,1K8T,c9jp,fhk21Ss,_03xtaMIkk68B,9Urm,9_Y1,AKLO,VpdQ,IYzP,7M47J5GA0pTYIFxg5uy,kIsH,uKAI,L84s,E1aAZ0x7vd,OFqVH0t,GgaF,cJvF,FzaX,4UxGlow,QKW8DRm,catzS2D,LM8l689qOp,TNEC,ZI9m,ib5G6X1eUxUn6
0,35,0,0,96,120,64,464.24,5,373242,0,1.139927,9,12,0,45432,0,106107,10,2,32,16,-678792,120,6,0,16,677100,1023314,0,0,0,33250,3395424,20,518400,0,7,qFpmfo8zhV,RO12,taul,1K8T,7gSz,EekctTK,hOpMh7dRpW,gfgY,9_Y1,_48V,09_Q,IYzP,me75fM6ugJ,kIsH,uKAI,Mtgm,NhsEn4L,kZJyVg2,oTDm,cJvF,FzaX,KgozTww,oslk,S46jtfg,LM8l689qOp,3Cy4,RAYp,F2FyR07IdsN7I
0,973,7,0,96,120,64,166.56,0,7050,0,3.66866,9,40,0,559200,0,23913.21,0,10,32,32,-165623.2,445,6,1971,0,553355,125580,45,0,0,110488,1173460,12,292974,0,0,YddrjIQ5Ph,RO12,taul,1K8T,Uk76,4JE9Df6,Mfz_jOIxcM,VNjO,9_Y1,RVjC,09_Q,IYzP,me75fM6ugJ,kIsH,uKAI,L84s,NhsEn4L,mAja5EA,p8c0,UYBR,FzaX,Nh_v4zN,oslk,MKETE6Y,LM8l689qOp,FSa2,RAYp,F2FyR07IdsN7I
0,126,7,28,64,80,8,276.8,0,475212,0,3.621021,9,84,7,1088,12,41219.7,5,14,16,8,-621840,95,6,450,48,1140455,100114,35,0,0,952,1765720,10,28452,0,14,tr0Wq69cTy,RO12,taul,1K8T,pdks,6KF0k8W,F0xuk92MIA,aoiO,9_Y1,Px52,VpdQ,IYzP,me75fM6ugJ,kIsH,uKAI,L84s,XfqtO3UdzaXh_,11p4mKe,4m23,cJvF,FzaX,ot6oLzk,oslk,IIvC99a,LM8l689qOp,PM2D,RAYp,F2FyR07IdsN7I
0,2807,7,1792,620,775,224,220.08,0,5473128,0,1.297586,9,52,287,3825704,0,52402.8,20,8,64,88,124365.2,1575,216,4086,0,4301085,245696,750,0,0,135513,10693360,144,240246,0,0,V8lt0G8rTN,RO12,taul,1K8T,wOc1,6CXYbuk,yEFIHeU,1lzu,9_Y1,k13i,VpdQ,sYC_,Kxdu,kIsH,uKAI,Mtgm,9pUnzWLbztKTo,TDc92TK,pKu6,cJvF,FzaX,ROeipLp,zCkv,K2SqEo9,LM8l689qOp,fKCe,6fzt,am14IcfM7tWLrUmRT52KtA
0,875,7,3140,244,305,104,166.56,0,0,0,2.944456,9,108,322,424776,0,10981.47,0,8,24,72,25,865,0,37827,0,1232225,128948,3740,0,27,10962,1563196,70,160698,0,0,dRaq9ayE15,eSGpMwS8zSGgq_trOpckZ5,taul,1K8T,hM6W,8jzJA2C,k10MzgT,WJnu,9_Y1,kJJ7,VpdQ,itlM,GjJ35utlTa_GNSvxxpb9ju,kIsH,uKAI,L84s,UbxQ8lZ,beKAhVm,meAd,cJvF,FzaX,QMdwEMN,Al6ZaUT,OddVyzI,LM8l689qOp,7P5s,02N6s8f,R4y5gQQWY8OodqDV
0,763,14,1028,112,140,88,258.48,0,5772606,0,2.211921,36,132,476,1175816,0,211706.1,5,0,8,8,139813.2,495,24,25794,0,246295,2098760,1120,0,27,0,9896240,22,0,0,0,dRaq9ayE15,2Knk1KF,taul,1K8T,z32l,qmrkGPa,7vJz3tk,nV_x,9_Y1,000J,VpdQ,wMei,me75fM6ugJ,kIsH,uKAI,L84s,h0lfDKh52u4GP,IoI4mKe,Ey6i,cJvF,FzaX,Lu8m0jM,oslk,f4rs3yQ,LM8l689qOp,7P5s,RAYp,55YFVY9
0,217,7,0,12,15,0,99.68,0,0,0,6.948088,9,72,0,80,0,6823.2,0,0,16,16,-46381.6,95,0,747,0,31045,0,250,0,0,70,24876,2,0,0,0,ZSNrjIX0Db,RO12,taul,1K8T,487l,i3CBUCv,wXYgzHf,3OjE,9_Y1,xQ2A,VpdQ,IYzP,me75fM6ugJ,kIsH,uKAI,L84s,NhsEn4L,kZJs2nh,gvA6,UYBR,AU8pNoi,2X5mIK9,oslk,9Rll1iV,LM8l689qOp,5Acm,RAYp,F2FyR07IdsN7I
0,14,0,0,56,70,32,139.2,0,251790,0,6.11301,18,12,0,1300616,3,157025.7,0,0,8,16,-681664,70,12,0,24,1720325,368360,0,0,0,0,2931148,12,0,0,14,AUUt0GoOh3,RO12,taul,1K8T,G6s_,jCepSrJ,YSdoo8_0ec,2bDW,9_Y1,YePk,VpdQ,IYzP,me75fM6ugJ,kIsH,uKAI,L84s,NhsEn4L,mAjDcoz,xe75,cJvF,FzaX,Oy_RPEi,oslk,FS4qjNq,LM8l689qOp,Qu4f,RAYp,F2FyR07IdsN7I
0,462,7,1576,148,185,64,189.92,0,0,0,2.23841,9,70,546,98264,3,7554.21,0,6,72,64,25742,325,0,71496,16,175995,14820,1810,0,18,0,292464,36,109344,0,7,DQlgUH7IEC,RO12,taul,1K8T,TyGl,9GJGgoz,n1z5NlTFrI,umg2,9_Y1,m_h1,09_Q,itlM,Kxdu,kIsH,uKAI,L84s,FMSzZ91zL2,NGZwo7G,8JTE,UYBR,FzaX,Tvpip6Z,zCkv,hHJsvbM,LM8l689qOp,WqMG,6fzt,SbOd7O8ky1wGNxp0Arj0Xs
0,20188,14,1940,76,95,24,289.2,0,1392540,0,2.298227,36,118,28,1899856,0,10201.02,10,4,16,8,122687.2,675,24,23355,0,5016100,299538,1745,0,36,0,10088520,14,2492796,0,0,Qu0r4RKzJV,2Knk1KF,taul,1K8T,pJUk,PHNvXy8,r83_sZi,0fcK,9_Y1,DtNL,VpdQ,haYg,NKv3VA1BpP,kIsH,uKAI,L84s,Ie_5MZs,OFqdri0,4BIG,UYBR,FzaX,UF16siJ,zCkv,APgdzOv,LM8l689qOp,FSa2,6fzt,Zy3gnGM
0,28,7,52,12,15,8,166.56,0,0,0,2.417646,9,60,0,0,0,7820.55,0,0,0,0,-16413.16,45,0,6345,0,12810,5790,140,0,0,0,21828,4,0,0,0,avkq9ayfAo,RO12,taul,1K8T,yYar,GbznQZj,75HH_hi,A0mG,9_Y1,kJJ7,VpdQ,IYzP,me75fM6ugJ,kIsH,uKAI,L84s,NhsEn4L,TDceha3,He4R,UYBR,FzaX,HJNK5YS,oslk,ffF9hga,LM8l689qOp,7P5s,RAYp,F2FyR07IdsN7I
0,966,28,8428,68,85,0,270.32,15,1260,0,0.189703,36,224,371,402360,0,100663.5,5,0,16,16,-329955.6,410,6,1908,24,7231550,0,1725,0,45,217434,6233800,26,0,0,0,639TmBQxul,AERks4l,CiJDdr4TQ0rGERIS,1K8T,4fje,fhk21Ss,msIqHk8toE,E9uJ,9_Y1,TjV7,VpdQ,y6dw,7M47J5GA0pTYIFxg5uy,kIsH,uKAI,Mtgm,TVE1uh4F_wOi_,LxWSJXE,vBA_,UYBR,qxDb,4UxGlow,zCkv,catzS2D,LM8l689qOp,FSa2,ZI9m,NoEd
0,847,21,1704,124,155,176,198.4,0,260886,0,1.020295,27,144,0,0,0,188352.3,0,16,32,0,131187.2,515,6,3447,0,0,3801600,3260,0,27,2419200,10541920,0,4147200,0,0,BQa9tYsdof,rEUOq2QD1qfkRr6qpua,taul,1K8T,JLbT,fhk21Ss,1kxx15H,P4dE,9_Y1,YULl,VpdQ,hAFG,7M47J5GA0pTYIFxg5uy,kIsH,uKAI,L84s,4kVnq_T26xq1p,11p3sk4,JPcy,cJvF,FzaX,4UxGlow,zCkv,catzS2D,jySVZNlOJy,FSa2,ZI9m,ib5G6X1eUxUn6
0,2198,0,0,72,90,48,330.4,15,446886,0,6.298654,27,16,0,0,0,4597.38,0,0,0,0,-800596,9055,24,0,24,342220,111284,0,0,0,0,794268,16,0,0,0,vAsvyx7ejg,RO12,taul,1K8T,dWQK,rRoCfXI,76j2P_OLn0,9DFd,9_Y1,xSqs,VpdQ,IYzP,me75fM6ugJ,kIsH,uKAI,L84s,NhsEn4L,kZJtVhC,X6By,cJvF,FzaX,xKnYH7D,oslk,jpmOtEt,LM8l689qOp,szEZ,RAYp,F2FyR07IdsN7I
0,385,7,0,52,65,40,69.12,0,5046,0,2.211707,9,58,0,4008,0,1338.351,0,0,16,16,3005.572,205,12,567,0,5355,4854,165,0,9,0,19360,8,0,0,0,HAoOj1KXzC,RO12,taul,1K8T,TyGl,iJzviRg,nQUveAzAF7,HAf7,9_Y1,ID5l,VpdQ,kxE9,7M47J5GA0pTYIFxg5uy,kIsH,uKAI,L84s,WsRVNrF85oPU_,kZJmuo1,B4wp,UYBR,FzaX,ch2oGfM,zCkv,P6pu4Vl,LM8l689qOp,kwS7,ZI9m,R4y5gQQWY8OodqDV
0,1309,0,0,140,175,80,220.08,0,6597060,0,4.876095,9,28,0,2952,0,83953.8,20,6,32,8,87520,885,78,0,0,180885,1494700,0,0,9,0,9952840,8,1555200,0,0,_v2rjIKQ76,RO12,taul,1K8T,JLbT,65ylkJq,HKFGqS8,NnfT,9_Y1,7WNq,sJzTlal,wMei,me75fM6ugJ,kIsH,uKAI,L84s,NhsEn4L,7WwwAA_,o8Yj,cJvF,FzaX,x_lYlW4,oslk,3B1QowC,LM8l689qOp,WqMG,RAYp,F2FyR07IdsN7I
0,1281,7,140,284,355,136,166.56,0,20256,0,3.920743,9,54,14,1459040,0,16244.58,0,6,64,96,348573.6,1120,12,1314,0,2054555,274104,115,0,18,595119,2967628,74,49128,0,0,oBXrjIQq3d,RO12,taul,1K8T,487l,YUVtIjH,zCWmkdf,sMhn,9_Y1,RVjC,09_Q,43pnToF,me75fM6ugJ,kIsH,uKAI,L84s,NhsEn4L,TDceha3,4DIm,UYBR,FzaX,mTDLfvc,oslk,MHVQJQm,LM8l689qOp,FSa2,RAYp,F2FyR07IdsN7I
0,917,7,2848,136,170,72,88.16,0,6720540,0,5.596026,9,174,623,0,3,190795.5,35,4,32,0,109942.8,540,78,21537,8,151420,1275574,190,0,45,0,10263040,6,1036800,0,0,GcUBcmz45j,LrdZy8QqgUfkVShG,taul,1K8T,0Xwj,fhk21Ss,JFX8g7a,kTCl,HLqf,KubS,09_Q,y6dw,7M47J5GA0pTYIFxg5uy,sBgB,uKAI,L84s,_5OXC8MSLt,XTbj5PX,uonk,UYBR,FzaX,4UxGlow,oslk,catzS2D,LM8l689qOp,Qcbd,ZI9m,ib5G6X1eUxUn6
0,588,7,1752,16,20,0,276,0,0,0,0.2243111,9,120,35,0,0,150251.1,0,0,0,0,-237358.8,230,0,3501,0,12096000,0,125,0,27,0,9676800,8,0,0,0,V8lt0G8rTN,2Knk1KF,taul,1K8T,2Ix5,4rXn9NE,msIvIpku4g,q73K,9_Y1,e7QV,VpdQ,kxE9,me75fM6ugJ,kIsH,uKAI,L84s,XfqtO3UdzaXh_,XTbPUYD,eFPr,cJvF,FzaX,dqL8hdx,oslk,MnYAKIt,LM8l689qOp,fKCe,RAYp,55YFVY9
0,308,0,0,56,70,16,186.64,0,2684274,0,3.650075,9,18,0,4651312,0,136965.9,0,2,8,8,297938.8,750,36,0,0,3139930,1148374,0,0,0,0,9424480,8,750906,0,0,1GdOj17ejg,RO12,taul,1K8T,KqYs,25x4spc,C_u8_AlBK7,B2oW,9_Y1,eQTr,09_Q,IYzP,me75fM6ugJ,kIsH,uKAI,L84s,NhsEn4L,mAja5EA,uIf6,cJvF,FzaX,0OM8iqZ,oslk,8KG7DIf,LM8l689qOp,7aLG,RAYp,F2FyR07IdsN7I
0,301,0,0,148,185,16,186.64,0,3515694,0,1.463149,9,20,0,3235920,0,156499.2,10,0,48,40,834016,695,48,0,0,5396500,600222,0,0,9,0,9782240,40,0,0,0,a4vrEy7Rm6,RO12,taul,1K8T,kNzO,LG0JHBC,pCsFbvQJcF,VapW,9_Y1,H9GL,09_Q,zm5i,me75fM6ugJ,kIsH,uKAI,L84s,NhsEn4L,mAja5EA,YUVZ,cJvF,FzaX,ZDjvbB7,oslk,nx1K0JH,LM8l689qOp,Aoh3,RAYp,F2FyR07IdsN7I
0,1890,7,1992,140,175,24,253.52,0,5664282,0,0.3554796,9,152,56,1382400,0,93619.5,35,0,32,16,139954,525,66,52623,0,4695455,21954,1440,0,18,0,10549400,24,0,0,0,75lTmBtFkL,2Knk1KF,taul,1K8T,TyGl,47WvARv,NfN9Bz6HFx,4cn2,9_Y1,C6Eu,VpdQ,haYg,me75fM6ugJ,kIsH,uKAI,L84s,XfqtO3UdzaXh_,XTbPUYD,IbMW,cJvF,FzaX,wq0v48t,oslk,AXLqqb8,LM8l689qOp,rgKb,RAYp,55YFVY9
0,1946,21,2920,432,540,272,286.96,0,5245668,0,6.032899,45,206,196,3313272,0,85628.7,20,6,112,104,96236,2120,84,45225,0,4436945,275168,1085,0,63,133392,10535320,80,92184,0,0,DHeTmBftjz,ByQdnLRlFnny2k4AJzG,taul,1K8T,ssAy,fhk21Ss,r83_sZi,eyLh,9_Y1,Gx0B,VpdQ,y6dw,7M47J5GA0pTYIFxg5uy,kIsH,uKAI,L84s,_5OXC8MSLt,LxWMvcL,t5Nh,UYBR,FzaX,4UxGlow,oslk,catzS2D,LM8l689qOp,Qu4f,ZI9m,NoEd
0,1568,7,764,388,485,184,133.12,0,60594,0,6.11536,9,54,21,381312,0,11752.41,0,12,72,96,125987.2,1510,24,14823,0,1003645,276204,8645,0,0,7189,1638220,104,77766,0,0,HYTvyx7ejg,RO12,taul,1K8T,hM6W,PAgx_1Z,AojhC_B,D4c8,9_Y1,xSqs,VpdQ,IYzP,me75fM6ugJ,kIsH,uKAI,L84s,NhsEn4L,TDceha3,Y1tH,cJvF,FzaX,aoBj9cC,oslk,ouMYyXX,jySVZNlOJy,szEZ,RAYp,F2FyR07IdsN7I
0,819,14,4596,124,155,0,253.52,0,10133880,0,0.9692374,18,44,1036,0,0,229847.4,45,0,32,0,151739.6,535,120,2565,0,864000,0,1130,0,0,0,10557520,4,0,0,0,oUPBcmzkzH,RO12,taul,1K8T,TyGl,oqKrHWS,76j2P_OLn0,P86N,9_Y1,4nnx,VpdQ,IYzP,me75fM6ugJ,kIsH,uKAI,L84s,NhsEn4L,mAja5EA,xtcs,UYBR,FzaX,IhODFjT,oslk,_aspRtK,LM8l689qOp,Qcbd,RAYp,F2FyR07IdsN7I
0,2282,14,5552,1024,1280,384,220.08,0,0,0,1.418714,27,174,301,938456,0,7424.04,0,38,256,408,-21828.44,1860,0,12024,0,1017860,200678,730,0,45,365197,1844676,276,239706,0,0,yaKt0Go8Lb,rEUOq2QD1qfkRr6qpua,taul,1K8T,wGW5,fhk21Ss,LH0BJkjM1L,EVXS,9_Y1,C7DI,09_Q,haYg,7M47J5GA0pTYIFxg5uy,kIsH,uKAI,L84s,XfqtO3UdzaXh_,_JdH8mF,bmLh,cJvF,FzaX,4UxGlow,oslk,catzS2D,LM8l689qOp,Qu4f,ZI9m,ib5G6X1eUxUn6
0,175,0,0,120,150,40,253.52,0,3369168,0,3.707968,9,18,0,1900840,0,182724,10,6,24,24,-106323.2,530,48,0,0,2886865,792010,0,0,0,1108828,8674080,18,1425618,0,0,v0Nt0Go8Lb,RO12,taul,1K8T,xgSF,H9Tg2A0,zpdKTlu,bqg3,9_Y1,rGJy,VpdQ,IYzP,me75fM6ugJ,kIsH,uKAI,L84s,NhsEn4L,7Ww3FSW,O0hw,UYBR,FzaX,stpv4zN,oslk,YE7zrB7,LM8l689qOp,Qu4f,RAYp,F2FyR07IdsN7I
0,1218,7,2332,152,190,96,253.52,0,0,0,0.3682974,18,130,189,107184,12,2875.839,0,14,64,88,-1433860,685,0,16101,40,56555,38418,1040,0,9,24353,201684,16,39018,0,7,wRXmfo875g,LrdZy8QqgUfkVShG,taul,1K8T,0Xwj,fhk21Ss,I1sFbv_0IT,Qng4,F3hy,_48V,VpdQ,IYzP,7M47J5GA0pTYIFxg5uy,kIsH,uKAI,L84s,9fipLB8rlL,kZJjzeN,puWm,cJvF,FzaX,4UxGlow,zCkv,catzS2D,LM8l689qOp,3Cy4,ZI9m,ib5G6X1eUxUn6
0,588,7,4,92,115,0,176.56,0,1296,0,1.949583,9,54,14,14096,0,2150.325,5,2,24,32,-7491,645,6,4986,0,36930,0,120,0,0,1197,39840,32,2208,0,0,hSovyx7IEC,RO12,taul,1K8T,Bxva,PAgx_1Z,daiGnRstPa,aEDi,9_Y1,f4dr,VpdQ,IYzP,me75fM6ugJ,kIsH,uKAI,L84s,NhsEn4L,TDceha3,qCJ6,cJvF,FzaX,aoBj9cC,oslk,ouMYyXX,LM8l689qOp,szEZ,RAYp,F2FyR07IdsN7I
0,1589,14,1732,596,745,200,133.12,0,7656,0,4.543473,36,194,791,509936,0,4600.44,0,12,120,280,101592,2260,12,1503,0,717905,146166,610,0,27,118202,1190392,162,95496,0,0,qXhPe2ftjz,2Knk1KF,taul,1K8T,0Xwj,fhk21Ss,C0UHhjM,0W7l,HLqf,mTeA,09_Q,y6dw,7M47J5GA0pTYIFxg5uy,sBgB,uKAI,L84s,MeOIHRG3F9,EknepHi,0oYf,UYBR,FzaX,4UxGlow,zCkv,catzS2D,LM8l689qOp,FSa2,ZI9m,b9qbUNk0dML_Mvi2
0,889,7,68,148,185,40,253.52,5,2532066,0,5.370861,45,58,35,2534464,0,204474.9,25,4,40,32,271158.4,615,60,2952,16,3630445,792026,1285,6,27,0,9661360,22,950424,0,0,C2Dvyx875g,RO12,taul,1K8T,72yt,31DgrxB,AnFl2Mwxzd,EGIK,9_Y1,QMes,VpdQ,TIA9,me75fM6ugJ,kIsH,uKAI,L84s,XfqtO3UdzaXh_,11p4mKe,OJkH,UYBR,FzaX,SkQOhQy,oslk,DJMEsaq,LM8l689qOp,WqMG,RAYp,F2FyR07IdsN7I
0,630,7,500,100,125,48,298.24,15,4712628,0,3.354412,9,76,77,87848,0,23928.39,0,2,8,88,283651.6,400,24,7884,24,15510,2201400,925,0,27,0,7917680,6,475212,0,0,HrWrjIXt5a,RO12,taul,1K8T,vsvk,iJzviRg,VXoKBzz,pxAj,9_Y1,m7JR,09_Q,kxE9,7M47J5GA0pTYIFxg5uy,kIsH,uKAI,L84s,4kVnq_T26xq1p,jawuEK5,VjkP,cJvF,FzaX,ch2oGfM,zCkv,P6pu4Vl,LM8l689qOp,5Acm,ZI9m,R4y5gQQWY8OodqDV
0,280,7,356,104,130,120,43.96264,0,0,0,6.192907,9,146,14,5448,0,3051.54,0,6,16,8,-1869456,230,0,100980,0,48610,26160,1810,0,0,43827,131888,14,56934,0,0,gOyq9ayE15,AERks4l,taul,1K8T,z32l,fhk21Ss,nQUveAzAF7,SsC9,9_Y1,QBpP,VpdQ,IYzP,7M47J5GA0pTYIFxg5uy,kIsH,uKAI,L84s,4kVnq_T26xq1p,teA8n1t,35t7,cJvF,FzaX,4UxGlow,zCkv,catzS2D,LM8l689qOp,7P5s,ZI9m,ib5G6X1eUxUn6
0,1211,7,212,124,155,0,186.64,0,0,0,0.7737663,27,44,210,6220800,0,183311.1,0,0,32,72,151462,735,0,5697,0,9460750,0,60,0,9,0,10679000,44,0,0,0,DHeq9ayfAo,RO12,taul,1K8T,JLbT,IMI3Naj,J3fgbi2,1_v2,9_Y1,vm5R,VpdQ,zm5i,me75fM6ugJ,kIsH,uKAI,L84s,NhsEn4L,mAjbk_S,qjDV,UYBR,FzaX,NI568SY,oslk,kWFEVJ2,LM8l689qOp,7P5s,RAYp,F2FyR07IdsN7I
0,476,0,0,124,155,0,166.56,0,11404800,0,0.3099765,9,34,0,0,0,230511.3,45,0,32,0,150856.8,465,132,2880,0,0,0,0,0,0,0,10713640,0,0,0,0,NESt0G8EIb,AERks4l,taul,1K8T,EPHy,UaKK0yW,lGXpFd_2Rf,rxur,9_Y1,k13i,09_Q,IYzP,GjJ35utlTa_GNSvxxpb9ju,kIsH,uKAI,L84s,JBfYVit4g8,TDcwXAw,tdSs,UYBR,FzaX,hLKtJ9p,d0EEeJi,vr93T2a,jySVZNlOJy,fKCe,02N6s8f,xwM2aC7IdeMC0
0,1099,7,16,84,105,0,273.6,0,0,0,0.0209357,9,96,0,41832,9,10780.2,0,0,16,24,-1757852,215,0,2007,40,129880,0,40,0,18,22960,124820,36,0,0,14,DHeq9ayfAo,RO12,I9xt3GMcxUnBZ,1K8T,z32l,FJDupBg,FoJd6Lr,CAl2,9_Y1,QBpP,VpdQ,wMei,7M47J5GA0pTYIFxg5uy,kIsH,uKAI,L84s,E1aAZ0x7vd,OFqVH0t,ucdq,cJvF,FzaX,OYHoGfM,QKW8DRm,RlTh9x_,LM8l689qOp,7P5s,vJ_w8kB,WfJYmPMksSqa1pajvfG
0,896,7,472,156,195,96,133.12,0,0,0,3.315317,9,56,119,28528,0,3490.71,0,8,8,64,-7874,600,0,27747,0,71225,22574,85,0,0,0,164480,30,72132,0,0,1YVvyx7IEC,RO12,taul,1K8T,hM6W,H7Fp6vu,DKUDUftgA7,VTAI,9_Y1,RcM7,VpdQ,IYzP,me75fM6ugJ,kIsH,uKAI,L84s,NhsEn4L,cUQECyH,0W8n,cJvF,FzaX,MVOjtxg,oslk,Zwra5gA,LM8l689qOp,szEZ,RAYp,F2FyR07IdsN7I
0,560,7,52,68,85,32,200,0,0,0,1.8464,9,34,14,670992,0,14742.27,0,4,16,56,-7658.32,205,0,1764,0,45470,59464,65,0,0,215901,497780,8,10470,0,0,8I1q9ayE15,RO12,taul,1K8T,GYbZ,kkNNXZR,o64y9zI,f8qu,9_Y1,F_Lu,VpdQ,IYzP,me75fM6ugJ,kIsH,uKAI,L84s,NhsEn4L,mAjbk_S,Q5Cu,UYBR,FzaX,OTgfc8E,oslk,GeD7j0h,LM8l689qOp,TNEC,RAYp,F2FyR07IdsN7I
0,3500,0,0,256,320,56,253.52,0,3836184,0,0.6737877,9,62,0,2592640,0,56455.2,40,6,96,120,-35330.56,770,72,4752,0,3805605,410304,0,0,0,495159,9728520,38,1077054,0,0,xOXr4RXktW,RO12,taul,1K8T,487l,9GJGgoz,y4g9XoZ,S0AX,9_Y1,5euo,VpdQ,IYzP,Kxdu,kIsH,uKAI,L84s,FMSzZ91zL2,TDcZ5Ow,J_y3,cJvF,FzaX,Tvpip6Z,zCkv,hHJsvbM,LM8l689qOp,7FJQ,6fzt,SbOd7O8ky1wGNxp0Arj0Xs
0,238,0,0,252,315,208,166.56,0,116328,0,0.3541978,9,16,0,99968,0,5987.85,10,0,24,72,48371.2,725,12,0,0,225985,57392,0,0,0,51926,423284,48,0,0,0,dRavyx7ejg,RO12,taul,1K8T,lK27,LfZDijT,uPEdYI8RJ6,z67z,9_Y1,YGOC,VpdQ,IYzP,DHn_WUyBhW_whjA88g9bvA64_,kIsH,uKAI,L84s,CrNX,NGZ_12K,i0Pw,cJvF,FzaX,2AJT9Xl,d0EEeJi,Ou6RWa7,LM8l689qOp,szEZ,02N6s8f,F2FyR07IdsN7I
0,1267,7,12,76,95,16,233.44,0,230352,0,0.005981628,9,100,0,1466120,0,28681.17,10,8,16,40,-147.4284,375,24,144783,0,642020,78132,200,0,0,0,1623996,4,66360,0,0,YddTmBtueT,RO12,taul,1K8T,JLbT,qJShE4b,ELRUn57,CBcu,9_Y1,C6Eu,VpdQ,IYzP,me75fM6ugJ,kIsH,uKAI,L84s,NhsEn4L,beK4AFX,RnMT,UYBR,FzaX,Y2CKu_a,oslk,aIqdPAm,LM8l689qOp,rgKb,RAYp,F2FyR07IdsN7I
0,7,0,0,12,15,0,253.52,0,2206308,0,5.944243,9,14,0,1648,3,367923,0,0,8,8,-863032,15,12,0,8,0,0,0,0,0,0,1471696,0,0,0,0,EsYrjIX0Db,RO12,taul,1K8T,487l,YDGnrqW,P9HTde2,ZBNx,9_Y1,xQ2A,09_Q,IYzP,me75fM6ugJ,kIsH,uKAI,L84s,NhsEn4L,NGZxnJM,gvA6,UYBR,FzaX,DI493UA,oslk,xZb2pc5,LM8l689qOp,5Acm,RAYp,F2FyR07IdsN7I
0,203,7,88,32,40,24,33.44,0,0,0,2.623585,9,64,7,7424,0,3014.49,0,0,0,16,-53307.6,155,0,17280,0,12920,3946,170,0,0,0,21940,6,0,0,0,zcRZptzip9,RO12,taul,1K8T,wGW5,INoV6tQ,hCdK,AEyA,9_Y1,t_4G,VpdQ,IYzP,me75fM6ugJ,kIsH,uKAI,L84s,XfqtO3UdzaXh_,XTbPUYD,rtcn,cJvF,FzaX,kj7fGrO,oslk,pHGT3Cb,LM8l689qOp,Qu4f,RAYp,F2FyR07IdsN7I
0,903,7,1148,124,155,0,300.32,0,0,0,3.335826,9,58,0,6220816,0,206866.5,0,0,32,72,207518.4,495,0,26190,0,9415950,0,755,0,18,0,10643160,44,0,0,0,KXMgUH7IEC,RO12,taul,1K8T,72yt,DVqAQJk,J_sb4dmQwP,jWos,9_Y1,m_h1,VpdQ,sYC_,me75fM6ugJ,kIsH,uKAI,L84s,NhsEn4L,kq0n8Bj,qYx7,cJvF,FzaX,t0rm0jM,oslk,rUj52Lp,jySVZNlOJy,WqMG,RAYp,F2FyR07IdsN7I
0,469,0,0,144,180,16,350.72,0,6667020,0,6.208716,9,24,0,1382400,0,179735.7,25,4,32,16,86421.6,545,90,0,0,2861930,345600,0,0,9,0,10217400,20,559134,0,0,ZSNrjIX0Db,RO12,taul,1K8T,JLbT,82ydmQ4,ThrHXVS,QfCJ,9_Y1,YBFS,09_Q,IYzP,me75fM6ugJ,kIsH,uKAI,L84s,NhsEn4L,mAja5EA,jEnr,cJvF,FzaX,FonmS85,oslk,PC0a_vf,LM8l689qOp,5Acm,RAYp,F2FyR07IdsN7I
0,301,7,4,132,165,40,86.96,0,4276908,9,3.76928,18,140,0,2534464,3,207075.9,30,2,40,32,101046.8,505,54,90,16,3168080,792020,210,0,18,554414,10460880,16,475212,0,0,xOXTmBtFkL,2Knk1KF,taul,1K8T,AnrR,7GUAEa8,hojAC0N5VwVov,pBop,9_Y1,C6Eu,VpdQ,wMei,me75fM6ugJ,kIsH,uKAI,L84s,h0lfDKh52u4GP,IoI4mKe,sFm7,cJvF,FzaX,8OZoOXS,oslk,IDn52bd,LM8l689qOp,rgKb,RAYp,55YFVY9
0,532,7,2068,124,155,104,186.64,0,1387692,0,0.8987396,9,56,70,387040,0,68880.3,0,8,40,32,339919.6,375,30,97029,0,400920,879558,2040,0,9,245581,3539292,10,511188,0,0,JMGq9aXt5a,RO12,taul,1K8T,JLbT,2ZpOkab,7ruFuE4,o_4o,9_Y1,Y9Bl,VpdQ,43pnToF,me75fM6ugJ,kIsH,uKAI,L84s,NhsEn4L,TDceha3,oAVx,cJvF,FzaX,urwAk0_,oslk,tNoYyXX,jySVZNlOJy,uWr3,RAYp,F2FyR07IdsN7I
0,35,0,0,112,140,88,238,0,2511666,0,1.60564,9,16,0,0,0,165875.4,20,0,8,0,-290166.4,345,36,0,8,2615270,1276796,0,0,0,0,7249720,14,0,0,7,HrWq9aXt5a,RO12,taul,1K8T,TyGl,esxkA1P,MypiRtmdaO,zFWP,9_Y1,6TCl,VpdQ,IYzP,me75fM6ugJ,kIsH,uKAI,Mtgm,NhsEn4L,7WwuNea,vo1R,UYBR,FzaX,EPImS85,oslk,MI8s5nE,LM8l689qOp,uWr3,RAYp,F2FyR07IdsN7I
0,973,21,2172,300,375,56,220.08,0,9570120,0,4.320017,27,34,322,334104,0,163585.2,80,56,112,16,189094.8,730,114,7200,0,505725,348278,3115,0,9,103565,10689000,6,521094,0,0,JMGq9aXt5a,RO12,taul,1K8T,487l,faywyM5,ELRUn57,wmjt,9_Y1,Y9Bl,VpdQ,zm5i,DHn_WUyBhW_whjA88g9bvA64_,kIsH,uKAI,L84s,CrNX,y5FewfI,U1jJ,UYBR,FzaX,3s41NKZ,d0EEeJi,aD3P7LR,LM8l689qOp,uWr3,nIGXDli,F2FyR07IdsN7I
0,1218,7,136,128,160,96,186.64,0,461622,0,2.978424,9,50,0,2264312,0,138963.3,5,8,40,40,56458.4,770,12,4248,0,3270680,1866602,230,0,18,1209600,9259520,16,2073600,0,0,FAJgUH7ejg,RO12,taul,1K8T,72yt,ml5AEa8,zA2IZno2NK,6fqN,9_Y1,m_h1,VpdQ,IYzP,me75fM6ugJ,kIsH,uKAI,L84s,NhsEn4L,mAjbk_S,5NaN,UYBR,FzaX,XMrOtFs,oslk,3W_AIRG,LM8l689qOp,WqMG,RAYp,F2FyR07IdsN7I
0,1001,14,6556,236,295,136,286.96,0,1621392,0,5.06473,18,200,245,6220800,0,113143.2,0,0,32,72,94643.2,965,30,109746,0,7089600,274754,9610,0,18,604800,10412520,56,0,0,0,Ie5gUH7IEC,TW8dXluYzKpktZjuY8kSPBaZa,CiJDdr4TQ0rGERIS,1K8T,vSNn,fhk21Ss,o5WT5gy7iu,HSY1,9_Y1,1Bp0,VpdQ,y6dw,7M47J5GA0pTYIFxg5uy,kIsH,uKAI,L84s,a3CcPDe,CWNLnTo,Qbbj,cJvF,Lmli,4UxGlow,QKW8DRm,catzS2D,jySVZNlOJy,WqMG,ZI9m,NoEd
0,840,7,116,156,195,32,186.64,5,9347760,0,5.425977,9,178,0,2073712,0,215725.8,15,0,24,32,138514,520,114,18225,8,1542005,11814,735,0,18,604800,9562720,18,0,0,0,CxSr4RXktW,AERks4l,taul,1K8T,AkfA,fhk21Ss,Tg7jjBB,H9uJ,9_Y1,Cgc3,VpdQ,hAFG,7M47J5GA0pTYIFxg5uy,kIsH,uKAI,L84s,XfqtO3UdzaXh_,beKPUYD,_8eC,cJvF,FzaX,4UxGlow,oslk,catzS2D,LM8l689qOp,Xa3G,ZI9m,ib5G6X1eUxUn6
0,406,0,0,112,140,32,280.24,0,572214,0,0.5295877,18,24,0,3712872,0,120953.4,0,0,24,56,95584.4,595,18,0,0,4517355,273428,0,0,18,604800,6398640,28,0,0,0,1qmr4RQxul,RO12,taul,1K8T,lK27,THRJJYr,etM739XNbCmUu,hJPt,9_Y1,z5Ry,VpdQ,IYzP,me75fM6ugJ,kIsH,uKAI,L84s,NhsEn4L,kq0IYu6,hIp0,UYBR,FzaX,Nr9Y_02,oslk,afdTzYj,LM8l689qOp,FSa2,RAYp,F2FyR07IdsN7I
0,651,7,64,48,60,16,186.64,0,0,0,1.484298,9,38,21,527616,0,92969.09,5,8,16,16,85616.8,255,0,39330,0,331475,18738,420,0,9,19208,879808,6,187506,0,0,vAsTmBfHUn,RO12,taul,1K8T,487l,YLTY4q6,sLarhXg,BCG1,9_Y1,4N0K,VpdQ,zm5i,me75fM6ugJ,kIsH,uKAI,L84s,NhsEn4L,mAjbk_S,ySAE,UYBR,FzaX,wZZm94s,oslk,l9eMpgG,jySVZNlOJy,Qu4f,RAYp,F2FyR07IdsN7I
0,945,7,536,176,220,144,269.12,0,9150060,0,4.666951,18,40,28,0,0,192957.3,30,2,24,0,82713.2,550,108,1440,0,112505,874060,2010,0,9,0,10357360,2,518400,0,0,DHegUHXZeb,RO12,taul,1K8T,0Xwj,Jn8nx5A,hCdK,bQXC,F3hy,LqKm,VpdQ,zm5i,me75fM6ugJ,sBgB,uKAI,L84s,NhsEn4L,kZJtVhC,8IXo,cJvF,FzaX,b0vNgdR,oslk,yOuy5oW,LM8l689qOp,453m,RAYp,F2FyR07IdsN7I
0,2156,7,76,224,280,152,206.64,0,0,0,0.9826961,9,106,7,1842720,0,29774.91,10,10,72,104,-194692,1055,0,81936,0,875390,588950,710,0,9,630266,2937700,34,158760,0,0,LDPvyx7IEC,2Knk1KF,taul,1K8T,Bxva,4ry9ppn,I1sqWRxUAv,qqEk,9_Y1,YGOC,09_Q,hAFG,me75fM6ugJ,kIsH,uKAI,L84s,XfqtO3UdzaXh_,11p4mKe,kJNz,cJvF,FzaX,ZMNvOIl,oslk,tABTzYj,LM8l689qOp,szEZ,RAYp,55YFVY9
0,763,21,11396,96,120,80,133.12,0,249132,0,3.263191,27,168,665,364656,0,7820.94,0,2,8,16,19230.28,340,18,47160,0,353045,167346,5195,0,9,0,977348,16,17706,0,0,yaKt0Go8Lb,2Knk1KF,taul,1K8T,7gSz,fqeOwLG,daiGnRstPa,v90H,9_Y1,Z5OU,09_Q,haYg,7M47J5GA0pTYIFxg5uy,kIsH,uKAI,L84s,oOT00mkwDoEFW,ORM3Vj5,xqzj,cJvF,FzaX,fxJmel6,zCkv,WfsWw2A,LM8l689qOp,Qu4f,ZI9m,iyHGyLCEkQ
0,3003,21,2824,400,500,256,166.56,0,101514,0,1.186071,27,178,21,722880,0,13025.34,5,8,104,128,-129269.6,1335,6,41112,0,725755,229242,3340,0,27,295190,1592456,92,155238,0,0,LDPgUHXZeb,qqimvRzsp8ZZdKRPgzLg68joSn_k,taul,1K8T,JLbT,fhk21Ss,C_uQoStwYE,V9OO,9_Y1,STGZ,09_Q,hAFG,7M47J5GA0pTYIFxg5uy,kIsH,uKAI,L84s,XfqtO3UdzaXh_,beKPUYD,RRxJ,UYBR,FzaX,4UxGlow,oslk,catzS2D,LM8l689qOp,453m,ZI9m,iyHGyLCEkQ
0,5152,7,2024,584,730,320,220.08,30,3253506,0,2.873745,9,158,175,1660392,0,25544.49,75,14,96,112,-9852,2470,186,8019,48,3571845,587392,8495,0,36,27881,9025240,78,2008362,0,0,FoxgUHSK8h,onTuEhrJJQy_H3IHkZku5AFczhYGqxJ890,taul,1K8T,0Xwj,fqeOwLG,nQUq7hGe64,5xto,HLqf,mTeA,09_Q,hAFG,7M47J5GA0pTYIFxg5uy,sBgB,uKAI,L84s,XfqtO3UdzaXh_,XTbPUYD,2Rt3,UYBR,FzaX,fxJmel6,oslk,WfsWw2A,jySVZNlOJy,FSa2,ZI9m,iyHGyLCEkQ
0,1218,7,88,184,230,112,186.64,0,410262,0,3.885922,9,166,0,58472,0,10025.04,0,12,56,56,-866196,885,18,20268,0,667905,174814,895,0,27,658371,1623372,32,655014,0,0,NESt0G8EIb,AERks4l,taul,1K8T,wOc1,fhk21Ss,7ruFuE4,xklo,9_Y1,e7QV,VpdQ,kxE9,7M47J5GA0pTYIFxg5uy,kIsH,uKAI,L84s,6Ajbx58,beKDxVQ,p2M1,UYBR,FzaX,4UxGlow,QKW8DRm,catzS2D,jySVZNlOJy,fKCe,ZI9m,ib5G6X1eUxUn6
0,231,0,0,176,220,96,322.48,0,5847210,0,3.735527,9,18,0,4582896,0,193688.4,10,4,56,56,122117.2,585,72,0,0,2897295,361168,0,0,9,877275,10363280,18,1075734,0,0,etYt0G8EIb,RO12,taul,1K8T,PbOJ,d1uSYVk,yFNmAFc,A6xB,9_Y1,k13i,VpdQ,zm5i,me75fM6ugJ,kIsH,uKAI,Mtgm,NhsEn4L,mAja5EA,g2AX,UYBR,FzaX,7Om87dl,oslk,ZXdOTZB,LM8l689qOp,fKCe,RAYp,F2FyR07IdsN7I
0,1267,7,2144,124,155,0,166.56,0,130590,0,0.3187353,9,106,77,6220800,0,154798.5,0,0,32,72,138172.4,680,6,6831,0,9040850,0,555,0,18,0,10430120,42,0,0,0,1fZWq6e2Rv,RO12,taul,1K8T,AHgj,iJzviRg,Tg7jjBB,c69E,9_Y1,_xpN,VpdQ,giwq,7M47J5GA0pTYIFxg5uy,kIsH,uKAI,L84s,5gZdPPT4kHWmT,jawFktM,c1Do,UYBR,FzaX,ch2oGfM,zCkv,P6pu4Vl,LM8l689qOp,FSa2,ZI9m,R4y5gQQWY8OodqDV
0,742,7,408,136,170,32,320.4,0,8843400,0,6.623371,9,130,21,173096,0,222062.1,35,2,32,8,94760,485,114,1980,0,729480,602798,260,0,9,0,10536120,4,518400,0,0,xOXr4RXktW,2Knk1KF,taul,1K8T,ChAX,cSPyOPj,FoJylxy,oAnL,9_Y1,jakt,VpdQ,IYzP,me75fM6ugJ,kIsH,uKAI,L84s,NhsEn4L,beK4AFX,VNIv,UYBR,FzaX,urwOVQC,oslk,Am5OEra,LM8l689qOp,7FJQ,RAYp,55YFVY9
0,966,7,720,128,160,8,253.52,0,1184430,0,5.530442,9,76,35,4520712,0,186082.5,5,0,32,64,41319.2,505,18,315,0,8091850,26494,835,0,18,604800,9985440,38,0,0,0,1JGqrQKzJV,RO12,taul,1K8T,lK27,9GJGgoz,Fa_9vglMQn,GlY2,9_Y1,15m3,VpdQ,hAFG,Kxdu,kIsH,uKAI,L84s,FMSzZ91zL2,NGZokw4,qwWo,cJvF,FzaX,Tvpip6Z,zCkv,hHJsvbM,LM8l689qOp,FSa2,6fzt,SbOd7O8ky1wGNxp0Arj0Xs
0,868,14,7536,152,190,0,286.96,0,5702400,0,1.215125,36,180,1624,1979576,0,212532.6,30,2,72,64,134758,575,66,12141,0,4914585,0,2630,0,18,0,10671680,24,16068,0,0,1KSr4RK2Mx,RO12,taul,1K8T,PbOJ,fhk21Ss,GHfL3MpXAX,Ha2D,9_Y1,DtNL,VpdQ,hAFG,7M47J5GA0pTYIFxg5uy,kIsH,uKAI,L84s,FMSzZ91zL2,CWNjMmb,IPb7,cJvF,FzaX,4UxGlow,zCkv,catzS2D,jySVZNlOJy,FSa2,ZI9m,iyHGyLCEkQ
0,1288,7,68,96,120,48,99.68,0,0,0,6.541551,9,110,0,182616,0,3617.52,0,2,72,112,7012.16,480,0,1080,0,17185,13810,210,0,18,34188,143008,6,15498,0,0,HrWrjIXt5a,2Knk1KF,taul,1K8T,IvdZ,w9kODwF,J3fgbi2,eQma,9_Y1,VILw,VpdQ,haYg,me75fM6ugJ,kIsH,uKAI,L84s,XfqtO3UdzaXh_,XTbPUYD,7Klc,cJvF,wwPEXoilkr,fBw6pd1,oslk,0G87kpB,LM8l689qOp,5Acm,RAYp,55YFVY9
0,98,7,868,96,120,64,232.32,0,1260828,0,6.347789,27,138,7,0,0,44371.5,10,2,8,0,22658.84,370,36,63261,0,313460,311150,1000,0,18,0,2021952,14,117984,0,0,hSogUHXZeb,2Knk1KF,taul,1K8T,pGTb,BMnJ89M,VxueejWCG_,a1rY,9_Y1,7WNq,sJzTlal,hAFG,me75fM6ugJ,kIsH,uKAI,L84s,XfqtO3UdzaXh_,OFqmdNV,vQVO,UYBR,OFWH,8d5YWu3,oslk,sXbT3Cb,jySVZNlOJy,WqMG,RAYp,55YFVY9
0,1526,7,400,112,140,120,133.12,0,27756,0,1.4232,9,138,7,28328,0,8558.46,0,6,16,8,-36443.56,315,12,1107,0,82350,136336,310,0,36,24787,399112,14,41838,0,0,v0Nt0Go8Lb,2Knk1KF,taul,1K8T,LloI,PHNvXy8,M5EMUonV0M,sMzi,9_Y1,Z5OU,VpdQ,hAFG,NKv3VA1BpP,kIsH,uKAI,L84s,Ie_5MZs,CWNY2py,_Ck3,cJvF,FzaX,UF16siJ,zCkv,APgdzOv,LM8l689qOp,Qu4f,6fzt,Zy3gnGM
0,658,14,48,64,80,8,133.12,0,9108,0,0.5054476,27,74,14,56816,0,7746.6,5,2,24,72,23636,315,6,1701,0,24940,3792,275,0,9,0,72460,6,8028,0,0,zKnr4RXktW,RO12,taul,1K8T,0Xwj,X2GpJXZ,IQqVdTN5VubWL,lWOQ,HLqf,Cgc3,VpdQ,wMei,7M47J5GA0pTYIFxg5uy,sBgB,uKAI,L84s,Fhxn23u,teAmD0B,BVgN,cJvF,FzaX,7zmJrCp,QKW8DRm,mnBI9ec,LM8l689qOp,Xa3G,vJ_w8kB,WfJ2BB2SFSqauljlfOB
0,1764,7,280,368,460,192,133.12,0,0,0,3.52617,36,154,42,1038216,0,30996.3,0,22,88,152,101978.8,1020,0,279,0,1408635,337038,1720,0,36,310716,2779368,76,688914,0,0,8I1q9ayE15,AERks4l,taul,1K8T,0Xwj,fhk21Ss,FoJylxy,gsgF,HLqf,pQsY,VpdQ,wMei,7M47J5GA0pTYIFxg5uy,sBgB,uKAI,L84s,FMSzZ91zL2,11pnaL4,zPvi,UYBR,FzaX,4UxGlow,zCkv,catzS2D,LM8l689qOp,TNEC,ZI9m,ib5G6X1eUxUn6
0,4669,0,0,164,205,16,253.52,0,4931250,0,6.435163,18,26,0,1407176,0,21191.25,30,4,40,24,288243.6,595,78,0,0,5122950,40454,0,0,9,0,10388800,30,1000998,0,0,Yn7t0Go8Lb,RO12,taul,1K8T,j_M3,a5zOfm0,glRbITbnHQ,ot88,9_Y1,t_4G,VpdQ,zm5i,me75fM6ugJ,kIsH,uKAI,Mtgm,NhsEn4L,mAjbk_S,C0js,UYBR,FzaX,lRbfSEp,oslk,zccO8fW,LM8l689qOp,Qu4f,RAYp,F2FyR07IdsN7I
0,1190,7,132,260,325,112,66.88,0,3048,0,3.587054,9,58,56,193408,0,5035.14,0,2,32,88,-1931680,725,6,7758,0,304970,33510,640,0,9,58660,415116,76,8076,0,0,dTGmfo8zhV,RO12,taul,1K8T,EJC9,iJzviRg,76j2P_OLn0,pMap,9_Y1,6Kw9,VpdQ,giwq,7M47J5GA0pTYIFxg5uy,kIsH,uKAI,Mtgm,4kVnq_T26xq1p,jawX8Ya,nHjz,cJvF,FzaX,ch2oGfM,zCkv,P6pu4Vl,LM8l689qOp,3Cy4,ZI9m,R4y5gQQWY8OodqDV
0,2128,7,552,176,220,80,200,0,0,0,3.389447,18,78,7,296816,0,8127.18,0,20,40,144,-132209.2,815,0,95211,0,127305,43264,1345,0,0,63707,391776,12,82494,0,0,1KSqrQK2Mx,RO12,taul,z3mO,0Xwj,eIfMukw,lGXpFd_2Rf,O7_h,HLqf,15m3,09_Q,IYzP,me75fM6ugJ,sBgB,uKAI,L84s,NhsEn4L,mAja5EA,F_TZ,UYBR,AU8pNoi,ue3v1FD,oslk,E11ObSS,LM8l689qOp,FSa2,RAYp,F2FyR07IdsN7I
0,805,7,692,124,155,0,220.08,0,8064360,0,1.552019,9,58,7,1382400,0,204794.4,30,0,24,16,124779.6,520,96,22986,0,2592600,0,3465,0,9,0,10215120,14,0,0,0,_v2rjIKQ76,RO12,taul,1K8T,JLbT,wppdCrr,3YcHfLSW8dRWT4_W,Z99S,9_Y1,7WNq,VpdQ,sYC_,me75fM6ugJ,kIsH,uKAI,L84s,NhsEn4L,cUQDOTf,uMyL,UYBR,FzaX,7JxoOXS,oslk,3ykshbG,LM8l689qOp,WqMG,RAYp,F2FyR07IdsN7I
0,3297,14,11928,496,620,312,133.12,0,201660,0,2.611621,45,224,168,173360,0,4202.28,40,18,80,144,-45581.2,2195,144,9576,0,401640,286386,630,0,36,15932,1234948,52,153864,0,0,bZkvyxLkBI,BrRu5UxtiQY9TTJ8ABKpfS,CiJDdr4TQ0rGERIS,1K8T,lK27,fhk21Ss,6JeJzqR,Fg7F,9_Y1,vzJD,VpdQ,y6dw,7M47J5GA0pTYIFxg5uy,kIsH,uKAI,L84s,_5OXC8MSLt,kZJMFCG,4TbZ,UYBR,FzaX,4UxGlow,oslk,catzS2D,LM8l689qOp,xb3V,ZI9m,VjDE
0,7658,7,2620,1484,1855,192,253.52,0,1406364,0,6.851741,9,102,329,2600960,0,12125.73,425,16,336,160,2189.144,6720,750,21843,0,4836660,74014,1565,0,45,44541,6801360,218,81222,0,0,DQlgUH7IEC,RO12,taul,1K8T,tixA,iJzviRg,BzEHPg4,CY8K,9_Y1,1Bp0,VpdQ,haYg,7M47J5GA0pTYIFxg5uy,kIsH,uKAI,L84s,WsRVNrF85oPU_,kq0rkMN,42sz,cJvF,FzaX,ch2oGfM,zCkv,P6pu4Vl,LM8l689qOp,WqMG,ZI9m,R4y5gQQWY8OodqDV
0,7,0,0,60,75,8,584.08,10,7685040,9,2.320231,9,12,0,3027168,12,397299,0,0,0,8,-195891.2,75,48,0,56,1438510,79120,0,0,0,0,7946000,10,0,0,0,1PnOj1KVEH,RO12,taul,1K8T,0Y9G,MsEeb0o,o5WT5gy7iu,ejw5,9_Y1,jdbz,VpdQ,IYzP,me75fM6ugJ,kIsH,uKAI,Mtgm,NhsEn4L,cUQXfGp,Q_qr,cJvF,FzaX,ZnoRPlm,oslk,K90pVAO,LM8l689qOp,kwS7,RAYp,F2FyR07IdsN7I
0,1596,7,1292,44,55,16,259.04,0,7852800,0,1.291391,9,182,0,1414920,0,40963.5,5,0,0,8,-81664,385,36,131346,0,175925,443480,2420,0,54,0,7808200,2,0,0,0,8I1r4RXXnK,bYmQ4nc,taul,1K8T,0Xwj,fhk21Ss,GHfL3MpXAX,IKeG,HLqf,TFSW,VpdQ,y6dw,7M47J5GA0pTYIFxg5uy,sBgB,uKAI,L84s,DmYOBF5GfjJxb,ORM_IID,XWt9,cJvF,FzaX,4UxGlow,Al6ZaUT,catzS2D,LM8l689qOp,Xa3G,ZI9m,ib5G6X1eUxUn6
0,868,14,2516,328,410,80,166.56,0,55422,0,6.565264,36,108,245,132264,0,3907.59,10,14,24,112,-11071,1160,78,15156,0,361990,7818,630,0,18,0,421332,72,16524,0,0,dRavyx7ejg,RO12,taul,1K8T,TyGl,iJzviRg,FoJylxy,niur,9_Y1,YGOC,VpdQ,hAFG,7M47J5GA0pTYIFxg5uy,kIsH,uKAI,L84s,4kVnq_T26xq1p,TDchMJH,Ig5z,UYBR,FzaX,ch2oGfM,zCkv,P6pu4Vl,LM8l689qOp,szEZ,ZI9m,R4y5gQQWY8OodqDV
0,406,0,0,152,190,72,253.52,0,4498140,0,3.029908,9,24,0,1270512,0,184714.2,25,4,32,32,22673,560,72,0,0,2507200,1302960,0,0,9,0,10483160,12,1036800,0,0,75lr4RXktW,e6CkoqApVR,taul,1K8T,ZNsX,6CXYbuk,hOpRIhsUSP,oAnL,9_Y1,jakt,sJzTlal,zm5i,Kxdu,kIsH,uKAI,L84s,FMSzZ91zL2,kq0jANs,VNIv,UYBR,FzaX,ROeipLp,zCkv,K2SqEo9,LM8l689qOp,7FJQ,6fzt,F2FcTt7IdMT_v
0,3220,7,2040,908,1135,576,253.52,0,378054,0,6.008759,9,98,21,1374720,0,19052.55,10,24,128,248,-484152,3180,24,4887,0,2086700,484706,6610,0,18,433916,4357520,212,872814,0,0,u6tWq6edh4,RO12,taul,1K8T,487l,koz7asP,lGXpFd_2Rf,OATJ,9_Y1,_xpN,09_Q,sYC_,me75fM6ugJ,kIsH,uKAI,L84s,NhsEn4L,kq0aHkC,ecOm,UYBR,FzaX,3jaYE38,oslk,9tNR6zD,LM8l689qOp,FSa2,RAYp,F2FyR07IdsN7I
0,245,0,0,884,1105,1088,280.16,0,1049634,0,3.997864,27,12,0,373120,0,8163.96,15,48,224,64,-762192,1105,84,0,8,832190,169434,0,0,0,64477,2405644,72,192072,0,7,oUPBcmzkzH,RO12,taul,1K8T,JLbT,jZGp_0J,hm7ArlgaYT5V2,sGGa,9_Y1,EwzD,VpdQ,IYzP,me75fM6ugJ,kIsH,uKAI,L84s,NhsEn4L,7Ww66JZ,91pY,UYBR,FzaX,A7VR98m,oslk,lAlqYia,LM8l689qOp,Qcbd,RAYp,F2FyR07IdsN7I
0,2443,42,4996,540,675,168,200,0,1332,0,4.284982,126,72,28,2173712,0,20870.04,0,6,72,160,-145570,1935,6,333,0,1759960,419902,5485,0,0,248647,3345260,180,14616,0,0,qXhPe2ftjz,RO12,taul,1K8T,0Xwj,kox967o,Q50Ydp0,wxYz,HLqf,mTeA,sJzTlal,IYzP,me75fM6ugJ,sBgB,uKAI,L84s,NhsEn4L,mAjyhjG,OEtA,UYBR,FzaX,ifWNqhB,oslk,K55KSaP,LM8l689qOp,FSa2,RAYp,F2FyR07IdsN7I
0,2422,14,220,228,285,32,282.96,0,7129080,0,5.741936,18,32,21,2060080,0,55620.3,35,2,96,128,-66929.2,1650,90,1701,0,1468440,34176,880,0,9,297864,9032120,28,66852,0,0,JMGrjIXt5a,RO12,taul,1K8T,ZHNR,UpI8v8b,g3qThpsgtXBYo,MwQe,9_Y1,xQ2A,09_Q,zm5i,me75fM6ugJ,kIsH,uKAI,Mtgm,NhsEn4L,mAjbk_S,GEAT,cJvF,FzaX,bDfm94s,oslk,rBxAyXX,jySVZNlOJy,5Acm,RAYp,F2FyR07IdsN7I
0,2380,7,1696,36,45,0,261.44,0,1676988,0,1.116428,9,94,266,9676800,0,76572.3,10,2,16,16,-282348.8,320,18,20556,0,599445,0,2875,0,27,0,9488840,2,3628800,0,0,v0Nt0Go8Lb,AERks4l,taul,1K8T,487l,PHNvXy8,C0UHhjM,h0cA,9_Y1,rGJy,09_Q,6JmL,NKv3VA1BpP,kIsH,uKAI,L84s,Ie_5MZs,OFqdri0,nLOC,cJvF,FzaX,UF16siJ,zCkv,APgdzOv,LM8l689qOp,Qu4f,6fzt,xwM2aC7IdeMC0
0,805,7,3112,140,175,72,330.4,0,236406,0,4.766503,18,60,182,3952880,0,205683.3,0,4,32,72,127351.6,565,6,3312,0,6048000,1555200,490,0,9,0,10766520,28,1025532,0,0,KXMgUH7IEC,RO12,taul,1K8T,72yt,tAqnaaX,d6zx_0v,B7dd,9_Y1,m_h1,VpdQ,sYC_,me75fM6ugJ,kIsH,uKAI,L84s,NhsEn4L,NGZPqH0,KS5g,UYBR,FzaX,B0LYjZW,oslk,4YxEVaf,jySVZNlOJy,WqMG,RAYp,F2FyR07IdsN7I
0,2891,7,424,380,475,176,166.56,5,45036,0,0.9542832,9,34,581,315008,0,20331.12,0,20,64,128,-1724652,1470,24,24039,8,1099900,195044,210,0,0,14014,1680764,86,334842,0,0,avkq9ayfAo,RO12,taul,1K8T,z32l,faywyM5,76j2P_OLn0,kwNd,9_Y1,vm5R,VpdQ,IYzP,DHn_WUyBhW_whjA88g9bvA64_,kIsH,uKAI,L84s,CrNX,kq0Ng6w,gkqB,cJvF,FzaX,3s41NKZ,d0EEeJi,aD3P7LR,LM8l689qOp,7P5s,nIGXDli,F2FyR07IdsN7I
0,777,7,1068,112,140,48,200,0,0,0,4.240547,9,50,7,68600,0,6711.81,15,24,104,32,-64192.8,260,0,8631,0,19715,16604,1980,0,0,14868,129460,6,47718,0,0,2jirEyXktW,RO12,taul,1K8T,YFAj,LKy47iP,lGX0Z38RhO,mEmB,9_Y1,VwCR,sJzTlal,IYzP,me75fM6ugJ,kIsH,uKAI,L84s,NhsEn4L,mAjcfkM,hCAr,UYBR,FzaX,ZLrmfvd,oslk,khtiNPX,LM8l689qOp,Aoh3,RAYp,F2FyR07IdsN7I
0,805,28,1712,140,175,72,255.84,0,323316,0,2.253365,36,130,511,2953688,0,227975.1,0,8,48,48,65378.4,505,18,30636,0,5510100,1555200,9275,0,27,154686,10333800,26,1684422,0,0,T1hBcmzkzH,g62hiBSaKg,taul,1K8T,KqYs,fhk21Ss,etM739XNbCmUu,P8e6,9_Y1,4nnx,VpdQ,itlM,7M47J5GA0pTYIFxg5uy,kIsH,uKAI,L84s,4kVnq_T26xq1p,y5F2n31,NCfE,cJvF,FzaX,4UxGlow,zCkv,catzS2D,jySVZNlOJy,Qcbd,ZI9m,ib5G6X1eUxUn6
0,812,7,904,192,240,72,200.64,0,7422,0,2.820124,9,126,35,60464,0,8350.89,0,4,48,56,-1350072,1210,6,35496,0,414940,35096,1780,0,18,0,454844,58,26280,0,0,51rt0G8rTN,2Knk1KF,taul,1K8T,wOc1,cmPnuwV,C_u8_AlBK7,kfen,9_Y1,k13i,09_Q,sYC_,me75fM6ugJ,kIsH,uKAI,Mtgm,XfqtO3UdzaXh_,XTbPUYD,DLTh,UYBR,qxDb,efg87dl,oslk,_JxAGfT,LM8l689qOp,fKCe,RAYp,55YFVY9
0,343,0,0,176,220,64,265.76,0,4515474,0,3.878018,9,22,0,1900856,0,173449.5,15,8,32,24,224182.4,660,66,0,0,4513115,498302,0,0,9,1108835,10505880,30,1481448,0,0,Ie5gUH7IEC,RO12,taul,1K8T,lK27,fIZ2EMp,NW71mrodGH,8V5L,9_Y1,m_h1,VpdQ,zm5i,7M47J5GA0pTYIFxg5uy,kIsH,uKAI,Mtgm,NhsEn4L,mAja5EA,9ueV,UYBR,FzaX,YZ2TNgw,oslk,x3aOgRj,LM8l689qOp,WqMG,ZI9m,F2FyR07IdsN7I
0,903,7,640,128,160,8,186.64,0,7731720,0,2.548814,18,56,168,2408,0,156636.3,40,0,32,8,14030.28,630,90,129294,0,1648790,97686,200,0,9,0,9208040,14,0,0,0,1JGr4RKzJV,RO12,taul,1K8T,PGNs,6CXYbuk,DKUDUftgA7,8BLx,9_Y1,DtNL,VpdQ,IYzP,Kxdu,kIsH,uKAI,L84s,9pUnzWLbztKTo,TDc92TK,ai8u,UYBR,FzaX,ROeipLp,zCkv,K2SqEo9,LM8l689qOp,FSa2,6fzt,am14IcfM7tWLrUmRT52KtA
0,7133,0,0,3144,3930,1392,200,0,5377722,0,2.436232,9,30,0,1021560,0,18392.34,125,114,600,592,149931.6,11645,642,0,0,1965600,952748,0,0,0,698397,10417520,698,518460,0,0,NESWq69R_D,AERks4l,taul,1K8T,TyGl,h_BBboK,npGyKwQ8tf,0xFv,9_Y1,RVjC,VpdQ,IYzP,GjJ35utlTa_GNSvxxpb9ju,kIsH,uKAI,L84s,JBfYVit4g8,TDctq2l,Kz6e,UYBR,FzaX,30WSHS3,Al6ZaUT,1eIHsbu,LM8l689qOp,FSa2,02N6s8f,xwM2aC7IdeMC0
0,231,0,0,28,35,16,341.84,0,0,0,3.885922,9,22,0,4838400,0,256970.4,15,0,32,8,78146.4,380,0,0,0,125970,446,0,0,9,0,9778480,2,0,0,0,E3dr4RQxul,RO12,taul,1K8T,Xa_z,_ybO0dd,unBX5Si,9FB6,9_Y1,z5Ry,09_Q,zm5i,me75fM6ugJ,kIsH,uKAI,Mtgm,NhsEn4L,7WwuNea,0GE8,UYBR,FzaX,L91KIiz,oslk,CE7uk3u,LM8l689qOp,FSa2,RAYp,F2FyR07IdsN7I
0,4312,7,2744,240,300,56,253.52,0,5018808,0,4.085025,9,90,343,3168248,0,25171.44,30,6,40,40,-123493.2,1100,96,9774,0,2232800,218882,770,0,9,0,9117840,46,841776,0,0,py5gUH7ejg,RO12,taul,1K8T,JLbT,cGQ0k8W,qj03jwcNh2VDYrHl,nEZf,9_Y1,bJXB,09_Q,haYg,me75fM6ugJ,kIsH,uKAI,L84s,XfqtO3UdzaXh_,XTbPUYD,T7FRhvp,cJvF,AU8_WTd,7HOOZ4E,oslk,964qjwa,jySVZNlOJy,w_Ub,RAYp,F2FyR07IdsN7I
0,602,0,0,244,305,152,166.56,0,3390588,0,5.720145,9,18,0,1686816,0,25381.02,10,14,64,88,231678.4,975,24,0,0,317320,78064,0,0,0,1390872,3895992,36,39546,0,0,voArjIXt5a,RO12,taul,1K8T,0Xwj,NwKnsla,9UgO4AFTtt,wJQF,HLqf,YBFS,VpdQ,IYzP,me75fM6ugJ,sBgB,uKAI,L84s,NhsEn4L,mAja5EA,YvTp,cJvF,FzaX,ZV0mFX7,oslk,1E9D3Yd,LM8l689qOp,5Acm,RAYp,F2FyR07IdsN7I
0,217,0,0,360,450,168,316.48,5,43908,0,4.09122,9,14,0,103840,0,2712.765,5,28,104,128,-19192.56,450,30,0,8,87250,49886,0,0,0,102725,325532,66,111396,0,0,P1WvyxLp3Z,RO12,taul,1K8T,0Xwj,VjLkKKt,ZkibjLN5VwJ2V,fTvJ,HLqf,vzJD,VpdQ,IYzP,me75fM6ugJ,sBgB,uKAI,L84s,NhsEn4L,mAja5EA,zPlC,cJvF,FzaX,7CP8jNM,oslk,kPWQhib,LM8l689qOp,xb3V,RAYp,F2FyR07IdsN7I
0,98,0,0,192,240,80,20.08,0,6985260,0,0.3080539,27,14,0,1467616,0,156358.5,45,0,32,40,49012.4,240,96,0,0,2956370,4860,0,0,0,0,10006960,16,0,0,0,LDPvyx7IEC,RO12,taul,1K8T,lK27,My6jZUX,FoJylxy,yapK,9_Y1,qaiO,VpdQ,IYzP,DHn_WUyBhW_whjA88g9bvA64_,kIsH,uKAI,L84s,CrNX,7WwXdep,gRNN,cJvF,FzaX,lK7idD8,d0EEeJi,uYhbyK7,LM8l689qOp,szEZ,02N6s8f,F2FyR07IdsN7I
0,574,7,1648,100,125,48,253.52,0,2053836,0,1.466994,9,102,84,1267272,0,72798.59,5,6,24,16,-337069.2,490,36,4113,0,1221165,821528,3040,0,18,554435,5578960,14,991824,0,0,HYTvyx7ejg,RO12,taul,1K8T,lK27,idWJKO_,UnPEkD6Pex,CVJ8,9_Y1,xSqs,09_Q,haYg,me75fM6ugJ,kIsH,uKAI,L84s,XfqtO3UdzaXh_,XTbPUYD,Gkqn,cJvF,FzaX,z0TYlW4,oslk,9mKTE6Y,LM8l689qOp,szEZ,RAYp,F2FyR07IdsN7I
0,42,0,0,92,115,48,321.84,5,1602234,9,4.079684,9,16,0,3942024,3,216052.2,5,4,16,24,-462700,135,30,0,24,1450140,1020626,0,0,0,390558,6996440,12,299334,0,0,cFHt0GoOh3,RO12,taul,1K8T,0Xwj,pro8v8X,lGXgoj_xeN,GgCV,HLqf,rGJy,sJzTlal,IYzP,me75fM6ugJ,sBgB,uKAI,L84s,NhsEn4L,kq0IUgY,eAWe,UYBR,FzaX,meWVy8V,oslk,DQ3u3MC,LM8l689qOp,Qu4f,RAYp,F2FyR07IdsN7I
0,798,0,948,140,175,8,220.08,0,2234868,0,0.249733,18,118,0,4147200,0,133000.8,10,0,32,48,137166,510,42,95211,0,7877350,63210,0,0,36,0,10683040,38,0,0,0,AhzOj17IEC,2Knk1KF,taul,1K8T,487l,kJ1P82A,76j2P_OLn0,eoAl,9_Y1,zfpA,VpdQ,hAFG,me75fM6ugJ,kIsH,uKAI,L84s,XfqtO3UdzaXh_,11p4mKe,Pvc5,cJvF,FzaX,Jptfql_,oslk,2wCqFbB,LM8l689qOp,7aLG,RAYp,55YFVY9
0,5621,7,536,216,270,24,286.96,0,9858,0,5.166845,18,104,140,1547504,0,7479.99,0,6,80,104,222239.6,630,12,19323,0,4525445,39202,1255,0,27,588133,4597280,66,177264,0,0,xOXr4RXktW,RO12,taul,1K8T,0Xwj,4M5uMXJ,zA2IZno2NK,S0AX,HLqf,5euo,VpdQ,lVqb,me75fM6ugJ,sBgB,uKAI,Mtgm,XfqtO3UdzaXh_,XTbPUYD,qZh0,UYBR,FzaX,IvCOZ4E,oslk,FjXRDbC,LM8l689qOp,7FJQ,RAYp,F2FyR07IdsN7I
0,1092,0,500,136,170,32,299.2,0,5227374,0,0.06772057,9,84,0,3168112,0,70824.91,10,2,32,40,108142.8,450,66,118323,0,4356155,556370,0,0,9,554421,10617080,22,475218,0,0,GcUt0G8rTN,RO12,taul,1K8T,NF63,jMFkXPi,98kUPa9,arA5,9_Y1,k13i,09_Q,sYC_,me75fM6ugJ,kIsH,uKAI,L84s,NhsEn4L,kq0aHkC,rVRa,UYBR,FzaX,yBu8hdx,oslk,853QZmh,jySVZNlOJy,fKCe,RAYp,F2FyR07IdsN7I
0,854,7,588,116,145,24,133.12,0,0,0,3.991241,9,158,0,681048,0,49229.1,0,0,48,72,49899.2,420,0,720,0,2058240,9112,275,0,18,46410,2005340,34,0,0,0,1GdOj1KXzC,2Knk1KF,taul,1K8T,z32l,fhk21Ss,BqAsZQ3,4hn7,9_Y1,ID5l,VpdQ,hAFG,7M47J5GA0pTYIFxg5uy,kIsH,uKAI,L84s,Ie_5MZs,CWNY2py,P_eR,cJvF,FzaX,4UxGlow,zCkv,catzS2D,LM8l689qOp,kwS7,ZI9m,TCU50_Yjmm6GIBZ0lL_
0,1967,7,188,212,265,56,367.6,0,0,0,1.885281,9,46,0,648752,0,13914.81,0,12,96,88,36560.56,825,0,4383,0,566305,27914,135,0,9,77175,911368,58,117180,0,0,GcUt0G8rTN,RO12,taul,1K8T,TyGl,gwY4NQF,9g4oaYjoL0,431x,9_Y1,k13i,VpdQ,IYzP,me75fM6ugJ,kIsH,uKAI,L84s,NhsEn4L,TDcECyH,Extz,UYBR,FzaX,t5EoLzk,oslk,ag5iNPX,LM8l689qOp,fKCe,RAYp,F2FyR07IdsN7I
0,1323,7,972,316,395,208,143.12,0,0,0,0.243965,9,56,0,727480,0,46707,5,22,96,80,83254,1015,0,8901,0,2228875,324666,1615,0,0,454951,3409544,62,918570,0,0,dRaTmBfHUn,RO12,taul,1K8T,JLbT,bbJMPAv,ogxf5qHmyicrtmNG,Dyax,9_Y1,Z5OU,VpdQ,IYzP,me75fM6ugJ,kIsH,uKAI,L84s,NhsEn4L,TDceha3,NUGF,cJvF,FzaX,J9KmS85,oslk,kqrML05,LM8l689qOp,Qu4f,RAYp,F2FyR07IdsN7I
0,1092,7,4,220,275,104,295.12,0,3413772,0,1.525315,9,34,0,4477472,0,133652.7,20,6,64,64,273126,835,48,4896,0,5971350,148314,215,0,9,141274,10265120,38,123144,0,0,dTGmfo8zhV,RO12,taul,1K8T,JLbT,jfPGUL5,q2tfFQq,vVfW,9_Y1,_48V,VpdQ,zm5i,me75fM6ugJ,kIsH,uKAI,L84s,NhsEn4L,kZJyVg2,7ijs,cJvF,FzaX,dbpDBnE,oslk,H_MRmrT,LM8l689qOp,3Cy4,RAYp,F2FyR07IdsN7I
0,399,0,0,124,155,8,220.08,0,1375110,0,0.9910276,9,28,0,5472808,0,190280.4,5,0,32,64,128620.4,345,18,0,0,7776000,172800,0,0,9,0,10565160,36,0,0,0,oUPBcmzkzH,RO12,taul,1K8T,KqYs,C1RradW,LWyxgtXeJL,_pOA,9_Y1,WGOH,VpdQ,zm5i,me75fM6ugJ,kIsH,uKAI,Mtgm,NhsEn4L,kZJtVhC,PsTo,UYBR,FzaX,82JDGHt,oslk,z5oqDjb,LM8l689qOp,Qcbd,RAYp,F2FyR07IdsN7I
0,938,7,232,228,285,112,166.56,0,9588,0,5.501602,36,106,308,316968,0,13863.39,5,18,64,64,96343.2,670,18,7119,0,379040,131086,220,0,18,222558,1061812,44,467094,0,0,etYBcmRZ57,RO12,LfvqpCtLOY,1K8T,TyGl,oKsne2L,J3fgbi2,Xoh1,9_Y1,WGOH,VpdQ,kxE9,me75fM6ugJ,kIsH,g5HH,L84s,XfqtO3UdzaXh_,11p4mKe,rdgs,UYBR,Lmli,iEXADXQ,oslk,xWWynIC,jySVZNlOJy,Qcbd,RAYp,F2FyR07IdsN7I
0,8036,14,788,184,230,56,280.48,0,5374482,0,2.806452,18,146,280,311376,0,16855.26,30,8,32,8,76461.2,610,72,62370,0,3236560,407528,5460,0,18,1381282,10274680,32,1900848,0,0,cFHt0GoOh3,rEUOq2QD1qfkRr6qpua,taul,1K8T,wGW5,fhk21Ss,KyxX4chnKM,vgiU,9_Y1,t_4G,09_Q,itlM,7M47J5GA0pTYIFxg5uy,kIsH,uKAI,L84s,4kVnq_T26xq1p,OFqjOXW,dyYP,UYBR,FzaX,4UxGlow,zCkv,catzS2D,LM8l689qOp,Qu4f,ZI9m,ib5G6X1eUxUn6
0,7,0,0,16,20,8,236.24,0,239112,0,6.585559,18,12,0,0,6,700056,0,2,8,0,-237522.4,20,6,0,24,210770,948170,0,0,0,0,3733636,2,2263908,0,7,Yn7t0Go8Lb,RO12,taul,1K8T,ffXs,RZHcTEF,yiXTc3CbD1,D04C,9_Y1,MGOA,VpdQ,IYzP,me75fM6ugJ,kIsH,uKAI,L84s,NhsEn4L,mAja5EA,1Bul,cJvF,FzaX,x6SfGrO,oslk,xBBRusu,LM8l689qOp,Qu4f,RAYp,F2FyR07IdsN7I
0,3066,7,660,480,600,296,166.56,10,13098,0,1.134587,9,54,175,431456,0,7980.271,5,28,104,96,-38921.16,1940,6,44307,16,989560,246446,5600,0,0,298480,1602524,110,140034,0,0,etYt0GVuu1,RO12,taul,1K8T,wOc1,Po5CXtX,1lFJzqR,0flG,9_Y1,e7QV,VpdQ,IYzP,me75fM6ugJ,kIsH,g5HH,L84s,NhsEn4L,TDceha3,AvX8,cJvF,FzaX,2X58jNM,oslk,CNdED8N,LM8l689qOp,fKCe,RAYp,F2FyR07IdsN7I
0,1288,7,1984,128,160,16,257.92,0,518412,0,0.3565477,9,82,301,5529600,0,74576.09,0,0,32,64,431884,535,6,15273,0,8935350,31830,580,0,27,0,10322360,42,0,0,0,NESt0G8EIb,RO12,taul,1K8T,2Ix5,iJzviRg,nQUq7hGe64,CZy_,9_Y1,k13i,09_Q,hAFG,7M47J5GA0pTYIFxg5uy,kIsH,uKAI,Mtgm,WsRVNrF85oPU_,kZJw5PI,thcN,UYBR,FzaX,ch2oGfM,zCkv,P6pu4Vl,LM8l689qOp,fKCe,ZI9m,R4y5gQQWY8OodqDV
0,2114,0,408,164,205,56,288.88,0,6364440,0,4.418928,9,110,63,1029032,3,81373.5,35,4,40,24,33280.84,600,84,32985,8,585360,907250,0,0,27,0,9583040,16,542250,0,0,2jigUH7ejg,RO12,taul,1K8T,lK27,fnPWNDD,J_sb4dmQwP,irEM,9_Y1,m_h1,VpdQ,sYC_,Kxdu,kIsH,uKAI,L84s,FMSzZ91zL2,LQcTX3l,BIXf,UYBR,FzaX,ACmK9Wu,zCkv,VMoAgU3,LM8l689qOp,WqMG,6fzt,SbOd7O8ky1wGNxp0Arj0Xs
0,1148,0,0,692,865,200,220.08,0,5768610,0,5.37257,9,28,0,2812664,0,40038.3,50,18,72,88,290436.4,1515,180,0,0,3354310,558368,0,0,36,263102,10363120,176,579108,0,0,75lTmBtFkL,eSGpMwS8zSGgq_trOpckZ5,taul,1K8T,PbOJ,raf0iwa,pNAbKh0,MBL1,9_Y1,47ra,sJzTlal,haYg,GjJ35utlTa_GNSvxxpb9ju,kIsH,uKAI,L84s,UbxQ8lZ,ORMRote,F3t3,cJvF,FzaX,ot61WU5,Al6ZaUT,IIvq6g3,LM8l689qOp,rgKb,02N6s8f,R4y5gQQWY8OodqDV
0,1484,7,12,208,260,104,166.56,0,5772,0,6.171545,9,62,7,24024,3,5537.31,15,6,16,24,63603.2,1500,6,1332,8,210740,64334,410,0,0,0,322172,58,3654,0,0,639qrQK2Mx,RO12,taul,1K8T,AnrR,eIfMukw,UnPVrhYT1Y,JYpP,9_Y1,15m3,sJzTlal,IYzP,me75fM6ugJ,kIsH,uKAI,L84s,NhsEn4L,mAjbk_S,QpuF,cJvF,FzaX,ue3v1FD,oslk,E11ObSS,LM8l689qOp,FSa2,RAYp,F2FyR07IdsN7I
0,714,14,136,128,160,0,253.52,5,6558900,0,0.4197821,27,38,49,1982040,0,251806.5,30,2,40,32,-469920,510,78,60480,8,2726485,0,375,0,18,524685,9465200,16,518400,0,0,vAsTmBfHUn,RO12,taul,1K8T,xgSF,6JE1QFM,r83_sZi,Eg4G,9_Y1,Gx0B,VpdQ,IYzP,me75fM6ugJ,kIsH,uKAI,Mtgm,NhsEn4L,NGZXfGp,deRl,UYBR,FzaX,ie2v1FD,oslk,k19R6zD,LM8l689qOp,Qu4f,RAYp,F2FyR07IdsN7I
0,679,7,2072,136,170,0,253.52,0,7776000,0,4.836787,9,86,0,104032,0,210103.8,50,0,32,16,212870.8,585,90,174429,0,2502530,0,275,0,9,0,10602240,14,0,0,0,_v2rjIKQ76,RO12,taul,1K8T,487l,WBE7_nh,J_sb4dmQwP,ZHYH,9_Y1,7WNq,VpdQ,sYC_,me75fM6ugJ,kIsH,uKAI,L84s,NhsEn4L,beK4AFX,Q_Iv,UYBR,FzaX,Nh_lI5k,oslk,MKErUdI,LM8l689qOp,WqMG,RAYp,F2FyR07IdsN7I
0,1995,14,1500,172,215,56,784.24,0,6335940,0,3.235847,18,54,952,1208,0,83504.09,30,6,32,8,112696,925,84,26235,0,1916290,787990,1165,0,9,604800,10152120,24,1555200,0,0,etYt0G8EIb,RO12,taul,1K8T,0Xwj,9GJGgoz,TPNq,ViRu,HLqf,k13i,09_Q,zm5i,Kxdu,sBgB,uKAI,L84s,FMSzZ91zL2,TDcZ5Ow,kRGf,UYBR,FzaX,Tvpip6Z,zCkv,hHJsvbM,LM8l689qOp,fKCe,6fzt,SbOd7O8ky1wGNxp0Arj0Xs
0,2268,14,4108,344,430,128,200,0,2134662,0,2.166631,18,96,553,3927808,0,80163.3,45,14,104,72,184122.8,1535,132,70848,0,7292300,188510,2675,0,9,221284,10638720,46,348738,0,0,FAJWq69cTy,RO12,taul,1K8T,ssAy,GdzFZs5,J3fgbi2,Brlx,9_Y1,Px52,VpdQ,sYC_,me75fM6ugJ,kIsH,uKAI,L84s,NhsEn4L,beK4AFX,2Bcd,cJvF,FzaX,Xsg8XLE,oslk,eIi2qo0,M_8D,PM2D,RAYp,F2FyR07IdsN7I
0,595,0,0,156,195,96,259.76,0,2851236,0,5.658406,9,28,0,0,0,176947.2,30,10,40,0,596564,570,36,0,0,3687210,1124572,0,0,9,1108814,10291080,20,2376030,0,0,DHegUHXZeb,RO12,taul,1K8T,0Xwj,LHrpdAf,_jTP8ioIlJ,Enyj,HLqf,8BBI,VpdQ,zm5i,me75fM6ugJ,sBgB,uKAI,Mtgm,NhsEn4L,NGZXfGp,e7Am,UYBR,AU8pNoi,rSNVGQ9,oslk,O8szlpr,LM8l689qOp,453m,RAYp,F2FyR07IdsN7I
0,861,21,3776,120,150,8,363.28,0,0,0,6.365948,45,106,266,4149008,0,220652.7,0,4,32,56,38498,495,0,37656,0,8439350,172800,8345,0,9,0,9862800,40,1036800,0,0,vAsgUHXM47,2Knk1KF,taul,1K8T,JLbT,PHNvXy8,8nstQ62E0C,sDah,9_Y1,STGZ,VpdQ,hAFG,NKv3VA1BpP,kIsH,uKAI,L84s,Ie_5MZs,CWNY2py,hvGZ,UYBR,FzaX,UF16siJ,zCkv,APgdzOv,jySVZNlOJy,453m,6fzt,Zy3gnGM
0,336,0,0,96,120,0,186.64,0,9331200,0,1.863277,9,30,0,0,0,197671.8,30,0,24,0,233459.6,430,108,0,0,0,0,0,0,0,0,8294400,0,0,0,0,HAoOj1KXzC,RO12,taul,1K8T,0Xwj,lCphli9,EXpWEXgaYpMJ7,PP_h,HLqf,ID5l,VpdQ,IYzP,me75fM6ugJ,sBgB,uKAI,L84s,NhsEn4L,mAjbk_S,ApS6,UYBR,FzaX,MVOAHgk,oslk,gkfqCcD,LM8l689qOp,kwS7,RAYp,F2FyR07IdsN7I
0,126,0,0,108,135,24,0,0,0,0,2.236701,9,80,0,9584,0,39250.2,0,0,0,8,96608.4,435,0,1305,0,1698805,18060,0,0,27,0,1399956,46,0,0,0,zcROj1KVEH,RO12,taul,1K8T,ZNsX,voXPV0c,S85YZxYiez,wCmr,9_Y1,vYXv,09_Q,haYg,me75fM6ugJ,kIsH,uKAI,L84s,XfqtO3UdzaXh_,11p4mKe,8tK9,cJvF,FzaX,5Zxfc8E,oslk,7wLqhZX,LM8l689qOp,kwS7,RAYp,F2FyR07IdsN7I
0,861,0,36,64,80,16,296.08,0,5987532,0,2.900235,9,34,0,4658888,0,175869,5,0,8,24,63127.6,425,36,183879,0,369530,407548,0,0,9,0,9851040,8,0,0,0,HYTrjIK12c,RO12,taul,1K8T,tXti,J8SDj08,bGUqwlz,PUAq,9_Y1,7WNq,VpdQ,zm5i,me75fM6ugJ,kIsH,uKAI,L84s,NhsEn4L,mAjAVZm,TCJE,cJvF,FzaX,azMRsCb,oslk,egEmC_N,LM8l689qOp,WqMG,RAYp,F2FyR07IdsN7I
0,875,7,3084,20,25,0,380.64,0,0,0,0.109592,9,44,0,0,0,205565.4,20,0,0,0,-159596,470,0,19377,0,776880,0,85,0,18,0,10288640,2,0,0,0,1JGTmBQZiT,RO12,taul,1K8T,487l,9GJGgoz,hecbrYK,yyC8,9_Y1,TjV7,sJzTlal,43pnToF,Kxdu,kIsH,uKAI,L84s,FMSzZ91zL2,TDcZ5Ow,GqvK,UYBR,FzaX,Tvpip6Z,zCkv,hHJsvbM,jySVZNlOJy,FSa2,6fzt,SbOd7O8ky1wGNxp0Arj0Xs
0,1176,0,172,256,320,72,336.88,0,3741132,0,2.433882,9,58,14,1796312,0,132659.7,70,8,32,24,432868,755,60,0,0,3498010,823072,0,0,9,554421,10477600,48,1900866,0,0,bt0mfo875g,RO12,taul,1K8T,KXDt,VcWp_2L,XpZBOej,8FB6,9_Y1,gnEy,VpdQ,wMei,7M47J5GA0pTYIFxg5uy,kIsH,uKAI,Mtgm,fnfcPDe,_Jda0yv,FM6S,UYBR,FzaX,dBlJbH2,QKW8DRm,Z2_IPGf,LM8l689qOp,3Cy4,vJ_w8kB,WfJ2BB2SFSqauljlfOB
0,490,7,68,100,125,112,166.56,0,0,0,4.481735,9,28,0,277600,0,60988.2,10,6,8,8,58390.8,425,0,14643,0,512340,260750,255,0,9,0,1693184,10,64746,0,0,HrWq9aXt5a,RO12,taul,1K8T,L80O,eYPcFZv,LH0BJkjM1L,Yis9,9_Y1,6TCl,09_Q,43pnToF,me75fM6ugJ,kIsH,uKAI,L84s,NhsEn4L,mAja5EA,QYIM,cJvF,FzaX,95rRJ5l,oslk,aQw6TM2,LM8l689qOp,uWr3,RAYp,F2FyR07IdsN7I
0,490,0,0,148,185,0,210,0,3168,0,2.056612,9,26,0,136704,0,2897.058,0,0,32,88,7736.28,500,6,0,0,128490,0,0,0,0,5880,173256,50,0,0,0,xOXr4RXktW,RO12,taul,1K8T,lK27,cSPyOPj,ARvzJXx,dIwf,9_Y1,jakt,VpdQ,sYC_,me75fM6ugJ,kIsH,uKAI,L84s,NhsEn4L,mAjR0Ac,TJ_K,UYBR,FzaX,urwOVQC,oslk,Am5OEra,LM8l689qOp,7FJQ,RAYp,F2FyR07IdsN7I
0,532,7,156,16,20,0,166.56,0,8082,0,0.9634694,9,56,7,101728,0,5843.52,0,0,24,24,-8648.44,125,6,3807,0,0,0,25,0,0,74060,56252,0,0,0,0,oUPBcmzkzH,RO12,taul,1K8T,487l,C9mYk2K,q2tfFQq,HhRG,9_Y1,C7DI,VpdQ,IYzP,me75fM6ugJ,kIsH,uKAI,L84s,NhsEn4L,mAjbk_S,yTwZ,cJvF,FzaX,8huKVq0,oslk,7V8NFRU,LM8l689qOp,Qu4f,RAYp,F2FyR07IdsN7I
0,840,7,2384,20,25,0,247.68,0,2400762,0,2.531938,27,106,70,4838400,0,136442.7,5,2,8,8,5970.72,235,6,39249,0,1257300,0,130,0,27,0,9699920,2,3382758,0,0,dTGmfo8zhV,2Knk1KF,taul,1K8T,AKN1,d1uwv9Q,wqsRhwb,uSoY,9_Y1,Bw19,VpdQ,lVqb,me75fM6ugJ,kIsH,uKAI,L84s,XfqtO3UdzaXh_,jawoH6T,Dacx,cJvF,FzaX,_amvOIl,oslk,fNU2C8o,jySVZNlOJy,wX53,RAYp,55YFVY9
0,791,7,972,136,170,152,291.12,0,0,0,1.065798,9,56,28,105088,0,10489.35,0,6,40,32,-43619.2,405,0,29961,0,110210,80808,1775,0,0,40152,340724,16,57594,0,0,FAJgUH7ejg,RO12,taul,1K8T,lK27,kJ1Jmw_,ThrnFOQ,cAr9,9_Y1,m_h1,09_Q,IYzP,DHn_WUyBhW_whjA88g9bvA64_,kIsH,uKAI,L84s,CrNX,mAjy7aS,sV49,UYBR,FzaX,JptwkDa,d0EEeJi,GfS3TC2,LM8l689qOp,WqMG,nIGXDli,F2FyR07IdsN7I
0,1113,0,0,172,215,80,166.56,0,6133740,0,2.932707,18,52,0,750904,0,88655.7,20,2,32,32,-656236,600,78,115245,0,869460,258140,0,0,0,120386,7059120,22,1620,0,0,HrWrjIXt5a,RO12,LfvqpCtLOY,1K8T,487l,neZD1gf,Tg7jjBB,hTIm,9_Y1,YBFS,VpdQ,IYzP,me75fM6ugJ,kIsH,uKAI,L84s,NhsEn4L,mAja5EA,VLhi,cJvF,FzaX,GUFAe72,oslk,NQxqbV5,LM8l689qOp,5Acm,RAYp,F2FyR07IdsN7I
0,392,7,1196,136,170,48,103.04,0,11586,0,2.176458,18,110,0,115528,0,5678.37,0,0,24,72,-30287.28,460,24,9261,0,144125,18130,1200,0,9,0,217048,30,0,0,0,wx50AqAqGL,2Knk1KF,taul,1K8T,AnrR,fhk21Ss,msIqHk8toE,nyZz,9_Y1,RVjC,VpdQ,6JmL,7M47J5GA0pTYIFxg5uy,kIsH,uKAI,L84s,Ie_5MZs,CWNY2py,bru6,UYBR,AU8pNoi,4UxGlow,zCkv,catzS2D,LM8l689qOp,FSa2,ZI9m,Zy3gnGM
0,973,7,6936,120,150,0,306.08,0,11404800,0,5.224524,9,238,133,0,3,39726.6,40,0,32,0,541188,305,132,47259,8,0,0,12990,0,36,0,10368000,0,0,0,0,eOQt0GoOh3,2Knk1KF,LfvqpCtLOY,1K8T,ssAy,fhk21Ss,msIFlLyI91,GgCV,9_Y1,rGJy,VpdQ,y6dw,7M47J5GA0pTYIFxg5uy,kIsH,uKAI,L84s,_5OXC8MSLt,LxWhDOK,eAWe,UYBR,FzaX,4UxGlow,oslk,catzS2D,jySVZNlOJy,Qu4f,ZI9m,VjDE
0,1176,7,2492,192,240,40,384.08,0,4472682,0,4.449903,9,54,413,3128528,0,142917.3,35,6,48,40,83753.6,640,90,18990,0,3969890,487158,470,0,18,1003562,10132280,26,981270,0,0,51rBcmz45j,w9ygS99Qp_,taul,1K8T,0Xwj,OHMK0yW,I1sqWRxUAv,BTwt,HLqf,4nnx,09_Q,wMei,DHn_WUyBhW_whjA88g9bvA64_,sBgB,uKAI,L84s,CrNX,7N7iRy5,N7zD,cJvF,FzaX,_amtJ9p,d0EEeJi,H2g3T2a,LM8l689qOp,Qcbd,nIGXDli,R4y5gQQWY8OodqDV
0,161,0,0,104,130,8,234.72,0,66474,0,5.599445,9,18,0,4147200,0,229969.8,0,0,24,48,696232,380,6,0,0,7776000,106462,0,0,9,1209600,8551640,36,0,0,0,dRarjIK12c,RO12,taul,1K8T,xgSF,6Wu7zLh,Vxueejji0f,da5V,9_Y1,7WNq,VpdQ,zm5i,7M47J5GA0pTYIFxg5uy,kIsH,uKAI,L84s,NhsEn4L,mAj60aU,Q_Iv,UYBR,FzaX,8c8KEbL,z4pH,UQenOT8,LM8l689qOp,WqMG,ZI9m,F2FyR07IdsN7I
0,644,14,752,148,185,32,288,0,3913674,0,1.214698,18,40,77,2534528,0,205077,20,4,32,32,-63921.2,300,54,4653,0,3508120,330568,175,0,18,0,9205240,28,950454,0,0,vAsvyx7ejg,AERks4l,taul,1K8T,GYbZ,fayYfhR,nQUq7hGe64,LeeR,9_Y1,xSqs,09_Q,IYzP,DHn_WUyBhW_whjA88g9bvA64_,kIsH,uKAI,L84s,JBfYVit4g8,mAjw7zy,2L2v,cJvF,FzaX,KbkKEj0,Al6ZaUT,QqVuch3,LM8l689qOp,szEZ,02N6s8f,xwM2aC7IdeMC0
0,1113,7,5148,360,450,168,220.08,0,2479464,0,1.677633,18,240,126,4281240,0,42815.1,25,4,48,104,99587.2,1650,114,3942,0,6186600,570420,40,0,27,0,10474280,60,252462,0,0,bZkvyxLkBI,2Knk1KF,taul,1K8T,ssAy,fhk21Ss,msIFlLyI91,tBWZ,9_Y1,_r21,VpdQ,y6dw,7M47J5GA0pTYIFxg5uy,kIsH,uKAI,L84s,_5OXC8MSLt,LxWhDOK,h50j,cJvF,FzaX,4UxGlow,oslk,catzS2D,LM8l689qOp,xb3V,ZI9m,VjDE
0,483,0,0,136,170,0,320.4,0,5885172,0,5.899594,9,26,0,3456000,0,226201.2,15,4,32,40,488236,505,72,0,0,4727715,0,0,0,9,0,10567200,24,145164,0,0,ypNt0Go8Lb,RO12,taul,1K8T,X94c,RZHcTEF,Yi49a6G,D04C,9_Y1,MGOA,VpdQ,zm5i,me75fM6ugJ,kIsH,uKAI,L84s,NhsEn4L,kZJyVg2,1Bul,cJvF,FzaX,x6SfGrO,oslk,xBBRusu,LM8l689qOp,Qu4f,RAYp,F2FyR07IdsN7I
0,343,0,0,136,170,32,266.88,0,1111566,0,3.743858,9,26,0,4405456,0,209566.8,0,2,40,64,215529.6,400,24,0,0,7344000,556274,0,0,18,58275,10277120,34,518400,0,0,Yn7t0Go8Lb,RO12,taul,1K8T,Rn7z,THR1bVq,V6XUlxabJ4VaD,tr99,9_Y1,rGJy,VpdQ,zm5i,me75fM6ugJ,kIsH,uKAI,L84s,NhsEn4L,mAj7f1S,NZQT,UYBR,FzaX,gmDv4zN,oslk,UrzRkup,LM8l689qOp,Qu4f,RAYp,F2FyR07IdsN7I
0,987,7,5212,212,265,216,166.56,0,2073618,0,3.702841,18,172,175,768512,0,59792.4,10,2,16,32,139849.2,745,24,74007,0,834640,319202,995,0,18,100786,3821580,30,86388,0,0,zKnr4RXktW,AERks4l,taul,1K8T,hM6W,fhk21Ss,9ttufRq,DPEx,9_Y1,TFSW,VpdQ,6JmL,7M47J5GA0pTYIFxg5uy,kIsH,uKAI,L84s,XfqtO3UdzaXh_,XTbqizz,k4IN,cJvF,FzaX,4UxGlow,oslk,catzS2D,LM8l689qOp,Xa3G,ZI9m,ib5G6X1eUxUn6
0,357,0,0,136,170,16,233.44,0,9849600,0,4.272592,9,20,0,639680,0,155985,40,4,32,8,401444,605,114,0,0,218420,345600,0,0,0,0,10526200,4,91320,0,0,NESt0G8EIb,RO12,taul,1K8T,wOc1,ZtMq7Fq,IG_G867,6z10,9_Y1,e7QV,VpdQ,IYzP,me75fM6ugJ,kIsH,uKAI,L84s,NhsEn4L,kZJtVhC,Tztv,UYBR,FzaX,lbrVHK6,oslk,_sz_44J,LM8l689qOp,fKCe,RAYp,F2FyR07IdsN7I
0,847,7,3940,116,145,144,220.08,5,1775796,0,2.36317,9,90,231,0,0,191415,0,12,24,0,-26137.16,485,30,1782,8,0,3097700,1895,0,27,1814400,9452840,0,3110400,0,0,eOQt0GoOh3,RO12,taul,1K8T,lK27,PTPnCPt,RuVy67M,DQ0L,9_Y1,rGJy,VpdQ,sYC_,me75fM6ugJ,kIsH,uKAI,L84s,NhsEn4L,beK4AFX,dimX,UYBR,FzaX,t0r88FJ,oslk,CqxAwsZ,LM8l689qOp,Qu4f,RAYp,F2FyR07IdsN7I
0,819,7,8048,188,235,24,200,0,3972660,0,1.877804,9,208,546,3987512,0,190899.3,10,0,32,48,105421.6,685,48,32391,0,5382100,394790,2895,0,9,1209600,10428680,56,0,0,0,Qu0TmBQZiT,2Knk1KF,taul,1K8T,TyGl,fhk21Ss,_4pHTSP,DSAx,9_Y1,TjV7,VpdQ,sYC_,7M47J5GA0pTYIFxg5uy,kIsH,uKAI,L84s,NhsEn4L,AuS7SiA,E3av,UYBR,qxDb,4UxGlow,z4pH,catzS2D,M_8D,FSa2,ZI9m,VjDE
0,280,0,0,44,55,0,166.56,0,5291898,0,5.046999,36,18,0,5888904,0,151479,0,6,32,16,-262401.2,670,12,0,0,3764210,0,0,0,0,0,9486360,8,3918,0,0,DQlrEyXXnK,RO12,taul,1K8T,ChAX,DVqT9bR,RM4lLtJRB5,W9Db,9_Y1,VwCR,VpdQ,IYzP,DHn_WUyBhW_whjA88g9bvA64_,kIsH,uKAI,L84s,CrNX,NGZ_12K,TxE1,cJvF,FzaX,NlJg_2B,d0EEeJi,rUjslHS,LM8l689qOp,Aoh3,02N6s8f,F2FyR07IdsN7I
0,1078,7,156,248,310,104,139.84,0,258510,0,3.91818,18,102,0,564592,0,9447.479,5,20,88,144,251530.4,780,24,10683,0,666080,58826,705,0,18,184849,1253480,32,192882,0,0,2AAWq69R_D,2Knk1KF,taul,1K8T,ssAy,creCyD5,glRBFJT8NN,F1zq,9_Y1,0A_v,VpdQ,6JmL,me75fM6ugJ,kIsH,uKAI,L84s,XfqtO3UdzaXh_,11p4mKe,4FMt,UYBR,FzaX,Hlo8hdx,oslk,kYwEsaq,LM8l689qOp,PM2D,RAYp,55YFVY9
0,2177,0,0,408,510,264,623.28,0,6257280,0,4.902585,9,70,0,2930808,3,75994.8,35,6,72,72,96840.4,1610,126,24777,8,3060735,388060,0,0,0,114485,10468320,58,79362,0,0,25_t0Gdncc,RO12,taul,1K8T,bhvQ,VmNCzkM,76j2P_OLn0,AFaK,9_Y1,cyKH,VpdQ,IYzP,me75fM6ugJ,kIsH,g5HH,L84s,NhsEn4L,y5Fo34S,gyCx,cJvF,FzaX,lHHoOXS,oslk,3L2Mnus,M_8D,me1d,RAYp,F2FyR07IdsN7I
0,1456,7,856,252,315,152,166.56,0,1038036,0,1.209998,9,78,7,819320,0,86661,10,6,72,96,141418.8,1280,36,684,0,2115225,1609252,4775,0,0,320733,7696800,42,1489836,0,0,Yddq9ayE15,RO12,taul,1K8T,GYbZ,kkNNXZR,nQUBcBcErl,uN2_,9_Y1,F_Lu,VpdQ,IYzP,me75fM6ugJ,kIsH,uKAI,L84s,NhsEn4L,TDceha3,Dz2C,UYBR,FzaX,OTgfc8E,oslk,GeD7j0h,LM8l689qOp,TNEC,RAYp,F2FyR07IdsN7I
0,4627,7,56,840,1050,400,200,0,158814,0,5.512497,9,82,21,148720,0,1949.34,55,40,272,272,-1096208,3215,156,279,0,214885,91326,125,0,0,29211,640740,138,112644,0,0,DHeTmBftjz,RO12,taul,1K8T,JLbT,wEY7Jcz,CdPgMY1Z52,9Asf,9_Y1,4N0K,VpdQ,IYzP,me75fM6ugJ,kIsH,uKAI,Mtgm,NhsEn4L,beK4AFX,ULbQ,cJvF,FzaX,ncuRoKG,oslk,aK_wS9i,LM8l689qOp,Qu4f,RAYp,F2FyR07IdsN7I
0,182,0,64,112,140,112,44.96,10,0,0,3.747063,9,56,0,21640,0,3377.37,0,0,16,32,-1767356,220,0,0,16,17535,34910,0,0,0,0,94668,20,0,0,0,oBXq9ayfAo,RO12,taul,1K8T,42Cy,XktPwWy,IG_G867,_cLa,9_Y1,pQsY,VpdQ,IYzP,me75fM6ugJ,kIsH,uKAI,L84s,XfqtO3UdzaXh_,11p4mKe,Ve4a,cJvF,FzaX,82JfrxM,oslk,bIKqCcD,LM8l689qOp,TNEC,RAYp,F2FyR07IdsN7I
0,1869,7,1260,208,260,88,166.56,0,0,0,4.428114,18,124,105,690264,0,13633.2,0,18,120,200,-34402.56,830,0,12825,0,109120,70354,2045,0,18,92939,771716,14,297870,0,0,bZk9tYsGvO,g62hiBSaKg,taul,1K8T,0Xwj,fhk21Ss,I1sqWRxUAv,r8PL,HLqf,YULl,sJzTlal,haYg,7M47J5GA0pTYIFxg5uy,sBgB,uKAI,L84s,4kVnq_T26xq1p,pMW8WKP,oyio,UYBR,FzaX,4UxGlow,zCkv,catzS2D,jySVZNlOJy,FSa2,ZI9m,ib5G6X1eUxUn6
0,1316,7,356,248,310,160,166.56,0,2683920,0,1.728691,9,66,105,1630680,0,69246,15,4,56,80,369616.8,750,48,1215,0,2836890,961840,360,0,0,416437,7691880,38,122064,0,0,4e7gUH7IEC,RO12,taul,1K8T,72yt,TSdlkJq,p528EHj,OoWg,9_Y1,1Bp0,VpdQ,IYzP,me75fM6ugJ,kIsH,uKAI,L84s,NhsEn4L,mAja5EA,enDx,UYBR,FzaX,ALJYlW4,oslk,8dbQowC,LM8l689qOp,WqMG,RAYp,F2FyR07IdsN7I
0,686,7,20,136,170,64,295.84,0,5879364,0,2.287545,9,32,0,15992,0,186463.2,30,6,32,8,54207.6,580,72,288,0,200425,1382400,515,0,0,840497,9752200,8,1238826,0,0,qFpmfo8zhV,RO12,taul,1K8T,0Xwj,9GJxoic,Tg7jjBB,UlzJ,HLqf,wGwL,VpdQ,IYzP,me75fM6ugJ,sBgB,uKAI,Mtgm,NhsEn4L,kZJtVhC,I4uZ,cJvF,FzaX,s3vse7s,oslk,51wlOzR,LM8l689qOp,wX53,RAYp,F2FyR07IdsN7I
0,175,0,0,188,235,56,264.96,0,5444154,0,6.213416,9,16,0,1267296,0,127765.2,30,4,40,16,146079.2,540,108,0,0,2538085,604522,0,0,0,554435,10037160,24,950466,0,0,euOBcmz45j,RO12,taul,1K8T,KqYs,esxkA1P,LH0kFz12FM,K0g5,9_Y1,WGOH,09_Q,IYzP,me75fM6ugJ,kIsH,uKAI,L84s,NhsEn4L,mAja5EA,VHHi,UYBR,FzaX,EPImS85,oslk,MI8s5nE,LM8l689qOp,Qcbd,RAYp,F2FyR07IdsN7I
0,805,7,1124,60,75,16,357.76,10,0,0,3.519333,9,152,1498,2720912,3,196732.2,15,0,24,8,-543612,330,0,999,24,1618565,1446,1105,0,27,0,8624360,18,0,0,0,zcRZptzip9,LrdZy8QqgUfkVShG,taul,1K8T,0Xwj,fhk21Ss,UFIdC8I,0xiW,HLqf,t_4G,VpdQ,y6dw,7M47J5GA0pTYIFxg5uy,sBgB,uKAI,L84s,TW8UhnX,XTb7LJg,U56I,UYBR,FzaX,4UxGlow,QKW8DRm,catzS2D,LM8l689qOp,Qu4f,ZI9m,ib5G6X1eUxUn6
0,84,0,0,64,80,24,253.52,0,8202600,0,6.825678,9,16,0,424584,0,263235.3,5,2,16,16,-352316.8,265,48,0,0,442980,1727772,0,0,0,128534,9734360,2,6204,0,0,voArjIXt5a,RO12,taul,1K8T,dTod,6JEJgAs,RM4glzf31V,1Veh,9_Y1,Nbbb,sJzTlal,IYzP,me75fM6ugJ,kIsH,uKAI,L84s,NhsEn4L,NGZxnJM,WSDK,cJvF,FzaX,U3CYjZW,oslk,WmdTQlu,LM8l689qOp,5Acm,RAYp,F2FyR07IdsN7I
0,1596,7,84,600,750,464,220.08,0,129270,0,3.575305,9,30,0,3366200,0,44874.6,30,38,160,144,358010.4,2095,12,234,0,4040060,298412,2705,0,0,188391,5804880,94,283008,0,0,1GdOj1KXzC,RO12,taul,1K8T,ZNsX,vQ_JaGu,DKUDUftgA7,qRBg,9_Y1,jdbz,VpdQ,IYzP,me75fM6ugJ,kIsH,uKAI,L84s,NhsEn4L,kZJtVhC,BO5y,cJvF,FzaX,i9JuX8Z,oslk,MRPKMwm,LM8l689qOp,kwS7,RAYp,F2FyR07IdsN7I
0,763,7,636,72,90,24,299.12,0,5033250,0,0.948088,9,130,168,2301792,6,226784.1,0,6,8,16,297416,465,36,8496,16,2011430,955656,5085,0,36,0,9603920,8,2365590,0,0,75lq9ayfAo,GpoBynXzkxADI7bZBtqvX2IPV5t7o2QCPE,taul,1K8T,0Xwj,fhk21Ss,d6zx_0v,N0CN,HLqf,F_Lu,VpdQ,itlM,7M47J5GA0pTYIFxg5uy,sBgB,uKAI,Mtgm,CrNX,AuSBTw7,Ha8L,UYBR,FzaX,4UxGlow,d0EEeJi,catzS2D,M_8D,TNEC,ZI9m,iyHGyLCEkQ
0,3920,21,1104,584,730,344,133.12,0,105768,0,4.707968,36,62,28,609328,0,5838.3,5,36,192,336,14689.28,2080,78,2709,0,235935,243526,625,0,0,221809,1285068,58,325782,0,0,1JGr4RKzJV,RO12,taul,1K8T,PGNs,nmmMbg2,nJy8d8N5V7yiy,dTqE,9_Y1,DtNL,VpdQ,IYzP,me75fM6ugJ,kIsH,uKAI,L84s,NhsEn4L,TDceha3,yfaM,UYBR,FzaX,KX8Ku_a,oslk,WwTr3XO,LM8l689qOp,FSa2,RAYp,F2FyR07IdsN7I
0,1162,7,1824,528,660,328,166.56,0,4086,0,5.353984,9,150,21,124016,0,2284.629,0,78,136,200,29948.72,1645,12,14643,0,68515,52158,665,0,9,34398,315624,50,137646,0,0,xddq9ayfAo,LrdZy8QqgUfkVShG,taul,1K8T,kNzO,fhk21Ss,n1zVHpT8NN,5X9C,9_Y1,vm5R,09_Q,haYg,7M47J5GA0pTYIFxg5uy,kIsH,uKAI,L84s,IZwBHOJhfS,XTbuoM5,x30h,cJvF,OFWH,4UxGlow,zCkv,catzS2D,LM8l689qOp,7P5s,ZI9m,ib5G6X1eUxUn6
0,1148,7,52,140,175,8,220.08,0,50916,0,1.249519,9,46,14,5529600,0,126684.6,0,0,32,64,205160,560,24,130257,0,9473700,28234,295,0,0,0,10434160,44,0,0,0,GcUt0G8rTN,RO12,taul,1K8T,0Xwj,gwY4NQF,zA2IZno2NK,XJ6x,F3hy,k13i,VpdQ,IYzP,me75fM6ugJ,kIsH,uKAI,L84s,NhsEn4L,mAja5EA,lELr,cJvF,FzaX,t5EoLzk,oslk,ag5iNPX,LM8l689qOp,fKCe,RAYp,F2FyR07IdsN7I
0,840,7,2428,264,330,88,253.52,0,4794870,0,2.069857,9,92,245,2923768,0,163233.3,30,16,104,64,122276.8,655,96,6768,0,2864025,866232,3830,0,27,299278,10427680,34,1476210,0,0,Qu0qrQKzJV,RO12,taul,1K8T,USOt,sByYfhR,8xqsKsAwUv,Rnrq,9_Y1,15m3,sJzTlal,Tkho,me75fM6ugJ,kIsH,uKAI,L84s,NhsEn4L,beK4AFX,Gbhz,UYBR,FzaX,jbW3slO,oslk,hCeC7lX,LM8l689qOp,FSa2,RAYp,F2FyR07IdsN7I
0,749,7,4,144,180,8,196.64,5,2938158,0,4.245674,9,52,0,3340880,0,213288.9,15,6,32,40,16792,535,48,711,8,6612500,158410,35,0,9,0,10190040,32,479070,0,0,Ie5gUH7IEC,RO12,taul,1K8T,lK27,3PBXEFX,NfN9Bz6HFx,cHhV,9_Y1,m_h1,VpdQ,43pnToF,me75fM6ugJ,kIsH,uKAI,L84s,NhsEn4L,mAja5EA,8JTE,UYBR,FzaX,PYpRJ5l,oslk,eu2wIB5,LM8l689qOp,WqMG,RAYp,F2FyR07IdsN7I
0,658,0,0,152,190,24,320.88,5,5940996,0,4.868832,9,28,0,1588672,0,167556.3,25,2,40,32,172163.6,550,90,0,8,2768295,199456,0,0,18,0,8956920,20,92256,0,0,8Iqt0G8rTN,RO12,taul,1K8T,wOc1,UsKnCPt,yiXTc3CbD1,g9bF,9_Y1,k13i,VpdQ,IYzP,me75fM6ugJ,kIsH,uKAI,L84s,NhsEn4L,NGZxnJM,BJ6W,cJvF,FzaX,hNj88FJ,oslk,VKYAwsZ,LM8l689qOp,fKCe,RAYp,F2FyR07IdsN7I
0,959,7,32,132,165,0,346,0,10749060,0,6.434736,9,40,56,0,0,180507,45,0,32,0,-319275.6,575,126,2223,0,48500,0,35,0,9,0,10246600,6,0,0,0,hSogUHXZeb,RO12,taul,1K8T,TyGl,9ARG5Z3,_jTP8ioIlJ,iVwq,9_Y1,STGZ,VpdQ,zm5i,DHn_WUyBhW_whjA88g9bvA64_,kIsH,7A3j,L84s,CrNX,uZLj9VB,Y8iw,cJvF,FzaX,Avc7DXQ,d0EEeJi,2B5uF_T,LM8l689qOp,453m,nIGXDli,F2FyR07IdsN7I
0,427,0,0,144,180,0,300.32,5,8061540,0,3.865413,18,24,0,2073600,0,175850.1,30,0,32,24,136669.2,610,96,0,8,2601735,0,0,0,9,0,10479800,22,0,0,0,Mtpt0G8EIb,AERks4l,taul,1K8T,lK27,ibtYbuk,Hz6CKEGgVigq3,bERL,9_Y1,k13i,09_Q,zm5i,GjJ35utlTa_GNSvxxpb9ju,kIsH,uKAI,L84s,JBfYVit4g8,TDctq2l,NZNb,UYBR,FzaX,hDRtpkh,Al6ZaUT,2JfSKW5,LM8l689qOp,fKCe,02N6s8f,xwM2aC7IdeMC0
0,903,7,992,172,215,96,166.56,0,9432,0,6.995087,36,86,63,385712,0,21413.13,0,10,32,48,-127305.2,760,6,17802,0,705530,110720,130,0,0,58030,1078280,38,139908,0,0,Tfit0G8EIb,RO12,taul,1K8T,TyGl,4e3JKO_,3cO76t0,0buo,9_Y1,e7QV,VpdQ,sYC_,me75fM6ugJ,kIsH,uKAI,Mtgm,NhsEn4L,kq0aHkC,GaJj,UYBR,FzaX,IGMYlW4,oslk,IbpTE6Y,LM8l689qOp,fKCe,RAYp,F2FyR07IdsN7I
0,525,0,24,116,145,8,66.88,0,0,0,4.092715,18,106,0,1520,0,725.793,0,0,8,32,966.744,575,0,46971,0,10560,970,0,0,9,0,11148,48,0,0,0,GcUt0G8rTN,RO12,taul,1K8T,NF63,LTInfva,NFlfMbKIm3,HoPG,9_Y1,k13i,09_Q,y6dw,me75fM6ugJ,kIsH,uKAI,L84s,XfqtO3UdzaXh_,11p4mKe,jycB,UYBR,FzaX,_lw8jNM,oslk,n7PqCcD,LM8l689qOp,fKCe,RAYp,F2FyR07IdsN7I
0,490,7,20,164,205,64,853.04,5,5842854,0,3.501816,9,50,0,3436096,0,197077.5,20,0,48,64,-117833.2,510,78,1053,8,2634505,972560,625,0,9,49098,10893920,16,0,0,0,NQ5rEy7Rm6,RO12,taul,1K8T,0Xwj,4JEMGuV,B7vaoRhtfE,zdei,HLqf,X8zP,VpdQ,haYg,me75fM6ugJ,sBgB,uKAI,L84s,XfqtO3UdzaXh_,XTbPUYD,astg,UYBR,FzaX,VA_88FJ,oslk,0JeRt72,LM8l689qOp,Aoh3,RAYp,F2FyR07IdsN7I
0,1624,14,1624,144,180,0,321.68,5,4443132,0,3.684896,18,48,70,2764800,0,125554.8,20,0,32,32,91616.4,525,60,72585,8,6269400,0,11650,0,0,0,10550840,36,0,0,0,EsYrjIX0Db,RO12,taul,1K8T,487l,600Z3c3,_UtlxbJ,I7FR,9_Y1,m7JR,VpdQ,IYzP,me75fM6ugJ,kIsH,uKAI,L84s,NhsEn4L,NGZPqH0,TXOK,cJvF,FzaX,PqG1UQz,oslk,ICpK0JH,LM8l689qOp,5Acm,RAYp,F2FyR07IdsN7I
0,266,0,0,276,345,88,255.2,0,926394,0,1.462508,9,16,0,317320,0,18446.91,5,14,48,192,144226.8,475,24,0,0,684950,88124,0,0,0,5782,1954420,44,305130,0,0,Yn7t0Go8Lb,RO12,taul,1K8T,ssAy,RZHcTEF,9xAFApr,D04C,9_Y1,MGOA,VpdQ,IYzP,me75fM6ugJ,kIsH,uKAI,L84s,NhsEn4L,mAja5EA,sDqZ,cJvF,FzaX,x6SfGrO,oslk,xBBRusu,LM8l689qOp,Qu4f,RAYp,F2FyR07IdsN7I
0,1351,14,32,164,205,112,253.52,0,4223136,0,1.017945,18,134,0,1405984,6,130373.1,20,8,48,32,101292,590,54,45,16,2151440,1486952,75,0,27,1155,10805600,12,1987266,0,0,crIt0Go8Lb,RO12,taul,1K8T,lK27,fhk21Ss,k10MzgT,Y8G_,9_Y1,t_4G,VpdQ,haYg,7M47J5GA0pTYIFxg5uy,kIsH,uKAI,L84s,FMSzZ91zL2,pMW6Pnu,n9v5,cJvF,FzaX,4UxGlow,zCkv,catzS2D,LM8l689qOp,Qu4f,ZI9m,DU8B
0,56,0,0,188,235,224,200,0,21576,0,4.142704,18,16,0,22440,0,5930.58,0,6,24,8,6825.16,435,18,0,0,97630,92100,0,0,0,4760,301168,24,19890,0,0,1nlTmBtueT,RO12,taul,1K8T,EPHy,oSpefBM,aXPHXVS,hGpy,9_Y1,47ra,sJzTlal,IYzP,me75fM6ugJ,kIsH,uKAI,L84s,NhsEn4L,mAja5EA,FA58,cJvF,FzaX,2AJR98m,oslk,7Llp_o3,LM8l689qOp,rgKb,RAYp,F2FyR07IdsN7I
0,2184,0,0,404,505,280,200,0,217518,0,2.709891,9,58,0,1007528,0,13582.59,35,20,120,144,-1325152,1455,42,747,0,729105,555702,0,0,9,474544,2712484,48,366462,0,0,etYt0G8EIb,RO12,taul,1K8T,MeKL,d1uSYVk,L1rz70R,A6xB,9_Y1,k13i,09_Q,sYC_,me75fM6ugJ,kIsH,uKAI,Mtgm,NhsEn4L,7WwLBg6,g2AX,UYBR,FzaX,7Om87dl,oslk,ZXdOTZB,LM8l689qOp,fKCe,RAYp,F2FyR07IdsN7I
0,1540,7,24,380,475,272,167.68,0,140562,0,4.163213,18,30,7,100952,0,15445.65,5,12,48,32,-121528.4,1430,30,2304,0,1544810,403640,180,0,0,7210,2271908,90,76758,0,0,NQ5vyxLkBI,RO12,taul,1K8T,Xa_z,6KF0k8W,7WNiK7n,bCSD,9_Y1,vzJD,sJzTlal,IYzP,me75fM6ugJ,kIsH,uKAI,L84s,NhsEn4L,mAjbk_S,9ViO,UYBR,FzaX,ot6oLzk,oslk,IIvC99a,LM8l689qOp,xb3V,RAYp,F2FyR07IdsN7I
0,308,7,104,28,35,0,1.736,0,0,0,2.889554,9,148,0,5640,0,826.3259,0,0,0,32,-1940488,130,0,5373,0,2985,0,5,0,9,0,5208,6,0,0,0,gOyvyx7ejg,2Knk1KF,taul,1K8T,TyGl,bbmns41,Tg7jjBB,VVNl,9_Y1,RcM7,VpdQ,giwq,me75fM6ugJ,sBgB,uKAI,Mtgm,XfqtO3UdzaXh_,XTb4AFX,fUa3,cJvF,AU8pNoi,oatfGrO,oslk,8vXEsaq,LM8l689qOp,szEZ,RAYp,55YFVY9
0,826,21,5380,124,155,8,296.96,0,9849600,0,4.156163,27,110,574,24328,0,170072.1,35,2,24,8,124679.2,620,114,39744,0,19270,996,965,0,9,0,9016560,4,2082,0,0,xOXrjIQq3d,2Knk1KF,taul,1K8T,JLbT,GIMuMXJ,76j2P_OLn0,P9KQ,9_Y1,RVjC,VpdQ,sYC_,me75fM6ugJ,kIsH,uKAI,L84s,NhsEn4L,kq0aHkC,4a9J,UYBR,FzaX,Z6V8Wb4,oslk,ao3PsJz,jySVZNlOJy,FSa2,RAYp,55YFVY9
0,798,14,4184,36,45,8,186.64,0,758898,0,1.114719,18,82,336,0,0,234705.3,5,0,8,0,126894.8,400,12,44298,0,9580650,158414,4780,0,18,0,9901480,10,0,0,0,NESWq69R_D,RO12,taul,1K8T,487l,_ybO0dd,okUWEXgaYpMJ7,nsSD,9_Y1,_xpN,VpdQ,sYC_,me75fM6ugJ,kIsH,uKAI,L84s,NhsEn4L,beK4AFX,h1GE,UYBR,FzaX,L91KIiz,oslk,CE7uk3u,M_8D,FSa2,RAYp,F2FyR07IdsN7I
0,1309,14,832,144,180,24,234.72,0,3247488,0,5.285623,63,140,77,3892824,0,112830.9,10,0,32,48,90069.6,565,54,14544,0,6692450,130746,1205,0,45,0,10418080,32,0,0,0,hSogUHXZeb,2Knk1KF,taul,1K8T,pE9z,PFW3ud5,II0S8f9,8H1C,9_Y1,STGZ,VpdQ,Tkho,me75fM6ugJ,kIsH,uKAI,L84s,NhsEn4L,beK4AFX,s9FI,UYBR,FzaX,OVz6pd1,oslk,AT9E4Qn,jySVZNlOJy,453m,RAYp,55YFVY9
0,847,7,4,140,175,48,286.96,0,4795956,0,1.888913,9,62,28,1808560,0,215703.9,25,2,40,32,63978.4,555,72,54063,0,2664045,950424,270,0,9,2100,10020520,14,475212,0,0,FoxgUHSK8h,RO12,taul,1K8T,487l,EW9tdq7,wqsRhwb,SYvw,9_Y1,mTeA,VpdQ,sYC_,6C53VA1kCv,kIsH,uKAI,L84s,fSKKIQdIPDXgw,kq0Mmo2,ezfD,UYBR,FzaX,lRbiSQE,zCkv,SGSAgU3,jySVZNlOJy,FSa2,6fzt,xwM2aC7IdeMC0
0,3297,0,0,664,830,440,200,0,62076,0,6.042299,18,84,0,834848,0,8743.32,10,28,232,360,-1396212,2090,12,114858,0,701060,246460,0,0,0,148463,1998528,96,407160,0,0,P1WvyxLp3Z,RO12,taul,1K8T,R4_H,VjLkKKt,UFIdC8I,jQdr,9_Y1,vzJD,VpdQ,IYzP,me75fM6ugJ,kIsH,uKAI,L84s,NhsEn4L,beK4AFX,3k39,UYBR,FzaX,7CP8jNM,oslk,kPWQhib,LM8l689qOp,xb3V,RAYp,F2FyR07IdsN7I
0,462,7,224,196,245,136,220.08,0,3462660,0,4.342662,9,82,0,1952,0,59063.1,40,4,32,16,47041.2,460,66,11934,0,1809740,1441668,485,0,18,0,9805840,18,1036800,0,0,2jigUH7ejg,RO12,taul,1K8T,lK27,3cuvZgk,LIH3TPf,M3EA,9_Y1,m_h1,09_Q,Tkho,me75fM6ugJ,kIsH,uKAI,L84s,NhsEn4L,kq0aHkC,pqIQ,UYBR,FzaX,9WBo2f2,oslk,OXJML05,LM8l689qOp,WqMG,RAYp,F2FyR07IdsN7I
0,350,0,0,120,150,48,220.08,0,980940,0,5.927153,9,26,0,72816,0,67740,15,6,24,8,135798.4,440,78,0,0,912185,184438,0,0,9,298319,2718548,8,701010,0,0,1YVgUHXZeb,RO12,taul,1K8T,xgSF,H3r7uSC,3cO76t0,Thvm,9_Y1,LqKm,VpdQ,zm5i,me75fM6ugJ,kIsH,uKAI,L84s,NhsEn4L,kZJtVhC,KCT4,cJvF,FzaX,bEm6hzI,oslk,qWjz4Af,LM8l689qOp,453m,RAYp,F2FyR07IdsN7I
0,665,7,2036,64,80,72,200,0,0,0,3.890408,9,88,49,23776,0,5784.54,0,2,24,24,-27654.84,270,0,42777,0,43730,35772,30,0,0,0,135664,6,25872,0,0,bt0mfo875g,RO12,taul,1K8T,42Cy,pxFnmrh,0IWZqtp,8h0E,9_Y1,6Kw9,VpdQ,sYC_,me75fM6ugJ,kIsH,uKAI,L84s,NhsEn4L,kq0aHkC,sgF5,cJvF,FzaX,6XEYiHx,oslk,ScmQhac,jySVZNlOJy,3Cy4,RAYp,F2FyR07IdsN7I
0,1477,7,256,140,175,152,186.64,5,1801872,0,4.388592,9,34,105,0,0,162718.8,0,16,32,0,926684,865,30,11511,8,241155,3254900,310,0,9,1209600,10668760,6,4147200,0,0,ypNt0Go8Lb,RO12,taul,1K8T,7gSz,V2og2A0,k10MzgT,iwur,9_Y1,Ew1Q,VpdQ,zm5i,me75fM6ugJ,kIsH,uKAI,L84s,NhsEn4L,mAjbk_S,Q1pY,cJvF,FzaX,UjGuLpj,oslk,3QPw991,LM8l689qOp,wX53,RAYp,F2FyR07IdsN7I
0,826,7,6428,116,145,72,163.2,0,5926710,0,6.072206,9,172,63,0,0,209279.1,20,4,24,0,-3934.284,495,72,5904,0,633115,1555200,3745,0,36,0,9641640,4,1036800,0,0,py5rEyXktW,2Knk1KF,taul,1K8T,YFAj,QPTctTK,_jTP8ioIlJ,HbgI,9_Y1,VwCR,VpdQ,haYg,me75fM6ugJ,kIsH,uKAI,L84s,XfqtO3UdzaXh_,_JdH8mF,ICTC,cJvF,FzaX,N0ifc8E,oslk,uz9Rt72,LM8l689qOp,Aoh3,RAYp,TCU50_Yjmm6GIBZ0lL_
0,1631,7,11064,280,350,160,133.12,0,8604,0,6.174109,18,56,98,102112,0,3960.6,0,16,64,80,-8029.28,1035,12,4896,0,113560,34714,25,0,0,20209,230624,60,20334,0,0,oUPBcmzkzH,RO12,taul,1K8T,TyGl,4jFcSKu,5y2Jr_Lo9y,sGGa,9_Y1,EwzD,09_Q,IYzP,me75fM6ugJ,kIsH,uKAI,L84s,NhsEn4L,TDcECyH,91pY,UYBR,FzaX,Z6VfSEp,oslk,503RDbC,LM8l689qOp,Qcbd,RAYp,F2FyR07IdsN7I
0,3416,7,3776,1220,1525,264,418.32,0,2451900,0,4.481521,9,194,42,1808192,0,36743.7,55,14,112,104,716616,4420,312,9423,0,4661980,1147522,70,0,18,135723,9823600,378,952926,0,0,4e7gUH7IEC,5QKIjwyXr4MCZTEp7uAkS8PtBLcn,taul,1K8T,kNzO,fhk21Ss,_03xtaMIkZsn1,r4ud,9_Y1,LqKm,VpdQ,y6dw,7M47J5GA0pTYIFxg5uy,kIsH,uKAI,Mtgm,5u2Bxlj9ua90kqrA,7WwtEtr,PZnj,cJvF,FzaX,4UxGlow,JIiEFBU,catzS2D,LM8l689qOp,453m,ZI9m,iyHGyLCEkQ
0,406,0,0,140,175,136,324.72,0,64092,0,3.67272,18,22,0,691200,0,189921,20,14,48,8,133994.8,520,6,0,0,1452460,2937600,0,0,9,417683,10481520,10,3059514,0,0,AhzOj17IEC,RO12,taul,1K8T,Ulfj,j9nysxi,MypvvoIQqc,nLRr,9_Y1,iVbl,VpdQ,zm5i,me75fM6ugJ,kIsH,uKAI,L84s,NhsEn4L,kZJtVhC,uRZ9,cJvF,OFWH,VDdOw16,oslk,M6DOtEt,LM8l689qOp,7aLG,RAYp,F2FyR07IdsN7I
0,791,14,404,140,175,152,345.12,0,1467894,0,6.959837,18,34,385,4800,0,192161.1,5,16,40,8,93132.8,540,18,9252,0,150505,3283200,300,0,9,0,10483640,6,4147200,0,0,64ngUH7IEC,RO12,taul,1K8T,lK27,J8SDj08,I1s81Dlb7R,6w0B,9_Y1,m_h1,sJzTlal,zm5i,me75fM6ugJ,kIsH,uKAI,Mtgm,NhsEn4L,kZJtVhC,Bl2l,UYBR,FzaX,azMRsCb,oslk,egEmC_N,LM8l689qOp,WqMG,RAYp,F2FyR07IdsN7I
0,686,0,760,120,150,176,552.24,0,0,0,3.86285,9,86,0,0,0,244629.9,0,16,32,0,121791.2,465,0,0,0,0,3801600,0,0,9,0,10368000,0,4147200,0,0,E2Yq9atbb6,RO12,taul,1K8T,ZF5Q,WkH7nZN,Kx81wuK,5hez,9_Y1,KfYH,VpdQ,lVqb,me75fM6ugJ,kIsH,g5HH,L84s,XfqtO3UdzaXh_,11p4mKe,y8W_,cJvF,FzaX,scZ0Q3K,oslk,zmvzrB7,LM8l689qOp,me1d,RAYp,F2FyR07IdsN7I
0,175,0,0,28,35,8,253.52,15,3795240,0,0.6579791,9,20,0,1770688,0,245129.1,0,0,16,24,-996596,315,12,0,24,1066465,4232,0,0,9,201579,4277160,2,0,0,0,nQZrEyXktW,RO12,taul,1K8T,0Xwj,kVgqwjN,Gai9lEF2Fr,iyeU,HLqf,VwCR,09_Q,zm5i,DHn_WUyBhW_whjA88g9bvA64_,sBgB,uKAI,L84s,PWD40mS,kZJDcQU,mUHW,cJvF,FzaX,WaosWyU,Al6ZaUT,rV_GPRB,LM8l689qOp,Aoh3,02N6s8f,F2FyR07IdsN7I
0,413,7,0,76,95,24,200,0,0,0,0.01474044,9,54,0,17088,0,40228.5,0,2,24,16,-1130296,225,0,873,0,1665890,33692,35,0,0,0,1451068,26,63642,0,0,KXMgUH7IEC,RO12,taul,1K8T,lK27,7UBxJVj,6HL7sxM,jWos,9_Y1,m_h1,VpdQ,IYzP,me75fM6ugJ,kIsH,uKAI,Mtgm,NhsEn4L,mAjbk_S,qYx7,cJvF,wwPEXoilkr,07mmflk,oslk,NNyRUH6,LM8l689qOp,WqMG,RAYp,F2FyR07IdsN7I
0,833,7,188,196,245,48,220.08,0,9290280,0,6.917966,9,76,42,2661776,0,172611.9,15,4,32,32,143688,855,84,69498,0,2297985,237172,1510,0,9,1024709,10636880,40,492798,0,0,tr0gUH7ejg,RO12,taul,1K8T,dm89,WkHCdxD,9xAFApr,CeDO,9_Y1,m_h1,09_Q,IYzP,me75fM6ugJ,kIsH,uKAI,L84s,NhsEn4L,mAjbk_S,iWSK,UYBR,FzaX,scZOjel,oslk,MM1zrB7,jySVZNlOJy,WqMG,RAYp,F2FyR07IdsN7I
0,1841,0,144,300,375,104,253.52,0,3181746,0,5.515275,9,164,112,1333384,0,82385.7,25,14,88,88,-890636,1480,90,184644,0,1910750,567040,0,0,27,517321,6670560,48,695508,0,0,8Knvyx875g,2Knk1KF,taul,1K8T,487l,2iJuMXJ,xmd1,yr9u,9_Y1,MBhA,VpdQ,giwq,me75fM6ugJ,kIsH,uKAI,L84s,h0lfDKh52u4GP,IoI4mKe,QORN,UYBR,FzaX,IvCCvHT,oslk,FjXjKAP,jySVZNlOJy,WqMG,RAYp,TCU50_Yjmm6GIBZ0lL_
0,5460,21,772,1620,2025,1088,133.12,0,26634,0,1.704978,27,148,21,437192,0,2513.931,30,70,496,752,-1954332,5510,36,21582,0,565895,253584,4195,0,9,217007,1329264,256,181368,0,0,dRaq9ayE15,2Knk1KF,taul,1K8T,_8YK,G2zOjS3,ELRUn57,WJnu,9_Y1,kJJ7,VpdQ,hAFG,me75fM6ugJ,kIsH,uKAI,Mtgm,XfqtO3UdzaXh_,XTbPUYD,qNhu,cJvF,FzaX,R8k6V3V,oslk,cq47qqc,jySVZNlOJy,7P5s,RAYp,55YFVY9
0,1526,7,412,176,220,32,243.36,0,6025020,0,1.580004,9,34,0,2891560,0,95338.5,15,4,32,40,85963.6,580,84,32895,0,3245150,503604,2980,0,18,0,10649840,32,950448,0,0,voArjIXt5a,RO12,taul,1K8T,IvdZ,i3CBUCv,LJF4fPp,oyu5,9_Y1,WIr3,VpdQ,zm5i,me75fM6ugJ,kIsH,uKAI,L84s,NhsEn4L,mAjbk_S,bOvW,cJvF,FzaX,2X5mIK9,oslk,9Rll1iV,LM8l689qOp,5Acm,RAYp,F2FyR07IdsN7I
0,1295,14,764,148,185,48,133.12,0,2638902,0,2.870968,27,124,0,2536800,0,118588.5,15,8,32,32,-113069.6,685,36,46701,0,3639540,1036800,650,0,27,0,9745320,28,1043412,0,0,Iskvyx875g,2Knk1KF,taul,1K8T,pGTb,SHXbfVI,BpHkmkQ,bSUY,9_Y1,MBhA,09_Q,6JmL,me75fM6ugJ,kIsH,uKAI,L84s,XfqtO3UdzaXh_,11p4mKe,JaLW,cJvF,FzaX,7GEoYtn,oslk,4QlaK89,LM8l689qOp,WqMG,RAYp,55YFVY9
0,1050,7,4,288,360,224,166.56,0,81288,0,5.117496,9,58,0,70240,6,31425.3,10,20,112,96,-246521.2,940,42,1323,16,239670,235048,45,0,36,13916,889408,26,195636,0,0,vAsgUHXM47,RO12,taul,1K8T,TyGl,AKbblEW,8PHrhXg,vh2B,9_Y1,STGZ,VpdQ,lVqb,me75fM6ugJ,kIsH,uKAI,L84s,XfqtO3UdzaXh_,XTbPUYD,88C3,cJvF,FzaX,bYA18fN,oslk,aFcwIB5,LM8l689qOp,453m,RAYp,F2FyR07IdsN7I
0,721,7,1804,140,175,0,286.96,0,11712300,0,2.822047,9,74,126,125896,0,199353.6,40,0,48,24,142934.4,495,138,9990,0,840,0,2915,0,9,0,10621760,2,0,0,0,vAsTmBfHUn,RO12,taul,1K8T,LFM_,wEY7Jcz,ELqaUgs,kUuu,9_Y1,4N0K,09_Q,IYzP,me75fM6ugJ,kIsH,uKAI,L84s,NhsEn4L,mAjbk_S,LfRY,cJvF,FzaX,ncuRoKG,oslk,aK_wS9i,LM8l689qOp,Qu4f,RAYp,F2FyR07IdsN7I
0,1414,7,240,164,205,64,20.08,0,3259218,0,1.619312,18,34,112,2564928,3,123817.5,15,6,16,40,131416,870,54,5643,8,3884005,781272,415,0,18,0,8941200,26,56118,0,0,qFpmfo8zhV,RO12,taul,1K8T,ssAy,TeBPGBG,9YuFlLzSEv,Vs2U,9_Y1,Bw19,VpdQ,zm5i,me75fM6ugJ,kIsH,uKAI,L84s,NhsEn4L,mAjbk_S,bbiM,cJvF,FzaX,h72QRAM,oslk,u5AtFxo,LM8l689qOp,wX53,RAYp,F2FyR07IdsN7I
0,630,7,388,108,135,72,133.12,0,0,0,3.88229,9,144,154,19296,0,5381.16,0,4,8,16,-29580.28,470,0,3672,0,86830,62218,265,0,27,0,217708,28,21240,0,0,yaKt0Go8Lb,LrdZy8QqgUfkVShG,taul,1K8T,JLbT,fhk21Ss,J1MZ1kd,RJ1I,9_Y1,C7DI,sJzTlal,haYg,7M47J5GA0pTYIFxg5uy,kIsH,uKAI,L84s,4kVnq_T26xq1p,pMWV16X,_RE4,cJvF,FzaX,4UxGlow,zCkv,catzS2D,LM8l689qOp,Qu4f,ZI9m,ib5G6X1eUxUn6
0,1722,7,8,244,305,96,265.76,0,1232988,0,5.53856,9,50,14,707056,3,13578.33,20,10,48,112,-210692.8,1560,30,3267,8,1392185,1771712,835,0,9,1731548,7130280,42,1627440,0,0,Qu0r4RKzJV,RO12,taul,1K8T,487l,5HU7nTC,nQUq7hGe64,cKhn,9_Y1,DtNL,09_Q,IYzP,me75fM6ugJ,kIsH,uKAI,L84s,NhsEn4L,mAjbk_S,LkVU,UYBR,FzaX,7Jxlefp,oslk,je1reV4,LM8l689qOp,FSa2,RAYp,F2FyR07IdsN7I
0,35,0,0,4,5,0,286.96,5,0,0,0.2621235,9,26,0,0,0,202661.7,0,0,0,0,-1022492,5,0,0,8,675,0,0,0,9,0,540,2,0,0,0,DHeq9ayfAo,RO12,taul,1K8T,_8YK,ka_xJVj,J3fgbi2,5uIy,9_Y1,kJJ7,VpdQ,zm5i,me75fM6ugJ,kIsH,uKAI,L84s,NhsEn4L,mAja5EA,S9AY,cJvF,FzaX,Mms6hzI,oslk,iZDAgOW,LM8l689qOp,7P5s,RAYp,F2FyR07IdsN7I
0,1512,0,264,184,230,96,133.12,0,201120,0,5.513138,18,122,0,367096,0,19191.3,60,10,56,40,11914.44,830,66,12285,0,85440,154944,0,0,18,0,1369800,2,129222,0,0,M5vt0Gdc_a,2Knk1KF,taul,1K8T,4fje,r6oGW5V,lnG_TsC,Bp6l,9_Y1,cyKH,09_Q,hAFG,me75fM6ugJ,kIsH,g5HH,L84s,nHF0,beKdXOa,bCpn,cJvF,FzaX,xlbZmHu,JIiEFBU,FaEbxK3,LM8l689qOp,me1d,nIGjgSB,55YFVY9
0,735,7,2380,124,155,136,220.08,0,120,0,4.10126,9,178,14,1382400,0,228418.8,0,12,32,16,86194,500,6,10197,0,2160000,2937600,3610,0,36,1814400,10368080,10,3110400,0,0,crIgUHSK8h,RO12,taul,1K8T,kNzO,fhk21Ss,itSGh3t,gMVu,9_Y1,RVjC,VpdQ,hAFG,7M47J5GA0pTYIFxg5uy,kIsH,uKAI,L84s,_5OXC8MSLt,XTbj5PX,YihF,UYBR,FzaX,4UxGlow,oslk,catzS2D,LM8l689qOp,FSa2,ZI9m,iyHGyLCEkQ
0,182,0,0,108,135,16,186.64,0,580080,0,2.707114,9,16,0,996184,0,216908.4,40,4,40,32,113780.8,360,12,0,0,7734250,1260410,0,0,0,0,10870560,18,232788,0,0,CEat0G8rTN,RO12,taul,1K8T,EPHy,LTInfva,MV4DUjA,NvGS,9_Y1,k13i,VpdQ,IYzP,me75fM6ugJ,kIsH,uKAI,L84s,NhsEn4L,mAja5EA,WVOn,UYBR,FzaX,_lw8jNM,oslk,n7PqCcD,LM8l689qOp,fKCe,RAYp,F2FyR07IdsN7I
0,665,7,208,128,160,8,186.64,0,0,0,4.822688,9,30,56,5529616,0,227532.3,0,0,32,64,166030,480,0,1305,0,9775200,12750,145,0,0,1814400,10610480,46,0,0,0,dukmfo8zhV,RO12,taul,1K8T,0Xwj,gRinF0C,DKUDUftgA7,qpm5,HLqf,7pVf,VpdQ,IYzP,me75fM6ugJ,sBgB,uKAI,L84s,NhsEn4L,mAjbk_S,DoSd,cJvF,FzaX,SCnYWu3,oslk,WC7Esaq,LM8l689qOp,wX53,RAYp,F2FyR07IdsN7I
0,567,7,164,20,25,0,266.88,0,7257600,0,2.313181,9,34,28,2652584,0,239404.5,5,0,8,8,-224726.8,175,12,2475,0,134405,0,40,0,18,0,8691400,2,0,0,0,NESWq69R_D,RO12,taul,1K8T,PGNs,XvJ7pE3,rvXuhfX,eJPt,9_Y1,mTeA,sJzTlal,zm5i,me75fM6ugJ,kIsH,uKAI,L84s,NhsEn4L,NGZrD3j,lSf_,UYBR,FzaX,FgkYlW4,oslk,iHXRkup,jySVZNlOJy,FSa2,RAYp,F2FyR07IdsN7I
0,1295,7,384,164,205,72,220.08,15,3168672,0,0.3001495,9,136,63,25640,0,8163.36,5,0,24,24,-815840,700,18,16065,24,804705,102860,2905,0,18,0,3556816,50,0,0,0,9hRmfo875g,AERks4l,taul,1K8T,GYbZ,NldASpP,P9HTde2,rYq8,9_Y1,iZJp,VpdQ,haYg,DHn_WUyBhW_whjA88g9bvA64_,kIsH,uKAI,L84s,UbxQ8lZ,ORMRote,qGoL,cJvF,FzaX,JFM1BiF,Al6ZaUT,NKv4yOc,LM8l689qOp,3Cy4,02N6s8f,ib5G6X1eUxUn6
0,840,14,1784,132,165,8,253.52,0,3628968,0,3.613971,18,120,14,4838400,0,218289.6,10,0,32,56,249140,505,48,45405,0,6476000,60144,485,0,27,0,10830800,30,0,0,0,DHeq9ayfAo,2Knk1KF,taul,1K8T,tzKK,kl9MVop,truNmwM_O14sKdstn_K,iUwD,9_Y1,000J,09_Q,Tkho,me75fM6ugJ,kIsH,uKAI,L84s,NhsEn4L,teAyFc5,31TX,UYBR,qxDb,EuIKcb0,oslk,miwrf2I,jySVZNlOJy,7P5s,RAYp,55YFVY9
0,1379,0,0,396,495,304,200,0,2160,0,6.935057,9,24,0,1933360,0,15385.56,0,20,96,176,255134,1615,12,0,0,1198530,513242,0,0,9,546861,3185584,54,348234,0,0,Mtpt0G8EIb,RO12,taul,1K8T,2Ix5,gwY4NQF,8nstQ62E0C,dzJO,9_Y1,e7QV,VpdQ,43pnToF,me75fM6ugJ,kIsH,uKAI,L84s,NhsEn4L,mAja5EA,rAol,cJvF,FzaX,t5EoLzk,oslk,ag5iNPX,LM8l689qOp,fKCe,RAYp,F2FyR07IdsN7I
0,959,7,3344,256,320,168,99.68,0,81378,0,0.5654775,9,178,49,45352,0,1644.213,15,6,56,56,-1172492,1155,84,882,0,44325,26904,25,0,9,11277,178908,32,8970,0,0,oyGrjIXt5a,2Knk1KF,taul,1K8T,IvdZ,fhk21Ss,_03xtaMIkZsn1,LHAl,9_Y1,VILw,VpdQ,y6dw,7M47J5GA0pTYIFxg5uy,kIsH,uKAI,L84s,tbewxY_YSo,CWNVpOc,odkb,cJvF,FzaX,4UxGlow,JIiEFBU,catzS2D,LM8l689qOp,5Acm,ZI9m,iyHGyLCEkQ
0,35,0,0,16,20,0,232.32,0,0,0,4.000854,18,16,0,0,0,844827,20,0,32,0,232010.8,75,0,0,0,0,0,0,0,0,0,9676800,0,0,0,0,HrWq9aXt5a,RO12,taul,1K8T,0Xwj,0nY9OFL,GVWDufEPyV,Y47A,HLqf,Y9Bl,VpdQ,IYzP,me75fM6ugJ,sBgB,uKAI,L84s,NhsEn4L,kq0RpJL,BCds,UYBR,FzaX,25cNqhB,oslk,mErwEWL,LM8l689qOp,uWr3,RAYp,F2FyR07IdsN7I
0,4004,7,336,1076,1345,616,166.56,0,3217374,0,1.931211,9,66,0,860272,0,27039.3,75,76,344,296,258931.2,3520,84,36324,0,1256995,349438,1645,0,0,161658,5333200,176,433866,0,0,xOXTmBtFkL,RO12,taul,1K8T,F9g8,MPSM0nx,glRbITbnHQ,3VRW,9_Y1,47ra,VpdQ,IYzP,me75fM6ugJ,kIsH,uKAI,L84s,NhsEn4L,mAjbk_S,_7_w,cJvF,FzaX,UDVAAox,oslk,uOV2fT4,LM8l689qOp,rgKb,RAYp,F2FyR07IdsN7I
0,1134,14,96,116,145,0,220.08,0,466356,0,5.624653,27,46,0,894640,0,23814.15,25,2,40,56,42232.8,435,90,846,0,155795,0,1285,0,0,0,1060100,2,57528,0,0,_v2gUHXZeb,RO12,taul,1K8T,_vzJ,Jn8nx5A,3clyC8L,HN5D,9_Y1,STGZ,VpdQ,IYzP,me75fM6ugJ,kIsH,uKAI,L84s,NhsEn4L,mAjbk_S,BrG9,cJvF,FzaX,b0vNgdR,oslk,yOuy5oW,jySVZNlOJy,453m,RAYp,F2FyR07IdsN7I
0,1253,7,5288,136,170,192,166.56,0,0,0,0.6231574,9,190,161,2241280,0,63913.5,0,4,32,48,-81766.4,510,0,3690,0,327555,1010628,5000,0,45,1169385,3880784,4,715266,0,0,V8lt0G8rTN,rEUOq2QD1qfkRr6qpua,taul,1K8T,lK27,fhk21Ss,P9HTde2,pFXZ,9_Y1,e7QV,VpdQ,y6dw,7M47J5GA0pTYIFxg5uy,kIsH,uKAI,L84s,QsQAxv5,KqjecMy,_Diz,UYBR,FzaX,4UxGlow,QKW8DRm,catzS2D,jySVZNlOJy,fKCe,ZI9m,ib5G6X1eUxUn6
0,1071,7,2284,180,225,152,166.56,0,2022,0,3.616107,9,80,91,2421720,0,67882.8,10,4,40,72,-843892,645,6,972,0,1238705,514048,1230,0,27,600215,3391276,24,222492,0,0,8Fdr4RXXnK,RO12,taul,1K8T,JLbT,dC0d3iM,_jTP8ioIlJ,dXvg,9_Y1,TFSW,VpdQ,IYzP,me75fM6ugJ,kIsH,uKAI,Mtgm,NhsEn4L,mAjbk_S,eKYc,cJvF,FzaX,Ox88mx2,oslk,7KtqWEN,LM8l689qOp,Xa3G,RAYp,F2FyR07IdsN7I
0,2289,35,4820,400,500,104,331.04,0,850236,0,4.349498,90,64,630,275496,0,21580.14,55,12,120,80,-282749.6,1440,210,2385,0,777555,146154,2925,0,0,143472,1909216,50,200514,0,0,9u0r4Rdncc,RO12,taul,1K8T,yxYT,6oGKKVi,k10MzgT,DoK8,9_Y1,em8I,VpdQ,IYzP,me75fM6ugJ,kIsH,g5HH,L84s,NhsEn4L,mAjk2hr,AMFx,cJvF,FzaX,MiS0IU9,oslk,8oT2fT4,jySVZNlOJy,me1d,RAYp,F2FyR07IdsN7I
0,826,7,1484,132,165,32,200,0,5415042,0,2.043153,9,76,168,109864,0,58026.6,5,10,32,24,429540,710,72,34965,0,2009305,525532,1130,0,0,518154,7041360,16,558462,0,0,oBXTmBtFkL,RO12,taul,1K8T,TyGl,au1CPws,y2LIM01bE1,VvDf,9_Y1,c2JP,sJzTlal,IYzP,me75fM6ugJ,kIsH,uKAI,L84s,NhsEn4L,beK4AFX,pv4R,UYBR,FzaX,_PxY_02,oslk,r7xOEra,LM8l689qOp,rgKb,RAYp,F2FyR07IdsN7I
0,406,7,100,164,205,40,166.56,0,3030,0,5.323008,9,52,0,930512,0,31200.3,15,14,32,112,147462,425,6,50841,0,1132060,107666,1990,0,9,352786,2720952,22,207102,0,0,hSogUHXZeb,RO12,taul,1K8T,pE9z,Ml6kiFp,yLQX8HOoy1,EOBC,9_Y1,8BBI,sJzTlal,sYC_,me75fM6ugJ,kIsH,uKAI,L84s,NhsEn4L,kq0n8Bj,RRN_,UYBR,FzaX,k5O88FJ,oslk,QkgQQMs,LM8l689qOp,453m,RAYp,F2FyR07IdsN7I
0,1239,28,2272,180,225,40,220.08,0,6176640,0,3.970733,54,128,77,552184,0,159546.9,45,2,48,72,174474.8,630,72,1737,0,3546455,150782,2790,0,18,85351,10329360,18,140790,0,0,75lTmBtFkL,2Knk1KF,taul,1K8T,TyGl,47WdmQ4,_UtlxbJ,ZUB4,9_Y1,47ra,VpdQ,sYC_,me75fM6ugJ,kIsH,uKAI,L84s,NhsEn4L,beK4AFX,V7s6,UYBR,FzaX,w97ARL_,oslk,hqk7qqc,jySVZNlOJy,rgKb,RAYp,55YFVY9
0,777,7,552,164,205,48,235.76,0,2623866,0,3.735313,9,52,0,977424,0,135971.7,0,6,32,40,190961.6,590,66,927,0,3863525,249874,875,0,0,663495,6107080,32,417840,0,0,8Fdr4RXXnK,RO12,LfvqpCtLOY,1K8T,z32l,af1vEdV,ZIX6Y9cVy5,dpPi,9_Y1,Cgc3,09_Q,IYzP,me75fM6ugJ,kIsH,uKAI,L84s,NhsEn4L,TDcECyH,XAab,UYBR,FzaX,b0vOZ4E,oslk,1gu2qo0,jySVZNlOJy,Xa3G,RAYp,F2FyR07IdsN7I
0,357,7,1856,100,125,32,133.12,0,35754,0,6.961119,9,154,210,4328,0,2599.5,10,4,24,24,-6615.72,285,30,3303,0,25725,3596,100,0,9,0,58144,18,4680,0,0,qXh9tYsdof,2Knk1KF,taul,1K8T,WkTj,LTIlhSa,CdPgMY1Z52,qKKG,9_Y1,YULl,VpdQ,haYg,me75fM6ugJ,kIsH,uKAI,L84s,XfqtO3UdzaXh_,XTbPUYD,9AoQ,UYBR,FzaX,yALYE38,oslk,GLkQhib,LM8l689qOp,FSa2,RAYp,TCU50_Yjmm6GIBZ0lL_
0,3157,21,3736,120,150,24,411.44,0,3425430,0,1.219184,27,136,364,691200,0,34848,15,10,40,8,-28829.84,490,42,69183,0,4220010,518400,10365,0,27,1209600,9494840,22,2592000,0,0,8Iqt0G8rTN,g62hiBSaKg,taul,1K8T,0Xwj,fhk21Ss,ua2Ysdy,qktG,HLqf,k13i,09_Q,haYg,7M47J5GA0pTYIFxg5uy,sBgB,uKAI,L84s,4kVnq_T26xq1p,NGZE639,Czqd,UYBR,FzaX,4UxGlow,zCkv,catzS2D,LM8l689qOp,fKCe,ZI9m,ib5G6X1eUxUn6
0,721,7,316,116,145,64,166.56,5,0,0,6.48088,45,168,98,15688,0,1624.743,0,2,32,32,-8478.44,565,0,684,8,42130,16854,55,0,27,9849,76008,32,1128,0,0,1GdOj1KXzC,2Knk1KF,taul,1K8T,TIPl,Q9RASYT,CdPgMY1Z52,Z947,9_Y1,ID5l,VpdQ,hAFG,me75fM6ugJ,kIsH,uKAI,L84s,XfqtO3UdzaXh_,XTbqizz,t6MK,UYBR,FzaX,NRwAWQ7,oslk,fGIAGfT,LM8l689qOp,kwS7,RAYp,TCU50_Yjmm6GIBZ0lL_
0,581,7,2124,112,140,112,133.12,0,0,0,3.656056,9,62,42,155480,0,7648.26,0,2,32,40,14927.84,330,0,96471,0,65320,18498,4165,0,0,65219,168096,16,1656,0,0,m9SrEy7Rm6,RO12,taul,1K8T,YFAj,zN9Vdmm,dg9I7Wq75U,_Yg1,9_Y1,H9GL,sJzTlal,IYzP,me75fM6ugJ,kIsH,uKAI,L84s,NhsEn4L,TDceha3,YHFX,UYBR,FzaX,Ox8fR8o,oslk,mWoTy9x,LM8l689qOp,Aoh3,RAYp,F2FyR07IdsN7I
0,350,7,12,164,205,120,133.12,0,0,0,2.731895,9,56,0,24216,0,4313.43,0,2,16,24,17518.56,490,0,5787,0,155430,45594,10,0,0,0,232592,44,7428,0,0,1GdOj1KXzC,RO12,taul,1K8T,0Y9G,0Vr7wZ4,2TwXCiT,DnfT,9_Y1,_KXv,VpdQ,IYzP,Kxdu,kIsH,uKAI,L84s,FMSzZ91zL2,TDcEYQ6,XpCD,UYBR,FzaX,XbZitea,zCkv,DHPNgqU,LM8l689qOp,kwS7,6fzt,SbOd7O8ky1wGNxp0Arj0Xs
0,889,21,4616,132,165,40,253.52,0,3801654,0,1.692801,45,128,168,1900824,0,122262,20,4,32,24,130301.6,515,48,38772,0,4356055,792010,5765,0,36,0,10454520,22,950412,0,0,8Knvyx875g,2Knk1KF,taul,1K8T,pGTb,3d6d0DS,q2tfFQq,VCaF,9_Y1,3NyY,VpdQ,hAFG,me75fM6ugJ,kIsH,uKAI,Mtgm,XfqtO3UdzaXh_,11p4mKe,KNA3,cJvF,FzaX,T6wOhQy,oslk,c78T3Cb,LM8l689qOp,WqMG,RAYp,55YFVY9
0,2352,21,3736,104,130,48,106.8,0,4573350,0,1.208075,27,74,259,637896,0,23084.52,20,6,48,16,101689.2,1155,48,24642,0,1007880,1420016,575,0,9,0,8673520,6,1129104,0,0,BQavyxLp3Z,RO12,taul,1K8T,R4_H,SohyOPj,nQUveAzAF7,IRT0,9_Y1,vzJD,VpdQ,IYzP,me75fM6ugJ,kIsH,uKAI,L84s,NhsEn4L,TDceha3,o4fX,cJvF,FzaX,ASloI0_,oslk,uC5DSFl,LM8l689qOp,xb3V,RAYp,F2FyR07IdsN7I
0,728,7,928,128,160,72,166.56,0,1607418,0,5.373425,27,74,63,1692312,0,146617.5,15,2,24,32,-251225.2,535,24,8649,0,4153065,1378878,160,0,18,604800,8967720,22,518400,0,0,Foxt0Go8Lb,RO12,taul,1K8T,0Xwj,iJzviRg,e1XhvTunuD,ot88,HLqf,t_4G,VpdQ,CoYW,7M47J5GA0pTYIFxg5uy,sBgB,uKAI,L84s,4kVnq_T26xq1p,y5FEdZv,ssi4,cJvF,FzaX,ch2oGfM,zCkv,P6pu4Vl,LM8l689qOp,Qu4f,ZI9m,R4y5gQQWY8OodqDV
0,4088,7,4,716,895,560,176.56,0,7350,0,3.130314,18,40,0,459632,0,3479.37,10,42,280,448,-102686,2270,6,720,0,123590,154264,175,0,0,118027,762004,58,132864,0,0,EsYq9aX0Db,RO12,taul,1K8T,dWQK,gRirkF8,bGUqwlz,x3o3,9_Y1,Y9Bl,VpdQ,IYzP,me75fM6ugJ,kIsH,uKAI,L84s,NhsEn4L,mAjbk_S,604y,UYBR,qxDb,vcuv48t,oslk,OTXAgOW,LM8l689qOp,uWr3,RAYp,F2FyR07IdsN7I
0,2723,7,4,208,260,72,323.84,0,4876332,9,6.444349,9,36,0,1467848,3,43818.9,35,6,64,56,120771.6,520,78,135,24,2356155,1149204,115,6,18,0,10445040,26,617178,0,0,a4v9tYsGvO,RO12,taul,1K8T,JLbT,3d67Duj,zyR5BuUrkb8I9Lth,zvti,9_Y1,YULl,09_Q,zm5i,me75fM6ugJ,kIsH,uKAI,L84s,NhsEn4L,kZJyVg2,E9NI,UYBR,FzaX,6b1YH7D,oslk,tEkRt2K,LM8l689qOp,FSa2,RAYp,F2FyR07IdsN7I
0,1421,14,288,20,25,8,186.64,5,8683080,0,0.6605427,18,130,70,1411704,0,29805.93,0,0,0,8,176150,375,18,1053,8,0,1206722,2160,0,18,0,8908000,0,0,0,0,oBXTmBtFkL,2Knk1KF,taul,1K8T,F9g8,PyelD6V,etM739XNb0Rf0,VkoA,9_Y1,c2JP,VpdQ,haYg,7M47J5GA0pTYIFxg5uy,kIsH,uKAI,L84s,XfqtO3UdzaXh_,XTbPUYD,SPui,cJvF,OFWH,hFpYjZW,oslk,Nbpqjwa,LM8l689qOp,rgKb,RAYp,55YFVY9
0,959,7,248,36,45,0,254.96,0,7260840,0,3.63918,9,74,35,0,0,126240.9,0,0,0,0,382760.4,395,18,63234,0,7651650,0,1280,0,18,0,10961880,12,0,0,0,UCDvyx8zhV,RO12,taul,1K8T,pGTb,iJzviRg,MypvvoIQqc,NnPq,9_Y1,3NyY,09_Q,kxE9,7M47J5GA0pTYIFxg5uy,kIsH,uKAI,Mtgm,4kVnq_T26xq1p,TDcRBTt,0RqX,cJvF,AU8pNoi,ch2oGfM,zCkv,P6pu4Vl,LM8l689qOp,WqMG,ZI9m,R4y5gQQWY8OodqDV
0,1071,7,144,68,85,48,133.12,0,4794,0,2.299509,9,50,7,320192,0,8635.229,0,6,24,48,43919.6,245,6,217152,0,113040,50118,705,0,0,23023,387812,2,50778,0,0,6m0t0G8rTN,RO12,taul,1K8T,TyGl,LTInfva,lGXpFd_2Rf,UMeX,9_Y1,k13i,sJzTlal,IYzP,me75fM6ugJ,kIsH,uKAI,L84s,NhsEn4L,TDcECyH,Yzpg,UYBR,FzaX,_lw8jNM,oslk,n7PqCcD,LM8l689qOp,fKCe,RAYp,F2FyR07IdsN7I
0,1351,7,6360,1796,2245,424,289.36,0,5513088,0,1.06473,9,58,357,1894360,0,53646,45,12,80,216,152216.8,6015,246,5112,0,3492980,339034,33045,0,45,181895,10437600,626,551334,0,0,avkq9ayfAo,RO12,taul,1K8T,PJLW,x8bo8ot,FoJylxy,saaH,9_Y1,vm5R,VpdQ,lVqb,me75fM6ugJ,kIsH,uKAI,L84s,XfqtO3UdzaXh_,11p4mKe,edVs,cJvF,FzaX,tS16hzI,oslk,vHkTy9x,LM8l689qOp,7P5s,RAYp,F2FyR07IdsN7I
0,350,0,0,124,155,0,233.44,0,11404800,0,2.737663,9,22,0,0,0,184372.5,45,0,32,0,278198.4,410,132,0,0,0,0,0,0,9,0,10713600,0,0,0,0,crIt0Go8Lb,RO12,taul,1K8T,lK27,1ucARMl,4Jjgs8S3QG,5q3k,9_Y1,YePk,VpdQ,zm5i,me75fM6ugJ,kIsH,uKAI,L84s,NhsEn4L,7Ww66JZ,CA9n,cJvF,FzaX,QkcOZ4E,oslk,KOqA9vx,LM8l689qOp,Qu4f,RAYp,F2FyR07IdsN7I
0,1351,21,10800,84,105,0,250.16,0,8597640,0,3.122623,36,196,392,68936,0,48354.3,5,10,8,72,131608,395,18,52254,0,6049600,0,1385,0,18,0,13027280,6,68316,0,0,DQlgUH7IEC,rEUOq2QD1qfkRr6qpua,taul,1K8T,TyGl,fhk21Ss,UFIdC8I,umg2,9_Y1,m_h1,VpdQ,y6dw,7M47J5GA0pTYIFxg5uy,kIsH,uKAI,L84s,4kVnq_T26xq1p,11pL0mp,8JTE,UYBR,FzaX,4UxGlow,zCkv,catzS2D,LM8l689qOp,WqMG,ZI9m,ib5G6X1eUxUn6
0,1134,7,104,392,490,224,200,0,0,0,6.128391,9,54,49,1084768,0,13735.89,0,14,64,208,-1328356,1200,0,45477,0,1202225,226376,2525,0,9,17101,2177120,74,330306,0,0,hSogUHXZeb,RO12,taul,1K8T,TyGl,5Jbbxgw,n2YfB05aPZ,ZZSJ,9_Y1,fTh6,sJzTlal,hAFG,me75fM6ugJ,kIsH,uKAI,Mtgm,XfqtO3UdzaXh_,11p4mKe,LI0l,UYBR,FzaX,Knz8krz,oslk,BB0s5Yy,LM8l689qOp,453m,RAYp,F2FyR07IdsN7I
0,707,0,0,444,555,216,186.64,0,1899138,0,4.529588,9,14,0,1659944,0,21033.15,70,18,112,136,-474132,1325,66,0,0,2552710,384396,0,0,0,172417,5850520,66,323196,0,0,CEaBcmz45j,RO12,taul,1K8T,AHrt,Q9R7qwL,ZkibjLN5VwJ2V,n1BY,9_Y1,rzbc,VpdQ,IYzP,me75fM6ugJ,kIsH,uKAI,L84s,NhsEn4L,mAjAVZm,HMDV,cJvF,FzaX,Zc06pd1,oslk,SiXzrB7,LM8l689qOp,Qcbd,RAYp,F2FyR07IdsN7I
0,707,7,1512,76,95,48,220.08,0,1896660,0,2.578509,18,138,231,8904960,0,207588.6,5,0,16,16,203724.4,545,36,41679,0,439495,565104,2535,0,45,3558247,8666320,8,0,0,0,NQ5rEy7Rm6,2Knk1KF,taul,1K8T,Wmd1,AKGnmrh,msIqHk8toE,fltI,9_Y1,H9GL,VpdQ,6JmL,me75fM6ugJ,kIsH,uKAI,L84s,XfqtO3UdzaXh_,11p4mKe,uxJE,cJvF,FzaX,9Z9fc8E,oslk,GDJEVJ2,LM8l689qOp,Aoh3,RAYp,55YFVY9
0,2835,7,52,456,570,320,166.56,0,22596,0,2.126896,9,154,7,481104,0,9303.93,10,52,136,192,-902952,1520,42,3096,0,197390,203382,320,0,9,200473,1498436,30,475416,0,0,0vimfo8zhV,2Knk1KF,I9xt3GMcxUnBZ,1K8T,42Cy,fhk21Ss,X3ePG58,B7nc,9_Y1,gnEy,VpdQ,wMei,7M47J5GA0pTYIFxg5uy,kIsH,uKAI,L84s,E1aAZ0x7vd,OFqVH0t,GVoA,cJvF,FzaX,4UxGlow,QKW8DRm,catzS2D,LM8l689qOp,3Cy4,ZI9m,ib5G6X1eUxUn6
0,1127,7,3260,72,90,0,127.92,25,3218772,0,3.010895,9,34,728,1382400,3,149740.2,10,0,16,16,-425312,490,48,123471,48,2592000,0,2055,0,9,0,5601840,12,0,0,0,8I1q9ayE15,RO12,taul,1K8T,lK27,7CnExHa,_UtlxbJ,g0AC,9_Y1,F_Lu,VpdQ,IYzP,me75fM6ugJ,kIsH,uKAI,L84s,NhsEn4L,NGZxnJM,9Dt8,cJvF,FzaX,82JRa8C,oslk,bIKqbV5,LM8l689qOp,TNEC,RAYp,F2FyR07IdsN7I
0,812,7,612,128,160,24,286.96,0,7776000,0,6.764153,9,60,154,1212808,0,223888.2,30,4,40,24,89549.6,500,90,22797,0,1296000,518400,945,0,0,0,10469720,6,1036800,0,0,FAJWq69cTy,RO12,LfvqpCtLOY,1K8T,ssAy,GdzFZs5,ZIXqNozRXZ,YcLb,9_Y1,Px52,sJzTlal,sYC_,me75fM6ugJ,kIsH,uKAI,L84s,NhsEn4L,kZJXxsX,JEC4,UYBR,FzaX,Xsg8XLE,oslk,eIi2qo0,jySVZNlOJy,PM2D,RAYp,F2FyR07IdsN7I
0,3871,14,11772,524,655,368,166.56,0,395562,0,0.4358043,27,152,910,1691032,0,10641.54,10,52,200,120,430696,2785,30,3474,0,4367880,417324,1910,0,9,89586,6172080,74,542166,0,0,KXMrEyXXnK,2Knk1KF,I9xt3GMcxUnBZ,1K8T,487l,fhk21Ss,OthpAth,XA3Y,9_Y1,VwCR,VpdQ,6JmL,7M47J5GA0pTYIFxg5uy,kIsH,uKAI,L84s,E1aAZ0x7vd,XTbJ4br,T5tv,cJvF,FzaX,4UxGlow,QKW8DRm,catzS2D,jySVZNlOJy,Aoh3,ZI9m,ib5G6X1eUxUn6
0,3752,14,88,136,170,80,253.52,0,4196730,0,5.63448,18,92,0,1382400,0,28994.91,15,6,32,16,153670,525,54,48600,0,1918835,1612880,670,0,45,604800,10323440,14,1555200,0,0,a4vvyxLkBI,RO12,taul,1K8T,UpNf,604SYUX,8xqsKsAwUv,eQQK,9_Y1,lXxA,09_Q,hAFG,me75fM6ugJ,kIsH,uKAI,L84s,XfqtO3UdzaXh_,y5FELEt,oJYN,cJvF,FzaX,kH58iqZ,oslk,dc9OtEt,LM8l689qOp,xb3V,RAYp,F2FyR07IdsN7I
0,1799,7,184,360,450,128,186.64,0,2579436,0,3.185644,9,40,49,4707088,0,89117.7,40,10,64,88,74475.2,785,108,1854,0,5612650,690410,155,0,27,0,10571360,64,460224,0,0,l7Fq9ayE15,RO12,taul,1K8T,hM6W,Te2Vp7s,k10MzgT,LHEA,9_Y1,xSqs,VpdQ,IYzP,me75fM6ugJ,kIsH,uKAI,L84s,NhsEn4L,mAjbk_S,yzTu,cJvF,FzaX,7DIfc8E,oslk,cwvTzYj,LM8l689qOp,szEZ,RAYp,F2FyR07IdsN7I
0,700,7,88,132,165,72,220.08,5,5067102,0,3.963683,9,38,0,0,0,205378.2,20,8,32,0,505968,525,60,11115,8,654175,1550366,895,0,9,604800,9714320,12,1994658,0,0,dRarjIK12c,RO12,taul,1K8T,pGTb,vfNlTUr,nQU2P_OLn0,MXX4,9_Y1,7WNq,VpdQ,zm5i,me75fM6ugJ,kIsH,uKAI,L84s,NhsEn4L,mAja5EA,rKtE,cJvF,FzaX,YhdYH7D,oslk,6l0qqb8,LM8l689qOp,WqMG,RAYp,F2FyR07IdsN7I
0,1008,7,152,68,85,24,232.32,0,402738,0,0.04251228,9,56,7,9676800,3,81440.41,0,2,8,16,452484,460,12,31635,8,5041850,38270,525,0,27,0,10422880,18,1808946,0,0,KXMrEyXXnK,RO12,taul,1K8T,LLPZ,fqedTJr,h3WsUQk,lnd7,9_Y1,H1uM,VpdQ,haYg,me75fM6ugJ,kIsH,uKAI,L84s,XfqtO3UdzaXh_,XTbPUYD,e7PB,UYBR,FzaX,fxJ68SY,oslk,SyxQQMs,LM8l689qOp,Aoh3,RAYp,F2FyR07IdsN7I
0,735,0,68,52,65,40,133.12,0,0,0,4.852809,9,52,0,36968,0,23613.36,0,10,8,24,-363185.2,80,0,8451,0,0,28946,0,0,0,0,141256,0,97320,0,0,2AAWq69R_D,RO12,taul,1K8T,j1T2,cGZ4XxH,6JhQ5n9,i0bt,9_Y1,0A_v,sJzTlal,IYzP,me75fM6ugJ,kIsH,uKAI,L84s,NhsEn4L,TDcECyH,tunS,UYBR,FzaX,9Ud87dl,oslk,G6q7kpB,LM8l689qOp,PM2D,RAYp,F2FyR07IdsN7I
0,245,7,184,120,150,192,84.64,0,0,0,5.108097,9,102,7,0,0,2233.833,0,2,8,0,-4158.72,585,0,5850,0,9825,20798,560,0,9,0,52612,10,4734,0,0,V8lBcmz45j,RO12,taul,1K8T,kwI9,GM6Cbt_,SpVKBrJv90,sGGa,9_Y1,EwzD,VpdQ,hAFG,Kxdu,kIsH,uKAI,L84s,FMSzZ91zL2,11pG9ir,91pY,UYBR,FzaX,8QvKu6o,zCkv,NlEh5ih,LM8l689qOp,Qcbd,6fzt,SbOd7O8ky1wGNxp0Arj0Xs
0,609,0,720,136,170,160,271.52,0,836610,0,1.344584,9,30,0,0,0,191658.3,0,16,32,0,215099.6,515,24,27,0,265935,3456000,0,0,0,0,10447280,4,4147200,0,0,tr0Wq69cTy,RO12,taul,1K8T,ssAy,vLtMhNR,Hz673939hbJdw,rYvw,9_Y1,0A_v,VpdQ,IYzP,me75fM6ugJ,kIsH,uKAI,L84s,NhsEn4L,mAja5EA,PTsF,UYBR,FzaX,ie38iqZ,oslk,35GRt2K,LM8l689qOp,PM2D,RAYp,F2FyR07IdsN7I
0,595,7,556,132,165,0,86.96,10,11404800,0,4.053621,9,100,567,0,3,31949.4,45,0,32,0,121580,555,132,8172,24,3155,0,255,0,18,0,10716120,4,0,0,0,1JGr4RKzJV,AERks4l,taul,1K8T,TyGl,PHNvXy8,m8PE_N_,Ha2D,9_Y1,DtNL,09_Q,haYg,NKv3VA1BpP,kIsH,uKAI,Mtgm,Ie_5MZs,teAY_NX,IPb7,cJvF,FzaX,UF16siJ,zCkv,APgdzOv,LM8l689qOp,FSa2,6fzt,xwM2aC7IdeMC0
0,1519,14,860,320,400,264,166.56,0,9804,0,1.897458,18,50,7,823824,0,54024.3,10,20,56,88,208972.4,870,6,3303,0,1379070,395152,805,0,0,526092,2619652,46,453996,0,0,5_lq9aXt5a,RO12,taul,1K8T,JLbT,H9TGiDY,y4g9XoZ,RKPY,9_Y1,6TCl,VpdQ,IYzP,Kxdu,kIsH,uKAI,L84s,FMSzZ91zL2,kq067VR,sTui,cJvF,FzaX,rSNKYdx,zCkv,O8sb4Lm,LM8l689qOp,uWr3,6fzt,SbOd7O8ky1wGNxp0Arj0Xs
0,770,7,56,124,155,72,253.52,0,3036498,0,0.8611408,9,168,0,2356440,0,233915.7,0,8,32,32,80608,520,36,110394,0,3456000,1476108,340,0,18,1814400,10301960,16,2073600,0,0,MlYvyx875g,AERks4l,taul,1K8T,0Xwj,fhk21Ss,5q1hF23,sKj_,F3hy,MBhA,09_Q,haYg,7M47J5GA0pTYIFxg5uy,kIsH,uKAI,L84s,QsQAxv5,11pJPFL,W4vS,cJvF,FzaX,4UxGlow,QKW8DRm,catzS2D,jySVZNlOJy,WqMG,ZI9m,ib5G6X1eUxUn6
0,1911,0,0,472,590,104,286.96,0,3966246,0,2.566759,9,24,0,1834024,0,34051.8,90,14,176,88,1494640,2275,210,0,0,4694770,392586,0,0,9,763945,10025560,68,705498,0,0,2jigUH7ejg,RO12,taul,1K8T,pGTb,lUpdCrr,yEFIHeU,1SYc,9_Y1,m_h1,VpdQ,zm5i,me75fM6ugJ,kIsH,uKAI,L84s,NhsEn4L,kZJyVg2,9yea,cJvF,FzaX,t39OtFs,oslk,G9lTL5Q,LM8l689qOp,WqMG,RAYp,F2FyR07IdsN7I
0,10556,0,68,1996,2495,872,133.76,0,307560,0,6.657765,9,68,98,249080,0,1728.117,50,104,536,608,-1628872,6770,192,184347,0,535155,111140,0,0,9,52766,1107612,440,174252,0,0,DHeTmBftjz,RO12,taul,1K8T,0Xwj,9GJGgoz,k10MzgT,eyLh,F3hy,Gx0B,VpdQ,sYC_,Kxdu,kIsH,uKAI,Mtgm,FMSzZ91zL2,NGZwo7G,FxNt,cJvF,FzaX,Tvpip6Z,zCkv,hHJsvbM,jySVZNlOJy,Qu4f,6fzt,SbOd7O8ky1wGNxp0Arj0Xs
0,749,14,2540,144,180,48,314.88,0,4468722,0,5.60094,18,108,7,2534464,0,218310,10,6,32,32,129049.2,545,72,4131,0,3564100,950424,125,0,36,1108828,10582560,18,1425636,0,0,NESWq69R_D,2Knk1KF,taul,1K8T,487l,vHHY4q6,_jTP8ioIlJ,ctVR,9_Y1,z5Ry,VpdQ,sYC_,me75fM6ugJ,kIsH,uKAI,L84s,NhsEn4L,kq0mj86,QCQk,UYBR,qxDb,R4hm94s,oslk,oSyMpgG,M_8D,FSa2,RAYp,55YFVY9
0,910,7,456,152,190,16,198.24,5,1488,0,5.146977,9,128,28,2806008,0,81249,0,2,32,72,111756.8,510,6,468,8,5602450,39610,65,0,54,678020,6020080,50,82350,0,0,puvq9aX0Db,2Knk1KF,taul,1K8T,TLkP,ioCcTEF,r83_sZi,Y47A,9_Y1,Y9Bl,VpdQ,haYg,me75fM6ugJ,kIsH,uKAI,L84s,XfqtO3UdzaXh_,XTbPUYD,BCds,UYBR,FzaX,m_dAM23,oslk,nFzwuDg,LM8l689qOp,uWr3,RAYp,55YFVY9
0,2352,7,52,552,690,120,330.4,0,1081632,0,3.361461,9,56,0,175160,0,30209.4,0,32,8,16,-757248,3965,360,882,0,789265,40348,90,0,9,0,1638080,90,175956,0,0,dRarjIK12c,RO12,taul,1K8T,487l,miuXVr0,W5NlG5E0FK,VvmD,9_Y1,7WNq,VpdQ,sYC_,me75fM6ugJ,kIsH,uKAI,L84s,NhsEn4L,kq0n8Bj,tXvE,cJvF,FzaX,bYAYWu3,oslk,hT0zF_Q,M_8D,WqMG,RAYp,F2FyR07IdsN7I
0,259,0,0,156,195,32,220.08,0,1866990,0,6.117496,18,18,0,4202920,6,177236.1,10,0,40,64,104146.8,600,36,0,16,6165900,691200,0,0,9,0,9979000,38,0,0,0,Foxt0Go8Lb,RO12,taul,1K8T,wGW5,Gjup2Rr,qj0X1JD6U2VDfcVe,GUi9,9_Y1,C7DI,09_Q,zm5i,me75fM6ugJ,kIsH,uKAI,L84s,NhsEn4L,kZJtVhC,glY0,cJvF,FzaX,G4u6pd1,oslk,yUzqFbB,LM8l689qOp,Qu4f,RAYp,F2FyR07IdsN7I
0,3598,7,44,1592,1990,624,259.6,0,6054840,0,5.490494,18,58,21,2143736,0,44982.3,45,40,240,616,100294.4,6800,150,16182,0,3139240,448706,1645,0,9,363153,10590680,378,703308,0,0,V8lBcmz45j,RO12,taul,1K8T,tXti,w9kwuGt,hOpRIhsUSP,eGaZ,9_Y1,WGOH,VpdQ,wMei,me75fM6ugJ,kIsH,uKAI,L84s,h0lfDKh52u4GP,IoI4mKe,e3Hw,cJvF,FzaX,K9Bfc8E,oslk,017QQMs,M_8D,Qcbd,RAYp,F2FyR07IdsN7I
0,1876,7,2256,140,175,32,234.72,0,802956,0,0.7434309,18,186,7,4147200,6,28957.65,15,0,32,48,50215.6,495,24,4437,16,7002500,582704,1305,0,27,0,10388160,36,0,0,0,dTGmfo8zhV,rEUOq2QD1qfkRr6qpua,taul,1K8T,LloI,fhk21Ss,ELRUn57,izsx,9_Y1,wGwL,VpdQ,y6dw,7M47J5GA0pTYIFxg5uy,kIsH,uKAI,L84s,dGiN9qj1jEYX9,pMWoaus,oimx,UYBR,FzaX,4UxGlow,Al6ZaUT,catzS2D,LM8l689qOp,wX53,ZI9m,ib5G6X1eUxUn6
0,2681,7,4008,148,185,32,200,0,2289696,0,3.115787,9,86,7,3152512,0,50843.7,20,0,32,40,212764,675,42,18765,0,6768250,382002,630,0,9,0,10502520,34,0,0,0,1JGqrQKzJV,RO12,taul,1K8T,FgS1,MPSMkpB,DKUDUflhEQ,vhRN,9_Y1,15m3,VpdQ,IYzP,me75fM6ugJ,kIsH,uKAI,L84s,NhsEn4L,kq062QV,lW6n,UYBR,FzaX,ezqvEWW,oslk,f1AO_7b,jySVZNlOJy,FSa2,RAYp,F2FyR07IdsN7I
0,1092,7,4,56,70,24,0,0,2576442,0,4.199744,9,114,0,356816,0,150083.1,10,0,24,16,0,475,30,3438,16,322220,442534,85,0,0,100632,3728468,4,0,0,14,vAsvyx7ejg,2Knk1KF,taul,1K8T,7wJ6,wEJSdMg,fo8oHA5,jv62,9_Y1,RcM7,VpdQ,IYzP,me75fM6ugJ,sBgB,uKAI,L84s,NhsEn4L,beK4AFX,A1VJ,UYBR,FzaX,aMa88FJ,oslk,tM4OEra,LM8l689qOp,szEZ,RAYp,55YFVY9
0,1029,7,316,96,120,80,166.56,0,528714,0,2.366161,9,60,350,7512,0,7253.729,15,2,40,16,-421240,405,24,26892,0,24745,139880,120,0,0,0,702132,8,13890,0,0,ypNt0Go8Lb,RO12,taul,1K8T,wGW5,Wtcc5gJ,2TwXCiT,hXmF,9_Y1,t_4G,VpdQ,IYzP,me75fM6ugJ,kIsH,uKAI,L84s,NhsEn4L,TDceha3,yfrI,cJvF,FzaX,_McRoKG,oslk,pWu6FsY,LM8l689qOp,Qu4f,RAYp,F2FyR07IdsN7I
0,4179,7,576,480,600,232,166.56,0,29934,0,4.375988,9,60,0,978112,0,4165.74,15,42,152,240,12312,1955,12,1152,0,259985,125870,3490,0,9,186837,1136428,70,221826,0,0,LDPq9ayfAo,eSGpMwS8zSGgq_trOpckZ5,taul,1K8T,z32l,65QcTxR,n2YfB05aPZ,dFoO,9_Y1,vm5R,09_Q,haYg,DHn_WUyBhW_whjA88g9bvA64_,kIsH,uKAI,L84s,UbxQ8lZ,ORMRote,6IsU,UYBR,FzaX,B9v_Vq1,Al6ZaUT,q56378S,LM8l689qOp,7P5s,02N6s8f,R4y5gQQWY8OodqDV
0,539,0,0,536,670,144,376.96,0,3963204,0,4.917539,18,18,0,1196144,0,45739.2,120,4,40,32,-304638,1500,312,0,0,1249875,674766,0,0,0,1470,7926960,68,1615644,0,0,Qu0TmBQZiT,RO12,taul,1K8T,ssAy,3d6Ybuk,r83_sZi,4Aj4,9_Y1,TjV7,VpdQ,IYzP,me75fM6ugJ,kIsH,uKAI,Mtgm,NhsEn4L,7WwuNea,WBEw,UYBR,FzaX,T6w0nTz,oslk,nytT3Cb,LM8l689qOp,FSa2,RAYp,F2FyR07IdsN7I
0,1330,7,864,280,350,288,173.2,0,0,0,6.227088,18,80,483,187368,0,6033.63,0,20,104,64,61866.8,980,0,10170,0,123580,186690,8225,0,0,88718,651088,32,127740,0,0,8I1TmBtueT,RO12,taul,1K8T,AnrR,A9LT8cq,V6XUlxabJ4VaD,5pwp,9_Y1,C6Eu,VpdQ,IYzP,DHn_WUyBhW_whjA88g9bvA64_,kIsH,uKAI,L84s,CrNX,mAjbq_f,IOC3,cJvF,FzaX,yO7Wss6,d0EEeJi,O98IgPN,LM8l689qOp,rgKb,nIGXDli,F2FyR07IdsN7I
0,21,7,16,76,95,8,217.68,0,366102,0,5.142064,9,132,14,0,0,48653.4,0,0,0,0,-239528,260,6,261,0,1005025,105286,70,0,0,0,1258660,34,0,0,0,BSxr4R4FLE,2Knk1KF,taul,1K8T,ChAX,BMnkA1P,jRbxnR4YXM,zs8x,9_Y1,ZKJc,VpdQ,IYzP,me75fM6ugJ,kIsH,g5HH,L84s,NhsEn4L,teAyFc5,a_LO,UYBR,FzaX,8d5ARL_,oslk,zDhT3Cb,LM8l689qOp,7FJQ,RAYp,55YFVY9
0,924,21,1488,52,65,56,166.56,0,24402,0,2.404401,45,82,0,0,0,68766.59,0,0,0,0,-663872,815,12,15453,8,114845,35430,115,0,18,0,179004,8,0,0,7,Yddq9ayE15,RO12,taul,1K8T,lK27,GUg04mC,ELRUn57,_Bev,9_Y1,AKLO,VpdQ,CoYW,me75fM6ugJ,kIsH,uKAI,L84s,NhsEn4L,kq05rcx,CaOU,cJvF,FzaX,6g5Ojel,oslk,UbjqFbB,LM8l689qOp,TNEC,RAYp,F2FyR07IdsN7I
0,70,0,0,16,20,0,186.64,0,0,0,4.672506,18,16,0,19353600,0,490929,0,0,0,32,358653.2,140,0,0,0,0,0,0,0,0,0,9676800,0,0,0,0,_v2TmBftjz,RO12,taul,1K8T,LFM_,pro8v8X,W3kLbc3,XCko,9_Y1,4N0K,VpdQ,IYzP,me75fM6ugJ,kIsH,uKAI,L84s,NhsEn4L,mAjbQbU,lt3g,cJvF,FzaX,meWVy8V,oslk,DQ3u3MC,LM8l689qOp,Qu4f,RAYp,F2FyR07IdsN7I
0,147,7,352,88,110,48,166.56,0,0,0,6.450331,9,134,77,63768,0,3645.12,0,2,16,40,3661.284,255,0,801,0,46245,11250,2065,0,18,15757,92308,20,1392,0,0,CEaBcmz45j,2Knk1KF,taul,1K8T,487l,PHNvXy8,J1MZ1kd,NVDi,9_Y1,4nnx,VpdQ,haYg,NKv3VA1BpP,kIsH,uKAI,L84s,Ie_5MZs,OFqdri0,ncK1,cJvF,AU8pNoi,UF16siJ,zCkv,APgdzOv,LM8l689qOp,Qcbd,6fzt,Zy3gnGM
0,777,7,2580,120,150,0,356.08,0,10368000,0,2.699637,9,112,0,0,0,233828.4,40,0,32,0,87478.4,455,120,7920,0,665070,0,80,0,27,0,10208880,4,0,0,0,Yddq9ayE15,2Knk1KF,taul,1K8T,42Cy,yPpsKl9,76j2P_OLn0,_Bev,9_Y1,AKLO,VpdQ,G_zk,me75fM6ugJ,kIsH,uKAI,L84s,XfqtO3UdzaXh_,11p4mKe,4_nH,cJvF,FzaX,snhe4eD,oslk,K9MAyp5,LM8l689qOp,TNEC,RAYp,55YFVY9
0,2569,14,4004,152,190,24,240.56,0,7033560,0,6.562059,18,146,217,0,0,62479.5,45,4,32,0,90141.6,430,84,10755,0,2102110,302828,3595,0,27,602595,10150240,20,1034910,0,0,M5vt0Gdc_a,2Knk1KF,taul,1K8T,NbV4,x8bPoJV,5q1hF23,AFaK,9_Y1,cyKH,09_Q,hAFG,me75fM6ugJ,kIsH,g5HH,L84s,XfqtO3UdzaXh_,XTbPUYD,gyCx,cJvF,FzaX,Ik20nTz,oslk,DNvRusu,LM8l689qOp,me1d,RAYp,55YFVY9
0,3465,14,592,1120,1400,392,220.08,0,4690116,0,5.852168,54,60,0,2354840,0,13283.55,65,54,240,384,674132,7350,216,2547,0,3918540,500478,1560,0,0,366450,10361160,214,786660,0,0,DQlgUH7IEC,RO12,taul,1K8T,ekye,0oXxbJ3,UFIdC8I,tP9w,9_Y1,DmlN,VpdQ,sYC_,DHn_WUyBhW_whjA88g9bvA64_,kIsH,uKAI,L84s,CrNX,mAjy7aS,VxdhSRB,cJvF,OFWH,CFUBxao,d0EEeJi,_0hoZe6,LM8l689qOp,w_Ub,nIGXDli,F2FyR07IdsN7I
0,280,0,0,108,135,24,311.36,0,6112080,0,5.121342,9,20,0,1330216,0,159962.7,20,0,24,24,208162.4,510,54,0,0,2835675,415692,0,0,9,0,9258960,16,0,0,0,nTwTmBtueT,RO12,taul,1K8T,0Xwj,zQqh3kj,Tg7jjBB,p3xE,HLqf,C6Eu,VpdQ,zm5i,DHn_WUyBhW_whjA88g9bvA64_,sBgB,uKAI,L84s,CrNX,NGZ_12K,Dht1,cJvF,FzaX,7JxszER,d0EEeJi,4K2GgwO,LM8l689qOp,rgKb,02N6s8f,F2FyR07IdsN7I
0,2310,7,176,384,480,264,133.12,0,0,0,0.5509506,9,80,42,788592,0,6153,0,16,104,232,108294.8,1660,0,49788,0,285605,181428,1020,0,9,168105,1106952,52,181974,0,0,1YVvyx7IEC,RO12,taul,1K8T,dWQK,PAgx_1Z,FoJylxy,0jAs,9_Y1,xSqs,VpdQ,haYg,me75fM6ugJ,kIsH,uKAI,L84s,XfqtO3UdzaXh_,11p4mKe,PiXl,UYBR,FzaX,aoBj9cC,oslk,ouMYyXX,LM8l689qOp,szEZ,RAYp,F2FyR07IdsN7I
0,833,7,0,28,35,0,396.32,0,4885644,0,4.197608,9,34,0,2556440,0,208624.8,10,0,16,8,90766.8,425,18,585,0,111670,0,480,0,18,0,9463040,2,0,0,0,jg69tYsGvO,RO12,taul,1K8T,TyGl,FSVXtaU,V6XUlxabJ4VaD,BeqF,9_Y1,YULl,VpdQ,zm5i,me75fM6ugJ,kIsH,uKAI,L84s,NhsEn4L,mAjbk_S,UKBR,UYBR,FzaX,R4hRoKG,oslk,AEKwFs9,LM8l689qOp,FSa2,RAYp,F2FyR07IdsN7I
0,1554,21,5380,96,120,32,166.56,0,1600164,0,4.258064,27,72,7,3885992,0,65145.6,15,0,24,24,975308,430,18,33849,0,3564615,492870,965,0,9,0,9389040,22,0,0,0,qXhvyxLp3Z,RO12,taul,1K8T,pdks,tUuP5QB,bGUqwlz,7L2D,9_Y1,FbIm,VpdQ,IYzP,me75fM6ugJ,kIsH,uKAI,L84s,NhsEn4L,kZJs2nh,ubhB,UYBR,FzaX,cABfGrO,oslk,wniqI2t,LM8l689qOp,xb3V,RAYp,F2FyR07IdsN7I
0,861,0,344,108,135,72,166.56,0,0,0,1.825251,9,158,0,1213920,0,63867.9,0,4,32,56,204.7144,435,0,45927,0,876200,238286,0,0,9,435547,1991520,18,310542,0,0,639r4RK2Mx,2Knk1KF,taul,z3mO,487l,7qvk2Zj,dg9I7Wq75U,xwyf,9_Y1,DtNL,VpdQ,sYC_,me75fM6ugJ,kIsH,uKAI,L84s,NhsEn4L,teAyFc5,Adb0,UYBR,FzaX,FhTm94s,oslk,TIxsTKW,jySVZNlOJy,FSa2,RAYp,TCU50_Yjmm6GIBZ0lL_
0,651,7,1308,244,305,168,233.44,0,0,0,0.979278,27,118,49,680552,0,47921.4,5,16,80,88,7057,835,0,15993,0,352800,86548,7030,0,9,44674,982616,40,278016,0,0,YddrjIQ5Ph,2Knk1KF,taul,1K8T,WkTj,fVhJr0F,LJF4fPp,93co,9_Y1,RVjC,VpdQ,IYzP,me75fM6ugJ,kIsH,uKAI,L84s,NhsEn4L,teAyFc5,Ioib,UYBR,FzaX,yMCvEWW,oslk,cwU7qqc,LM8l689qOp,FSa2,RAYp,55YFVY9
0,3311,7,144,496,620,472,133.12,0,148392,0,2.599658,9,48,0,252240,0,8029.47,10,12,136,136,43929.2,1915,18,13968,0,344980,339560,370,0,0,112322,1271164,74,91062,0,0,xearjIX0Db,RO12,taul,1K8T,kNzO,jtgYaP0,UFIdC8I,9XhW,9_Y1,WIr3,VpdQ,IYzP,DHn_WUyBhW_whjA88g9bvA64_,kIsH,uKAI,L84s,CrNX,7WwCSJk,aqfc,cJvF,FzaX,_DWLL8e,d0EEeJi,PFZn_tV,LM8l689qOp,5Acm,nIGXDli,F2FyR07IdsN7I
0,1183,7,1224,212,265,208,166.56,0,0,0,4.105533,9,54,7,72032,3,7177.771,0,6,16,48,-219653.2,735,0,2448,8,107925,58840,1420,0,18,19670,268584,36,42822,0,0,uGLq9ayE15,RO12,taul,1K8T,PJLW,6CXYbuk,LH076SiAyW,PWkV,9_Y1,vm5R,sJzTlal,hzlB,Kxdu,kIsH,uKAI,L84s,9pUnzWLbztKTo,y5FWIFG,vyRZ,cJvF,qxDb,ROeipLp,zCkv,K2SqEo9,LM8l689qOp,7P5s,6fzt,am14IcfM7tWLrUmRT52KtA
0,462,7,4124,184,230,128,63.52,0,4524,0,1.325358,9,192,182,7784,0,1310.685,0,6,40,32,-1419852,590,18,24408,0,15670,7548,85,0,9,8106,37736,40,4794,0,0,qXhvyxLp3Z,LrdZy8QqgUfkVShG,taul,1K8T,TyGl,fhk21Ss,9HOPNsJ,jV3I,9_Y1,_r21,VpdQ,giwq,7M47J5GA0pTYIFxg5uy,kIsH,uKAI,Mtgm,_5OXC8MSLt,XTbQpf0,ISLC,UYBR,FzaX,4UxGlow,oslk,catzS2D,LM8l689qOp,xb3V,ZI9m,ib5G6X1eUxUn6
0,1869,28,2752,388,485,256,220.08,0,626052,0,2.346934,45,38,2289,3844392,0,46096.8,0,6,40,72,74883.6,970,72,25758,0,3672145,407238,124445,0,9,207347,6280160,82,282576,0,0,9hRmfo875g,RO12,taul,1K8T,JLbT,pxFnmrh,Iibp4Nm3uQ,kBWi,9_Y1,6Kw9,09_Q,IYzP,me75fM6ugJ,kIsH,uKAI,L84s,NhsEn4L,mAja5EA,J3XO,cJvF,FzaX,6XEYiHx,oslk,ScmQhac,LM8l689qOp,3Cy4,RAYp,F2FyR07IdsN7I
0,1834,7,72,372,465,280,166.56,0,876,0,6.654561,9,32,0,1743856,0,25525.08,5,16,136,208,-1284600,1225,24,142956,0,1339710,270940,85,0,0,725473,2897376,38,348762,0,0,dRarjIK12c,RO12,taul,1K8T,pGTb,ZvG7Jcz,LJF4fPp,NtSq,9_Y1,7WNq,VpdQ,IYzP,me75fM6ugJ,kIsH,uKAI,L84s,NhsEn4L,uZL60aU,ht8x,cJvF,FzaX,bDfRoKG,oslk,LUywS9i,LM8l689qOp,WqMG,RAYp,F2FyR07IdsN7I
0,861,7,160,124,155,64,166.56,0,0,0,0.09015168,18,168,7,2764800,0,225171.6,5,8,32,32,118131.2,480,0,8766,0,6048000,1382400,775,0,18,0,10483040,28,2073600,0,0,75lTmBtFkL,bYmQ4nc,taul,1K8T,TyGl,fhk21Ss,_UtlxbJ,SOkz,9_Y1,C6Eu,VpdQ,haYg,7M47J5GA0pTYIFxg5uy,kIsH,uKAI,L84s,4kVnq_T26xq1p,XTbSTqG,wzxH,UYBR,FzaX,4UxGlow,zCkv,catzS2D,jySVZNlOJy,rgKb,ZI9m,ib5G6X1eUxUn6
0,896,7,2556,188,235,104,168.56,0,29988,0,2.999359,18,264,77,158592,0,26847.9,0,6,24,56,-136449.6,660,12,97029,0,1519365,264998,910,0,18,69552,1949240,44,156696,0,0,bZk9tYsGvO,2Knk1KF,taul,1K8T,lK27,fhk21Ss,daiGnRstPa,18g2,9_Y1,YULl,VpdQ,y6dw,7M47J5GA0pTYIFxg5uy,kIsH,uKAI,L84s,MeOIHRG3F9,11pFugQ,2ozN,UYBR,FzaX,4UxGlow,zCkv,catzS2D,LM8l689qOp,FSa2,ZI9m,VjDE
0,2954,7,2168,384,480,304,166.56,0,270222,0,2.567614,27,110,7,84128,0,3243.18,15,0,0,80,5042.16,2100,84,9216,0,114635,105496,375,0,9,0,553036,62,0,0,0,py5rEyXktW,2Knk1KF,taul,1K8T,TyGl,eQg7GMk,nQUBcBcErl,toK8,9_Y1,VwCR,VpdQ,sYC_,me75fM6ugJ,kIsH,uKAI,L84s,NhsEn4L,cUQBu6y,IjHP,cJvF,FzaX,ooBv66D,oslk,p1jw_BK,LM8l689qOp,Aoh3,RAYp,55YFVY9
0,203,0,0,96,120,8,361.44,0,3098862,0,6.060671,9,18,0,2707248,0,217704.6,15,0,24,32,-350145.2,465,48,0,0,3115285,172800,0,0,0,0,7294160,16,0,0,0,1JGTmBQZiT,RO12,taul,1K8T,EJC9,A4fCIek,inQpKPM63v,LJAR,9_Y1,TjV7,09_Q,IYzP,me75fM6ugJ,kIsH,uKAI,Mtgm,NhsEn4L,7WwOAni,L_60,UYBR,FzaX,9qlYlW4,oslk,QIhOTZB,LM8l689qOp,FSa2,RAYp,F2FyR07IdsN7I
0,63,0,0,24,30,8,220.08,0,7235880,0,6.744499,9,18,0,8150880,0,631608,0,0,8,16,436240,125,18,0,0,0,742668,0,0,0,0,10384680,0,0,0,0,m9SrEy7Rm6,RO12,taul,1K8T,hoa9,Rdg7z27,V4EIHR4LiC,ZCOL,9_Y1,X8zP,sJzTlal,IYzP,me75fM6ugJ,kIsH,uKAI,L84s,NhsEn4L,mAja5EA,OrKf,cJvF,FzaX,2WbAVkR,oslk,p2sWpYC,LM8l689qOp,Aoh3,RAYp,F2FyR07IdsN7I
0,462,0,172,144,180,48,253.52,0,3846840,0,1.854091,9,72,0,2534464,0,87687.91,20,6,40,32,108774.4,295,48,2736,0,3172050,950424,0,0,27,0,10487920,22,1425636,0,0,kMJt0GoOh3,RO12,taul,1K8T,0Xwj,b8EvARv,oWVUlxabJo7j9,sIQ4,F3hy,rGJy,09_Q,IYzP,me75fM6ugJ,kIsH,uKAI,L84s,NhsEn4L,mAjbk_S,ICni,UYBR,FzaX,Q_huhvP,oslk,QqIaRTx,LM8l689qOp,Qu4f,RAYp,F2FyR07IdsN7I
0,4389,7,100,736,920,304,289.12,0,4200108,0,1.575304,18,108,0,1662176,0,40335.3,45,30,296,192,152950.4,2575,192,35271,0,4449765,491596,10,0,18,432306,10568960,132,573546,0,0,Qu0TmBQZiT,2Knk1KF,taul,1K8T,TyGl,Q9Rq8UC,1lFJzqR,d07g,9_Y1,TjV7,VpdQ,Tkho,me75fM6ugJ,kIsH,uKAI,Mtgm,NhsEn4L,beK4AFX,ckPi,UYBR,FzaX,NRwYlW4,oslk,zwFAGfT,LM8l689qOp,FSa2,RAYp,55YFVY9
0,854,21,1520,132,165,0,449.12,5,4416036,0,2.965606,27,166,7,3647920,0,211452.6,10,4,32,48,47829.6,550,54,5382,8,6048000,0,4010,0,18,0,10339960,28,63570,0,0,oBXq9ayfAo,2Knk1KF,taul,1K8T,hAOr,mhknt93,8nstQ62E0C,N0CN,9_Y1,F_Lu,VpdQ,hAFG,me75fM6ugJ,kIsH,uKAI,L84s,XfqtO3UdzaXh_,_JdcICD,Ha8L,UYBR,FzaX,WWmfR8o,oslk,c4R2fT4,LM8l689qOp,TNEC,RAYp,TCU50_Yjmm6GIBZ0lL_
0,6727,7,2532,1968,2460,624,226.48,0,6020580,0,1.622944,18,68,161,2028712,0,21189.87,45,30,136,112,105861.6,5910,834,1845,0,3075335,504300,3610,0,18,220878,10571840,474,449244,0,0,51rt0G8rTN,RO12,taul,1K8T,wOc1,gwY4NQF,zA2IZno2NK,tIp3,9_Y1,k13i,VpdQ,sYC_,me75fM6ugJ,kIsH,uKAI,L84s,NhsEn4L,NGZ_CaA,gCjY,UYBR,FzaX,t5EoLzk,oslk,ag5iNPX,LM8l689qOp,fKCe,RAYp,F2FyR07IdsN7I
0,938,0,0,500,625,304,200,0,362064,0,2.112796,9,28,0,978680,0,14102.34,55,46,224,152,-234639.2,1115,84,0,0,343080,322114,0,0,0,251524,1985876,40,348624,0,0,bt0mfo875g,RO12,taul,1K8T,AKN1,NxdOO2w,NfN9Bz6HFx,F9uJ,9_Y1,wGwL,VpdQ,IYzP,me75fM6ugJ,kIsH,uKAI,L84s,NhsEn4L,mAja5EA,gMiG,cJvF,FzaX,nMx6hzI,oslk,Rv57DIf,LM8l689qOp,wX53,RAYp,F2FyR07IdsN7I
0,805,7,1528,128,160,40,220.08,0,4828608,0,5.402265,9,60,70,3042368,0,211553.1,10,2,32,40,96907.2,490,60,16758,0,3888000,864000,16970,0,9,0,10615440,18,518400,0,0,Yddq9ayE15,RO12,taul,1K8T,hAOr,dBHv2aF,9UgkRNhwCh,FS_4,9_Y1,NFMt,VpdQ,sYC_,me75fM6ugJ,kIsH,uKAI,L84s,NhsEn4L,kq0n8Bj,PtJe,cJvF,FzaX,f56OtFs,oslk,SDe2_Lp,LM8l689qOp,TNEC,RAYp,F2FyR07IdsN7I
0,1680,7,1352,224,280,208,220.08,0,29286,0,1.847682,18,128,161,711408,0,31812.9,5,12,48,64,189106,715,24,5031,0,444965,503364,210,0,27,186060,1961640,22,284022,0,0,hSogUHXZeb,RO12,taul,1K8T,h3JW,M6zZJEa,msIqHk8toE,Bztx,9_Y1,STGZ,VpdQ,itlM,7M47J5GA0pTYIFxg5uy,kIsH,uKAI,L84s,9pUnzWLbztKTo,y5FWIFG,x19W,cJvF,AU8_WTd,JO0KEj0,zCkv,Xlg7e4L,jySVZNlOJy,453m,6fzt,4rd_
0,4067,21,5884,132,165,112,286.16,0,3268566,0,0.608417,45,172,1414,691200,0,18593.16,15,10,40,8,84825.6,715,48,35937,0,864000,2335760,7240,0,36,1814400,10339320,4,2592000,0,0,V8lt0G8rTN,2Knk1KF,taul,1K8T,2Ix5,fhk21Ss,V_KR_LD,lPZt,9_Y1,k13i,VpdQ,haYg,7M47J5GA0pTYIFxg5uy,kIsH,uKAI,Mtgm,Ie_5MZs,CWNY2py,EPJr,cJvF,FzaX,4UxGlow,zCkv,catzS2D,LM8l689qOp,fKCe,ZI9m,TCU50_Yjmm6GIBZ0lL_
0,399,0,0,148,185,64,220.08,0,4865166,0,6.36552,9,16,0,875872,0,114060.9,15,8,64,40,778784,840,60,0,0,2436615,1382400,0,0,0,1221185,10601520,14,2073600,0,0,YddTmBtueT,RO12,taul,1K8T,AnrR,77f44U8,OthpAth,SOkz,9_Y1,C6Eu,VpdQ,IYzP,me75fM6ugJ,kIsH,uKAI,L84s,NhsEn4L,kZJtVhC,wzxH,UYBR,FzaX,tzp8jNM,oslk,5nQ7A2G,LM8l689qOp,rgKb,RAYp,F2FyR07IdsN7I
0,3311,7,628,400,500,176,232.24,0,2094,0,2.958556,9,62,7,1825368,0,18891.72,10,22,88,152,34353.72,1830,12,35991,0,1826910,614354,345,0,0,917441,4213200,88,881496,0,0,xOXr4RXktW,RO12,taul,1K8T,1TqK,yB8VVdO,8xqsKsAwUv,Phiv,9_Y1,TFSW,09_Q,IYzP,me75fM6ugJ,kIsH,uKAI,Mtgm,NhsEn4L,TDceha3,uAgP,UYBR,FzaX,fmK1UQz,oslk,LsdaF5M,LM8l689qOp,Xa3G,RAYp,F2FyR07IdsN7I
0,784,7,3884,136,170,40,220.08,0,4774566,0,4.013031,9,64,161,1382400,3,175828.8,20,6,40,16,227634.4,535,66,70398,8,3270970,864000,13705,0,18,604800,10505520,18,1555200,0,0,4e7Wq69R_D,snf9xe6PBwBZ8lKzhEz,taul,1K8T,ssAy,PHNvXy8,J3fgbi2,nooi,9_Y1,0A_v,VpdQ,hAFG,NKv3VA1BpP,kIsH,uKAI,L84s,Ie_5MZs,teAY_NX,Vp5U,UYBR,FzaX,UF16siJ,zCkv,APgdzOv,LM8l689qOp,PM2D,6fzt,xwM2aC7IdeMC0
0,1197,14,728,52,65,16,166.56,0,18294,0,3.083529,36,178,21,44752,0,4333.35,0,0,16,48,-26836.44,355,6,81189,0,27120,7704,570,0,18,8540,71676,8,0,0,0,6VLvyx7IEC,RO12,taul,1K8T,lK27,fhk21Ss,ELRUn57,Wgq2,9_Y1,qaiO,VpdQ,hAFG,7M47J5GA0pTYIFxg5uy,kIsH,uKAI,L84s,XfqtO3UdzaXh_,beKPUYD,U5hQ,UYBR,FzaX,4UxGlow,oslk,catzS2D,LM8l689qOp,szEZ,ZI9m,iyHGyLCEkQ
0,329,7,136,60,75,24,0,0,1036800,0,6.527237,9,80,0,12192,15,32164.8,0,0,0,8,-790512,425,12,48384,56,117135,261014,2315,0,18,0,1313032,18,0,0,14,AUUt0GoOh3,RO12,taul,1K8T,0Xwj,iJzviRg,FoJylxy,cN77,HLqf,t_4G,VpdQ,itlM,7M47J5GA0pTYIFxg5uy,sBgB,uKAI,L84s,WsRVNrF85oPU_,kq0NnGZ,yQFI,UYBR,FzaX,ch2oGfM,zCkv,P6pu4Vl,LM8l689qOp,Qu4f,ZI9m,R4y5gQQWY8OodqDV
0,742,7,244,16,20,8,186.64,0,0,0,5.960052,9,130,35,0,0,257844.3,10,0,0,0,163312.8,280,0,864,0,3024000,1034046,40,0,27,0,9325680,2,0,0,0,DHeTmBftjz,onTuEhrJJQy_H3IHkZku5AFczhYGqxJ890,I9xt3GDRhUK7p,1K8T,JLbT,fhk21Ss,FoJylxy,qljo,9_Y1,4N0K,VpdQ,hAFG,7M47J5GA0pTYIFxg5uy,kIsH,uKAI,L84s,9pUnzWLbztKTo,y5FVS43,EPl3,cJvF,AU8pNoi,4UxGlow,zCkv,catzS2D,M_8D,Qu4f,ZI9m,iyHGyLCEkQ
0,609,0,0,268,335,160,271.76,0,0,0,3.099765,9,22,0,2108744,0,75578.41,0,22,72,96,-69043.6,905,0,0,0,4018310,420036,0,0,9,541317,5623400,48,771444,0,0,xddq9ayfAo,RO12,taul,1K8T,z32l,86dToXU,iDskMGe,fHhC,9_Y1,vm5R,09_Q,43pnToF,me75fM6ugJ,kIsH,uKAI,Mtgm,NhsEn4L,kq0IUgY,N11U,cJvF,FzaX,QMaRwBA,oslk,0D0gQ7h,jySVZNlOJy,7P5s,RAYp,F2FyR07IdsN7I
0,70,0,0,80,100,32,166.56,0,0,0,4.50737,9,14,0,70728,0,4855.95,0,2,24,32,-334901.6,170,0,0,0,26725,46956,0,0,0,53578,165692,22,22554,0,0,64nWq69R_D,RO12,taul,1K8T,lK27,DP55V1L,y4g9XoZ,So8j,9_Y1,0A_v,VpdQ,IYzP,me75fM6ugJ,kIsH,uKAI,L84s,NhsEn4L,mAja5EA,GTeN,UYBR,FzaX,wZZ87dl,oslk,9iFzrB7,LM8l689qOp,PM2D,RAYp,F2FyR07IdsN7I
0,917,7,292,128,160,136,407.28,0,1425702,0,1.735527,9,86,0,633632,3,198520.8,5,12,32,8,268884,495,18,4815,16,1228715,2908820,2845,0,18,0,10458320,8,3110400,0,7,ZSNrjIX0Db,RO12,taul,1K8T,hoa9,82ydmQ4,FoJylxy,6MIe,9_Y1,EKFb,VpdQ,Tkho,me75fM6ugJ,kIsH,uKAI,L84s,NhsEn4L,kq0aHkC,RGeW,UYBR,FzaX,FonmS85,oslk,PC0a_vf,LM8l689qOp,5Acm,RAYp,F2FyR07IdsN7I
0,777,7,2552,160,200,40,131.68,0,0,0,5.406537,9,80,98,192576,0,5616.6,0,10,40,72,-5107.56,500,0,248742,0,212970,11706,5050,0,9,50169,338128,42,72078,0,0,1JGTmBQZiT,RO12,taul,1K8T,WkTj,PyeGayG,V6XUlxabJ4VaD,DSAx,9_Y1,TjV7,VpdQ,hAFG,me75fM6ugJ,kIsH,uKAI,L84s,XfqtO3UdzaXh_,11p4mKe,E3av,UYBR,FzaX,ZS80FxM,oslk,9kj7A2G,LM8l689qOp,FSa2,RAYp,F2FyR07IdsN7I
0,1435,7,3888,268,335,224,234.72,0,394974,0,1.466994,9,52,63,1231328,0,47045.7,0,8,64,64,-885340,1005,6,31203,0,655755,381660,2595,0,18,406861,2356168,52,283896,0,0,64nWq69R_D,RO12,taul,1K8T,8qEx,tUuO1hZ,msIzzNai_Z,AHKl,9_Y1,Px52,VpdQ,IYzP,Kxdu,kIsH,uKAI,L84s,FMSzZ91zL2,TDcEYQ6,Rp3S,UYBR,FzaX,2JIKlta,zCkv,HI2n4Yj,jySVZNlOJy,PM2D,6fzt,SbOd7O8ky1wGNxp0Arj0Xs
0,2121,7,160,284,355,200,220.08,0,2088342,0,4.774621,18,146,35,2059336,0,44251.8,30,8,40,40,-209608,870,96,765,0,1325340,478212,1040,0,9,0,5500760,30,329616,0,0,oBXTmBtFkL,AERks4l,taul,z3mO,TIPl,fhk21Ss,NfN9Bz6HFx,RryB,9_Y1,c2JP,VpdQ,wMei,7M47J5GA0pTYIFxg5uy,kIsH,uKAI,L84s,QsQAxv5,beK12oL,gNnS,cJvF,FzaX,4UxGlow,QKW8DRm,catzS2D,jySVZNlOJy,rgKb,ZI9m,ib5G6X1eUxUn6
0,1666,7,8,344,430,288,166.56,5,22140,0,3.460585,9,132,0,520,0,3272.97,5,32,48,8,37375,1245,6,855,8,72020,100210,370,0,9,37345,327860,62,72186,0,0,Mtpt0G8EIb,2Knk1KF,b_3Q,1K8T,EPHy,fhk21Ss,C_uQoStwYE,EHsN,9_Y1,e7QV,09_Q,wMei,7M47J5GA0pTYIFxg5uy,kIsH,uKAI,L84s,E1aAZ0x7vd,OFqVH0t,G2__,cJvF,OFWH,4UxGlow,QKW8DRm,catzS2D,LM8l689qOp,fKCe,ZI9m,ib5G6X1eUxUn6
0,1617,7,2652,580,725,160,289.84,0,8210340,0,5.491989,9,46,301,723064,0,86663.09,40,12,136,96,46420,1990,198,14931,0,1734635,372162,14775,0,0,259413,10374400,132,82632,0,0,mzKvyx8zhV,RO12,taul,1K8T,0Xwj,n0UbeSG,C0UHhjM,dJjI,HLqf,3NyY,09_Q,IYzP,me75fM6ugJ,sBgB,7A3j,L84s,NhsEn4L,kZJtVhC,ZDhW,cJvF,FzaX,KA3C5vH,oslk,m1BWuMy,M_8D,WqMG,RAYp,F2FyR07IdsN7I
0,2058,7,132,344,430,200,166.56,5,0,0,6.67571,18,92,21,346320,0,15953.16,10,14,88,152,-153182.4,1130,0,1764,8,414425,239658,110,0,18,186067,1106576,66,172914,0,0,CxSr4RXktW,RO12,taul,1K8T,ZNsX,qXFASYT,I1sFbvJv90,8jJn,9_Y1,ZKJc,09_Q,hAFG,me75fM6ugJ,kIsH,uKAI,L84s,XfqtO3UdzaXh_,11p4mKe,ULzq,cJvF,FzaX,CBAm94s,oslk,CU05roF,LM8l689qOp,7FJQ,RAYp,F2FyR07IdsN7I
0,980,21,3516,164,205,40,253.52,0,4024134,0,0.00021363,36,106,161,2821864,0,202876.2,25,0,40,48,188784.8,630,48,34164,0,6114950,67616,2025,0,9,0,10629560,34,0,0,0,639r4RK2Mx,2Knk1KF,taul,1K8T,pJUk,vfNGyn_,SviuBojFD_rhK,oQ0L,9_Y1,DtNL,VpdQ,sYC_,me75fM6ugJ,kIsH,uKAI,L84s,NhsEn4L,kq0aHkC,nM47,UYBR,AU8pNoi,Xei0nTz,oslk,4sF7qqc,LM8l689qOp,FSa2,RAYp,55YFVY9
0,308,0,0,172,215,104,166.56,0,1395996,0,4.714377,9,16,0,1890624,0,48525,0,6,24,56,265611.2,815,18,0,0,2875830,591876,0,0,9,249585,5746880,34,579720,0,0,ZSNrjIX0Db,RO12,taul,1K8T,hoa9,UsKXtaU,J3fgbi2,1ElE,9_Y1,EKFb,VpdQ,zm5i,me75fM6ugJ,kIsH,uKAI,L84s,NhsEn4L,mAja5EA,dUtS,cJvF,FzaX,eTkY_02,oslk,flKzgmc,LM8l689qOp,5Acm,RAYp,F2FyR07IdsN7I
0,21,0,0,20,25,0,346.8,0,3628800,0,0.2898953,9,12,0,127456,0,570684,0,0,0,24,-383669.6,25,6,0,8,1652040,0,0,0,0,0,3804560,2,0,0,7,4bwt0GoOh3,RO12,taul,1K8T,TyGl,fIZ2EMp,88EhRq8,qxqZ,9_Y1,YePk,sJzTlal,IYzP,7M47J5GA0pTYIFxg5uy,kIsH,uKAI,Mtgm,NhsEn4L,NGZxnJM,t5Be,cJvF,FzaX,YZ2TNgw,oslk,x3aOgRj,LM8l689qOp,Qu4f,ZI9m,F2FyR07IdsN7I
0,11417,7,1356,732,915,488,233.44,0,66642,0,3.429823,9,100,56,1273088,0,5544.54,15,38,192,264,209118.8,5535,24,67167,0,2611715,749254,6530,0,0,327908,4887480,126,886248,0,0,1PnOj1KVEH,RO12,taul,1K8T,ZNsX,Q9RASYT,BbTxtaMIkZsn1,Kk5g,9_Y1,ID5l,VpdQ,sYC_,me75fM6ugJ,kIsH,uKAI,L84s,NhsEn4L,kq0aHkC,9ndo,UYBR,FzaX,NRwAWQ7,oslk,fGIAGfT,LM8l689qOp,kwS7,RAYp,F2FyR07IdsN7I
0,3696,7,88,392,490,224,133.12,0,8820,0,1.00235,9,102,14,530384,0,7970.58,0,30,128,216,-16777.28,1285,18,2322,0,215185,205584,90,0,9,258944,1120692,50,399456,0,0,qXhvyxLp3Z,RO12,taul,1K8T,GYbZ,SCRu_5h,0YauSoq,nzeT,9_Y1,_r21,VpdQ,haYg,me75fM6ugJ,kIsH,uKAI,L84s,XfqtO3UdzaXh_,XTb10lF,PN3n,UYBR,FzaX,QtooGGc,oslk,X2DAyp5,jySVZNlOJy,xb3V,RAYp,F2FyR07IdsN7I
0,1400,14,956,68,85,0,186.64,0,1994928,0,3.061525,27,40,217,2764800,3,102135.3,0,0,16,32,-13077,420,12,8343,16,7344000,0,585,0,9,1209600,8587560,22,0,0,7,1JGr4RKzJV,RO12,taul,1K8T,TyGl,vfNGyn_,yiPRuBlxO8wYd1ANMi8,3uli,9_Y1,DtNL,09_Q,zm5i,me75fM6ugJ,kIsH,uKAI,L84s,NhsEn4L,mAjbk_S,EaUP,UYBR,FzaX,Xei0nTz,oslk,4sF7qqc,jySVZNlOJy,FSa2,RAYp,F2FyR07IdsN7I
0,1309,7,116,136,170,120,274.32,0,2243736,0,3.614612,9,86,28,1795344,0,79205.7,0,10,32,24,43664.4,495,36,25884,0,1510720,2405360,155,0,18,361326,10140760,10,2592000,0,0,4e7gUH7IEC,RO12,taul,1K8T,7ALb,cSPqFuv,Gai9lEF2Fr,Tkse,9_Y1,1Bp0,sJzTlal,sYC_,me75fM6ugJ,kIsH,uKAI,L84s,NhsEn4L,beK4AFX,SssI,UYBR,FzaX,joS6pd1,oslk,AYu2Oqu,LM8l689qOp,WqMG,RAYp,F2FyR07IdsN7I
0,1050,7,8,116,145,48,166.56,0,6806100,0,2.951933,9,66,0,0,0,139664.4,40,2,40,0,171093.2,645,84,18,0,0,357848,20,0,9,0,8093040,0,112734,0,0,dRaTmBfHUn,JXVE,taul,1K8T,TyGl,fqeOwLG,byFNzV_,Dyax,9_Y1,Z5OU,VpdQ,sYC_,7M47J5GA0pTYIFxg5uy,kIsH,uKAI,L84s,NhsEn4L,beK4AFX,xoA4,cJvF,FzaX,fxJmel6,oslk,WfsWw2A,M_8D,Qu4f,ZI9m,F2FcTt7IdMT_v
0,574,0,0,432,540,192,316.08,0,5174478,0,1.042512,9,18,0,3494848,0,66210.3,20,30,104,80,217616.8,935,198,0,0,4816230,478976,0,0,9,163919,10634720,44,363756,0,0,jg69tYsGvO,RO12,taul,1K8T,Y2P0,XX3cFZv,V6XUlxabJ4VaD,tTrN,9_Y1,YULl,VpdQ,zm5i,me75fM6ugJ,kIsH,uKAI,L84s,NhsEn4L,NGZxnJM,2VM6,UYBR,FzaX,FMZYH7D,oslk,MHP7DIf,LM8l689qOp,FSa2,RAYp,F2FyR07IdsN7I
0,1722,35,1064,208,260,32,166.56,0,0,0,5.089297,45,154,7,505560,0,8738.699,0,6,64,136,51036.4,965,0,10503,0,667375,17190,7620,0,18,79366,857936,56,55314,0,0,m9SvyxLkBI,GpoBynXzkxADI7bZBtqvX2IPV5t7o2QCPE,taul,1K8T,Xa_z,ka_ns41,0IWZqtp,ASLU,9_Y1,FbIm,VpdQ,haYg,me75fM6ugJ,kIsH,uKAI,L84s,XfqtO3UdzaXh_,XTbPUYD,CExE,UYBR,FzaX,1YVfGrO,oslk,fXVEsaq,LM8l689qOp,xb3V,RAYp,iyHGyLCEkQ
0,469,0,0,144,180,168,286.96,0,930426,0,3.690878,9,26,0,0,0,194751.3,0,16,32,0,104267.6,560,12,0,0,36195,3613280,0,0,9,0,10640600,10,4147200,0,0,5_lq9aXt5a,RO12,taul,1K8T,PbOJ,r6ox19i,ELRUn57,0_LP,9_Y1,Y9Bl,VpdQ,zm5i,me75fM6ugJ,kIsH,uKAI,L84s,NhsEn4L,NGZxnJM,535P,cJvF,FzaX,xlbvdH_,oslk,LsfEVaf,LM8l689qOp,uWr3,RAYp,F2FyR07IdsN7I
0,266,7,164,56,70,16,166.56,0,0,0,4.722922,9,44,14,19848,0,4504.02,0,10,24,24,16283.28,160,0,21663,0,27965,4228,355,0,0,2520,51860,8,16662,0,0,etYt0G8EIb,AERks4l,taul,1K8T,wOc1,7l4KYJD,Vxueejji0f,Ei_T,9_Y1,k13i,VpdQ,IYzP,GjJ35utlTa_GNSvxxpb9ju,kIsH,uKAI,L84s,JBfYVit4g8,NGZTVtA,fr9n,UYBR,FzaX,FmXt_SW,Al6ZaUT,Bcr3kVa,LM8l689qOp,fKCe,02N6s8f,xwM2aC7IdeMC0
0,1694,14,1244,440,550,240,166.56,0,0,0,4.883572,18,180,28,255504,0,4915.23,0,20,112,160,-501644,1350,0,5994,0,373785,63674,155,0,18,78603,630836,100,115062,0,0,TfiBcmzkzH,RO12,taul,1K8T,487l,fhk21Ss,MypvvoIQqc,kk_f,9_Y1,yrDU,09_Q,y6dw,7M47J5GA0pTYIFxg5uy,kIsH,uKAI,L84s,_5OXC8MSLt,beKj5PX,qUow,cJvF,FzaX,4UxGlow,oslk,catzS2D,LM8l689qOp,Qcbd,ZI9m,iyHGyLCEkQ
0,924,14,280,148,185,40,393.68,0,4232418,0,3.615253,18,120,0,1406816,0,65889.91,30,4,24,40,-17927.44,570,54,56241,0,4115045,47764,725,0,27,0,9042960,20,184632,0,0,dRavyx7ejg,2Knk1KF,taul,1K8T,7wJ6,cYcsKl9,N4xbMThNdK,y7bi,9_Y1,xSqs,VpdQ,hAFG,me75fM6ugJ,kIsH,uKAI,L84s,XfqtO3UdzaXh_,11p4mKe,9NpF,cJvF,FzaX,sx5j5jp,oslk,BUAwEWL,LM8l689qOp,szEZ,RAYp,55YFVY9
0,1071,14,284,160,200,40,253.52,35,1509696,9,2.932493,18,86,126,89648,3,80060.7,0,4,8,16,-506552,540,30,101421,72,1587850,864000,430,0,27,0,4740760,52,1036800,0,0,Mtpt0G8EIb,RO12,taul,1K8T,0Xwj,iJzviRg,msIFlLyI91,lbjH,HLqf,k13i,VpdQ,kxE9,7M47J5GA0pTYIFxg5uy,sBgB,uKAI,Mtgm,4kVnq_T26xq1p,7WwrbAB,Yj0S,cJvF,FzaX,ch2oGfM,zCkv,P6pu4Vl,LM8l689qOp,fKCe,ZI9m,R4y5gQQWY8OodqDV
0,2345,7,2660,144,180,24,220.08,0,4723380,0,4.01239,18,82,259,301032,0,19588.41,25,0,16,48,-36227.72,510,60,22707,0,22965,7980,1305,0,9,0,4454560,24,0,0,0,hSogUHXZeb,RO12,taul,1K8T,7ALb,ls3c3x6,n1zVHpT8NN,Gjwm,9_Y1,LqKm,09_Q,sYC_,me75fM6ugJ,kIsH,uKAI,L84s,NhsEn4L,7Wwzptu,lkGO,cJvF,FzaX,8d5AQQR,oslk,sXbrVBK,LM8l689qOp,453m,RAYp,F2FyR07IdsN7I
0,3493,7,5344,672,840,472,166.56,0,3348,0,3.614185,9,120,77,932216,0,10233.39,10,36,152,280,-82446.8,2855,18,30555,0,511700,304780,225,0,9,704396,1798408,102,351528,0,0,V8lt0G8rTN,g62hiBSaKg,taul,1K8T,lK27,fhk21Ss,nQUq7hGe64,RK_c,9_Y1,k13i,09_Q,hAFG,7M47J5GA0pTYIFxg5uy,kIsH,uKAI,L84s,4ylQpLr46xum2hHQ,7Wwo8pg,VDxr,cJvF,FzaX,4UxGlow,z4pH,catzS2D,LM8l689qOp,fKCe,ZI9m,ib5G6X1eUxUn6
0,5278,14,568,144,180,64,298.08,0,1137924,0,6.200171,18,104,168,2649616,0,2666.634,15,4,40,32,14553.16,3250,30,828,0,5524150,999010,140,0,27,604800,9928320,28,1036800,0,0,dRaq9ayE15,RO12,taul,1K8T,z32l,lCpbiah,xtMzxjAuQ_,JIsO,9_Y1,000J,sJzTlal,6JmL,me75fM6ugJ,kIsH,uKAI,L84s,XfqtO3UdzaXh_,11p4mKe,TvhO,cJvF,FzaX,SppOZ4E,oslk,HDq79_c,LM8l689qOp,7P5s,RAYp,F2FyR07IdsN7I
0,1953,7,44,180,225,24,220.08,0,9946680,0,2.761162,18,48,0,483736,0,77221.5,40,0,56,32,12332.44,685,120,180,0,1119190,104300,445,0,18,15386,10642800,20,0,0,0,GcUt0G8rTN,RO12,taul,1K8T,JLbT,qEdASpP,qj0zkqvqw2VDWyJ4,QYUn,9_Y1,k13i,09_Q,43pnToF,me75fM6ugJ,kIsH,uKAI,L84s,NhsEn4L,TDcECyH,bxfG,UYBR,FzaX,0AJo2f2,oslk,2Kb5FSF,LM8l689qOp,fKCe,RAYp,F2FyR07IdsN7I
0,1036,14,324,144,180,16,186.64,0,10045680,0,6.941038,18,36,77,154832,0,166315.5,40,0,40,32,164084,650,120,5463,0,736830,199294,185,0,9,0,10527400,4,0,0,0,KXMgUH7IEC,RO12,taul,1K8T,487l,3cuvZgk,q2tfFQq,217P,9_Y1,m_h1,09_Q,zm5i,me75fM6ugJ,kIsH,uKAI,L84s,NhsEn4L,mAjbk_S,6dhN,UYBR,FzaX,9WBo2f2,oslk,OXJML05,LM8l689qOp,WqMG,RAYp,F2FyR07IdsN7I
0,350,7,836,36,45,8,66.88,0,5496,0,3.839992,18,206,42,0,0,1296.762,0,0,0,0,-2144164,180,18,9666,0,16015,834,20,0,18,0,18144,10,0,0,0,a4vPe2fHUn,AERks4l,CiJDdr4TQ0rGERIS,z3mO,kNzO,fhk21Ss,wHfQYg4FYPyudCQ6,IWfE,9_Y1,TjV7,VpdQ,sYC_,7M47J5GA0pTYIFxg5uy,kIsH,uKAI,Mtgm,_5OXC8MSLt,LxWMK5e,pnKl,UYBR,FzaX,4UxGlow,oslk,catzS2D,LM8l689qOp,FSa2,ZI9m,NoEd
0,1281,7,212,156,195,40,351.36,0,185118,0,0.3900876,9,58,0,5528920,0,130835.1,0,0,32,64,101779.6,745,12,69480,0,8182650,550088,585,0,0,2418899,10534160,48,0,0,0,HOvt0Go8Lb,RO12,LfvqpCtLOY,1K8T,G6s_,EkMLmBg,_03xtaMIkk68B,4bTR,9_Y1,MGOA,VpdQ,IYzP,me75fM6ugJ,kIsH,uKAI,L84s,NhsEn4L,kq0n8Bj,bHR7,UYBR,Lmli,kj7DFjT,oslk,9vQ9fPb,jySVZNlOJy,Qu4f,RAYp,F2FyR07IdsN7I
0,3451,7,11440,512,640,240,133.12,0,55374,0,4.495193,9,86,189,350288,0,4640.85,20,20,168,240,41586.4,2155,90,62271,0,371125,98072,780,0,0,38108,828544,78,140916,0,0,u6tWq6edh4,AERks4l,taul,1K8T,PGNs,PHNvXy8,h3WsUQk,rvAs,9_Y1,_xpN,VpdQ,sYC_,NKv3VA1BpP,kIsH,uKAI,L84s,I6KzrtUCei,cUQgrpN,zDTT,UYBR,FzaX,UF16siJ,zCkv,APgdzOv,LM8l689qOp,FSa2,6fzt,xwM2aC7IdeMC0
0,945,7,2540,204,255,192,240.56,0,577686,0,1.170476,9,128,413,892848,0,25699.62,30,8,40,56,-121544.8,585,18,7902,0,179815,478258,195,0,36,0,2817812,14,762600,0,0,lAFgUHEmnE,2Knk1KF,taul,1K8T,bhvQ,PHNvXy8,zfdQ4g0OVP_TAGG1,POkS,9_Y1,em8I,VpdQ,hAFG,NKv3VA1BpP,kIsH,g5HH,L84s,Ie_5MZs,OFqdri0,5QDB,cJvF,FzaX,UF16siJ,zCkv,APgdzOv,LM8l689qOp,me1d,6fzt,Zy3gnGM
0,4424,7,444,316,395,192,200,0,4532280,0,2.873959,27,154,49,3281760,0,45574.2,30,10,136,112,133733.2,1795,60,44883,0,5268800,226226,50,0,9,300300,10725840,40,170154,0,0,avkq9ayfAo,5QKIjwyXr4MCZTEp7uAkS8PtBLcn,taul,1K8T,z32l,fqeOwLG,V_KvNzO,kVZt,9_Y1,vm5R,VpdQ,wMei,7M47J5GA0pTYIFxg5uy,kIsH,uKAI,L84s,Yp0FSqmQ6uX0MidJVtxn3DSSj,beKRNOf,XqfQ,UYBR,FzaX,fxJmel6,zCkv,WfsWw2A,LM8l689qOp,7P5s,ZI9m,iyHGyLCEkQ
0,1876,7,696,576,720,256,259.04,0,7502160,0,2.530442,9,140,49,2224328,0,83627.7,85,20,264,248,367118,1625,144,9558,0,2132525,588020,95,0,27,298102,10412680,60,166974,0,0,AhzOj17IEC,2Knk1KF,taul,1K8T,TyGl,GUGqFuv,Gai9lEF2Fr,ADMv,9_Y1,iVbl,09_Q,haYg,me75fM6ugJ,kIsH,uKAI,Mtgm,XfqtO3UdzaXh_,11p4mKe,UGUy,cJvF,FzaX,DiRj9cC,oslk,svKyovK,LM8l689qOp,7aLG,RAYp,55YFVY9
0,1274,0,0,560,700,160,260.32,0,7347900,0,2.128819,9,28,0,2918768,0,55052.7,35,2,72,80,465712,2210,120,0,0,2757350,101608,0,0,18,0,10761440,164,490872,0,0,avkq9ayfAo,RO12,taul,1K8T,z32l,zVsN52f,zttgwMv,JM4Q,9_Y1,kJJ7,09_Q,IYzP,me75fM6ugJ,kIsH,uKAI,Mtgm,NhsEn4L,mAja5EA,B0Zx,cJvF,FzaX,kM3NN3u,oslk,_4goIp0,LM8l689qOp,7P5s,RAYp,F2FyR07IdsN7I
0,1106,7,316,136,170,40,166.56,0,4681950,0,2.426832,9,48,112,2563384,0,116910.9,10,4,32,32,105064,820,60,15471,0,3771445,714076,125,0,0,0,10230720,22,1036800,0,0,NQ5vyxLkBI,RO12,taul,1K8T,Xa_z,dRqabdC,RuVy67M,YfLZ,9_Y1,FbIm,VpdQ,IYzP,me75fM6ugJ,kIsH,uKAI,L84s,NhsEn4L,mAja5EA,ADfT,UYBR,FzaX,eJsfrxM,oslk,renAIRG,M_8D,xb3V,RAYp,F2FyR07IdsN7I
0,6118,14,4448,3328,4160,1136,200,0,4824162,0,1.122196,36,140,42,2637072,0,11581.44,410,128,744,448,147769.6,9325,2262,4572,0,3435800,564812,3175,0,9,372841,9945280,222,802524,0,0,NQ5vyxLkBI,2Knk1KF,taul,1K8T,UpNf,fhk21Ss,Hz673939hSRjL,LYSz,9_Y1,vzJD,VpdQ,sYC_,7M47J5GA0pTYIFxg5uy,kIsH,uKAI,L84s,NhsEn4L,beK4AFX,epnc,UYBR,FzaX,4UxGlow,oslk,catzS2D,jySVZNlOJy,xb3V,ZI9m,55YFVY9
0,756,7,1624,128,160,72,611.84,0,7064760,0,3.37962,9,130,154,415024,0,232767,25,4,32,16,89500.4,495,84,15534,0,0,1555200,8295,0,27,0,10446960,0,1036800,0,0,2AAWq69R_D,LrdZy8QqgUfkVShG,taul,1K8T,ssAy,RPKu5tB,VxuX5zo5nA,8ObD,9_Y1,Px52,09_Q,6JmL,me75fM6ugJ,kIsH,uKAI,L84s,XfqtO3UdzaXh_,OFq55nd,doR1,cJvF,Lmli,WdP1WU5,oslk,05j67Xw,M_8D,PM2D,RAYp,ib5G6X1eUxUn6
0,840,35,14172,120,150,104,200,0,16440,0,6.861995,45,94,329,451272,0,34683.6,0,24,64,24,-1455972,560,12,1521,0,0,118522,1130,0,27,14455,592812,0,178758,0,0,DQlgUH7IEC,RO12,taul,1K8T,vSNn,fLzAmkt,KhDb8PW,lHfo,9_Y1,m_h1,VpdQ,sYC_,me75fM6ugJ,kIsH,uKAI,L84s,NhsEn4L,beK4AFX,CeK7,UYBR,FzaX,TE7NqhB,oslk,7_Nj7qz,LM8l689qOp,WqMG,RAYp,F2FyR07IdsN7I
0,735,7,368,100,125,56,253.52,0,2851200,0,3.347362,9,58,35,1896536,0,207135.6,15,0,24,24,-140234.8,510,36,23922,0,1638685,1108806,80,0,18,554400,7328040,12,0,0,0,dRavyx7ejg,RO12,taul,1K8T,hM6W,9GJGgoz,msIcVg8v5v,zX4w,9_Y1,xSqs,VpdQ,CoYW,Kxdu,kIsH,uKAI,L84s,FMSzZ91zL2,NGZokw4,6D5a,cJvF,AU8_WTd,Tvpip6Z,zCkv,hHJsvbM,jySVZNlOJy,szEZ,6fzt,SbOd7O8ky1wGNxp0Arj0Xs
0,2877,14,2644,316,395,280,295.84,0,3114630,0,1.023926,18,106,315,794312,6,33752.4,0,24,128,88,-673516,1450,90,44442,24,151975,424562,1010,0,0,465850,3681028,12,355122,0,7,Qu0r4RKzJV,RO12,taul,1K8T,D68y,CPonV1D,SpVKBrJv90,4TsR,9_Y1,DtNL,09_Q,sYC_,me75fM6ugJ,kIsH,uKAI,L84s,NhsEn4L,kq0aHkC,EA0l,UYBR,FzaX,aL0LjAM,oslk,YufCuEM,LM8l689qOp,FSa2,RAYp,F2FyR07IdsN7I
0,805,0,44,160,200,64,186.64,0,6095760,0,6.024995,9,78,0,324840,0,186505.2,35,6,40,8,229687.6,610,78,6795,0,2263605,812416,0,0,9,0,10471960,16,1038606,0,0,TfiBcmzkzH,RO12,taul,1K8T,487l,9GJGgoz,NW71gM15FR,3zns,9_Y1,4nnx,VpdQ,lVqb,Kxdu,kIsH,uKAI,L84s,FMSzZ91zL2,NGZokw4,otA4,cJvF,FzaX,Tvpip6Z,zCkv,hHJsvbM,jySVZNlOJy,Qcbd,6fzt,SbOd7O8ky1wGNxp0Arj0Xs
0,1372,7,76,192,240,112,341.52,5,240546,0,0.1886349,9,128,35,3472120,9,11686.71,15,6,56,24,-629584,685,72,22383,40,428120,176588,1455,0,18,19922,2668520,26,31620,0,7,C2Dvyx875g,2Knk1KF,taul,1K8T,lK27,IoVviRg,II0S8f9,WghP,9_Y1,3NyY,VpdQ,haYg,me75fM6ugJ,kIsH,uKAI,L84s,XfqtO3UdzaXh_,XTbPUYD,vAmt,cJvF,OFWH,VoPOjel,oslk,Zc82Oqu,LM8l689qOp,WqMG,RAYp,55YFVY9
0,154,7,4392,20,25,0,200,0,394650,0,2.44499,9,154,91,0,0,630903,10,2,0,0,-272726.4,90,6,25425,0,3024000,0,345,0,27,0,9939920,2,3628800,0,0,dRagUHXM47,2Knk1KF,LfvqpCtLOY,1K8T,pE9z,Ml6kiFp,lL9c3pxXdL,cEPI,9_Y1,8BBI,VpdQ,wMei,me75fM6ugJ,kIsH,uKAI,L84s,h0lfDKh52u4GP,IoI4mKe,p06z,cJvF,qxDb,k5O88FJ,oslk,QkgQQMs,jySVZNlOJy,453m,RAYp,TCU50_Yjmm6GIBZ0lL_
0,2891,7,1888,420,525,264,213.04,0,580326,0,2.897885,9,124,21,1505520,0,17813.82,15,36,160,192,-31680.56,1610,48,7740,0,605850,148036,335,0,0,505197,2551584,38,423762,0,0,uglr4RP4GL,GpoBynXzkxADI7bZBtqvX2IPV5t7o2QCPE,taul,1K8T,0Xwj,7Cn0k8W,hOpRIhsUSP,zrY9,HLqf,z5Ry,VpdQ,IYzP,me75fM6ugJ,sBgB,g5HH,L84s,NhsEn4L,teAyFc5,cqxq,UYBR,FzaX,82J4jrS,oslk,1rBPMKm,LM8l689qOp,FSa2,RAYp,iyHGyLCEkQ
0,1106,7,756,228,285,136,166.56,0,0,0,3.343944,9,70,42,201976,0,3861.33,10,32,88,80,-122652.4,665,0,32274,0,74530,46186,2575,0,9,127778,375764,24,123144,0,0,1JGTmBQZiT,RO12,taul,1K8T,PGNs,sByYfhR,76j2P_OLn0,fgRx,9_Y1,TjV7,VpdQ,43pnToF,me75fM6ugJ,kIsH,uKAI,L84s,NhsEn4L,mAjbk_S,G20O,UYBR,FzaX,jbW3slO,oslk,hCeC7lX,LM8l689qOp,FSa2,RAYp,F2FyR07IdsN7I
0,840,7,720,380,475,152,204.64,15,5371272,0,0.1076693,9,58,14,2994672,3,24313.68,20,6,56,80,95142.8,1390,138,459,32,2228795,984752,215,0,9,604800,10147840,72,1141980,0,0,AUUt0GoOh3,eSGpMwS8zSGgq_trOpckZ5,taul,1K8T,wGW5,qEdtMxl,KhDb8PW,50wi,9_Y1,C7DI,VpdQ,hAFG,DHn_WUyBhW_whjA88g9bvA64_,kIsH,uKAI,L84s,UbxQ8lZ,ORMRote,MvIl,cJvF,FzaX,YBh9wxq,Al6ZaUT,xKMMFRV,LM8l689qOp,Qu4f,02N6s8f,R4y5gQQWY8OodqDV
0,392,14,512,40,50,8,194.4,0,0,0,0.9961546,18,98,147,41808,0,24556.68,0,8,32,8,-62673.2,250,0,94005,0,64505,6922,2585,0,27,153685,697796,8,917166,0,0,DHegUHXZeb,RO12,taul,1K8T,487l,jMFpLPy,LWyFlLYrMm,cnG9,9_Y1,LqKm,VpdQ,hzlB,me75fM6ugJ,kIsH,uKAI,L84s,XfqtO3UdzaXh_,11p4mKe,bFhE,cJvF,AU8pNoi,WPf6V3V,oslk,tomqI2t,LM8l689qOp,453m,RAYp,F2FyR07IdsN7I
0,448,14,132,360,450,256,200,0,168174,0,4.798975,36,80,0,897264,0,24324.39,45,24,96,64,-1102584,920,36,1008,0,1088415,600242,2100,0,0,508172,3272140,46,769410,0,0,639TmBQxul,RO12,taul,1K8T,PGNs,mbdxW2B,9HOPNsJ,ITrH,9_Y1,TjV7,09_Q,IYzP,me75fM6ugJ,kIsH,uKAI,Mtgm,NhsEn4L,mAjbk_S,Zpzm,UYBR,FzaX,xKne4eD,oslk,TSkD3Yd,LM8l689qOp,FSa2,RAYp,F2FyR07IdsN7I
0,861,7,20,168,210,72,253.52,0,2035602,0,4.632557,18,50,0,3794024,0,180624.9,10,4,56,72,139390.4,540,30,1134,0,4278565,1350666,15,0,9,11907,10586520,30,1036800,0,0,hSogUHXZeb,RO12,taul,1K8T,487l,ho_dR0M,q2tfFQq,uWh1,9_Y1,STGZ,VpdQ,43pnToF,me75fM6ugJ,kIsH,uKAI,L84s,NhsEn4L,mAja5EA,NRSA,cJvF,FzaX,hAX6pd1,oslk,FYyQowC,LM8l689qOp,453m,RAYp,F2FyR07IdsN7I
0,98,0,0,96,120,24,53.52,0,5377254,0,0.3490707,9,16,0,7253816,0,280574.7,15,0,32,40,-67549.6,245,48,0,0,1980100,475220,0,0,0,0,10696720,10,0,0,0,1GdOj1KXzC,RO12,taul,1K8T,0Xwj,2gN8HPr,aXPHXVS,kZle,F3hy,ID5l,sJzTlal,IYzP,me75fM6ugJ,kIsH,uKAI,L84s,NhsEn4L,TDcwKda,hRx7,UYBR,FzaX,sx5ARL_,oslk,hFzRusu,LM8l689qOp,kwS7,RAYp,F2FyR07IdsN7I
0,742,7,0,124,155,0,220.08,0,11404800,0,2.698355,9,46,0,0,0,227144.1,45,0,32,0,60964.4,490,132,135,0,0,0,45,0,0,0,10713600,0,0,0,0,puvq9aX0Db,RO12,taul,1K8T,TLkP,ryQJDqx,ELRUn57,r7tm,9_Y1,Y9Bl,VpdQ,IYzP,me75fM6ugJ,kIsH,uKAI,L84s,NhsEn4L,kZJtVhC,X405,cJvF,FzaX,tCbv48t,oslk,Exf7DIf,M_8D,uWr3,RAYp,F2FyR07IdsN7I
0,1554,14,6448,384,480,128,320.4,0,4069098,0,2.659902,45,224,567,4353128,0,121245,30,40,160,88,187987.6,1535,156,2808,0,4299605,902010,4795,0,18,26957,10735200,34,345510,0,0,ypNt0Go8Lb,NRCqczK,CiJDdr4TQ0rGERIS,mKeq,0Xwj,fhk21Ss,ELqaUgs,cN77,HLqf,t_4G,09_Q,haYg,7M47J5GA0pTYIFxg5uy,sBgB,uKAI,L84s,_5OXC8MSLt,kZJbq_f,7jNY,cJvF,FzaX,4UxGlow,oslk,catzS2D,M_8D,Qu4f,ZI9m,NoEd
0,1561,21,3416,224,280,24,220.08,0,3110754,0,0.4996795,27,140,119,1872008,3,102748.8,20,28,80,72,-85703.2,830,108,28062,8,656835,10956,9010,0,54,74788,5184920,16,794784,0,0,1YVvyx7IEC,onTuEhrJJQy_H3IHkZku5AFczhYGqxJ890,taul,1K8T,7wJ6,QiwK0yW,76jk_MXMyd,qjVH,9_Y1,RcM7,VpdQ,lVqb,Kxdu,kIsH,uKAI,L84s,FMSzZ91zL2,11pvaSD,ra0x,cJvF,qxDb,Fpzip6Z,zCkv,YAqrS2Y,jySVZNlOJy,szEZ,6fzt,iyHGyLCEkQ
0,868,7,440,136,170,8,186.64,0,9113040,0,6.365734,27,44,0,0,0,195591.6,40,4,32,0,114379.6,505,114,10566,0,1047460,158410,60,0,9,0,10599840,8,950478,0,0,52Iq9ayE15,RO12,taul,1K8T,PJLW,Fnlw8DQ,_UtlxbJ,sd5k,9_Y1,vm5R,VpdQ,zm5i,me75fM6ugJ,kIsH,uKAI,L84s,NhsEn4L,mAjbk_S,bsbh,cJvF,FzaX,wIfAM23,oslk,dwbKSUK,jySVZNlOJy,7P5s,RAYp,F2FyR07IdsN7I
0,497,0,0,124,155,56,290.4,0,7069200,0,0.6346934,9,28,0,0,0,205992.3,30,4,24,0,35147.44,515,84,0,0,137900,1209600,0,0,9,0,10007120,4,1036800,0,0,Iskvyx875g,e6CkoqApVR,taul,1K8T,Guv5,0Vr7wZ4,n1zVHpT8NN,XeWN,9_Y1,MBhA,09_Q,zm5i,Kxdu,kIsH,uKAI,L84s,FMSzZ91zL2,mAjdzWk,UPjY,UYBR,FzaX,XbZitea,zCkv,DHPNgqU,LM8l689qOp,WqMG,6fzt,F2FcTt7IdMT_v
0,364,0,0,92,115,8,200,0,14694,0,0.48558,18,28,0,86064,0,8907.99,0,0,8,8,-357158.4,375,18,0,0,330900,3404,0,0,9,0,324356,36,0,0,0,bZk9tYsGvO,RO12,taul,1K8T,TyGl,kUCp_2L,8lcKgmK,HGRF,9_Y1,YULl,VpdQ,43pnToF,me75fM6ugJ,kIsH,uKAI,L84s,NhsEn4L,mAja5EA,Ac62,UYBR,FzaX,0bjDSPW,oslk,IkiDnag,LM8l689qOp,FSa2,RAYp,F2FyR07IdsN7I
0,84,0,0,76,95,16,198.88,0,5586762,0,2.722068,9,14,0,633624,0,290229.3,15,4,24,8,-208526,190,30,0,0,3158245,316816,0,0,0,554421,8685440,12,800154,0,0,jg69tYsGvO,RO12,taul,1K8T,0Xwj,31DqtNX,Tg7jjBB,pYVH,F3hy,YULl,VpdQ,IYzP,me75fM6ugJ,kIsH,uKAI,L84s,NhsEn4L,kq0IYu6,s6Qn,UYBR,FzaX,dMzYH7D,oslk,_wyAgOW,LM8l689qOp,FSa2,RAYp,F2FyR07IdsN7I
0,952,7,1812,144,180,16,133.12,0,9120,0,5.609912,9,58,91,188088,0,6663.03,0,0,32,64,12485.84,520,6,28467,0,213825,11040,11955,0,0,0,293264,50,0,0,0,vAsgUHXM47,RO12,taul,1K8T,lK27,zOo4luf,Pkku4gO,sz_u,9_Y1,STGZ,VpdQ,IYzP,me75fM6ugJ,kIsH,uKAI,L84s,NhsEn4L,TDceha3,aOxo,cJvF,FzaX,i9J4_jR,oslk,964Rb9q,jySVZNlOJy,453m,RAYp,F2FyR07IdsN7I
0,1337,14,5024,356,445,120,186.64,0,594630,0,4.751762,18,70,280,350736,0,10020.87,30,18,128,80,-121736,1135,72,5688,0,680370,81394,9110,0,18,293629,1531532,74,128946,0,0,Yddq9ayE15,RO12,taul,1K8T,xgSF,6JE1QFM,y2LIM01bE1,9ult,9_Y1,NFMt,09_Q,IYzP,me75fM6ugJ,kIsH,uKAI,L84s,NhsEn4L,TDceha3,8Eqj,UYBR,FzaX,ie2v1FD,oslk,k19R6zD,LM8l689qOp,TNEC,RAYp,F2FyR07IdsN7I
0,721,7,456,88,110,80,99.68,0,1878,0,4.482589,9,152,7,6936,0,4358.13,5,14,48,16,-18380.44,455,6,47916,0,1090,34076,680,0,18,16135,114056,2,58344,0,0,vAsvyx7ejg,2Knk1KF,taul,1K8T,0Xwj,pKHV6tQ,MEOwBLDXsmsd2,gtyJ,HLqf,RcM7,09_Q,kxE9,me75fM6ugJ,sBgB,uKAI,L84s,XfqtO3UdzaXh_,XTbPUYD,T2DS,cJvF,OFWH,ROefGrO,oslk,0VTT3Cb,LM8l689qOp,szEZ,RAYp,55YFVY9
0,861,21,5064,132,165,24,253.52,0,5227524,0,5.280709,36,126,910,1267288,0,61042.8,20,4,32,16,831240,585,66,99747,0,4356270,475226,4430,0,27,554435,10455040,22,950460,0,0,ZSNrjIX0Db,2Knk1KF,taul,1K8T,pE9z,vfNb6I9,glRBFJT8NN,GTft,9_Y1,YBFS,VpdQ,hAFG,me75fM6ugJ,kIsH,uKAI,Mtgm,XfqtO3UdzaXh_,XTbPUYD,IKIX,UYBR,FzaX,XeiOhQy,oslk,E7Y7qqc,LM8l689qOp,5Acm,RAYp,55YFVY9
0,1456,7,628,160,200,56,166.56,0,6540600,0,5.924589,9,56,175,1242632,0,99085.5,35,4,72,40,283916,575,84,2268,0,659235,1047682,510,0,0,580615,9529040,10,570372,0,0,tr0gUH7ejg,RO12,taul,1K8T,72yt,7tlrR6d,EXpWEXgaYWQf4,8Kyr,9_Y1,m_h1,VpdQ,IYzP,me75fM6ugJ,kIsH,uKAI,L84s,NhsEn4L,mAjbk_S,ILZp,cJvF,FzaX,OrnDBnE,oslk,BC4qYia,LM8l689qOp,WqMG,RAYp,F2FyR07IdsN7I
0,770,7,4852,48,60,16,312.56,0,2068440,0,3.933561,9,198,224,2530376,0,126398.1,10,2,24,16,-146293.6,390,12,819036,0,1872365,55684,4675,0,27,270277,7651000,6,152730,0,0,dTGmfo8zhV,2Knk1KF,taul,1K8T,JLbT,fhk21Ss,3clyC8L,3epP,9_Y1,wGwL,VpdQ,y6dw,7M47J5GA0pTYIFxg5uy,kIsH,uKAI,L84s,_5OXC8MSLt,LxWhDOK,0urO,UYBR,FzaX,4UxGlow,oslk,catzS2D,jySVZNlOJy,wX53,ZI9m,iyHGyLCEkQ
0,1848,7,196,220,275,96,166.56,0,30882,0,3.661824,18,68,14,3072888,0,33989.4,0,10,64,96,-608284,845,36,1008,0,1078305,284816,40,0,0,403340,3181444,40,288204,0,0,2jiWq69cTy,RO12,taul,1K8T,pdks,jJ_nXHo,9YuT4s0Bqf,0Twt,9_Y1,Px52,VpdQ,sYC_,me75fM6ugJ,kIsH,uKAI,L84s,NhsEn4L,7WweNKW,Uxan,cJvF,FzaX,uyr88FJ,oslk,FlVqhZX,LM8l689qOp,PM2D,RAYp,F2FyR07IdsN7I
0,3346,7,264,272,340,256,133.12,0,8574,0,3.797693,9,62,7,76640,0,4249.98,0,6,32,40,-261122.8,1365,6,22968,0,218420,68618,510,0,0,31304,360684,54,7014,0,0,zKnr4RXktW,AERks4l,taul,1K8T,lK27,PHNvXy8,r83_sZi,6mp2,9_Y1,jakt,VpdQ,IYzP,NKv3VA1BpP,kIsH,uKAI,L84s,Ie_5MZs,y5FbyrZ,WaXK,cJvF,FzaX,UF16siJ,zCkv,APgdzOv,LM8l689qOp,7FJQ,6fzt,xwM2aC7IdeMC0
0,924,7,320,124,155,40,196.64,0,85602,0,4.344157,9,46,140,4147200,0,190228.5,0,4,32,48,635952,550,6,3456,0,7344000,864000,180,0,9,1814400,10425080,34,1036800,0,0,CEaBcmz45j,RO12,taul,1K8T,uNkU,far8Wio,wXYgzHf,4SCH,9_Y1,WGOH,VpdQ,IYzP,DHn_WUyBhW_whjA88g9bvA64_,kIsH,uKAI,L84s,CrNX,mAjbq_f,OtIX,cJvF,FzaX,lbrZ3MX,d0EEeJi,R3l0V7y,M_8D,Qcbd,nIGXDli,F2FyR07IdsN7I
0,4193,14,1520,408,510,128,356.64,0,4667262,0,6.181158,27,48,154,1680048,0,37910.1,45,26,160,216,180827.6,2115,78,164745,0,4956760,138278,6540,0,0,300307,10470840,48,606498,0,0,dTGmfo8zhV,RO12,taul,1K8T,FPxv,3FCbvIY,BIxuwM5,PCFV,9_Y1,Bw19,VpdQ,IYzP,me75fM6ugJ,kIsH,7A3j,L84s,NhsEn4L,kZJtVhC,nJs6,cJvF,FzaX,1hfsbNi,oslk,fV_uxtu,LM8l689qOp,wX53,RAYp,F2FyR07IdsN7I
0,1043,7,1724,200,250,64,169.92,0,3792,0,4.193121,18,130,301,2172408,3,37734.6,0,10,88,96,-1162136,565,6,9423,8,3340710,142234,495,0,9,450121,4151400,48,158448,0,0,Tfit0G8EIb,2Knk1KF,taul,1K8T,wOc1,3FCrXBz,msIqHk8toE,kIXd,9_Y1,k13i,VpdQ,haYg,7M47J5GA0pTYIFxg5uy,kIsH,uKAI,L84s,1YxyYTLbzthWO,_Jd643T,KhR6,cJvF,FzaX,oatipLp,zCkv,RsCQLlz,jySVZNlOJy,fKCe,vJ_w8kB,Zy3gnGM
0,378,0,0,100,125,64,230.56,0,3299388,0,5.383679,9,20,0,1492512,0,212583.6,5,8,16,24,512860,495,18,0,0,5106650,762126,0,0,9,0,9804280,12,2508,0,0,xearjIX0Db,RO12,taul,1K8T,xgSF,jCepSrJ,NW71mrodGH,Y7X1,9_Y1,xQ2A,VpdQ,zm5i,me75fM6ugJ,kIsH,uKAI,Mtgm,NhsEn4L,7WwuNea,gvA6,UYBR,FzaX,Oy_RPEi,oslk,FS4qjNq,LM8l689qOp,5Acm,RAYp,F2FyR07IdsN7I
0,1204,7,40,140,175,48,224.8,0,8640540,0,5.52147,9,90,0,190784,0,121441.8,35,6,40,8,136482.8,530,102,36099,0,156285,1036800,385,0,0,0,10629440,2,1555200,0,0,51rt0G8rTN,RO12,taul,1K8T,2Ix5,yz3CY5T,_03xtaMIkZsn1,BZ3Q,9_Y1,e7QV,VpdQ,sYC_,me75fM6ugJ,kIsH,uKAI,L84s,NhsEn4L,7WwoY2y,HOMb,cJvF,FzaX,wdF8XLE,oslk,judEVaf,LM8l689qOp,fKCe,RAYp,F2FyR07IdsN7I
0,1428,28,3364,44,55,16,286.96,0,4269372,0,6.765862,54,72,0,0,0,75648.91,10,0,16,0,-235711.2,335,30,5607,0,2525175,362108,6120,0,36,0,8035880,4,0,0,0,l7Fq9ayE15,RO12,taul,1K8T,3PdN,kJ1ERUT,rE4NYDbqr8RJdQI8mWj,jv4s,9_Y1,000J,VpdQ,hAFG,7M47J5GA0pTYIFxg5uy,kIsH,uKAI,L84s,leSl,teA09W3,yd69,cJvF,qxDb,MMTJrCp,QKW8DRm,Rkj9jvX,jySVZNlOJy,7P5s,vJ_w8kB,WfJ2BB2SFSqauljlfOB
0,49,0,0,72,90,16,381.12,25,1601154,0,4.168127,18,12,0,331200,3,120801.9,10,4,8,24,-517920,90,18,0,56,1027180,195590,0,0,0,0,2899244,12,20358,0,7,HAoOj1KXzC,RO12,taul,1K8T,0Y9G,pro8v8X,lGXZdJp9_Q,C_jS,9_Y1,ID5l,09_Q,IYzP,me75fM6ugJ,kIsH,uKAI,L84s,NhsEn4L,NGZxnJM,DYjS,cJvF,FzaX,meWVy8V,oslk,DQ3u3MC,LM8l689qOp,kwS7,RAYp,F2FyR07IdsN7I
0,1085,7,236,252,315,264,166.56,0,18450,0,4.108951,9,58,161,296768,0,25898.43,0,18,72,64,-99276.4,935,6,1125,0,266690,175412,540,0,0,106029,986224,24,392046,0,0,8I1r4RXXnK,AERks4l,taul,1K8T,dWQK,UMeyDjD,Gai9lEF2Fr,zuv2,9_Y1,Zazx,09_Q,IYzP,GjJ35utlTa_GNSvxxpb9ju,kIsH,uKAI,L84s,JBfYVit4g8,uZLUDr7,x3XI,cJvF,FzaX,UGoC4S4,Al6ZaUT,SYvfmuL,LM8l689qOp,Xa3G,02N6s8f,xwM2aC7IdeMC0
0,2765,7,324,344,430,208,166.56,0,79680,0,4.766716,18,58,7,544424,0,10015.71,0,14,80,144,232685.6,2245,12,71559,0,385345,279488,780,0,0,241437,1339108,66,219786,0,0,64nWq69R_D,RO12,taul,1K8T,lK27,5HUJ34g,XpZBOej,cD9V,9_Y1,Px52,VpdQ,IYzP,me75fM6ugJ,kIsH,uKAI,L84s,NhsEn4L,TDceha3,P8bZ,cJvF,FzaX,LwGCME0,oslk,_XS7lZj,LM8l689qOp,PM2D,RAYp,F2FyR07IdsN7I
0,994,14,1248,244,305,120,220.08,0,37560,0,2.251869,45,88,7,3847960,0,126553.5,0,4,48,88,-574948,855,6,24201,0,4235190,606554,2160,0,36,1072897,6758920,64,312984,0,0,YddTmBtueT,RO12,taul,1K8T,0Xwj,R4CMv2s,9YuX8HG_hH,zSfl,HLqf,C6Eu,VpdQ,6JmL,me75fM6ugJ,sBgB,uKAI,L84s,XfqtO3UdzaXh_,XTbPUYD,6jZ5,UYBR,FzaX,OOC8jNM,oslk,piPR6zD,LM8l689qOp,rgKb,RAYp,F2FyR07IdsN7I
0,3353,7,368,272,340,184,186.64,0,388086,0,5.956206,9,86,21,465704,0,22525.26,40,28,128,112,297681.6,1050,30,118458,0,391900,230842,1560,0,18,167811,1855728,8,685290,0,0,qXhrEy7VR2,RO12,taul,1K8T,nAmm,M0FFFda,ubNsRkB,B41I,9_Y1,X8zP,VpdQ,kxE9,me75fM6ugJ,kIsH,uKAI,L84s,XfqtO3UdzaXh_,11p4mKe,khMo,cJvF,FzaX,Zno88FJ,oslk,nyX2C8o,LM8l689qOp,Aoh3,RAYp,F2FyR07IdsN7I
0,504,21,748,68,85,88,220.08,0,904524,0,3.421491,27,86,35,0,0,62191.5,0,4,16,0,324087.2,290,12,31203,0,263890,261884,4240,0,9,399532,1566200,4,342456,0,0,75lr4RXktW,RO12,taul,1K8T,lK27,A_yBboK,4soGE0N5VZrWb,SSke,9_Y1,jakt,09_Q,Tkho,me75fM6ugJ,kIsH,uKAI,L84s,NhsEn4L,beK4AFX,8zbI,cJvF,FzaX,3Jmmfvd,oslk,JD1lw9w,LM8l689qOp,7FJQ,RAYp,F2FyR07IdsN7I
0,658,7,608,276,345,248,100.32,0,37842,0,5.225379,9,88,63,81168,0,4107.99,0,10,80,80,-875520,750,54,114408,0,51650,85946,1285,0,27,43876,302344,28,34980,0,0,ZSNrjIX0Db,RO12,taul,1K8T,lK27,8Kc4q6X,AADVuIlJSTcSxNsY,6UHe,9_Y1,xQ2A,09_Q,CoYW,me75fM6ugJ,kIsH,uKAI,L84s,XfqtO3UdzaXh_,11p4mKe,XVHn,cJvF,FzaX,TZCm94s,oslk,ofmiST9,LM8l689qOp,5Acm,RAYp,F2FyR07IdsN7I
0,1631,7,216,496,620,240,166.56,0,10482,0,2.155736,18,36,56,431552,0,7482.81,0,24,144,144,-73740.4,1560,6,15210,0,948580,198240,3100,0,9,168476,1562412,126,276456,0,0,vNEvyxLp3Z,RO12,taul,1K8T,ssAy,ZTQCNUi,7vJz3tk,Go8j,9_Y1,FbIm,VpdQ,IYzP,me75fM6ugJ,kIsH,uKAI,L84s,NhsEn4L,mAjbk_S,wzia,cJvF,FzaX,kH5RngW,oslk,dclYaaM,LM8l689qOp,xb3V,RAYp,F2FyR07IdsN7I
0,560,7,0,112,140,64,200,0,41160,0,3.501389,9,50,0,264032,0,57495,30,6,64,40,-625960,345,24,189,0,91180,187744,10,0,9,10122,1215492,4,23412,0,0,Iskvyx875g,RO12,taul,1K8T,lK27,2Aed0DS,o2VNvkzo8X,4Afm,9_Y1,MBhA,VpdQ,IYzP,me75fM6ugJ,kIsH,uKAI,Mtgm,NhsEn4L,kZJtVhC,F675,UYBR,FzaX,OjxOhQy,oslk,c4PT3Cb,LM8l689qOp,WqMG,RAYp,F2FyR07IdsN7I
0,651,0,24,20,25,16,290.48,0,288582,0,1.417005,9,64,0,0,15,209665.2,0,0,0,0,-823788,350,12,612,40,111675,328498,0,0,27,0,938724,2,0,0,0,DQlrEyXXnK,RO12,taul,1K8T,SzjZ,Mqscy5d,3cO76t0,LYv5,9_Y1,H1uM,VpdQ,lVqb,me75fM6ugJ,kIsH,uKAI,L84s,XfqtO3UdzaXh_,XTbPUYD,k822,cJvF,FzaX,OjIYE38,oslk,xmA7A2G,LM8l689qOp,Aoh3,RAYp,F2FyR07IdsN7I
0,686,7,3080,136,170,16,301.6,0,459456,0,5.092288,9,52,7,5529608,0,196216.2,0,0,32,64,-79347.6,550,12,8631,0,8674750,282856,13265,0,9,0,10576640,44,0,0,0,8Knvyx875g,RO12,CuXi4je,1K8T,LFM_,UsKxkyQ,CRwkRNVRGo,952t,9_Y1,MBhA,VpdQ,sYC_,me75fM6ugJ,sBgB,uKAI,L84s,NhsEn4L,kq0n8Bj,j6nf,UYBR,FzaX,OXxv4zN,oslk,VWtE4Qn,LM8l689qOp,WqMG,RAYp,F2FyR07IdsN7I
0,364,0,0,128,160,0,284.72,0,3110406,0,5.584277,9,22,0,4147200,0,178055.1,10,0,32,48,125477.2,545,36,0,0,7168750,0,0,0,18,1814400,10573400,36,0,0,0,M5vt0Gdc_a,RO12,taul,1K8T,lK27,wrRuXRS,ZZ7H_hi,HV9g,9_Y1,cyKH,VpdQ,wMei,me75fM6ugJ,kIsH,g5HH,L84s,NhsEn4L,TDc4Td_,dmgp,cJvF,FzaX,dNs0Q3K,oslk,4wZOTZB,LM8l689qOp,me1d,RAYp,F2FyR07IdsN7I
0,973,7,260,192,240,48,341.04,0,7943340,0,3.304849,27,108,0,1318840,0,196398.3,25,2,40,56,196768.4,590,102,5292,0,2858335,215648,65,0,18,0,10586320,24,278088,0,0,Mtpt0G8EIb,2Knk1KF,taul,1K8T,TyGl,E3lg0iR,U8XrDQz,fxFi,9_Y1,e7QV,VpdQ,sYC_,me75fM6ugJ,kIsH,uKAI,Mtgm,NhsEn4L,kq0aHkC,C4KL,cJvF,FzaX,OXxoYtn,oslk,AiMlfsX,LM8l689qOp,fKCe,RAYp,55YFVY9
0,1001,14,124,164,205,112,166.56,0,686370,0,2.38026,36,50,0,1609952,0,32876.1,0,14,64,96,-1541352,435,24,56961,0,161125,210882,2385,0,0,474901,2011744,8,297786,0,0,1nlTmBtueT,RO12,taul,1K8T,AnrR,lCpXix1,0IWZqtp,6Ud5,9_Y1,c2JP,VpdQ,IYzP,DHn_WUyBhW_whjA88g9bvA64_,kIsH,uKAI,Mtgm,CrNX,mAjbq_f,9nGL,cJvF,FzaX,SpphYOO,d0EEeJi,WADn5d_,LM8l689qOp,rgKb,nIGXDli,F2FyR07IdsN7I
0,476,7,6244,156,195,56,274.08,0,2678190,0,1.575732,54,156,77,3916960,0,197412,15,0,32,48,85373.6,525,54,2421,0,5043950,857618,190,0,9,0,10444800,28,0,0,0,vAsgUHXM47,2Knk1KF,LfvqpCtLOY,1K8T,7ALb,fhk21Ss,9YuuPSz3BI,mgtd,9_Y1,LqKm,VpdQ,sYC_,7M47J5GA0pTYIFxg5uy,kIsH,uKAI,L84s,Ie_5MZs,CWNXJkr,uUa2,cJvF,AU8_WTd,4UxGlow,zCkv,catzS2D,jySVZNlOJy,453m,ZI9m,TCU50_Yjmm6GIBZ0lL_
0,1925,7,284,188,235,168,166.56,0,2958,0,3.298868,9,74,7,231584,0,2887.332,15,6,56,104,13255.56,550,12,10602,0,24970,64956,1130,0,9,17752,289204,10,19584,0,0,V8lt0G8rTN,RO12,taul,1K8T,lK27,voX4XxH,dg9I7Wq75U,6z3K,9_Y1,k13i,sJzTlal,haYg,me75fM6ugJ,kIsH,uKAI,L84s,XfqtO3UdzaXh_,XTbPUYD,e0nW,cJvF,FzaX,_Mc87dl,oslk,Bfv7kpB,LM8l689qOp,fKCe,RAYp,F2FyR07IdsN7I
0,763,7,800,156,195,80,263.92,0,5976168,0,1.472976,27,156,7,241512,0,213194.7,30,6,40,16,94196.8,530,72,34470,0,2242120,879596,915,0,27,604765,10436080,12,1555110,0,0,E2Yq9atbb6,2Knk1KF,taul,1K8T,5B99,M8_d0DS,qj0XMzgZb2VDqQre,5hez,9_Y1,KfYH,09_Q,y6dw,me75fM6ugJ,kIsH,g5HH,L84s,XfqtO3UdzaXh_,XTbPUYD,y8W_,cJvF,Lmli,vjPo2f2,oslk,wzps5nE,jySVZNlOJy,me1d,RAYp,TCU50_Yjmm6GIBZ0lL_
0,588,0,0,144,180,40,282.72,0,2786106,0,4.197394,9,28,0,1900936,0,221123.4,25,2,24,24,284356.4,555,48,0,0,5361150,792056,0,0,9,554435,10292800,28,475230,0,0,EsYrjIX0Db,RO12,taul,1K8T,lK27,i3CBUCv,EXpWEXgaYpMJ7,c_SS,9_Y1,xQ2A,VpdQ,zm5i,me75fM6ugJ,kIsH,uKAI,Mtgm,NhsEn4L,NGZXfGp,gvA6,UYBR,FzaX,2X5mIK9,oslk,9Rll1iV,LM8l689qOp,5Acm,RAYp,F2FyR07IdsN7I
0,0,0,0,8,10,0,492.64,0,0,0,1.264687,9,12,0,0,0,4152,0,0,0,0,-968064,10,0,0,0,13840,0,0,0,0,0,11072,4,0,0,0,gOyq9ayE15,RO12,taul,1K8T,z32l,aoAMutf,Vxueejji0f,y14C,9_Y1,QBpP,VpdQ,IYzP,me75fM6ugJ,kIsH,uKAI,Mtgm,NhsEn4L,kq0dQfu,f0K1,UYBR,FzaX,N0iD5lR,oslk,G8m0_1Y,LM8l689qOp,7P5s,RAYp,F2FyR07IdsN7I
0,1456,7,1700,108,135,64,176.56,0,8070,0,5.691092,9,134,259,350112,0,21511.2,15,14,72,16,-10898.72,705,12,16362,0,17545,45200,205,0,9,422786,636772,10,522618,0,0,Qu0r4RKzJV,2Knk1KF,taul,1K8T,JLbT,7qvk2Zj,k10MzgT,AUPk,9_Y1,DtNL,VpdQ,sYC_,me75fM6ugJ,kIsH,uKAI,L84s,NhsEn4L,beK4AFX,BUau,UYBR,FzaX,FhTm94s,oslk,TIxsTKW,LM8l689qOp,FSa2,RAYp,55YFVY9
0,672,7,528,80,100,8,398.08,0,5270490,0,4.342875,9,62,35,273344,0,225633,15,2,16,16,-3815.284,410,30,5130,0,5318450,158412,2305,0,9,0,9611560,16,475230,0,0,v0Nt0Go8Lb,RO12,taul,1K8T,7gSz,cT4tdq7,g9gkMGe,sMzi,9_Y1,Z5OU,09_Q,sYC_,me75fM6ugJ,kIsH,uKAI,L84s,NhsEn4L,kq0n8Bj,OecM,cJvF,FzaX,3s4NgdR,oslk,aD3Yw04,jySVZNlOJy,Qu4f,RAYp,F2FyR07IdsN7I
0,840,0,0,124,155,64,166.56,0,147714,0,2.786371,9,86,0,27584,0,10117.98,15,8,32,32,-5130.16,460,42,9027,0,45830,74244,0,0,0,0,438104,10,53460,0,0,kMJt0GoOh3,RO12,taul,1K8T,nAmm,sxFr1U6,w7xFbvF6sR,t7tD,9_Y1,rGJy,sJzTlal,sYC_,me75fM6ugJ,kIsH,uKAI,L84s,NhsEn4L,kq0TPhN,XZu1,UYBR,FzaX,zQ_uwyX,oslk,KukjELi,LM8l689qOp,Qu4f,RAYp,F2FyR07IdsN7I
0,1071,0,0,12,15,24,186.64,0,0,0,0.8587909,9,62,0,0,0,83416.8,0,0,0,0,-449856,310,0,162,0,0,3628800,0,0,18,0,7257600,0,0,0,0,avkq9ayfAo,RO12,taul,1K8T,z32l,9GJGgoz,o64y9zI,hwEL,9_Y1,vm5R,VpdQ,IYzP,Kxdu,kIsH,uKAI,L84s,FMSzZ91zL2,TDcEYQ6,4Lz9,cJvF,FzaX,Tvpip6Z,zCkv,hHJsvbM,LM8l689qOp,7P5s,6fzt,SbOd7O8ky1wGNxp0Arj0Xs
0,847,7,468,24,30,0,256,0,864906,0,3.092929,9,146,35,0,0,197381.1,15,2,0,0,-80012.4,415,6,178587,0,715765,0,2440,0,36,0,8978800,2,857952,0,0,xddq9ayfAo,2Knk1KF,taul,1K8T,z32l,6SycSKu,o1J8rHI,liwU,9_Y1,QBpP,VpdQ,hAFG,me75fM6ugJ,kIsH,uKAI,Mtgm,XfqtO3UdzaXh_,XTbPUYD,Sp6F,cJvF,FzaX,vz9fSEp,oslk,CW6RDbC,LM8l689qOp,7P5s,RAYp,55YFVY9
0,1155,7,84,32,40,8,186.64,0,0,0,3.798334,9,54,0,0,0,47709.3,20,0,0,0,159441.6,720,0,135,0,101390,140,205,0,9,0,9746480,6,0,0,0,dRaq9ayE15,RO12,taul,1K8T,JLbT,6SycSKu,Gai9lEF2Fr,thsq,9_Y1,QBpP,sJzTlal,IYzP,me75fM6ugJ,kIsH,uKAI,L84s,NhsEn4L,mAjbk_S,U0DT,cJvF,FzaX,vz9fSEp,oslk,CW6RDbC,LM8l689qOp,7P5s,RAYp,F2FyR07IdsN7I
0,7,0,0,24,30,8,186.64,0,3628800,0,0.5178381,9,14,0,0,0,506499,0,2,8,0,73947.6,55,6,0,0,934490,126086,0,0,0,0,5225400,6,2709660,0,0,mzKvyx8zhV,RO12,taul,1K8T,yMvB,jCepSrJ,iQmfpd5,PFwG,9_Y1,MBhA,VpdQ,IYzP,me75fM6ugJ,kIsH,uKAI,L84s,NhsEn4L,mAja5EA,D_Jh,UYBR,FzaX,Oy_RPEi,oslk,FS4qjNq,LM8l689qOp,WqMG,RAYp,F2FyR07IdsN7I
0,700,7,1376,164,205,144,130.4,0,2076,0,1.268746,9,126,252,18800,0,2138.067,0,14,56,40,-1887568,590,12,11628,0,25180,26390,1920,0,0,24577,100680,18,25458,0,0,qFpmfo8zhV,2Knk1KF,taul,1K8T,0Xwj,PHNvXy8,oWVUlxabJo7j9,ezLV,HLqf,gnEy,09_Q,IYzP,NKv3VA1BpP,sBgB,uKAI,Mtgm,Ie_5MZs,teAjUwW,XM3C,cJvF,FzaX,UF16siJ,zCkv,APgdzOv,LM8l689qOp,3Cy4,6fzt,Zy3gnGM
0,2240,7,420,168,210,8,166.56,0,0,0,2.34138,9,112,21,682336,0,7669.53,0,10,72,152,7755.16,690,0,5535,0,319695,4418,1850,0,9,20986,644248,34,57732,0,0,HYTvyx7ejg,RO12,taul,1K8T,7wJ6,DqpvY8M,o64y9zI,czHw,9_Y1,xSqs,VpdQ,haYg,DHn_WUyBhW_whjA88g9bvA64_,kIsH,uKAI,L84s,4ylQpLr46xum2hHQ,7WwmcIs,X8VD,cJvF,FzaX,sE0s8gW,z4pH,G9mCBw5,LM8l689qOp,szEZ,nIGXDli,R4y5gQQWY8OodqDV
0,29155,14,5560,5640,7050,1736,320.4,5,4252320,0,6.571032,18,106,287,2355792,0,5097.93,220,142,712,1112,67576,22935,1770,48024,8,3121885,959984,15335,0,27,351183,10402560,1288,573888,0,0,8I1TmBtueT,2Knk1KF,taul,1K8T,Uk76,R4CMv2s,QwfOXKnXeN,zSfl,9_Y1,C6Eu,VpdQ,6JmL,me75fM6ugJ,kIsH,7A3j,L84s,XfqtO3UdzaXh_,11p4mKe,6jZ5,UYBR,FzaX,OOC8jNM,oslk,piPR6zD,LM8l689qOp,rgKb,RAYp,55YFVY9
0,1071,14,1128,140,175,40,253.52,0,4138986,0,3.224738,18,58,161,2534408,0,166478.1,20,0,32,32,81881.2,520,60,42831,0,4752020,677750,655,0,18,0,10450840,24,0,0,0,DQlrEyXXnK,RO12,taul,1K8T,487l,NfltJoj,JHiR9gS,Wpx3,9_Y1,SkZj,sJzTlal,43pnToF,me75fM6ugJ,kIsH,uKAI,L84s,NhsEn4L,mAjbk_S,K6CO,cJvF,FzaX,kogTKvt,oslk,uClYONy,LM8l689qOp,Aoh3,RAYp,F2FyR07IdsN7I
0,434,0,0,124,155,0,240.56,0,6739200,0,5.725273,9,26,0,3456000,0,146124.6,20,0,32,40,837132,580,78,0,0,3782880,0,0,0,9,0,10629520,18,0,0,0,M5vt0Gdc_a,RO12,taul,1K8T,NbV4,x8bPoJV,nQUZfWRfws,bBcu,9_Y1,cyKH,09_Q,wMei,me75fM6ugJ,kIsH,g5HH,L84s,NhsEn4L,TDc4Td_,BmT1,cJvF,FzaX,Ik20nTz,oslk,DNvRusu,jySVZNlOJy,me1d,RAYp,F2FyR07IdsN7I
0,1358,7,276,144,180,96,201.12,0,841662,0,2.967742,9,82,0,26400,0,40709.1,5,2,16,8,-306463.2,920,42,69120,0,615625,223924,45,0,9,0,1636068,28,116712,0,0,DQlgUH7IEC,RO12,taul,1K8T,72yt,PHNvXy8,Oe4E7cR6Kt,x8V5,9_Y1,m_h1,VpdQ,sYC_,NKv3VA1BpP,kIsH,uKAI,L84s,Ie_5MZs,kZJhGy4,EyFS,UYBR,FzaX,UF16siJ,zCkv,APgdzOv,LM8l689qOp,WqMG,6fzt,xwM2aC7IdeMC0
0,1379,7,416,360,450,224,166.56,0,3186,0,3.301004,9,48,14,183152,0,3916.62,0,14,104,112,10415,1190,6,20169,0,217145,59630,3270,0,9,53900,409228,80,33828,0,0,HYTvyx7ejg,RO12,taul,1K8T,FgS1,iJzviRg,UFIdC8I,feRt,9_Y1,RcM7,VpdQ,wMei,7M47J5GA0pTYIFxg5uy,kIsH,uKAI,L84s,4kVnq_T26xq1p,NGZSMi6,rMUL,cJvF,FzaX,ch2oGfM,zCkv,P6pu4Vl,LM8l689qOp,szEZ,ZI9m,R4y5gQQWY8OodqDV
0,805,14,424,128,160,8,234.72,0,337590,0,3.824183,18,50,483,4446248,3,225306.3,5,4,40,56,86697.6,500,6,127755,8,8296300,172800,15445,0,27,866467,9903440,40,540942,0,0,1JGqrQKzJV,RO12,taul,1K8T,kNzO,0Sn_9E2,FoJylxy,Twu7,9_Y1,15m3,VpdQ,haYg,me75fM6ugJ,kIsH,uKAI,L84s,XfqtO3UdzaXh_,XTbPUYD,O6gD,UYBR,FzaX,rHB3PT5,oslk,Nzzhnk3,LM8l689qOp,FSa2,RAYp,F2FyR07IdsN7I
0,1624,7,2348,160,200,64,293.76,0,3222216,0,3.430891,9,116,140,3379256,0,49741.8,10,4,32,48,100571.2,765,54,18360,0,4160020,1267244,300,0,27,554421,10504200,26,950430,0,0,JMGrjIXt5a,2Knk1KF,taul,1K8T,hoa9,PHNvXy8,Hz6CKEGgV0Vbb,wjxC,9_Y1,nr0d,09_Q,haYg,NKv3VA1BpP,kIsH,uKAI,L84s,Ie_5MZs,OFqdri0,cWUS,cJvF,FzaX,UF16siJ,zCkv,APgdzOv,LM8l689qOp,5Acm,6fzt,Zy3gnGM
0,868,7,1216,132,165,48,200,0,8602920,0,2.360393,27,154,84,691200,0,109447.2,35,0,32,8,-28175.56,585,102,26811,0,850145,89248,10,0,27,0,9111720,4,0,0,0,8Knvyx875g,2Knk1KF,taul,1K8T,pGTb,w7CdCxx,I1s81Dlb7R,sbhw,9_Y1,MBhA,09_Q,G_zk,me75fM6ugJ,kIsH,uKAI,L84s,XfqtO3UdzaXh_,XTbPUYD,5smi,UYBR,FzaX,VBuAAox,oslk,smo7DIf,LM8l689qOp,WqMG,RAYp,TCU50_Yjmm6GIBZ0lL_
0,2653,7,1072,396,495,136,200,0,18264,0,1.282418,9,80,42,137816,0,4516.38,25,10,80,184,-53592.4,1360,24,4239,0,196480,26274,80,0,9,15631,332424,90,42642,0,0,hSovyx7IEC,RO12,taul,1K8T,7wJ6,PAgx_1Z,wzp8d8N5VniGX,TKHt,9_Y1,qaiO,VpdQ,IYzP,me75fM6ugJ,kIsH,uKAI,L84s,NhsEn4L,mAjbk_S,UNNO,UYBR,FzaX,aoBj9cC,oslk,ouMYyXX,LM8l689qOp,szEZ,RAYp,F2FyR07IdsN7I
0,469,7,0,500,625,48,166.56,0,0,0,1.229011,9,32,0,58176,0,2355.981,5,12,120,104,-11430.84,1775,0,126,0,286595,7904,35,0,9,38703,481056,198,16302,0,0,zC_Wq6e2Rv,RO12,taul,1K8T,lK27,abRsKl9,pUwdAyB,KZK_,9_Y1,_xpN,VpdQ,sYC_,me75fM6ugJ,kIsH,uKAI,L84s,NhsEn4L,mAjR0Ac,fSNe,cJvF,FzaX,mXL6hzI,oslk,BT6Rt2K,LM8l689qOp,FSa2,RAYp,F2FyR07IdsN7I
0,630,7,36,56,70,0,133.12,10,17616,0,2.345653,9,74,35,134800,0,6682.771,0,2,8,80,20353.44,210,18,26316,16,0,0,15,0,0,0,205412,0,189402,0,0,oBXq9ayfAo,RO12,taul,1K8T,c9jp,GUg04mC,nQUq7hGe64,d8PQ,9_Y1,AKLO,09_Q,IYzP,me75fM6ugJ,kIsH,uKAI,L84s,NhsEn4L,TDceha3,byLP,UYBR,AU8pNoi,6g5Ojel,oslk,UbjqFbB,LM8l689qOp,TNEC,RAYp,F2FyR07IdsN7I
0,896,7,128,172,215,56,253.52,0,5739474,0,1.584063,9,136,35,1677424,0,206658.9,20,8,40,24,163312,565,78,40086,0,2404790,684284,2135,0,27,554435,10433120,24,1900926,0,0,8I1TmBtueT,2Knk1KF,taul,1K8T,AnrR,65ynxCu,k10MzgT,IF7N,9_Y1,C6Eu,VpdQ,haYg,me75fM6ugJ,kIsH,uKAI,L84s,XfqtO3UdzaXh_,XTbPUYD,ncAY,cJvF,FzaX,EAn87dl,oslk,gv2qFbB,LM8l689qOp,rgKb,RAYp,55YFVY9
0,3360,7,3688,292,365,16,345.84,0,1044888,0,2.953642,9,88,91,3501016,0,26131.62,60,10,72,72,146234.4,1005,138,1503,0,8207700,172652,1790,0,45,0,10513520,44,1184364,0,0,crIgUHSK8h,RO12,taul,1K8T,EJC9,9GJGgoz,C_uQoStwYE,Mx5G,9_Y1,RVjC,sJzTlal,G_zk,Kxdu,kIsH,uKAI,L84s,FMSzZ91zL2,11pG9ir,9haV,UYBR,FzaX,Tvpip6Z,zCkv,hHJsvbM,LM8l689qOp,FSa2,6fzt,SbOd7O8ky1wGNxp0Arj0Xs
0,1008,0,24,136,170,48,200,0,508446,0,2.34373,9,70,0,1033992,0,125850.6,20,16,32,16,-946708,575,36,10260,0,203055,31894,0,0,18,0,1284128,16,129804,0,0,HYTrjIK12c,RO12,taul,z3mO,0Xwj,cnW0CV_,tKDkRNVik1,qbvZ,HLqf,7WNq,VpdQ,IYzP,me75fM6ugJ,sBgB,uKAI,L84s,NhsEn4L,mAja5EA,ejsS,UYBR,FzaX,nEyNT4W,oslk,QuuQ5_S,jySVZNlOJy,WqMG,RAYp,0pzBWGkV3fbsGZN52DH
0,2331,7,4976,648,810,264,200,0,465036,0,6.585986,9,70,203,1230736,0,43087.5,30,32,240,360,638460,2005,36,78444,0,2034905,800440,9520,0,18,262955,5475680,112,1795710,0,0,HYTvyx7ejg,RO12,taul,1K8T,TyGl,tSzBmIU,9UgkRNa9Jb,OypD,9_Y1,xSqs,VpdQ,sYC_,me75fM6ugJ,kIsH,uKAI,L84s,NhsEn4L,NGZ_CaA,jLVb,cJvF,FzaX,GpvmS85,oslk,HD2ldxq,LM8l689qOp,szEZ,RAYp,F2FyR07IdsN7I
0,826,7,112,136,170,16,318.16,0,10718640,0,1.954283,9,30,0,282712,0,148130.1,45,0,40,16,106577.6,565,126,8424,0,0,44386,145,0,0,143871,10486280,0,0,0,0,ZSNrjIX0Db,AERks4l,taul,1K8T,lK27,n01w8DQ,9YuuPSz3BI,3OjE,9_Y1,xQ2A,VpdQ,IYzP,GjJ35utlTa_GNSvxxpb9ju,kIsH,uKAI,Mtgm,JBfYVit4g8,TDctq2l,gvA6,UYBR,FzaX,Eu2_Vq1,Al6ZaUT,Js1Vb6H,LM8l689qOp,5Acm,02N6s8f,xwM2aC7IdeMC0
0,2891,0,96,292,365,64,266.88,0,580236,0,3.375347,9,56,0,1548168,0,78471.3,85,10,56,80,491.144,1150,72,0,0,4947040,951130,0,0,27,604800,8973760,42,2180754,0,0,hSogUHXZeb,RO12,taul,1K8T,h3JW,6oGvcTJ,zA2IZno2NK,TNyI,9_Y1,fTh6,VpdQ,43pnToF,me75fM6ugJ,kIsH,uKAI,L84s,NhsEn4L,kZJtVhC,gj1k,UYBR,FzaX,MiSOw16,oslk,alU2fT4,LM8l689qOp,453m,RAYp,F2FyR07IdsN7I
0,1022,0,0,212,265,72,320.4,5,1537038,0,0.7092502,18,28,0,5529600,0,107846.4,0,0,32,64,121277.6,760,36,0,8,8018050,193478,0,0,9,0,10590880,60,0,0,0,py5gUH7ejg,RO12,taul,1K8T,0Xwj,wXmANjt,J3fgbi2,61M5,HLqf,DmlN,VpdQ,zm5i,me75fM6ugJ,sBgB,uKAI,L84s,NhsEn4L,kZJtVhC,Vxd1z9c,cJvF,FzaX,ClzmFX7,oslk,PCW5Ui8,LM8l689qOp,w_Ub,RAYp,F2FyR07IdsN7I
0,1176,7,2808,380,475,232,200,0,2310,0,2.79812,9,66,28,388464,0,4515.18,0,12,176,248,29735,960,12,3816,0,264610,100902,1955,0,18,102900,628092,54,28242,0,0,voArjIXt5a,RO12,taul,1K8T,IvdZ,IfDSYUX,n2YfB05aPZ,JzyG,9_Y1,WIr3,09_Q,lVqb,me75fM6ugJ,kIsH,uKAI,L84s,XfqtO3UdzaXh_,11p4mKe,NyrB,cJvF,FzaX,ZV08iqZ,oslk,mubOtEt,LM8l689qOp,5Acm,RAYp,F2FyR07IdsN7I
0,560,0,20,48,60,16,166.56,0,0,0,0.5851313,9,64,0,280480,0,13147.8,0,0,0,16,12739.12,170,0,216,0,100540,1690,0,0,0,0,224052,16,0,0,0,dTGmfo8zhV,RO12,taul,1K8T,j_M3,ICElkLl,GHfL3MpXAX,vVfW,9_Y1,_48V,VpdQ,IYzP,DHn_WUyBhW_whjA88g9bvA64_,kIsH,uKAI,L84s,CrNX,mAjbq_f,iJvb,cJvF,FzaX,Hlos6v_,d0EEeJi,kYw9yyG,LM8l689qOp,3Cy4,nIGXDli,F2FyR07IdsN7I
0,735,14,4580,128,160,0,220.08,0,1687218,0,1.143345,18,76,175,5529600,0,213363,5,0,32,64,-383.2856,505,30,2970,0,7732450,0,2065,0,18,0,10421160,36,0,0,0,1GdOj17ejg,RO12,taul,1K8T,487l,RACxT1D,glRBFJT8NN,B2oW,9_Y1,eQTr,VpdQ,hAFG,me75fM6ugJ,kIsH,uKAI,L84s,XfqtO3UdzaXh_,XTbPUYD,fvKA,cJvF,FzaX,I5GjbzC,oslk,VQZjND2,LM8l689qOp,7aLG,RAYp,F2FyR07IdsN7I
0,133,0,0,260,325,168,0,0,82842,0,2.691092,9,12,0,789096,0,16441.71,5,8,72,112,72538.4,325,48,0,8,358020,286802,0,0,0,448826,1424948,34,156846,0,7,AUUt0GoOh3,RO12,taul,1K8T,7gSz,Tz1t4gC,gG7Uh_O5Ag,FE7S,9_Y1,rGJy,sJzTlal,IYzP,GjJ35utlTa_GNSvxxpb9ju,kIsH,uKAI,L84s,PWD40mS,kZJuNea,DOOt,cJvF,FzaX,UGoFyVq,Al6ZaUT,Bw_NSJM,LM8l689qOp,Qu4f,02N6s8f,F2FyR07IdsN7I
0,1225,14,2468,360,450,160,286.96,0,4012020,0,0.7998291,18,132,14,1503632,0,138363,40,8,160,96,276368.8,860,174,21519,0,2271970,1764452,350,0,18,99848,10351880,34,1101312,0,0,eOQgUHShse,2Knk1KF,taul,1K8T,TyGl,1uc4xPh,MV4DUjA,dnwD,9_Y1,mTeA,VpdQ,hAFG,me75fM6ugJ,kIsH,uKAI,Mtgm,XfqtO3UdzaXh_,XTbPUYD,qLXr,UYBR,FzaX,Qkc0un2,oslk,cwcA9vx,LM8l689qOp,FSa2,RAYp,55YFVY9
0,1302,7,4344,308,385,152,166.56,0,29490,0,3.085665,9,126,140,652048,0,16716.03,5,22,72,72,-1857800,1040,30,66465,0,696760,170898,5115,0,27,337981,1447312,64,300654,0,0,yaKt0Go8Lb,2Knk1KF,taul,1K8T,g6No,tAqBboK,lGXpFd_2Rf,Taoo,9_Y1,Z5OU,sJzTlal,haYg,me75fM6ugJ,kIsH,uKAI,Mtgm,XfqtO3UdzaXh_,XTbPUYD,PrZW,UYBR,FzaX,B0LABPr,oslk,UP3EVaf,LM8l689qOp,Qu4f,RAYp,55YFVY9
0,1162,7,20,268,335,72,204.72,15,268992,0,1.070284,9,154,7,1146856,6,50367,0,2,40,64,-461072,890,72,73350,56,2260770,103856,275,0,18,64204,2788308,74,28836,0,14,8Knvyx875g,2Knk1KF,taul,1K8T,lK27,rXHAEa8,S85uPSDwkC,DEtL,9_Y1,MBhA,09_Q,6JmL,7M47J5GA0pTYIFxg5uy,kIsH,uKAI,L84s,XfqtO3UdzaXh_,XTbPUYD,OjJ8,UYBR,FzaX,MgWOtFs,oslk,4fdAIRG,LM8l689qOp,WqMG,RAYp,TCU50_Yjmm6GIBZ0lL_
0,1631,7,0,172,215,40,186.64,0,4628628,0,4.606281,9,36,0,2649688,0,115546.8,30,4,56,32,93822.4,795,78,135,0,4218110,547838,15,0,9,675045,10685680,26,103374,0,0,Qu0qrQKzJV,RO12,taul,1K8T,JLbT,d2iwkuM,zhozG2C,D4g6,9_Y1,15m3,VpdQ,zm5i,me75fM6ugJ,kIsH,uKAI,Mtgm,NhsEn4L,mAjbk_S,_U88,UYBR,FzaX,1ZRv4zN,oslk,Zd62Oqu,LM8l689qOp,FSa2,RAYp,F2FyR07IdsN7I
0,2464,14,4416,120,150,0,0,5,9654360,0,5.156163,27,88,259,0,3,121384.2,45,0,32,0,65285.2,1845,114,56277,24,42490,0,16075,0,9,0,9574640,4,0,2,0,_v2gUHXZeb,RO12,taul,1K8T,7ALb,WKSYEWi,3cO76t0,klb0,9_Y1,STGZ,VpdQ,6JmL,me75fM6ugJ,kIsH,uKAI,L84s,XfqtO3UdzaXh_,XTbPUYD,e0SH,cJvF,FzaX,gfMmfvd,oslk,GPSMujD,LM8l689qOp,453m,RAYp,F2FyR07IdsN7I
0,1512,21,5944,680,850,208,234.72,5,245208,0,1.936766,27,74,315,471632,0,110239.8,5,22,256,472,-304874.4,1205,42,19053,8,983390,2411600,475,0,27,1318128,7582840,132,2102610,0,0,cFHt0GoOh3,RO12,taul,1K8T,ssAy,6CXYbuk,Qj_RuBBLPJ,H0iq,9_Y1,t_4G,VpdQ,sYC_,Kxdu,kIsH,uKAI,L84s,9pUnzWLbztKTo,y5FiGpF,8_2q,cJvF,FzaX,ROeipLp,zCkv,K2SqEo9,jySVZNlOJy,Qu4f,6fzt,am14IcfM7tWLrUmRT52KtA
0,420,7,3640,64,80,40,266.88,0,0,0,3.328349,9,60,133,8344,0,3105.42,0,18,16,8,1484.716,90,0,24966,0,1080,5764,45,0,0,10010,49312,2,49122,0,0,jg69tYsGvO,RO12,taul,1K8T,lK27,lKN4RJE,7ruFuE4,JmZ4,9_Y1,YULl,VpdQ,IYzP,me75fM6ugJ,kIsH,uKAI,Mtgm,NhsEn4L,kq0n8Bj,p4Ck,cJvF,FzaX,wxPYjZW,oslk,dXi2qo0,LM8l689qOp,FSa2,RAYp,F2FyR07IdsN7I
0,784,0,8,184,230,72,200,0,136434,0,2.914762,18,132,7,1766744,0,30851.4,5,16,112,112,-1146744,750,42,34083,0,553205,207298,0,0,9,229740,2118716,14,424926,0,0,9hRmfo875g,2Knk1KF,taul,1K8T,42Cy,G2z0yiU,_UtlxbJ,6LqW,9_Y1,gnEy,VpdQ,hAFG,me75fM6ugJ,kIsH,uKAI,L84s,XfqtO3UdzaXh_,XTbPUYD,eINF,cJvF,FzaX,ShVOw16,oslk,DHWqqb8,LM8l689qOp,3Cy4,RAYp,55YFVY9
0,1267,7,56,468,585,320,200,0,3425982,0,2.215339,27,76,14,2535392,0,118373.7,30,26,184,160,-321257.2,1065,90,8820,0,1368405,438552,495,0,0,180334,6733280,46,614010,0,0,Foxt0Go8Lb,RO12,taul,1K8T,j_M3,6zFJt03,S85YZxYiez,Q1HP,9_Y1,rGJy,09_Q,IYzP,me75fM6ugJ,kIsH,uKAI,Mtgm,NhsEn4L,mAjbk_S,Uc7A,cJvF,FzaX,ZDjvOIl,oslk,G9mQQMs,LM8l689qOp,Qu4f,RAYp,F2FyR07IdsN7I
0,1729,14,160,280,350,128,288.16,0,4845012,0,0.187994,18,30,343,1382400,0,91754.7,25,6,32,16,60769.2,1020,174,1791,0,2546920,605524,65,0,0,1209600,9763120,30,1297974,0,0,KXMgUH7IEC,RO12,taul,1K8T,JLbT,foC0EW7,LH0kFz12FM,ioG2,9_Y1,m_h1,09_Q,IYzP,me75fM6ugJ,kIsH,uKAI,L84s,NhsEn4L,kZJyVg2,DV2t,UYBR,FzaX,_95OhQy,oslk,AFqqI2t,LM8l689qOp,WqMG,RAYp,F2FyR07IdsN7I
0,945,14,3516,124,155,0,253.52,0,2073606,0,0.1518906,18,98,0,4838400,0,179682,10,0,32,56,160918.4,490,24,140427,0,7776000,0,290,0,9,0,10629560,36,0,0,0,NESt0G8EIb,RO12,taul,1K8T,487l,4rXn9NE,A52IdppttuZ9yxh1,H5LP,9_Y1,e7QV,VpdQ,IYzP,me75fM6ugJ,kIsH,uKAI,L84s,NhsEn4L,beK4AFX,58OV,cJvF,AU8pNoi,dqL8hdx,oslk,MnYAKIt,LM8l689qOp,fKCe,RAYp,F2FyR07IdsN7I
0,9625,28,8744,1464,1830,488,200,0,275208,0,5.961761,54,52,805,752168,0,6647.43,25,68,328,528,181541.2,5970,246,3582,0,1549155,149460,4490,0,9,120134,2279600,318,167244,0,0,AhzOj17IEC,RO12,taul,1K8T,487l,zBwnRzy,WICZqsx,PZxA,9_Y1,zfpA,VpdQ,IYzP,DHn_WUyBhW_whjA88g9bvA64_,kIsH,uKAI,L84s,CrNX,mAjbq_f,UBoU,cJvF,FzaX,SkQSlA3,d0EEeJi,syNlTEn,LM8l689qOp,7aLG,nIGXDli,F2FyR07IdsN7I
0,742,7,1484,32,40,0,186.64,0,7899000,0,0.7966247,9,152,63,3951560,0,231044.7,5,0,8,8,-182850,370,24,3879,0,227715,0,485,0,27,0,9843120,4,0,0,0,8I1r4RXXnK,AERks4l,taul,1K8T,FgS1,fhk21Ss,hOpMh7dRpW,oo2r,9_Y1,Albh,09_Q,haYg,7M47J5GA0pTYIFxg5uy,kIsH,uKAI,L84s,dGiN9qj1jEYX9,pMWhF8a,K9tf,cJvF,FzaX,4UxGlow,Al6ZaUT,catzS2D,LM8l689qOp,Xa3G,ZI9m,ib5G6X1eUxUn6
0,1211,0,0,296,370,56,166.56,0,3270648,0,6.700064,18,22,0,1876768,0,27200.73,20,12,104,112,280614,1435,102,0,0,2227870,188662,0,0,0,331261,5636120,52,337020,0,0,P1WvyxLp3Z,RO12,taul,1K8T,R4_H,Pvu4X3H,Hz673939hSRjL,oN4H,9_Y1,vzJD,VpdQ,IYzP,me75fM6ugJ,kIsH,uKAI,L84s,NhsEn4L,mAja5EA,cCbz,UYBR,FzaX,95r8hdx,oslk,Pk67qqc,LM8l689qOp,xb3V,RAYp,F2FyR07IdsN7I
0,259,0,0,24,30,0,186.64,0,1047840,0,1.06003,18,20,0,9490640,0,248006.1,5,0,24,16,112063.6,310,12,0,0,3024005,0,0,0,9,0,10282280,2,0,0,0,2jirEyXktW,RO12,taul,1K8T,487l,6G2q5m3,bC2ThpsgtXBYo,4gVH,9_Y1,SkZj,09_Q,zm5i,me75fM6ugJ,kIsH,uKAI,L84s,NhsEn4L,mAja5EA,IaKK,UYBR,FzaX,zxm6hzI,oslk,RRM2fT4,LM8l689qOp,Aoh3,RAYp,F2FyR07IdsN7I
0,308,0,0,148,185,56,253.52,0,757482,0,4.388379,18,22,0,3581512,0,182585.7,0,0,32,72,-59348.4,475,6,0,0,4341355,523940,0,0,9,1347577,6816720,40,0,0,0,EsYrjIX0Db,AERks4l,taul,1K8T,0Xwj,bvZcCja,IoHCTe99VL,I7FR,HLqf,m7JR,09_Q,zm5i,me75fM6ugJ,sBgB,uKAI,L84s,NhsEn4L,mAja5EA,Uv7x,cJvF,FzaX,mTDfR8o,oslk,dEJz4Af,LM8l689qOp,5Acm,RAYp,F2FcTt7IdMT_v
0,224,0,0,44,55,8,186.64,0,1758402,0,6.981201,9,20,0,5367320,0,185919.6,0,2,16,16,287600,490,18,0,0,3571120,303112,0,0,9,2362003,9399960,8,3121368,0,0,2jirEyXktW,RO12,taul,1K8T,AkfA,fqedTJr,3mAIgJy7b0,Hb10,9_Y1,H1uM,09_Q,zm5i,me75fM6ugJ,kIsH,uKAI,L84s,NhsEn4L,mAja5EA,97x4,cJvF,FzaX,fxJ68SY,oslk,SyxQQMs,LM8l689qOp,Aoh3,RAYp,F2FyR07IdsN7I
0,1743,7,356,172,215,160,200,0,0,0,2.321513,18,34,63,324840,0,24549.69,0,14,32,16,-1461276,620,0,8694,0,521785,414900,150,0,0,654192,1881836,28,708282,0,0,75lq9ayfAo,RO12,taul,1K8T,hAOr,mhknt93,r83_sZi,nhBW,9_Y1,F_Lu,VpdQ,IYzP,me75fM6ugJ,kIsH,uKAI,L84s,NhsEn4L,mAjAVZm,JRHR,cJvF,FzaX,WWmfR8o,oslk,c4R2fT4,LM8l689qOp,TNEC,RAYp,F2FyR07IdsN7I
0,4235,7,4632,444,555,168,260.16,0,265794,0,4.134373,9,56,238,941728,0,5073.78,5,10,96,88,120591.6,1140,48,509175,0,1704115,398682,26830,0,9,67585,3071600,130,380250,0,0,lAFr4RQZiT,RO12,ev6I,1K8T,kwI9,FJDupBg,k10MzgT,Wd54,9_Y1,z5Ry,VpdQ,wMei,7M47J5GA0pTYIFxg5uy,kIsH,uKAI,L84s,E1aAZ0x7vd,CWNBi3w,zxHb,UYBR,OFWH,OYHoGfM,QKW8DRm,RlTh9x_,LM8l689qOp,FSa2,vJ_w8kB,WfJYmPMksSqa1pajvfG
0,357,0,0,572,715,168,24.08,0,7392600,0,1.049776,9,14,0,995520,0,38112.3,40,4,160,152,-23457.28,995,114,0,8,1569970,110970,0,6,0,99596,9047680,148,24756,0,0,P1WvyxLp3Z,RO12,taul,1K8T,pdks,My6jZUX,9YuFlLzSEv,ZTrH,9_Y1,_r21,VpdQ,IYzP,DHn_WUyBhW_whjA88g9bvA64_,kIsH,uKAI,L84s,CrNX,jawuNea,ZNfw,cJvF,FzaX,lK7idD8,d0EEeJi,uYhbyK7,LM8l689qOp,xb3V,02N6s8f,F2FyR07IdsN7I
0,861,7,368,128,160,24,166.56,0,1164,0,0.06344798,9,134,175,71216,0,2809.107,5,4,56,72,-28675.16,360,6,6849,0,18030,4166,2085,0,9,42042,100004,32,37434,0,0,hSogUHXZeb,g62hiBSaKg,taul,1K8T,pE9z,fhk21Ss,ElQylxy,YbGL,9_Y1,fTh6,09_Q,kxE9,7M47J5GA0pTYIFxg5uy,kIsH,uKAI,L84s,cOJGGr4F_wga1,pMWZLMk,yZpJ,cJvF,FzaX,4UxGlow,zCkv,catzS2D,jySVZNlOJy,453m,ZI9m,ib5G6X1eUxUn6
0,2177,7,10604,128,160,8,200,0,0,0,2.167058,36,174,168,6220808,0,58156.5,0,0,32,72,219148.4,505,0,8118,0,9504000,22836,820,0,18,0,10759280,44,0,0,0,E3dr4RQxul,LrdZy8QqgUfkVShG,taul,1K8T,TyGl,fhk21Ss,LJF4fPp,vVrQ,9_Y1,z5Ry,VpdQ,haYg,7M47J5GA0pTYIFxg5uy,kIsH,uKAI,L84s,4kVnq_T26xq1p,11p3sk4,4pYq,UYBR,FzaX,4UxGlow,zCkv,catzS2D,jySVZNlOJy,FSa2,ZI9m,ib5G6X1eUxUn6
0,252,0,0,188,235,56,343.12,5,2892936,0,6.530869,9,18,0,1602640,0,179362.5,20,18,96,24,124728.8,615,60,0,8,4451320,994466,0,0,0,21756,10146960,28,985020,0,0,dTGmfo8zhV,AERks4l,taul,1K8T,LloI,cLzAEa8,Gai9lEF2Fr,mK_9,9_Y1,6Kw9,09_Q,IYzP,GjJ35utlTa_GNSvxxpb9ju,kIsH,uKAI,L84s,JBfYVit4g8,TDctq2l,OQS8,cJvF,FzaX,eJsahzR,Al6ZaUT,oGFpfap,LM8l689qOp,3Cy4,02N6s8f,xwM2aC7IdeMC0
0,350,7,12,92,115,48,186.64,0,1945848,0,1.611621,9,84,7,19256,0,177134.4,10,8,64,24,213052.4,505,12,2511,0,5032150,2086760,300,0,9,18172,9899960,12,12324,0,0,zC_Wq6e2Rv,LrdVolaSGUfkVeWC,taul,1K8T,kNzO,RPKu5tB,glRBFJT8NN,nNGw,9_Y1,_xpN,VpdQ,kxE9,me75fM6ugJ,kIsH,uKAI,L84s,XfqtO3UdzaXh_,OFq9NeO,uTDD,UYBR,qxDb,WdP1WU5,oslk,05j67Xw,LM8l689qOp,FSa2,RAYp,R4y5gQQWY8OodqDV
0,777,21,3508,156,195,64,186.64,0,6624780,0,3.307627,36,178,126,0,0,204504.3,25,8,32,0,221250.8,575,90,4527,0,774010,1280148,395,0,36,1142407,10668000,14,2016006,0,0,m9SvyxLkBI,qqimvRzsp8ZZdKRPgzLg68joSn_k,taul,1K8T,R4_H,fhk21Ss,k10MzgT,jV3I,9_Y1,_r21,VpdQ,hAFG,7M47J5GA0pTYIFxg5uy,kIsH,uKAI,L84s,XfqtO3UdzaXh_,_JdH8mF,ISLC,UYBR,FzaX,4UxGlow,oslk,catzS2D,LM8l689qOp,xb3V,ZI9m,iyHGyLCEkQ
0,2863,7,4600,144,180,32,240.56,0,3435474,0,6.794488,9,120,0,3887824,0,39947.4,10,0,40,48,-37661,610,48,6552,0,5968650,276128,175,0,27,0,9908520,32,0,0,0,86ct0Gdncc,2Knk1KF,taul,1K8T,NbV4,x8bPoJV,AojhC_B,9xzW,9_Y1,cyKH,09_Q,6JmL,me75fM6ugJ,kIsH,g5HH,L84s,XfqtO3UdzaXh_,11p4mKe,t3be,cJvF,FzaX,Ik20nTz,oslk,DNvRusu,LM8l689qOp,me1d,RAYp,55YFVY9
0,28,0,0,28,35,0,341.76,20,10886400,0,1.925657,9,14,0,1042664,0,729588,5,2,8,8,198187.2,55,18,0,32,955975,0,0,0,0,912331,10470280,2,221148,0,0,1KSTmBQxul,RO12,taul,1K8T,kNzO,UWz0V8V,CdPgMY1Z52,8d_Q,9_Y1,TjV7,VpdQ,IYzP,me75fM6ugJ,kIsH,uKAI,Mtgm,NhsEn4L,mAjdLXi,ckPi,UYBR,FzaX,bBmNioI,oslk,q3aQ3DB,LM8l689qOp,FSa2,RAYp,F2FyR07IdsN7I
0,35,7,6500,128,160,216,166.56,0,0,0,6.645375,18,146,161,29160,0,4469.19,0,4,24,8,-96729.2,430,0,5193,0,3210,55050,80,0,18,28637,129032,4,2676,0,0,3HjOj17ejg,AERks4l,taul,1K8T,aD1X,fhk21Ss,_UtlxbJ,2cnj,9_Y1,zfpA,VpdQ,y6dw,7M47J5GA0pTYIFxg5uy,kIsH,uKAI,L84s,QsQAxv5,KqjecMy,lADy,cJvF,FzaX,4UxGlow,QKW8DRm,catzS2D,LM8l689qOp,7aLG,ZI9m,ib5G6X1eUxUn6
0,1792,35,7804,568,710,264,286.96,0,5606862,0,6.316813,63,134,273,1029936,0,94865.7,55,14,88,184,-54474,2010,216,65277,0,3355175,587986,4175,0,36,113099,10534080,64,429876,0,0,1GdOj17ejg,2Knk1KF,taul,1K8T,ZSv9,fhk21Ss,C_u8_AlBK7,nraI,9_Y1,iVbl,09_Q,haYg,7M47J5GA0pTYIFxg5uy,kIsH,uKAI,L84s,XfqtO3UdzaXh_,XTbPUYD,mLVB,cJvF,FzaX,4UxGlow,oslk,catzS2D,LM8l689qOp,7aLG,ZI9m,55YFVY9
0,1400,7,344,176,220,80,186.96,0,2113896,0,4.616322,9,36,0,1782272,0,148971.6,15,6,40,24,89600.8,1065,42,477,0,4298820,1488496,185,0,18,604800,10568320,36,1555200,0,0,4e7gUH7IEC,RO12,taul,1K8T,lK27,ho_bxgw,rRTn3fZ,61M5,9_Y1,DmlN,sJzTlal,zm5i,me75fM6ugJ,kIsH,uKAI,L84s,NhsEn4L,kZJtVhC,9vxrzk6,cJvF,FzaX,AvcOVQC,oslk,r757j0h,LM8l689qOp,w_Ub,RAYp,F2FyR07IdsN7I
0,1316,14,5100,116,145,48,301.84,0,3994800,0,0.9295022,27,108,1008,0,0,75192.91,25,6,32,0,-172757.6,865,54,73629,0,2238645,803348,670,0,18,554421,8595320,12,1425654,0,0,bZk9tYsGvO,RO12,taul,1K8T,PGNs,bMTAExd,COeL3MnlV_,Fb9u,9_Y1,YULl,09_Q,haYg,me75fM6ugJ,kIsH,7A3j,L84s,XfqtO3UdzaXh_,11p4mKe,0PeI,UYBR,FzaX,07mQFkJ,oslk,8VyjxQb,LM8l689qOp,FSa2,RAYp,F2FyR07IdsN7I
0,896,7,752,128,160,88,166.56,0,0,0,0.7066866,18,190,49,36896,0,2503.569,5,8,32,80,3814.572,390,0,549,0,29915,19326,20,0,27,33173,111924,12,45420,0,0,qXhPe2ftjz,2Knk1KF,taul,1K8T,kNzO,fhk21Ss,P9HTde2,__1B,9_Y1,mTeA,VpdQ,y6dw,7M47J5GA0pTYIFxg5uy,kIsH,uKAI,L84s,MeOIHRG3F9,CWNpmcc,RkEE,UYBR,AU8_WTd,4UxGlow,zCkv,catzS2D,jySVZNlOJy,FSa2,ZI9m,iyHGyLCEkQ
0,812,14,332,160,200,112,283.68,5,4304670,0,6.539628,18,42,28,96336,0,159738,15,10,40,8,216870.4,560,66,33903,8,335065,2258680,1515,0,9,604800,10468160,12,2592000,0,0,wRXmfo875g,RO12,taul,1K8T,tXti,QMLgCVv,7zLB06mXee,Ti5X,9_Y1,iZJp,VpdQ,zm5i,me75fM6ugJ,kIsH,uKAI,L84s,NhsEn4L,mAja5EA,UUGF,cJvF,FzaX,6XEoI0_,oslk,bSgltRa,LM8l689qOp,3Cy4,RAYp,F2FyR07IdsN7I
0,1358,7,1624,32,40,0,186.64,0,7464360,0,2.316599,9,192,28,0,0,71345.09,0,0,0,0,-192818.4,530,30,12618,0,3426595,0,4345,0,45,0,7717520,6,0,0,0,m9SrEy7Rm6,bYmQ4nc,taul,1K8T,nQZ6,fhk21Ss,V_KR_LD,wjGa,9_Y1,X8zP,VpdQ,y6dw,7M47J5GA0pTYIFxg5uy,kIsH,uKAI,L84s,QsQAxv5,KqjecMy,78G2,cJvF,FzaX,4UxGlow,QKW8DRm,catzS2D,LM8l689qOp,Aoh3,ZI9m,ib5G6X1eUxUn6
0,672,7,356,104,130,0,220.08,0,3876168,0,3.671652,18,36,105,1383952,0,221339.4,10,2,32,24,-317330,185,84,50688,0,2527405,0,1570,0,9,606158,6164120,12,262344,0,0,DHeTmBftjz,RO12,taul,1K8T,LFM_,0v2rDRY,9UgO4AfflO,zOgj,9_Y1,Gx0B,09_Q,zm5i,me75fM6ugJ,kIsH,uKAI,L84s,NhsEn4L,kZJtVhC,8c7W,cJvF,FzaX,0AJvEWW,oslk,6qfAKIt,LM8l689qOp,Qu4f,RAYp,F2FyR07IdsN7I
0,868,21,428,60,75,24,286.96,0,3709176,0,1.878445,27,38,28,3417416,0,216121.8,10,2,24,8,304051.2,390,24,8937,0,3970270,505652,830,0,9,2135,11243880,8,1830,0,0,Yddq9ayE15,RO12,taul,1K8T,hAOr,ckoNVBU,9YuuPSz3BI,423A,9_Y1,NFMt,VpdQ,zm5i,me75fM6ugJ,kIsH,uKAI,L84s,NhsEn4L,mAjAVZm,GqsM,cJvF,FzaX,6VLNqhB,oslk,6YSocsg,LM8l689qOp,TNEC,RAYp,F2FyR07IdsN7I
0,4403,14,9912,772,965,336,203.36,0,3956904,0,3.726982,99,78,1169,1032680,0,29104.56,40,36,184,272,-395495.2,3340,150,5913,0,2151050,486574,16940,0,9,509110,7368520,132,780696,0,0,1KSqrQK2Mx,LrdVolaSGUfkVeWC,taul,1K8T,AnrR,RPKu5tB,9UgkRNa9Jb,59Kc,9_Y1,15m3,VpdQ,wMei,me75fM6ugJ,kIsH,uKAI,L84s,h0lfDKh52u4GP,ORM0Mzs,n9Xh,cJvF,FzaX,WdP1WU5,oslk,05j67Xw,LM8l689qOp,FSa2,RAYp,R4y5gQQWY8OodqDV
0,686,7,128,28,35,8,265.76,0,2766198,0,3.973296,9,40,14,1367560,0,225620.1,5,0,8,8,288534,265,12,1557,0,2502180,1148132,40,0,18,0,9245120,4,0,0,0,75lq9ayfAo,RO12,LfvqpCtLOY,1K8T,lK27,GUg04mC,oI3dOfoZBD,0EdB,9_Y1,AKLO,09_Q,zm5i,me75fM6ugJ,kIsH,uKAI,L84s,NhsEn4L,mAjbk_S,bCc1,UYBR,FzaX,6g5Ojel,oslk,UbjqFbB,LM8l689qOp,TNEC,RAYp,F2FyR07IdsN7I
0,2877,14,452,900,1125,616,133.12,0,1404,0,2.873531,27,120,21,306560,0,2717.148,5,98,320,408,148336.8,1865,18,5859,0,163560,219682,50,0,9,171962,930168,88,303354,0,0,NQ5vyxLkBI,onTuEhrJJQy_H3IHkZku5AFczhYGqxJ890,taul,1K8T,Xa_z,fhk21Ss,9YuYZx0Xsm,8NgO,9_Y1,FbIm,VpdQ,hAFG,7M47J5GA0pTYIFxg5uy,kIsH,uKAI,L84s,CrNX,AuSBTw7,V3vs,cJvF,FzaX,4UxGlow,d0EEeJi,catzS2D,LM8l689qOp,xb3V,ZI9m,iyHGyLCEkQ
0,994,7,64,128,160,72,186.64,0,7116120,0,3.258065,9,40,63,0,0,163689.6,20,8,32,0,153354,590,84,18576,0,98700,1555200,365,0,9,0,10698240,2,2073600,0,0,l7Fq9ayE15,RO12,taul,1K8T,3PdN,MvUxJVj,767sa0XN9l,wCRD,9_Y1,kJJ7,09_Q,zm5i,me75fM6ugJ,kIsH,uKAI,L84s,NhsEn4L,mAja5EA,ChK2,cJvF,FzaX,cXse4eD,oslk,qWj5Ui8,LM8l689qOp,7P5s,RAYp,F2FyR07IdsN7I
0,126,0,0,280,350,104,86.96,0,8227380,0,0.5274514,18,14,0,2018664,0,116072.4,30,2,32,32,175020,545,120,0,0,1421260,648374,0,0,0,554414,10575080,52,475212,0,0,ypNt0Go8Lb,RO12,taul,1K8T,g6No,cT4tdq7,cQ4ip_Aglm,7TIB,9_Y1,t_4G,sJzTlal,IYzP,me75fM6ugJ,kIsH,uKAI,L84s,NhsEn4L,cUQRbBF,DLWf,cJvF,FzaX,3s4NgdR,oslk,aD3Yw04,LM8l689qOp,Qu4f,RAYp,F2FyR07IdsN7I
0,168,0,0,128,160,112,288.24,0,356508,0,5.282418,9,24,0,2285072,0,202888.8,0,8,32,32,-63692.4,175,6,0,0,3162600,2156860,0,0,18,0,9544200,18,1980282,0,0,dukmfo8zhV,RO12,taul,1K8T,ssAy,gRinF0C,hwJorzd,YYvw,9_Y1,7pVf,VpdQ,IYzP,me75fM6ugJ,kIsH,uKAI,L84s,NhsEn4L,NGZxnJM,PM5v,cJvF,FzaX,SCnYWu3,oslk,WC7Esaq,LM8l689qOp,wX53,RAYp,F2FyR07IdsN7I
0,1778,7,792,264,330,64,742.64,0,14654220,0,0.8316599,27,176,0,392424,0,94763.09,35,22,120,120,787564,800,72,8721,0,211705,177976,85,0,54,120785,12589640,26,84258,0,0,E2Yq9atbb6,g62hiBSaKg,taul,1K8T,0Xwj,fhk21Ss,uWg_L_M92qzJp5x7,q88q,F3hy,KfYH,VpdQ,hzlB,7M47J5GA0pTYIFxg5uy,kIsH,g5HH,L84s,XfqtO3UdzaXh_,_JdH8mF,vy6E,cJvF,FzaX,4UxGlow,oslk,catzS2D,LM8l689qOp,me1d,ZI9m,ib5G6X1eUxUn6
0,413,0,2860,16,20,32,200,0,0,0,6.189489,18,68,0,0,0,9634.53,0,0,0,0,-12958.44,100,0,89082,0,0,7994,0,0,9,0,15988,0,0,0,0,NQ5vyxLkBI,RO12,taul,1K8T,lK27,_A3nXHo,GHfL3MpXAX,qSok,9_Y1,vzJD,VpdQ,IYzP,me75fM6ugJ,kIsH,uKAI,L84s,NhsEn4L,mAjbk_S,96Cq,UYBR,FzaX,THM88FJ,oslk,erEqhZX,LM8l689qOp,xb3V,RAYp,F2FyR07IdsN7I
0,903,0,0,124,155,48,186.64,0,177654,0,3.67571,9,76,0,1046448,0,92082.3,0,14,56,32,36642.44,485,6,0,0,1932285,196018,0,0,0,229999,3017296,26,656658,0,0,AhzZptzip9,RO12,taul,1K8T,JLbT,INoV6tQ,o5WT5gy7iu,fici,9_Y1,t_4G,VpdQ,sYC_,me75fM6ugJ,kIsH,uKAI,L84s,NhsEn4L,y5FCfxT,wwE3,UYBR,FzaX,kj7fGrO,oslk,pHGT3Cb,LM8l689qOp,Qu4f,RAYp,F2FyR07IdsN7I
0,1414,7,4672,268,335,168,253.52,0,8297700,0,0.08587909,9,50,805,2211584,0,115998.9,15,2,48,40,240487.6,1025,114,88866,0,1684580,644954,29810,0,0,149653,10282720,36,85656,0,0,8Iqt0G8rTN,RO12,taul,1K8T,TyGl,qEdASpP,y2LuFUfSEo,qktG,9_Y1,k13i,VpdQ,IYzP,me75fM6ugJ,kIsH,uKAI,L84s,NhsEn4L,mAja5EA,Czqd,UYBR,FzaX,0AJo2f2,oslk,2Kb5FSF,M_8D,fKCe,RAYp,F2FyR07IdsN7I
0,763,14,1968,136,170,8,214.64,0,769842,0,4.410169,18,38,126,4838400,0,222906.3,0,0,24,56,344440,495,24,64854,0,8695700,172800,3935,0,9,604800,10234600,44,0,0,0,hSogUHXZeb,AERks4l,taul,1K8T,rXTS,hGYARMl,NBVUlxabJhR17,TNyI,9_Y1,fTh6,09_Q,IYzP,GjJ35utlTa_GNSvxxpb9ju,kIsH,uKAI,L84s,JBfYVit4g8,TDc_9Yi,gj1k,UYBR,FzaX,P2H1Dry,Al6ZaUT,JcM4q5A,LM8l689qOp,453m,02N6s8f,xwM2aC7IdeMC0
0,1540,7,1888,132,165,0,286.96,0,2135124,0,2.791711,9,62,147,5858088,0,90093.3,5,0,32,72,116416.8,510,30,76941,0,7776000,0,10575,0,18,0,10603320,36,0,0,0,1GdOj1KXzC,RO12,taul,1K8T,0Xwj,X94yoBp,wazNWEjf9i,5xFs,F3hy,_KXv,VpdQ,43pnToF,me75fM6ugJ,kIsH,uKAI,L84s,NhsEn4L,mAjbk_S,WwS_,cJvF,FzaX,YXhOtFs,oslk,JAwObSS,LM8l689qOp,kwS7,RAYp,F2FyR07IdsN7I
0,3227,7,1376,1508,1885,720,166.56,0,158214,0,0.5827814,18,178,63,502528,0,3830.82,40,82,424,472,-20518.56,5545,180,1116,0,1123350,161494,235,0,18,164115,1802664,298,317274,0,0,crIt0Go8Lb,AERks4l,taul,1K8T,G6s_,fhk21Ss,GVWDufEPyV,ZKNH,9_Y1,C7DI,VpdQ,hAFG,7M47J5GA0pTYIFxg5uy,kIsH,uKAI,L84s,XfqtO3UdzaXh_,_JdH8mF,wadh,cJvF,FzaX,4UxGlow,oslk,catzS2D,jySVZNlOJy,Qu4f,ZI9m,ib5G6X1eUxUn6
0,896,14,2244,144,180,48,192.64,0,518400,0,3.003632,18,154,364,1076672,0,65659.2,5,8,40,32,420332,540,6,94572,0,3316180,441902,3510,0,27,742945,4687440,40,313158,0,0,1JGTmBQZiT,2Knk1KF,taul,1K8T,0Xwj,NUXZNDF,yiXKNUCbD1,SxPy,HLqf,TjV7,VpdQ,kxE9,me75fM6ugJ,sBgB,uKAI,L84s,XfqtO3UdzaXh_,XTbPUYD,DKzw,UYBR,FzaX,ALC3PT5,oslk,LsdxH6H,LM8l689qOp,FSa2,RAYp,TCU50_Yjmm6GIBZ0lL_
0,1309,21,6860,252,315,80,220.08,5,5595924,0,0.8438368,36,108,63,1187768,0,64248.6,20,10,48,64,61437.6,855,78,39744,8,1949155,593668,355,0,18,907067,8455360,46,986952,0,0,V8lt0G8rTN,2Knk1KF,taul,1K8T,wOc1,mMEMUDL,lL9c3pxXdL,X9BD,9_Y1,e7QV,VpdQ,sYC_,me75fM6ugJ,kIsH,uKAI,L84s,NhsEn4L,kq0aHkC,8uxy,cJvF,qxDb,TIB8hdx,oslk,u4_Rusu,LM8l689qOp,fKCe,RAYp,55YFVY9
0,1092,7,380,232,290,48,166.56,0,397704,0,5.286691,9,72,259,3489080,0,115869.6,5,6,64,72,169100.8,895,42,8235,0,5440350,350424,375,0,18,919282,7196160,64,192840,0,0,v0Nt0Go8Lb,RO12,taul,1K8T,7gSz,iJzviRg,Tg7jjBB,XJDJ,9_Y1,rGJy,VpdQ,6JmL,7M47J5GA0pTYIFxg5uy,kIsH,uKAI,L84s,9fipLB8rlL,kq0Cca5,Xb33,UYBR,FzaX,ch2oGfM,zCkv,P6pu4Vl,LM8l689qOp,Qu4f,ZI9m,R4y5gQQWY8OodqDV
0,868,7,3728,128,160,8,298.96,5,8781480,0,5.723564,9,128,1092,1382400,0,225612.3,35,0,32,16,350310.8,555,102,15453,8,1742670,70848,85,0,36,0,10500560,10,0,0,0,bZk9tYsGvO,AERks4l,taul,1K8T,TyGl,fhk21Ss,EXpWEXgaYpMJ7,KwKi,9_Y1,YULl,VpdQ,G_zk,7M47J5GA0pTYIFxg5uy,kIsH,uKAI,Mtgm,QsQAxv5,OFqwZ2u,5a5U,UYBR,FzaX,4UxGlow,QKW8DRm,catzS2D,LM8l689qOp,FSa2,ZI9m,ib5G6X1eUxUn6
0,812,7,1368,144,180,8,220.08,0,3349320,0,5.808161,9,150,0,4923896,0,182157.9,10,2,48,64,-538088,625,48,15948,0,6445700,25592,110,0,36,137970,10559600,32,54138,0,0,tr0rEyXktW,2Knk1KF,taul,1K8T,lK27,fhk21Ss,9YuuPSz3BI,hzZb,9_Y1,SkZj,VpdQ,69fI,7M47J5GA0pTYIFxg5uy,kIsH,uKAI,L84s,nTbNAHh,AuSuerK,wwsZ,UYBR,FzaX,4UxGlow,oslk,catzS2D,LM8l689qOp,Aoh3,ZI9m,iyHGyLCEkQ
0,700,7,364,308,385,56,186.64,0,5466504,0,5.511216,9,98,28,53784,0,148833.9,45,6,48,24,313858,785,72,10413,0,1048860,1145138,3910,0,18,0,10700080,86,1555200,0,0,vAsgUHXM47,RO12,taul,1K8T,7ALb,6oGvcTJ,Ci16qafYdu,SUbi,9_Y1,fTh6,VpdQ,6JmL,me75fM6ugJ,kIsH,uKAI,L84s,XfqtO3UdzaXh_,XTbPUYD,HYKo,cJvF,FzaX,MiSOw16,oslk,alU2fT4,M_8D,453m,RAYp,F2FyR07IdsN7I
0,1113,7,212,728,910,344,335.28,0,3756384,0,1.294382,9,36,7,1009632,0,75869.41,155,20,160,232,126747.2,1365,162,0,0,1225485,2171260,5,0,9,8043,10029320,84,1749390,0,0,lAFr4RQZiT,RO12,taul,1K8T,0Xwj,tGK9gpP,dtofn6f,hJPt,F3hy,z5Ry,09_Q,zm5i,me75fM6ugJ,kIsH,uKAI,L84s,NhsEn4L,mAjbk_S,hIp0,UYBR,FzaX,UF1NvFm,oslk,8Eja5gA,LM8l689qOp,FSa2,RAYp,F2FyR07IdsN7I
0,763,7,3568,44,55,0,286.64,0,3665022,0,5.049348,9,178,399,3292464,0,45690.6,0,2,8,8,188630,375,24,146745,0,7709400,0,2385,0,27,805959,10717640,10,690822,0,0,Y3tqrQKzJV,2Knk1KF,taul,1K8T,TyGl,fhk21Ss,NW71mrodGH,u8P8,9_Y1,15m3,VpdQ,hAFG,7M47J5GA0pTYIFxg5uy,kIsH,uKAI,L84s,Ie_5MZs,CWNY2py,LhRx,UYBR,FzaX,4UxGlow,zCkv,catzS2D,LM8l689qOp,FSa2,ZI9m,TCU50_Yjmm6GIBZ0lL_
0,1498,7,676,156,195,88,186.64,0,1371288,0,5.945097,9,92,91,2527816,0,111216.3,10,4,32,40,146283.2,565,30,1449,0,5497050,1471814,400,0,27,0,10612160,28,1036800,0,0,l7Fq9ayE15,RO12,taul,1K8T,JLbT,9GJGgoz,DKUDUftgA7,Dg7F,9_Y1,000J,VpdQ,wMei,Kxdu,kIsH,uKAI,L84s,FMSzZ91zL2,11pnaL4,jTUB,cJvF,FzaX,Tvpip6Z,zCkv,hHJsvbM,LM8l689qOp,7P5s,6fzt,R4y5gQQWY8OodqDV
0,826,14,2624,136,170,32,253.52,0,402276,0,4.9859,36,134,105,1456160,0,157764,10,6,32,24,64696.8,555,6,15048,0,5049500,633620,2195,0,81,828940,7887160,42,1425648,0,0,vNEvyxLp3Z,LrdZy8QqgUfkVShG,taul,1K8T,lK27,NldASpP,VKmQoSsVfi,oN4H,9_Y1,vzJD,sJzTlal,haYg,DHn_WUyBhW_whjA88g9bvA64_,kIsH,uKAI,L84s,UbxQ8lZ,ORMRote,cCbz,UYBR,FzaX,JFM1BiF,Al6ZaUT,NKv4yOc,jySVZNlOJy,xb3V,02N6s8f,ib5G6X1eUxUn6
0,287,0,0,28,35,8,212.96,0,540,0,1.150609,9,22,0,8546240,0,233899.2,0,4,16,16,132219.2,410,6,0,0,205240,158406,0,0,9,4233600,9535280,2,7171140,0,0,dukmfo8zhV,RO12,taul,1K8T,xgSF,ykm9W2K,waznHJbSN2,8FB6,9_Y1,gnEy,09_Q,zm5i,me75fM6ugJ,kIsH,uKAI,Mtgm,NhsEn4L,uZLuNea,FM6S,UYBR,FzaX,KPauwyX,oslk,F7_Q2Sy,LM8l689qOp,3Cy4,RAYp,F2FyR07IdsN7I
0,8484,7,16,1120,1400,336,186.64,0,6290160,0,2.062593,9,56,0,1056296,0,19417.86,95,12,240,488,92986.4,6580,192,52920,0,2782630,410342,110,0,0,271439,10089920,240,917304,0,0,1KSqrQK2Mx,RO12,taul,1K8T,487l,eIfMukw,PAsv0xf,l1vd,9_Y1,15m3,sJzTlal,IYzP,me75fM6ugJ,kIsH,uKAI,L84s,NhsEn4L,mAjbk_S,ksd7,UYBR,AU8pNoi,ue3v1FD,oslk,E11ObSS,M_8D,FSa2,RAYp,F2FyR07IdsN7I
0,994,7,568,216,270,104,200,0,426498,0,2.653493,18,76,21,2153304,0,76963.8,15,10,72,80,312036.8,785,12,49977,0,2721590,353882,750,0,0,810768,5512640,42,461496,0,0,a4vrEy7Rm6,RO12,taul,1K8T,Wmd1,UGl8_3u,RuVy67M,ldT0,9_Y1,H9GL,VpdQ,IYzP,me75fM6ugJ,kIsH,uKAI,L84s,NhsEn4L,beK4AFX,pzsc,cJvF,qxDb,VA_m0jM,oslk,Z16AAUb,LM8l689qOp,Aoh3,RAYp,F2FyR07IdsN7I
0,511,7,132,144,180,48,292.16,0,8016000,0,3.996795,9,56,7,0,0,208341.3,35,4,32,0,106147.6,555,96,45603,0,198675,1036800,100,0,27,0,10568200,10,1036800,0,0,bt0mfo875g,RO12,taul,1K8T,487l,iJzviRg,AnFl2Mwxzd,gEiT,9_Y1,gnEy,VpdQ,giwq,7M47J5GA0pTYIFxg5uy,kIsH,uKAI,L84s,4kVnq_T26xq1p,kZJVZjO,1Tbw,UYBR,FzaX,ch2oGfM,zCkv,P6pu4Vl,LM8l689qOp,3Cy4,ZI9m,R4y5gQQWY8OodqDV
0,987,7,936,132,165,24,420.4,5,0,0,6.97885,9,86,42,4147200,0,157942.8,10,4,32,48,108163.6,525,0,90720,8,8454150,518400,3940,0,27,604800,10722520,40,1036800,0,0,HYTrjIK12c,RO12,taul,1K8T,0Xwj,LJSqkpJ,h9TJV11tX6v60aSW,31ev,HLqf,7WNq,VpdQ,sYC_,me75fM6ugJ,sBgB,uKAI,L84s,NhsEn4L,kq0aHkC,FfTq,UYBR,FzaX,5LLYjZW,oslk,4IrA9vx,LM8l689qOp,WqMG,RAYp,F2FyR07IdsN7I
0,1015,7,2504,60,75,24,312.56,0,238962,0,2.882077,9,104,7,571776,9,94769.09,15,2,40,16,-195875.6,440,12,54927,24,66105,24482,1890,0,9,110446,7816000,8,17010,0,0,vAsgUHXM47,RO12,taul,1K8T,h3JW,PFW3ud5,yEFIHeU,3AVH,9_Y1,STGZ,VpdQ,sYC_,me75fM6ugJ,kIsH,uKAI,L84s,NhsEn4L,kq0aHkC,dziZ,UYBR,FzaX,OVz6pd1,oslk,AT9E4Qn,LM8l689qOp,453m,RAYp,F2FyR07IdsN7I
0,917,7,1812,196,245,72,200,10,964002,0,0.2584918,9,98,133,50072,0,146822.4,5,8,40,24,-321665.6,970,72,64377,16,509070,1048846,5020,0,27,18746,3671516,40,552348,0,0,GcUt0G8rTN,RO12,taul,1K8T,0LaQ,7c9SNLr,zA2IZno2NK,SbVz,9_Y1,e7QV,VpdQ,haYg,me75fM6ugJ,kIsH,uKAI,L84s,XfqtO3UdzaXh_,XTbPUYD,AmY4,cJvF,FzaX,mTP8jNM,oslk,bMSObSS,LM8l689qOp,fKCe,RAYp,F2FyR07IdsN7I
0,14,0,0,16,20,0,297.52,0,3628800,0,0.6998505,9,14,0,4838400,0,751407,5,0,16,8,877792,45,6,0,0,2246235,0,0,0,0,0,8874880,2,0,0,0,HrWq9aXt5a,RO12,taul,1K8T,TLkP,l3EarpL,MXlhT5l,wmjt,9_Y1,Y9Bl,sJzTlal,IYzP,me75fM6ugJ,kIsH,uKAI,Mtgm,NhsEn4L,kq0dQfu,U1jJ,UYBR,FzaX,pskl8vt,oslk,7S77lZj,LM8l689qOp,uWr3,RAYp,F2FyR07IdsN7I
0,833,35,1364,108,135,104,186.64,0,2886,0,3.2931,54,34,161,622784,0,29935.98,0,6,32,64,58388.8,385,6,27531,0,325035,187326,7880,0,9,82782,1027208,4,118818,0,0,JMGrjIXt5a,RO12,taul,1K8T,hoa9,cLzcNhj,fzYu9l3,m08k,9_Y1,nr0d,09_Q,zm5i,DHn_WUyBhW_whjA88g9bvA64_,kIsH,uKAI,L84s,CrNX,NGZ_12K,GTeH,cJvF,wwPEXoilkr,PXb_jOL,d0EEeJi,renCq2T,LM8l689qOp,5Acm,nIGXDli,F2FyR07IdsN7I
0,245,0,0,92,115,32,495.6,5,4977096,0,0.62978,9,18,0,691160,0,147050.4,30,0,16,8,628916,535,60,0,16,593455,691162,0,6,9,0,7582160,4,0,0,0,E2Yq9atbb6,RO12,taul,1K8T,0Xwj,3RqwOhN,76MiCML,q88q,F3hy,KfYH,09_Q,43pnToF,me75fM6ugJ,kIsH,g5HH,L84s,NhsEn4L,jawontl,vy6E,cJvF,FzaX,WTKRPlm,oslk,5YYRYX6,LM8l689qOp,me1d,RAYp,F2FyR07IdsN7I
0,987,0,0,164,205,80,338.88,0,6117660,0,3.982055,9,54,0,2505304,0,176258.1,10,6,40,48,879088,670,78,387,0,2190470,1030248,0,0,0,1316203,10583160,14,1208394,0,0,NQ5vyxLkBI,RO12,taul,1K8T,UpNf,VjLkKKt,C_uQoStwYE,fTvJ,9_Y1,vzJD,09_Q,sYC_,me75fM6ugJ,kIsH,uKAI,L84s,NhsEn4L,y5FyWqR,HAUi,UYBR,FzaX,7CP8jNM,oslk,kPWQhib,LM8l689qOp,xb3V,RAYp,F2FyR07IdsN7I
0,1386,7,60,684,855,280,186.64,0,3507906,0,2.00235,36,36,7,3403488,0,133059.3,95,62,264,96,98614.4,1695,270,495,0,4975780,346324,480,0,18,238238,10146400,58,518910,0,0,NQ5rEy7Rm6,RO12,taul,1K8T,487l,mfUvZCe,GHfL3MpXAX,31Fv,9_Y1,H9GL,VpdQ,IYzP,DHn_WUyBhW_whjA88g9bvA64_,kIsH,uKAI,Mtgm,CrNX,mAjbq_f,HLFM,cJvF,AU8pNoi,_oSClga,d0EEeJi,kK6SlYP,LM8l689qOp,Aoh3,nIGXDli,F2FyR07IdsN7I
0,567,7,0,304,380,48,220.08,0,4283196,0,5.050416,9,30,0,3523344,0,122587.8,25,12,40,80,194322.4,475,114,1467,0,5668250,117512,5,0,0,373268,10510400,60,304782,0,0,voArjIXt5a,RO12,taul,1K8T,dTod,mR_k2Zj,C_uQoStwYE,OcNo,9_Y1,YBFS,09_Q,IYzP,me75fM6ugJ,kIsH,uKAI,Mtgm,NhsEn4L,kZJtVhC,LppZ,cJvF,FzaX,XVim94s,oslk,rvbsTKW,jySVZNlOJy,5Acm,RAYp,F2FyR07IdsN7I
0,1337,7,2460,148,185,48,166.56,0,5928966,0,5.983978,18,146,84,1516488,0,99148.5,30,4,56,40,8637.44,745,72,2124,0,2301400,313566,655,0,9,170856,8997960,12,158430,0,0,2jirEyXktW,2Knk1KF,taul,1K8T,AHrt,UsSY9Q6,bGUqwlz,HSNi,9_Y1,SkZj,VpdQ,lVqb,me75fM6ugJ,kIsH,uKAI,L84s,XfqtO3UdzaXh_,XTb4AFX,YOvd,cJvF,FzaX,UF10FxM,oslk,BlJqCcD,LM8l689qOp,Aoh3,RAYp,55YFVY9
0,1792,14,3084,224,280,120,233.44,0,0,0,1.548601,45,134,427,299560,0,7420.229,0,28,64,184,21989.44,610,0,156582,0,90000,105370,5570,0,18,77420,520416,8,131844,0,0,Foxt0Go8Lb,2Knk1KF,taul,1K8T,TyGl,PHNvXy8,nQUq7hGe64,VuQt,9_Y1,rGJy,09_Q,6JmL,NKv3VA1BpP,kIsH,uKAI,L84s,Ie_5MZs,IoIr_fl,zzQV,UYBR,FzaX,UF16siJ,zCkv,APgdzOv,LM8l689qOp,Qu4f,6fzt,Zy3gnGM
0,2331,14,4100,460,575,120,300.32,0,63678,0,5.663533,18,200,224,151696,0,8445.54,20,16,128,80,-63967.2,2090,84,212886,0,366550,37028,7050,0,45,23023,544320,128,30474,0,0,1JGTmBQZiT,2Knk1KF,CiJDdr4TQ0rGERIS,1K8T,TyGl,fhk21Ss,r83_sZi,yyC8,9_Y1,TjV7,VpdQ,y6dw,7M47J5GA0pTYIFxg5uy,kIsH,uKAI,L84s,62ZfA6x0SiWOX,beKnLCt,GqvK,UYBR,FzaX,4UxGlow,JIiEFBU,catzS2D,LM8l689qOp,FSa2,ZI9m,VjDE
0,2226,28,6956,164,205,32,286.96,0,5159868,0,2.681051,36,62,119,995088,3,90849.3,45,0,40,40,138490,600,72,55998,16,3363555,567428,18860,0,9,0,10313760,22,0,0,7,m9SvyxLkBI,RO12,taul,1K8T,FPxv,gLjbxgw,msIqHk8toE,zfHO,9_Y1,vzJD,VpdQ,IYzP,me75fM6ugJ,kIsH,uKAI,Mtgm,NhsEn4L,mAjbk_S,dvTK,UYBR,FzaX,qcEoI0_,oslk,fXLavGi,LM8l689qOp,xb3V,RAYp,F2FyR07IdsN7I
0,1148,7,244,152,190,48,253.52,0,4000002,0,4.453749,9,82,259,1334432,0,121961.4,20,4,32,48,288584,520,54,1197,0,4356115,902250,290,0,18,554414,10524120,22,950424,0,0,JMGrjIXt5a,RO12,ArtjQZ8ftr3NB,1K8T,lK27,6CXYbuk,ksvl2H7jQY,UfAX,9_Y1,xQ2A,VpdQ,haYg,Kxdu,kIsH,uKAI,L84s,9pUnzWLbztKTo,y5FWIFG,OGbS,cJvF,FzaX,ROeipLp,zCkv,K2SqEo9,LM8l689qOp,5Acm,6fzt,am14IcfM7tWLrUmRT52KtA
0,1183,7,3404,204,255,72,166.56,0,1338372,0,4.259133,9,132,91,1021920,0,42536.4,25,6,80,56,-247496.4,630,96,4707,0,1259330,337912,755,0,9,713377,3520020,22,531864,0,0,1KSr4RK2Mx,2Knk1KF,taul,1K8T,lK27,WkHrLeh,GHfL3MpXAX,gpsI,9_Y1,DtNL,VpdQ,sYC_,me75fM6ugJ,kIsH,uKAI,L84s,NhsEn4L,beK4AFX,O5Ed,UYBR,AU8_WTd,MPav4zN,oslk,kEYAGfT,jySVZNlOJy,FSa2,RAYp,55YFVY9
0,2583,7,2352,328,410,120,200,0,61896,0,3.622303,18,196,217,504096,0,7358.4,10,10,128,232,-9878.72,1330,66,36135,0,145040,92380,200,0,27,39949,629380,40,20430,0,0,_v2TmBftjz,g62hiBSaKg,taul,1K8T,TyGl,fhk21Ss,q2tfFQq,S3Ne,9_Y1,4N0K,VpdQ,hAFG,7M47J5GA0pTYIFxg5uy,kIsH,uKAI,L84s,4kVnq_T26xq1p,11pL0mp,NGkP,cJvF,FzaX,4UxGlow,zCkv,catzS2D,LM8l689qOp,Qu4f,ZI9m,ib5G6X1eUxUn6
0,2464,14,2368,136,170,24,260.16,5,4752264,0,4.676778,36,106,336,2534592,0,17210.28,5,8,32,32,224081.2,330,60,84636,8,4752280,475226,13740,0,9,1108849,10583880,24,1618968,0,0,wx50AqAqGL,2Knk1KF,taul,1K8T,yMvB,3Eh9x15,k10MzgT,hRZh,9_Y1,RVjC,VpdQ,sYC_,me75fM6ugJ,kIsH,uKAI,L84s,NhsEn4L,beK4AFX,oSQY,UYBR,FzaX,82JLVmS,oslk,3pbcJdh,LM8l689qOp,FSa2,RAYp,55YFVY9
0,1491,7,1168,152,190,56,220.08,5,1835712,0,4.879086,9,108,14,2275704,0,104582.4,10,2,24,56,181573.2,905,42,6345,8,4302905,495830,115,0,27,0,7806800,28,518400,0,0,1JGqrQKzJV,2Knk1KF,taul,1K8T,0Xwj,4e311pK,e1XhvTunuD,K946,HLqf,15m3,VpdQ,hAFG,me75fM6ugJ,sBgB,uKAI,L84s,XfqtO3UdzaXh_,XTbPUYD,y_2O,cJvF,FzaX,kC8vOIl,oslk,OjiRt72,LM8l689qOp,FSa2,RAYp,55YFVY9
0,1085,14,3408,132,165,16,236.72,0,10005480,0,3.616322,18,170,154,261688,0,172471.5,40,2,32,8,149431.6,850,120,33750,0,432000,345600,1810,0,9,0,10515360,2,9378,0,0,Qu0r4RKzJV,LrdZy8QqgUfkVShG,taul,1K8T,PGNs,fhk21Ss,glRBFJT8NN,L0UM,9_Y1,DtNL,VpdQ,haYg,7M47J5GA0pTYIFxg5uy,kIsH,uKAI,L84s,DmYOBF5GfjJxb,OFqAhVm,Olhi,UYBR,qxDb,4UxGlow,Al6ZaUT,catzS2D,jySVZNlOJy,FSa2,ZI9m,ib5G6X1eUxUn6
0,1358,0,0,380,475,168,286.96,0,374226,0,3.248238,9,28,0,870136,0,32886.9,30,18,112,96,344923.2,1260,114,0,0,1894280,562658,0,0,27,421323,3900228,56,655956,0,0,oyGrjIXt5a,RO12,taul,1K8T,vsvk,JVFLDAi,hOpRIhsUSP,pGo4,9_Y1,EKFb,09_Q,IYzP,me75fM6ugJ,kIsH,uKAI,Mtgm,NhsEn4L,mAja5EA,98iO,cJvF,FzaX,YTCRPlm,oslk,nXK9h3w,LM8l689qOp,5Acm,RAYp,F2FyR07IdsN7I
0,1218,7,4892,276,345,88,167.68,0,180876,0,2.187994,9,62,42,985616,0,49595.7,5,8,64,128,-695352,1000,36,11727,0,2818680,753058,2560,0,0,66738,4983240,62,886242,0,0,_v2gUHXZeb,RO12,LfvqpCtLOY,1K8T,lK27,jMFpLPy,nQU2P_OLn0,4P5r,9_Y1,LqKm,VpdQ,IYzP,me75fM6ugJ,kIsH,uKAI,Mtgm,NhsEn4L,mAja5EA,kE86,cJvF,FzaX,WPf6V3V,oslk,tomqI2t,LM8l689qOp,453m,RAYp,F2FyR07IdsN7I
0,959,7,3032,628,785,176,200,0,0,0,6.503311,9,108,1127,111536,0,1943.202,0,12,120,128,14831.28,2085,0,1908,0,380435,14416,545,0,27,45402,397016,226,12102,0,0,Iskvyx875g,2Knk1KF,taul,1K8T,iJ4u,PHNvXy8,LWyxgtXeJL,rx8E,9_Y1,MBhA,VpdQ,haYg,NKv3VA1BpP,kIsH,uKAI,L84s,Ie_5MZs,teAjUwW,gxCr,UYBR,FzaX,UF16siJ,zCkv,APgdzOv,LM8l689qOp,WqMG,6fzt,Zy3gnGM
0,1974,0,12,276,345,144,166.56,0,0,0,1.769921,9,96,0,274704,0,6299.43,0,26,112,128,-42538.8,1150,0,3429,0,211040,126164,0,0,0,37765,709040,44,225792,0,0,DHerjIKQ76,RO12,taul,1K8T,lK27,SwTupBg,o64y9zI,da5V,9_Y1,7WNq,VpdQ,sYC_,me75fM6ugJ,kIsH,uKAI,L84s,NhsEn4L,kq0aHkC,Q_Iv,UYBR,FzaX,gmDoYtn,oslk,U9oAyXX,LM8l689qOp,WqMG,RAYp,F2FyR07IdsN7I
0,1596,7,188,200,250,96,166.56,0,1199184,0,0.690878,9,38,0,479856,0,37504.5,10,8,48,56,-279930.4,780,30,4581,0,2042405,216188,1540,0,0,406070,3748032,40,363858,0,0,75lq9ayfAo,RO12,taul,1K8T,0Xwj,kkNNXZR,Ye6oaY3Yeg,vyay,F3hy,F_Lu,09_Q,IYzP,me75fM6ugJ,kIsH,uKAI,L84s,NhsEn4L,mAjbk_S,0khz,cJvF,FzaX,OTgfc8E,oslk,GeD7j0h,LM8l689qOp,TNEC,RAYp,F2FyR07IdsN7I
0,679,0,828,112,140,32,210,0,2375154,0,4.77163,9,60,7,823576,0,95618.7,15,6,40,56,2717,260,54,0,0,436630,68348,0,0,9,219506,4330160,4,1389090,0,0,8Iqt0G8rTN,RO12,taul,1K8T,wOc1,qEdASpP,BIxuwM5,HDLh,9_Y1,k13i,VpdQ,hAFG,me75fM6ugJ,kIsH,uKAI,L84s,XfqtO3UdzaXh_,11p4mKe,rHqq,UYBR,FzaX,0AJo2f2,oslk,2Kb5FSF,LM8l689qOp,fKCe,RAYp,F2FyR07IdsN7I
0,721,7,60,32,40,16,257.2,10,4570152,0,0.2087161,9,102,0,3980816,0,197481,0,2,8,8,-62980.4,340,18,567,16,1192720,186326,385,0,36,0,8783200,2,3628800,0,0,vAsgUHXM47,2Knk1KF,taul,1K8T,h3JW,ON5Ou9e,77iJmpaB0e,1qtb,9_Y1,STGZ,09_Q,haYg,DHn_WUyBhW_whjA88g9bvA64_,kIsH,uKAI,Mtgm,NjlyLMM,teAsDf5,s9FI,UYBR,FzaX,p40KIAf,zCkv,C6OGkwT,LM8l689qOp,453m,02N6s8f,Zy3gnGM
0,2562,14,436,200,250,96,166.56,0,897384,0,3.458022,18,94,0,64960,0,14148.03,10,4,32,8,-313851.2,1345,78,9486,0,447250,63400,1145,0,9,64267,1237988,40,57432,0,0,kMJt0GoOh3,AERks4l,LfvqpCtLOY,1K8T,lK27,PHNvXy8,TLE739XNbCmUu,XcYz,9_Y1,rGJy,VpdQ,6JmL,NKv3VA1BpP,kIsH,uKAI,L84s,Ie_5MZs,CWNY2py,Hl_U,UYBR,FzaX,UF16siJ,zCkv,APgdzOv,jySVZNlOJy,Qu4f,6fzt,xwM2aC7IdeMC0
0,714,0,0,140,175,24,133.12,0,4190430,0,2.978424,9,134,0,3935184,0,229199.4,10,0,32,48,157996.8,475,54,2151,0,6480000,13362,0,0,9,0,10663120,30,0,0,0,jg69tYsGvO,2Knk1KF,taul,1K8T,TyGl,UsKnCPt,o5WT5gy7iu,sMhn,9_Y1,RVjC,VpdQ,sYC_,me75fM6ugJ,kIsH,uKAI,L84s,NhsEn4L,beK4AFX,4DIm,UYBR,FzaX,hNj88FJ,oslk,VKYAwsZ,LM8l689qOp,FSa2,RAYp,55YFVY9
0,1036,7,1056,76,95,16,186.64,0,412578,0,3.872463,27,54,448,4726104,0,81748.5,25,0,16,16,63369.6,425,18,1512,0,5273400,402800,685,0,18,335846,8364120,14,0,0,0,qFpmfo8zhV,RO12,taul,1K8T,7gSz,LTIJsEU,3cO76t0,NbPt,9_Y1,_48V,VpdQ,IYzP,me75fM6ugJ,kIsH,uKAI,L84s,NhsEn4L,mAjbk_S,QopY,cJvF,FzaX,PtLvdH_,oslk,wif79_c,LM8l689qOp,3Cy4,RAYp,F2FyR07IdsN7I
0,714,0,0,420,525,160,442.24,0,5473050,0,1.194617,9,16,0,2130104,0,52449.3,40,28,136,80,135465.6,1985,144,0,0,3231995,564884,0,0,0,173509,10242800,58,572754,0,0,1KSr4RK2Mx,RO12,taul,1K8T,pJUk,0v27GMk,aTJJZ7F,yoCr,9_Y1,DtNL,09_Q,IYzP,me75fM6ugJ,kIsH,uKAI,L84s,NhsEn4L,NGZxnJM,pZd3,UYBR,FzaX,YBh0nTz,oslk,J_tzF_Q,LM8l689qOp,FSa2,RAYp,F2FyR07IdsN7I
0,1498,7,2496,168,210,104,166.56,0,0,0,1.553941,9,142,56,352832,0,1839.291,5,2,64,72,-24813.44,875,0,1989,0,64740,21098,1665,0,18,290367,283120,36,2874,0,0,HrWq9aXt5a,2Knk1KF,taul,1K8T,L80O,1uc3PRP,8nstQ62E0C,zFWP,9_Y1,6TCl,VpdQ,haYg,me75fM6ugJ,kIsH,uKAI,L84s,XfqtO3UdzaXh_,XTbPUYD,vo1R,UYBR,FzaX,0vi6w_1,oslk,Dp9ED8N,LM8l689qOp,uWr3,RAYp,55YFVY9
0,693,14,7812,124,155,0,166.56,0,10043820,0,4.847896,36,120,868,1382400,0,251042.7,30,0,32,16,-87223.2,450,120,14733,0,1296000,0,2840,0,18,0,10497480,6,0,0,0,51rt0G8rTN,2Knk1KF,taul,1K8T,Uk76,PHNvXy8,wHfQYg4FYrxwdCQ6,A6xB,9_Y1,k13i,VpdQ,haYg,NKv3VA1BpP,kIsH,uKAI,L84s,Ie_5MZs,OFqdri0,g2AX,UYBR,FzaX,UF16siJ,zCkv,APgdzOv,jySVZNlOJy,fKCe,6fzt,Zy3gnGM
0,28,0,0,56,70,0,253.52,0,2973474,0,2.89169,9,20,0,0,0,164541,5,6,32,0,-931500,70,12,0,0,832285,0,0,0,9,16723,3071432,16,14334,0,0,jg6vyxLkBI,RO12,taul,1K8T,0Xwj,_A3nXHo,LJF4fPp,bgme,F3hy,vzJD,VpdQ,zm5i,me75fM6ugJ,kIsH,uKAI,L84s,NhsEn4L,kZJtVhC,Pbcx,cJvF,FzaX,THM88FJ,oslk,erEqhZX,LM8l689qOp,xb3V,RAYp,F2FyR07IdsN7I
0,693,7,2020,92,115,8,166.56,0,0,0,4.641957,9,104,343,931504,0,61394.1,0,0,24,64,-255582.8,385,0,10557,0,2130215,2226,700,0,9,0,2174376,28,0,0,0,py5gUH7ejg,RO12,taul,1K8T,ekye,iJzviRg,BBhiudN5VdgIL,jyqZ,9_Y1,bJXB,VpdQ,hAFG,7M47J5GA0pTYIFxg5uy,kIsH,uKAI,L84s,4kVnq_T26xq1p,uZL_fr2,yiE0Ssq,cJvF,FzaX,ch2oGfM,zCkv,P6pu4Vl,LM8l689qOp,w_Ub,ZI9m,R4y5gQQWY8OodqDV
0,616,7,0,128,160,16,166.56,0,9222420,0,5.212348,9,30,0,0,0,173593.5,30,4,32,0,-56996,540,108,243,0,1297960,37544,10,0,0,22246,9684280,8,537468,0,0,mCGq9ayE15,RO12,taul,1K8T,lK27,Kn7o7aV,0h18d8iTSL6tm,k7SL,9_Y1,kJJ7,VpdQ,IYzP,me75fM6ugJ,sBgB,uKAI,L84s,NhsEn4L,mAja5EA,He4R,UYBR,FzaX,ylC6pd1,oslk,BULTE6Y,LM8l689qOp,7P5s,RAYp,F2FyR07IdsN7I
0,812,7,376,104,130,32,220.48,0,77064,0,4.076479,9,36,42,157128,0,6265.62,5,8,96,80,3393.368,230,36,146781,0,29615,22454,720,0,0,78344,232312,2,44736,0,0,oyGrjIXt5a,RO12,taul,1K8T,IvdZ,tkbYYlr,77iJmpaB0e,wbQk,9_Y1,xQ2A,09_Q,IYzP,me75fM6ugJ,kIsH,uKAI,L84s,NhsEn4L,TDc4Td_,zQ7g,cJvF,FzaX,5KqzVUs,oslk,nCi34g5,LM8l689qOp,5Acm,RAYp,F2FyR07IdsN7I
0,2198,14,732,164,205,152,293.6,0,2592078,0,1.103824,18,48,28,296512,0,42125.7,30,6,40,8,376331.2,950,36,16470,0,873040,899068,225,0,0,422646,6521640,12,620574,0,0,xOXTmBtFkL,RO12,taul,1K8T,AnrR,0Sn_9E2,FoJylxy,pIiv,9_Y1,C6Eu,VpdQ,IYzP,me75fM6ugJ,kIsH,uKAI,L84s,NhsEn4L,kq0n8Bj,pVnO,cJvF,FzaX,rHB3PT5,oslk,Nzzhnk3,jySVZNlOJy,rgKb,RAYp,F2FyR07IdsN7I
0,6594,0,0,292,365,144,220.08,0,4717128,0,0.931425,9,28,0,1726792,0,15884.43,35,2,40,80,348013.2,1920,66,0,0,4512985,260616,0,0,9,43141,10391160,52,3624,0,0,HAoOj1KXzC,RO12,taul,1K8T,ssAy,6CXYbuk,V_KR_LD,64XX,9_Y1,vYXv,VpdQ,43pnToF,Kxdu,kIsH,uKAI,L84s,9pUnzWLbztKTo,mAjygUE,DXwe,UYBR,FzaX,ROeipLp,zCkv,K2SqEo9,jySVZNlOJy,kwS7,6fzt,am14IcfM7tWLrUmRT52KtA
0,749,7,820,132,165,56,220.08,0,2298834,0,4.092929,9,66,56,4008136,0,216380.4,5,2,32,48,55809.6,580,30,32706,0,5289500,914822,2465,0,0,0,10289080,26,518400,0,0,vAsgUHXM47,RO12,taul,1K8T,7ALb,rxYsSKu,LnRiudN5VdgIL,O_hI,9_Y1,LqKm,VpdQ,IYzP,me75fM6ugJ,kIsH,uKAI,L84s,NhsEn4L,TDceha3,qXLd,cJvF,FzaX,5LLAVkR,oslk,4IrvFmd,M_8D,453m,RAYp,F2FyR07IdsN7I
0,1806,7,2348,120,150,24,200,0,1353390,0,5.356975,18,92,217,322320,0,15156.54,0,8,32,24,336099.2,765,18,10683,0,476445,193374,5615,0,9,7630,2529956,34,1047948,0,0,DQlgUH7IEC,AERks4l,taul,1K8T,vSNn,iYI85Wp,lb8rQWp0wW0Fv,Cilr,9_Y1,m_h1,VpdQ,6JmL,NKv3VA1BpP,kIsH,uKAI,L84s,1YxyYTLbzthWO,IoIsDf5,znAk,cJvF,FzaX,R8kKx11,zCkv,X9a41Yn,LM8l689qOp,WqMG,6fzt,xwM2aC7IdeMC0
0,504,7,328,40,50,8,233.44,0,475212,0,2.011322,9,86,63,446696,0,138427.2,5,0,0,8,-100570.4,385,6,63540,0,9418950,11430,730,0,27,0,8254480,12,0,0,0,HYTvyx7ejg,RO12,taul,1K8T,FgS1,P3bnFi6,I1s_P1TFyd,tO3Z,9_Y1,RcM7,09_Q,hAFG,me75fM6ugJ,kIsH,uKAI,L84s,XfqtO3UdzaXh_,XTbPUYD,d2g_,cJvF,FzaX,IhOfGrO,oslk,wWB2pc5,LM8l689qOp,szEZ,RAYp,F2FyR07IdsN7I
0,602,7,3012,144,180,56,176.56,0,0,0,5.234565,27,72,154,49024,0,19587.72,0,2,8,8,-1379880,685,0,23607,0,413340,24126,5305,0,9,0,413716,54,15420,0,0,_v2vyx7IEC,RO12,taul,1K8T,7M9D,T0p1U9m,Q9wWoGXRk8RJp2xshY8,ZCJx,9_Y1,f4dr,VpdQ,43pnToF,DHn_WUyBhW_whjA88g9bvA64_,kIsH,uKAI,Mtgm,CrNX,mAjbq_f,_fsF,cJvF,FzaX,CJTa6EW,d0EEeJi,h0eUBsd,LM8l689qOp,szEZ,nIGXDli,F2FyR07IdsN7I
0,693,7,164,140,175,24,166.56,0,62058,0,0.4840846,9,30,14,86488,0,5241.09,0,2,16,56,-731.144,565,12,2781,0,258725,5518,945,0,0,0,305184,44,3828,0,0,1JGTmBQZiT,RO12,taul,1K8T,kNzO,A4fCIek,k10MzgT,LJAR,9_Y1,TjV7,VpdQ,IYzP,me75fM6ugJ,kIsH,uKAI,L84s,NhsEn4L,mAjbk_S,L_60,UYBR,FzaX,9qlYlW4,oslk,QIhOTZB,LM8l689qOp,FSa2,RAYp,F2FyR07IdsN7I
0,364,0,0,108,135,8,233.44,0,111936,0,6.437086,9,24,0,4147200,0,213625.2,0,0,24,48,-76601.6,475,12,0,0,7705150,103418,0,0,18,604800,8519200,36,0,0,0,8Fdr4RXXnK,RO12,taul,1K8T,ChAX,_gMXOhW,h3WsUQk,S0AX,9_Y1,5euo,VpdQ,zm5i,me75fM6ugJ,kIsH,uKAI,Mtgm,NhsEn4L,jawtVhC,qZh0,UYBR,FzaX,r5hYlW4,oslk,CWizrB7,LM8l689qOp,7FJQ,RAYp,F2FyR07IdsN7I
0,5894,7,2700,124,155,0,173.2,0,0,0,1.165563,36,176,42,6119160,0,18220.44,0,0,32,72,176776.8,12110,0,127278,0,9504000,0,1020,0,18,0,10662800,44,0,0,0,KXMrEyXXnK,rEUOq2QD1qfkRr6qpua,taul,1K8T,TyGl,fhk21Ss,_jTP8ioIlJ,4MV4,9_Y1,SkZj,VpdQ,haYg,7M47J5GA0pTYIFxg5uy,kIsH,uKAI,L84s,XfqtO3UdzaXh_,_JdH8mF,G8WR,cJvF,FzaX,4UxGlow,oslk,catzS2D,jySVZNlOJy,Aoh3,ZI9m,ib5G6X1eUxUn6
0,441,7,44,24,30,32,166.56,0,0,0,3.941252,9,90,21,0,0,348876,0,0,0,0,-6069,95,0,927,0,3562490,3465420,45,0,9,0,9780840,4,0,0,0,vNEvyxLp3Z,RO12,taul,1K8T,JLbT,UKQvcTJ,_UtlxbJ,OnYb,9_Y1,vzJD,VpdQ,sYC_,me75fM6ugJ,kIsH,uKAI,L84s,NhsEn4L,kq0aHkC,xmof,cJvF,AU8_WTd,75woGGc,oslk,23ZMCCr,jySVZNlOJy,xb3V,RAYp,F2FyR07IdsN7I
0,1204,14,124,148,185,184,166.56,0,0,0,0.2804956,36,80,49,178888,0,26012.4,0,10,24,40,-1416016,680,0,6678,0,139010,512020,85,0,0,0,1552728,8,492054,0,0,qXh9tYsdof,RO12,taul,1K8T,yMvB,0v27GMk,GHfL3MpXAX,addR,9_Y1,YULl,VpdQ,IYzP,me75fM6ugJ,kIsH,uKAI,L84s,NhsEn4L,mAjbk_S,GhDx,UYBR,FzaX,YBh0nTz,oslk,J_tzF_Q,LM8l689qOp,FSa2,RAYp,F2FyR07IdsN7I
0,231,0,0,372,465,184,167.2,0,51456,0,4.86755,9,16,0,259328,3,6304.5,0,10,72,128,-111878.4,965,42,0,16,350470,128086,0,0,0,60487,739168,84,57978,0,7,tr0Wq69cTy,RO12,taul,1K8T,ssAy,DP55V1L,5q1zOkL,So8j,9_Y1,0A_v,VpdQ,IYzP,me75fM6ugJ,kIsH,uKAI,L84s,XfqtO3UdzaXh_,XTbPUYD,N1PG,UYBR,OFWH,wZZ87dl,oslk,9iFzrB7,LM8l689qOp,PM2D,RAYp,F2FyR07IdsN7I
0,2576,7,1388,488,610,280,166.56,0,2285508,0,1.946593,9,66,70,2291928,0,42326.1,35,14,48,160,-168305.2,940,48,93798,0,4139905,547750,3405,0,0,604800,8720600,90,808752,0,0,DHeTmBftjz,RO12,taul,1K8T,0Xwj,Nn3wY8e,II0S8f9,dpn8,HLqf,4N0K,VpdQ,IYzP,me75fM6ugJ,sBgB,uKAI,L84s,NhsEn4L,mAja5EA,eVnX,cJvF,FzaX,75wv48t,oslk,xKQ2fT4,M_8D,Qu4f,RAYp,F2FyR07IdsN7I
0,1596,21,5484,208,260,96,186.64,0,1108878,0,1.716941,36,60,1953,1461928,0,41094.9,25,8,56,48,-354505.2,820,54,6885,0,1704570,711964,2640,0,27,182616,5337240,32,895860,0,0,HrWq9aXt5a,RO12,taul,1K8T,TLkP,vfNdqEC,UFIdC8I,6Hd8,9_Y1,6TCl,VpdQ,TIA9,me75fM6ugJ,kIsH,uKAI,L84s,XfqtO3UdzaXh_,11p4mKe,oGkX,cJvF,AU8_WTd,Ubx6hzI,oslk,6I9Qv5o,jySVZNlOJy,uWr3,RAYp,F2FyR07IdsN7I
0,1701,14,1096,152,190,40,286.96,0,5881866,0,6.679983,36,68,0,2981856,0,58864.2,15,6,56,48,162732.4,645,72,1386,0,3473150,595942,595,0,9,111104,10768960,18,524346,0,0,Y3tqrQKzJV,RO12,taul,1K8T,TyGl,sByYfhR,Gai9lEF2Fr,ejR0,9_Y1,15m3,sJzTlal,IYzP,me75fM6ugJ,kIsH,uKAI,L84s,NhsEn4L,kq0emRG,Nz7p,cJvF,FzaX,jbW3slO,oslk,hCeC7lX,LM8l689qOp,FSa2,RAYp,F2FyR07IdsN7I
0,602,7,188,92,115,40,334.32,10,1415970,0,1.941465,9,34,49,1791720,0,97057.5,10,2,24,24,164596,395,24,2808,16,2670040,193436,805,0,9,0,4937760,16,136608,0,0,dTGmfo8zhV,RO12,taul,1K8T,lK27,H9TaVTy,nQUq7hGe64,hPMY,9_Y1,Ew1Q,09_Q,IYzP,me75fM6ugJ,kIsH,uKAI,Mtgm,NhsEn4L,mAjbk_S,xUOC,cJvF,FzaX,MKZfql_,oslk,3lfAGfT,LM8l689qOp,wX53,RAYp,F2FyR07IdsN7I
0,14,0,0,44,55,8,280.48,0,0,0,6.785302,9,12,0,2266856,0,286778.7,5,0,8,8,-363326,55,0,0,16,918230,732944,0,0,0,0,4206080,16,0,0,14,75lr4RXktW,RO12,taul,1K8T,1TqK,LG0JHBC,xunBDW1,ZeqF,9_Y1,TFSW,VpdQ,IYzP,me75fM6ugJ,kIsH,uKAI,Mtgm,NhsEn4L,mAja5EA,NpAp,cJvF,FzaX,ZDjvbB7,oslk,nx1K0JH,LM8l689qOp,Xa3G,RAYp,F2FyR07IdsN7I
0,2506,14,352,308,385,200,188.64,0,0,0,6.118992,18,152,49,211640,6,2504.37,0,14,104,128,-1668572,1425,0,16992,40,85335,39802,1025,6,18,65275,273808,58,30174,0,14,zC_Wq6e2Rv,2Knk1KF,taul,1K8T,487l,tAqnaaX,sLarhXg,K3X_,9_Y1,_xpN,VpdQ,kxE9,me75fM6ugJ,kIsH,uKAI,Mtgm,XfqtO3UdzaXh_,XTbPUYD,B773,UYBR,FzaX,B0LYjZW,oslk,4YxEVaf,LM8l689qOp,FSa2,RAYp,TCU50_Yjmm6GIBZ0lL_
0,91,0,0,176,220,56,379.28,0,974796,0,2.997223,9,12,0,1064360,0,70283.09,30,6,48,32,-471860,220,96,0,8,2434770,151832,0,0,0,118622,4123280,16,598038,0,7,oUPBcmzkzH,RO12,taul,1K8T,lK27,uwNODwF,OetWkLAeEOsqD,OEtL,9_Y1,rzbc,09_Q,IYzP,me75fM6ugJ,kIsH,uKAI,L84s,NhsEn4L,kZJyVg2,n8Qg,cJvF,FzaX,Jth6pd1,oslk,TW37kpB,LM8l689qOp,Qcbd,RAYp,F2FyR07IdsN7I
0,679,0,0,164,205,48,342.24,0,4997424,0,3.139073,27,30,0,1267216,0,184443.9,30,0,32,16,41689.6,560,72,0,0,2790375,659854,0,0,0,554407,9398080,30,0,0,0,m9SvyxLkBI,RO12,taul,1K8T,j1T2,ZTQCNUi,76jUCtXSeA,IdFk,9_Y1,FbIm,VpdQ,IYzP,me75fM6ugJ,kIsH,uKAI,L84s,NhsEn4L,kZJtVhC,sCQk,cJvF,FzaX,kH5RngW,oslk,dclYaaM,jySVZNlOJy,xb3V,RAYp,F2FyR07IdsN7I
0,805,14,3112,28,35,8,178.8,0,0,0,2.69686,27,88,259,22360,0,21515.94,5,0,24,32,-59576,240,0,47043,8,2945,9010,5510,0,27,0,38312,2,0,2,0,a4vPe2fHUn,RO12,taul,1K8T,0Xwj,iJzviRg,_03xtaMIkZsn1,hKVQ,HLqf,mTeA,VpdQ,wMei,7M47J5GA0pTYIFxg5uy,sBgB,uKAI,L84s,4kVnq_T26xq1p,TDcwGPO,5XOg,UYBR,FzaX,ch2oGfM,zCkv,P6pu4Vl,LM8l689qOp,FSa2,ZI9m,R4y5gQQWY8OodqDV
0,3157,21,2724,548,685,288,166.56,0,409254,0,6.513565,45,46,357,2106896,0,13926.6,0,48,192,232,-1461936,1835,78,5580,0,452695,290416,3475,0,0,425341,2514296,70,367536,0,0,bZkvyxLkBI,RO12,taul,1K8T,487l,b4AviRg,JQFeOYK,hLVY,9_Y1,vzJD,VpdQ,IYzP,me75fM6ugJ,kIsH,uKAI,L84s,NhsEn4L,mAjcfkM,Ro3O,cJvF,FzaX,KNX8yXf,oslk,PYurS2Y,LM8l689qOp,xb3V,RAYp,F2FyR07IdsN7I
0,553,7,1312,104,130,32,176.56,0,0,0,0.9085666,9,100,21,46392,0,2397.774,0,0,24,56,14121.16,480,0,13329,0,55595,5884,130,0,18,19964,79440,30,0,0,0,oUPBcmzkzH,AERks4l,taul,1K8T,lK27,ON5Ou9e,Iibp4Nm3uQ,rhSp,9_Y1,EwzD,09_Q,CoYW,DHn_WUyBhW_whjA88g9bvA64_,kIsH,uKAI,L84s,I6KzrtUCei,kZJjZTD,LLcG,cJvF,FzaX,p40KIAf,zCkv,C6OGkwT,LM8l689qOp,Qcbd,02N6s8f,xwM2aC7IdeMC0
0,3206,7,132,504,630,120,153.2,0,6486300,0,4.787866,9,52,0,718000,0,43404.3,40,8,40,152,103889.2,2590,108,57132,0,2581625,429708,755,0,0,10129,10384400,124,1039800,0,0,dRaTmBfHUn,RO12,taul,1K8T,TyGl,R4C9W2K,PaagavI,IEDl,9_Y1,4N0K,sJzTlal,IYzP,me75fM6ugJ,kIsH,uKAI,L84s,NhsEn4L,TDcECyH,EBlq,UYBR,FzaX,zqsvdH_,oslk,jhrTQlu,M_8D,Qu4f,RAYp,F2FyR07IdsN7I
0,735,7,2448,156,195,96,186.64,0,0,0,6.630207,18,140,147,946272,3,19234.32,0,0,40,80,106497.2,580,0,16056,8,658940,96300,280,0,36,344939,1192888,34,0,0,0,zcROj1KVEH,2Knk1KF,taul,1K8T,kNzO,Q9RASYT,3q_iTL0UmEoH9a6J,XNCw,9_Y1,ID5l,VpdQ,kxE9,me75fM6ugJ,kIsH,uKAI,L84s,XfqtO3UdzaXh_,XTbqizz,1Tbv,cJvF,FzaX,NRwAWQ7,oslk,fGIAGfT,LM8l689qOp,kwS7,RAYp,55YFVY9
0,602,14,2636,28,35,24,186.64,0,7257600,0,2.661611,18,64,413,0,0,204859.5,0,0,0,0,516000,280,12,3375,0,1758960,57610,1790,0,9,0,6360800,4,0,0,0,AUUt0GoOh3,RO12,taul,1K8T,JLbT,V2og2A0,UFIdC8I,nnAJ,9_Y1,rGJy,VpdQ,IYzP,me75fM6ugJ,kIsH,uKAI,L84s,NhsEn4L,mAjbk_S,OwgC,UYBR,FzaX,UjGuLpj,oslk,3QPw991,jySVZNlOJy,Qu4f,RAYp,F2FyR07IdsN7I
0,777,14,1052,208,260,128,166.56,0,41376,0,0.6554155,36,48,42,4216,0,10442.58,5,6,32,8,-15736.84,990,30,99153,0,508225,101158,1580,0,0,47789,670836,52,40962,0,0,oBXTmBtFkL,RO12,taul,1K8T,TyGl,t1FzMzM,KhDb8PW,et5n,9_Y1,c2JP,VpdQ,IYzP,me75fM6ugJ,sBgB,uKAI,L84s,NhsEn4L,mAjbk_S,pv4R,UYBR,FzaX,ue3lefp,oslk,E11cLGo,LM8l689qOp,rgKb,RAYp,F2FyR07IdsN7I
0,742,14,576,124,155,128,220.08,0,0,0,2.278786,27,96,0,699384,0,228816.6,10,12,40,16,25884.56,385,0,3744,0,2160000,2764800,285,0,9,0,9973960,10,3110400,0,0,64nWq69R_D,RO12,taul,1K8T,8qEx,vzvxpjZ,hotAS4uS9PUsf,8ObD,9_Y1,Px52,09_Q,Tkho,me75fM6ugJ,kIsH,uKAI,L84s,NhsEn4L,beK4AFX,Ucfk,UYBR,FzaX,_DWjlYU,oslk,wU9Yw04,LM8l689qOp,PM2D,RAYp,F2FyR07IdsN7I
0,504,7,228,128,160,8,200,0,0,0,1.080325,9,32,91,39976,0,2575.737,0,12,32,32,4386.84,240,0,60471,0,78550,4012,5455,0,0,18970,102724,42,17808,0,0,dRarjIK12c,RO12,taul,1K8T,0kpG,E_8vXy8,Yw7D2Uj,qbvZ,9_Y1,7WNq,09_Q,IYzP,DHn_WUyBhW_whjA88g9bvA64_,kIsH,uKAI,L84s,CrNX,y5FewfI,ejsS,UYBR,AU8pNoi,ot6bGJS,d0EEeJi,PXlWQhn,LM8l689qOp,WqMG,nIGXDli,F2FyR07IdsN7I
0,1029,14,120,264,330,80,133.12,0,0,0,0.1867122,18,44,49,80624,0,2164.314,10,4,32,104,56307.6,1025,0,72,0,373695,29228,155,0,0,21931,419612,78,24180,0,0,dRavyx7ejg,RO12,taul,1K8T,hM6W,9GJGgoz,7vJz3tk,tgzr,9_Y1,RcM7,VpdQ,IYzP,Kxdu,kIsH,uKAI,L84s,FMSzZ91zL2,kq067VR,opJC,cJvF,FzaX,Tvpip6Z,zCkv,hHJsvbM,LM8l689qOp,szEZ,6fzt,SbOd7O8ky1wGNxp0Arj0Xs
0,770,7,4600,144,180,120,424.56,15,3628800,0,6.749413,9,78,98,0,0,232664.4,10,12,32,0,87999.2,500,42,18630,24,96970,2592000,695,0,9,0,10445560,12,3110400,0,0,zcRZptzip9,RO12,taul,1K8T,TyGl,iJzviRg,sLarhXg,cSte,9_Y1,t_4G,VpdQ,kxE9,7M47J5GA0pTYIFxg5uy,kIsH,7A3j,L84s,4kVnq_T26xq1p,y5FEdZv,t89X,UYBR,FzaX,ch2oGfM,zCkv,P6pu4Vl,LM8l689qOp,Qu4f,ZI9m,R4y5gQQWY8OodqDV
0,735,7,1336,120,150,0,166.56,0,0,0,3.30314,9,174,28,5529600,0,231689.1,0,0,32,64,99465.2,470,0,60516,0,9470050,0,2420,0,9,0,10340840,44,0,0,0,m9SvyxLkBI,RO12,taul,1K8T,TyGl,fhk21Ss,aEghjcMgI1QYJu7y,jV3I,9_Y1,_r21,VpdQ,haYg,7M47J5GA0pTYIFxg5uy,kIsH,uKAI,L84s,XfqtO3UdzaXh_,XTbqizz,PhJK,UYBR,FzaX,4UxGlow,oslk,catzS2D,jySVZNlOJy,xb3V,ZI9m,iyHGyLCEkQ
0,2177,7,2000,328,410,320,113.04,0,0,0,2.046785,9,80,119,65608,0,1355.841,0,20,96,88,12137.16,1415,0,121995,0,33625,54678,4935,0,18,22400,193264,42,36306,0,0,oBXTmBtFkL,RO12,taul,1K8T,Uk76,jfP4Shd,r83_sZi,hmZ4,9_Y1,C6Eu,VpdQ,haYg,me75fM6ugJ,kIsH,uKAI,L84s,XfqtO3UdzaXh_,11p4mKe,tiWj,cJvF,FzaX,yBuQKBt,oslk,XQvKSaP,LM8l689qOp,rgKb,RAYp,F2FyR07IdsN7I
0,1057,14,4888,52,65,8,263.52,0,5459772,0,4.837642,36,86,84,3127504,3,140605.2,5,0,8,16,-190841.6,580,30,9189,8,4056220,151322,3150,0,18,0,9096840,8,0,0,0,YddTmBtueT,RO12,taul,1K8T,AHgj,X7nM3I9,GHfL3MpXAX,BpVD,9_Y1,C6Eu,VpdQ,lVqb,me75fM6ugJ,kIsH,uKAI,L84s,XfqtO3UdzaXh_,11p4mKe,PZQk,cJvF,FzaX,RnYQ_Zs,oslk,4Iey5oW,LM8l689qOp,rgKb,RAYp,F2FyR07IdsN7I
0,259,14,368,36,45,24,250.16,0,6854280,0,2.296091,27,86,0,2099752,0,125221.5,0,2,16,8,240816,430,12,47790,0,1831945,1492360,1470,0,18,4233600,12488880,4,3628800,0,0,kMJt0GoOh3,RO12,taul,1K8T,g6No,jF69B7S,CdPgMY1Z52,bqg3,9_Y1,rGJy,VpdQ,lVqb,me75fM6ugJ,kIsH,uKAI,Mtgm,XfqtO3UdzaXh_,jawoH6T,O0hw,UYBR,FzaX,7Jxv1FD,oslk,je1TL5Q,LM8l689qOp,Qu4f,RAYp,F2FyR07IdsN7I
0,1449,7,224,192,240,96,66.88,0,0,0,0.3657338,18,128,63,131072,0,3100.62,0,12,96,112,-279758,730,0,32382,0,86105,29420,2310,0,9,13216,226456,32,49794,0,0,KXMrEyXXnK,g62hiBSaKg,taul,1K8T,fhwd,fhk21Ss,hOpRIhsUSP,taKF,9_Y1,SkZj,VpdQ,IYzP,7M47J5GA0pTYIFxg5uy,kIsH,uKAI,L84s,4kVnq_T26xq1p,NGZ4tmb,aINY,UYBR,FzaX,4UxGlow,zCkv,catzS2D,LM8l689qOp,Aoh3,ZI9m,ib5G6X1eUxUn6
0,21,7,5460,24,30,16,200,0,1628118,0,5.558641,27,116,882,0,0,521418,0,0,0,0,-102071.2,85,6,35235,0,3847615,701632,1430,0,27,0,5566760,6,0,0,0,NESWq69R_D,2Knk1KF,taul,1K8T,yMvB,6hSEbie,J_sb4dmQwP,nyZz,9_Y1,RVjC,VpdQ,sYC_,me75fM6ugJ,kIsH,uKAI,L84s,NhsEn4L,pMWdNEj,bru6,UYBR,FzaX,sE0R27Z,oslk,mKTqSh9,M_8D,FSa2,RAYp,55YFVY9
0,1855,7,2208,128,160,56,200,0,133446,0,6.704123,9,114,0,1297056,0,12294.99,5,8,32,48,-1173312,870,36,100053,0,103295,81458,1090,0,18,291809,1038792,16,83520,0,0,wx50AqAqGL,2Knk1KF,taul,1K8T,AKN1,d1uwv9Q,B8sYLIu,xklU,9_Y1,RVjC,VpdQ,lVqb,me75fM6ugJ,kIsH,uKAI,Mtgm,XfqtO3UdzaXh_,11p4mKe,H3p7,UYBR,FzaX,_amvOIl,oslk,fNU2C8o,LM8l689qOp,FSa2,RAYp,55YFVY9
0,2828,21,1304,484,605,416,200,0,28890,0,1.753685,27,142,126,237136,0,3069.78,0,30,120,160,-59501.2,1780,30,68094,0,312025,85400,2760,0,9,100912,621272,58,94536,0,0,py5rEyXktW,2Knk1KF,taul,1K8T,487l,IXynQZj,FoJylxy,nalJ,9_Y1,SkZj,VpdQ,hAFG,me75fM6ugJ,kIsH,uKAI,L84s,XfqtO3UdzaXh_,XTbPUYD,jnYs,cJvF,FzaX,O3em94s,oslk,Pb1DUPK,LM8l689qOp,Aoh3,RAYp,55YFVY9
0,595,21,4320,20,25,0,133.12,0,47508,0,5.051057,27,106,56,33504,0,5596.5,0,0,0,16,-6653.44,115,12,14886,0,5315,0,3080,0,9,0,52676,2,0,0,0,75lr4RXktW,2Knk1KF,taul,1K8T,0Xwj,IXynQZj,n1zVHpT8NN,oRnc,HLqf,Zazx,09_Q,hAFG,me75fM6ugJ,sBgB,uKAI,L84s,XfqtO3UdzaXh_,beKT7LR,iSQr,cJvF,FzaX,O3em94s,oslk,Pb1DUPK,LM8l689qOp,Xa3G,RAYp,55YFVY9
0,917,7,2600,180,225,32,270.96,0,9067860,0,5.888058,9,122,287,691200,0,90717.91,40,0,32,8,92092.4,625,114,165375,0,1193215,323694,3460,0,45,604800,10333040,26,0,0,0,V8lBcmz45j,2Knk1KF,taul,1K8T,uNkU,C9mYk2K,msIqHk8toE,Ols2,9_Y1,EwzD,VpdQ,CoYW,me75fM6ugJ,kIsH,uKAI,L84s,XfqtO3UdzaXh_,11p4mKe,_uLf,cJvF,AU8_WTd,8huKVq0,oslk,7V8NFRU,jySVZNlOJy,Qcbd,RAYp,55YFVY9
0,1694,14,880,204,255,16,294.4,0,5403042,0,4.947234,27,108,168,3940640,0,98752.2,20,0,32,56,117335.6,1745,150,55854,0,4695315,80628,9610,0,27,0,10706400,26,0,0,0,DQlrEyXXnK,RO12,taul,1K8T,YFAj,AIO9x15,glRbITbnHQ,Wpx3,9_Y1,SkZj,VpdQ,6JmL,Kxdu,kIsH,uKAI,L84s,FMSzZ91zL2,11pG9ir,K6CO,cJvF,FzaX,iokiSQE,zCkv,hYsWQhn,LM8l689qOp,Aoh3,6fzt,SbOd7O8ky1wGNxp0Arj0Xs
0,1407,7,5804,308,385,80,210,0,5602626,0,5.534501,18,172,392,1954176,0,49560.3,40,18,152,128,-2043880,1340,84,38709,0,2492370,209632,1045,0,27,339913,8597280,40,809334,0,0,KXMrEyXXnK,g62hiBSaKg,taul,1K8T,0Xwj,fhk21Ss,msIqHk8toE,fmhz,HLqf,SkZj,VpdQ,kxE9,7M47J5GA0pTYIFxg5uy,sBgB,uKAI,L84s,4kVnq_T26xq1p,pMWBUmQ,9gPm,UYBR,FzaX,4UxGlow,zCkv,catzS2D,LM8l689qOp,Aoh3,ZI9m,ib5G6X1eUxUn6
0,56,0,0,20,25,0,263.44,0,774810,0,1.300363,18,16,0,8275200,0,494391,0,4,8,16,407896,90,6,0,0,0,0,0,0,0,3426990,9492520,0,7257600,0,0,Yddq9ayE15,RO12,taul,1K8T,c9jp,XktPwWy,V4Eytg4LiC,V1Z6,9_Y1,pQsY,09_Q,IYzP,me75fM6ugJ,kIsH,uKAI,L84s,NhsEn4L,NGZxnJM,lyHl,cJvF,FzaX,82JfrxM,oslk,bIKqCcD,LM8l689qOp,TNEC,RAYp,F2FyR07IdsN7I
0,819,7,412,132,165,96,286.96,0,6339960,0,0.5842769,9,36,0,238832,0,216799.5,15,6,32,16,132210,510,78,11043,0,0,2013780,1510,0,9,0,10447240,0,1555200,0,0,oyGrjIXt5a,RO12,taul,1K8T,80HR,GOB80XX,3X0xOLn,T5JY,9_Y1,VILw,09_Q,zm5i,me75fM6ugJ,kIsH,7A3j,L84s,NhsEn4L,kZJyVg2,Je_o,cJvF,AU8pNoi,xtRQVF9,oslk,e2OYONy,LM8l689qOp,5Acm,RAYp,F2FyR07IdsN7I
0,588,14,4068,216,270,112,133.12,0,141336,0,0.9602649,18,104,14,192336,0,11697.84,5,8,32,40,59514,820,54,12123,0,906895,90674,1990,0,9,84553,1122724,42,33372,0,0,1nlTmBtueT,RO12,taul,1K8T,F9g8,PTPYR4W,LWyxgtXeJL,9PyJ,9_Y1,47ra,VpdQ,lVqb,me75fM6ugJ,kIsH,uKAI,L84s,XfqtO3UdzaXh_,XTbPUYD,BzWv,cJvF,FzaX,NlJA1m8,oslk,rUjzgmc,LM8l689qOp,rgKb,RAYp,F2FyR07IdsN7I
0,2009,7,1756,188,235,96,200,0,24324,0,2.558641,9,60,140,491248,0,8304.42,5,8,40,104,19143.72,965,24,53847,0,96485,58388,5680,0,0,179473,495104,26,47154,0,0,0vimfo8zhV,RO12,taul,1K8T,LloI,jfPGUL5,nQU2P_OLn0,gjK3,9_Y1,_48V,VpdQ,IYzP,me75fM6ugJ,kIsH,uKAI,L84s,NhsEn4L,mAjbk_S,boXR,cJvF,FzaX,dbpDBnE,oslk,H_MRmrT,LM8l689qOp,3Cy4,RAYp,F2FyR07IdsN7I
0,56,0,0,248,310,144,0,0,142626,9,1.599231,9,12,0,111736,0,5621.31,5,8,32,24,-701088,310,18,0,16,42550,58124,0,0,0,6531,464696,66,172026,0,7,2AAWq69R_D,RO12,taul,1K8T,ssAy,vLtMhNR,xIw8wq3,9emW,9_Y1,0A_v,VpdQ,IYzP,me75fM6ugJ,kIsH,uKAI,L84s,NhsEn4L,7WwwAA_,YxDZ,UYBR,FzaX,ie38iqZ,oslk,35GRt2K,LM8l689qOp,PM2D,RAYp,F2FyR07IdsN7I
0,1015,7,224,156,195,56,253.52,0,4494540,0,2.364239,9,70,7,2427368,0,177483.3,20,2,40,48,306712.8,615,60,756,0,3503980,1070978,415,0,18,1108870,10522520,22,475266,0,0,1KSqrQK2Mx,RO12,taul,1K8T,AnrR,wGQJeCE,I1sqWRxUAv,l9oF,9_Y1,15m3,09_Q,kxE9,me75fM6ugJ,kIsH,uKAI,Mtgm,XfqtO3UdzaXh_,XTbPUYD,MLMt,cJvF,FzaX,dpuv1FD,oslk,o6f7A2G,LM8l689qOp,FSa2,RAYp,F2FyR07IdsN7I
0,539,7,420,140,175,16,361.44,0,8413980,0,1.390301,27,30,161,1382400,0,218974.5,35,0,32,16,136535.6,530,114,468,0,1706110,251240,510,0,27,0,10587080,10,0,0,0,Qu0r4RKzJV,RO12,taul,1K8T,487l,_rJMbg2,4Ba7_t1,dTqE,9_Y1,DtNL,VpdQ,IYzP,me75fM6ugJ,kIsH,uKAI,L84s,NhsEn4L,jawR0Ac,yfaM,UYBR,FzaX,wQXm0jM,oslk,UewMjkj,jySVZNlOJy,FSa2,RAYp,F2FyR07IdsN7I
0,812,7,224,132,165,32,299.68,0,4758144,0,6.103396,9,38,0,1267232,0,203834.1,20,4,32,16,153820.8,580,60,747,0,4367640,635040,75,0,9,554414,10471840,22,950424,0,0,1PnOj1KVEH,RO12,taul,1K8T,ZNsX,X94yoBp,JQFeOYK,DnfT,9_Y1,_KXv,VpdQ,zm5i,me75fM6ugJ,kIsH,uKAI,L84s,NhsEn4L,NGZXfGp,XpCD,UYBR,FzaX,YXhOtFs,oslk,JAwObSS,LM8l689qOp,kwS7,RAYp,F2FyR07IdsN7I
0,868,7,220,96,120,120,166.56,0,737856,0,1.09357,9,34,0,616608,0,55558.8,5,4,24,16,-246367.6,330,12,450,0,187795,535260,100,0,0,539532,2427140,4,602028,0,0,wRXmfo875g,RO12,taul,1K8T,ssAy,1qnne2L,xVE7vBs,poWg,9_Y1,Ew1Q,VpdQ,IYzP,me75fM6ugJ,kIsH,uKAI,L84s,NhsEn4L,mAjbk_S,1owU,cJvF,FzaX,cfcfc8E,oslk,iQJ2C8o,LM8l689qOp,wX53,RAYp,F2FyR07IdsN7I
0,931,7,2788,92,115,64,172.16,0,0,0,2.732749,9,38,28,91608,0,41481.6,0,8,32,16,-74512.4,360,0,103968,0,1231445,71994,5610,0,18,42,1211112,18,54246,0,0,9hRmfo875g,RO12,taul,1K8T,AKN1,QMLgCVv,_jTP8ioIlJ,5vre,9_Y1,wGwL,VpdQ,kxE9,me75fM6ugJ,kIsH,uKAI,L84s,XfqtO3UdzaXh_,11p4mKe,H4T4,cJvF,FzaX,6XEoI0_,oslk,bSgltRa,LM8l689qOp,wX53,RAYp,F2FyR07IdsN7I
0,8239,7,3676,128,160,104,220.08,0,4386768,0,0.04058962,9,102,56,0,0,16197.3,25,8,32,0,657832,520,54,3744,0,173820,2246400,460,0,18,1209600,10666760,2,2073600,0,0,cFHt0GoOh3,2Knk1KF,taul,1K8T,G6s_,VlkQIhb,CsjH_hi,phJA,9_Y1,MGOA,VpdQ,sYC_,DHn_WUyBhW_whjA88g9bvA64_,kIsH,uKAI,L84s,CrNX,pMWQVqj,qUEG,UYBR,FzaX,YTCOq4h,d0EEeJi,4Jmu_EI,LM8l689qOp,Qu4f,nIGXDli,55YFVY9
0,1120,7,1096,144,180,56,255.2,0,7092780,0,1.206793,18,74,357,0,0,191806.8,35,4,32,0,102227.2,640,90,495,0,226345,1050514,570,0,18,0,10121040,10,1036800,0,0,LDPvyx7IEC,RO12,taul,1K8T,0Xwj,foCw8DQ,o5WT5gy7iu,G_BA,F3hy,RcM7,VpdQ,43pnToF,me75fM6ugJ,kIsH,uKAI,Mtgm,NhsEn4L,TDceha3,4tjd,UYBR,FzaX,PrifGrO,oslk,QXeQZmh,LM8l689qOp,szEZ,RAYp,F2FyR07IdsN7I
0,847,14,1744,44,55,0,312.64,0,12277380,0,3.569323,45,154,175,1398000,3,223974.3,5,0,8,16,210960,440,36,42633,8,514460,0,595,0,18,1191904,9612320,4,0,0,0,4bwt0GoOh3,2Knk1KF,taul,1K8T,qiF0,dgtxY95,daiGnRstPa,NN8I,9_Y1,C7DI,09_Q,hzlB,me75fM6ugJ,kIsH,uKAI,L84s,XfqtO3UdzaXh_,XTbPUYD,BmnD,cJvF,FzaX,lER6V3V,oslk,cFZAKIt,M_8D,Qu4f,RAYp,TCU50_Yjmm6GIBZ0lL_
0,805,7,312,168,210,48,286.96,0,3519276,0,0.08117923,9,38,35,4930576,0,217225.8,15,2,32,64,256436.8,565,54,169209,0,4727425,748070,1840,0,18,0,10463080,30,518400,0,0,ypNt0Go8Lb,RO12,taul,1K8T,JLbT,u6iViyY,nQUq7hGe64,aOnv,9_Y1,MGOA,09_Q,IYzP,me75fM6ugJ,kIsH,uKAI,Mtgm,NhsEn4L,NGZXfGp,Ox_U,cJvF,FzaX,um1fql_,oslk,pm_TE6Y,LM8l689qOp,Qu4f,RAYp,F2FyR07IdsN7I
0,5894,7,348,1880,2350,928,290.32,5,3974574,0,3.007904,18,126,35,1940512,0,6188.729,60,38,320,336,-106480,6150,486,17136,8,2811565,312136,2655,0,27,491008,7502520,400,910020,0,0,GcUBcmz45j,2Knk1KF,taul,1K8T,uNkU,6cUBdMb,Qj_RuBBLPJ,UNhH,9_Y1,KubS,VpdQ,haYg,me75fM6ugJ,kIsH,uKAI,L84s,XfqtO3UdzaXh_,XTbPUYD,jKXE,cJvF,qxDb,1FAm94s,oslk,MjtlfsX,LM8l689qOp,Qcbd,RAYp,55YFVY9
0,161,0,0,40,50,8,186.64,0,0,0,2.132878,9,18,0,9676800,0,338232,10,0,24,16,742956,330,0,0,0,7836050,427518,0,0,9,0,12750640,10,0,0,0,ZSNrjIX0Db,RO12,taul,1K8T,lK27,ClIoukx,Vxu6qawrSM,PT8k,9_Y1,xQ2A,sJzTlal,zm5i,me75fM6ugJ,kIsH,uKAI,L84s,NhsEn4L,mAja5EA,mIEI,cJvF,FzaX,KjR6w_1,oslk,nKcTL5Q,LM8l689qOp,5Acm,RAYp,F2FyR07IdsN7I
0,1547,7,208,376,470,120,0,0,129306,0,0.6252937,9,32,21,1407224,6,11554.74,35,8,64,80,213458.4,1160,84,5031,16,1313215,325160,190,0,0,407225,2608872,88,114390,0,0,npOt0G8EIb,RO12,taul,1K8T,lK27,1QD5ha2,V_KR_LD,XEaz,9_Y1,k13i,VpdQ,IYzP,me75fM6ugJ,kIsH,uKAI,L84s,NhsEn4L,mAjbk_S,EXDF,UYBR,FzaX,eNC8jNM,oslk,L3az_Kt,LM8l689qOp,fKCe,RAYp,F2FyR07IdsN7I
0,3073,14,196,388,485,328,133.12,0,6258,0,1.998932,36,150,35,200256,0,5506.08,5,32,88,112,-1528152,1630,12,78273,0,215490,107980,1750,0,18,30856,578020,46,126792,0,0,Qu0qrQKzJV,AERks4l,taul,1K8T,0Xwj,fhk21Ss,e1XhvTunuD,5Rb0,HLqf,15m3,VpdQ,hAFG,7M47J5GA0pTYIFxg5uy,sBgB,uKAI,L84s,a3CcPDe,11p_E1H,hJxq,UYBR,FzaX,4UxGlow,QKW8DRm,catzS2D,LM8l689qOp,FSa2,ZI9m,ib5G6X1eUxUn6
0,952,7,152,184,230,72,200,0,0,0,4.184362,9,70,168,990880,0,43765.2,0,6,40,56,59662.4,560,0,1530,0,2308220,38646,175,0,0,239365,2597312,54,267006,0,0,8I1r4RXXnK,RO12,taul,1K8T,0Xwj,9GJGgoz,7vJz3tk,5XbK,HLqf,TFSW,VpdQ,IYzP,Kxdu,sBgB,uKAI,L84s,FMSzZ91zL2,y5FemRG,1k61,cJvF,FzaX,Tvpip6Z,zCkv,hHJsvbM,LM8l689qOp,Xa3G,6fzt,SbOd7O8ky1wGNxp0Arj0Xs
0,595,0,0,168,210,64,253.52,0,5825736,0,0.1538133,9,26,0,2693448,0,157657.5,25,0,32,32,249330.8,550,72,0,0,4540465,29068,0,0,9,0,10493000,26,0,0,0,8Iqt0G8rTN,RO12,taul,1K8T,0Xwj,K7q6hIp,7ONkRNQCK7,CqXD,HLqf,k13i,VpdQ,zm5i,DHn_WUyBhW_whjA88g9bvA64_,sBgB,uKAI,L84s,CrNX,mAjbq_f,eD6g,UYBR,FzaX,2DU0qVH,d0EEeJi,nLpCvKT,LM8l689qOp,fKCe,nIGXDli,F2FyR07IdsN7I
0,833,0,32,164,205,80,166.56,0,2166096,0,3.913266,9,36,0,1347208,0,13513.98,15,0,32,16,219396.8,965,48,184320,0,927985,784142,0,0,9,0,5092120,36,0,0,0,51rBcmz45j,RO12,taul,1K8T,AHrt,sVNG5Z3,DKUDUftgA7,Xq8v,9_Y1,rzbc,VpdQ,hAFG,me75fM6ugJ,kIsH,uKAI,L84s,XfqtO3UdzaXh_,XTbPUYD,i6cS,cJvF,FzaX,KnzD5lR,oslk,mNURYX6,LM8l689qOp,Qcbd,RAYp,F2FyR07IdsN7I
0,16429,28,8804,4384,5480,440,200,0,5784666,0,3.954497,45,152,651,2249160,0,10104.12,210,34,1168,2296,-18362.44,10235,2946,16182,0,1563190,1116686,4575,0,18,147518,9454640,408,351648,0,0,DHeq9ayfAo,2Knk1KF,taul,1K8T,TLkP,fhk21Ss,o5WT5gy7iu,1DKK,9_Y1,QBpP,VpdQ,hAFG,7M47J5GA0pTYIFxg5uy,kIsH,uKAI,L84s,Ie_5MZs,CWNY2py,WLSG,UYBR,FzaX,4UxGlow,zCkv,catzS2D,jySVZNlOJy,7P5s,ZI9m,TCU50_Yjmm6GIBZ0lL_
0,2310,14,3284,236,295,56,286.32,0,2920998,0,5.292032,27,154,301,4249712,0,36126.9,30,6,88,56,-21667.16,2450,78,1638,0,4375925,827020,1595,0,36,554407,10299440,46,565824,0,0,2jirEyXktW,2Knk1KF,taul,1K8T,487l,T7cp9gW,5q1hF23,YWuZ,9_Y1,SkZj,09_Q,haYg,me75fM6ugJ,kIsH,uKAI,Mtgm,XfqtO3UdzaXh_,XTbPUYD,bRsl,cJvF,FzaX,9Hi6hzI,oslk,93cqqb8,LM8l689qOp,Aoh3,RAYp,TCU50_Yjmm6GIBZ0lL_
0,4095,35,3864,572,715,296,173.2,0,25134,0,1.272591,45,212,420,380896,0,3401.85,5,22,160,312,-32915.16,2800,54,5364,0,298050,143024,1955,0,9,58877,784068,92,69780,0,0,JMGq9aXt5a,2Knk1KF,LfvqpCtLOY,1K8T,TyGl,fhk21Ss,DKUDUftgA7,iSQh,9_Y1,Y9Bl,VpdQ,y6dw,7M47J5GA0pTYIFxg5uy,kIsH,uKAI,L84s,MeOIHRG3F9,AuSNn5W,ZeQe,UYBR,FzaX,4UxGlow,zCkv,catzS2D,LM8l689qOp,uWr3,ZI9m,VjDE
0,749,7,312,164,205,24,186.64,0,4497786,0,3.19483,9,32,70,3925680,0,79199.7,10,4,32,48,223867.6,535,72,13680,0,5835450,165302,175,0,9,0,10660080,32,12822,0,0,NQ5rEy7Rm6,RO12,taul,1K8T,0Xwj,4JEMGuV,6UEVDe9,zyO0,F3hy,X8zP,VpdQ,zm5i,me75fM6ugJ,kIsH,uKAI,L84s,NhsEn4L,mAjbk_S,nAav,cJvF,FzaX,VA_88FJ,oslk,0JeRt72,LM8l689qOp,Aoh3,RAYp,F2FyR07IdsN7I
0,21,0,0,72,90,56,255.36,0,693738,0,0.08267464,9,14,0,75192,0,58854.9,0,2,24,16,-848748,90,12,0,0,150685,284750,0,0,0,0,1412520,12,333576,0,0,DQlrEyXXnK,RO12,taul,1K8T,LLPZ,X94q7NI,brZkJ9h,KifH,9_Y1,H1uM,09_Q,IYzP,me75fM6ugJ,sBgB,uKAI,Mtgm,NhsEn4L,NGZxnJM,nxBE,cJvF,FzaX,EuI6s0w,oslk,nHa2qo0,LM8l689qOp,Aoh3,RAYp,F2FyR07IdsN7I
0,224,7,4304,136,170,184,200,0,52380,9,6.916685,27,64,2296,19296,0,17002.29,0,0,0,8,96358.8,480,18,3969,8,508720,589484,19565,0,0,0,1630512,14,0,0,0,a4vrEy7Rm6,RO12,taul,1K8T,lK27,WtcJHBC,LJF4fPp,3SgW,9_Y1,H9GL,VpdQ,IYzP,me75fM6ugJ,kIsH,uKAI,L84s,NhsEn4L,mAjbk_S,svIl,cJvF,FzaX,380vbB7,oslk,WUmK0JH,LM8l689qOp,Aoh3,RAYp,F2FyR07IdsN7I
0,686,7,3252,132,165,16,186.64,0,2345238,0,5.321726,9,144,350,4838400,0,181428.9,10,0,32,56,122331.2,520,36,972,0,6843450,220136,635,0,27,0,10588920,32,0,0,0,mzKvyx8zhV,2Knk1KF,taul,1K8T,pGTb,PHNvXy8,etM739XNb0Rf0,N9KQ,9_Y1,MBhA,VpdQ,G_zk,NKv3VA1BpP,kIsH,uKAI,L84s,Ie_5MZs,OFqBUmQ,Xpz5,UYBR,FzaX,UF16siJ,zCkv,APgdzOv,LM8l689qOp,WqMG,6fzt,Zy3gnGM
0,987,7,32,172,215,56,291.28,0,2460612,0,3.923948,9,32,7,5380552,0,167387.7,0,2,32,64,53856,735,48,7596,0,6563850,291344,10,0,0,0,10510040,38,518400,0,0,crIt0Go8Lb,RO12,taul,1K8T,TyGl,vQ_JaGu,zA2IZno2NK,gT6F,9_Y1,MGOA,VpdQ,IYzP,me75fM6ugJ,kIsH,uKAI,L84s,NhsEn4L,mAjbk_S,Ytij,cJvF,FzaX,i9JuX8Z,oslk,MRPKMwm,LM8l689qOp,Qu4f,RAYp,F2FyR07IdsN7I
0,1330,7,596,124,155,0,373.2,5,0,0,5.87054,9,96,126,6220800,0,25368.9,0,0,32,72,135150.4,710,0,2709,8,9472950,0,345,0,18,0,10688760,44,0,0,0,oBXq9ayfAo,RO12,taul,1K8T,lK27,SWGZIlx,Iibp4Nm3uQ,rlx_,9_Y1,F_Lu,09_Q,sYC_,DHn_WUyBhW_whjA88g9bvA64_,kIsH,uKAI,L84s,CrNX,kZJigPo,TddH,UYBR,FzaX,WZAFr1X,d0EEeJi,_YxHYY8,jySVZNlOJy,TNEC,nIGXDli,F2FyR07IdsN7I
0,805,21,3480,140,175,16,263.52,0,5702550,0,1.262978,36,92,497,1900856,0,219242.4,30,2,40,24,156312.8,505,72,43020,0,3869475,316808,6220,0,18,554414,10699000,22,475212,0,0,Qu0qrQKzJV,RO12,taul,1K8T,AnrR,sByYfhR,UFIdC8I,_GvQ,9_Y1,15m3,VpdQ,sYC_,me75fM6ugJ,kIsH,uKAI,L84s,NhsEn4L,beK4AFX,Au2C,UYBR,FzaX,jbW3slO,oslk,hCeC7lX,LM8l689qOp,FSa2,RAYp,F2FyR07IdsN7I
0,1169,14,608,400,500,40,140.64,0,47040,0,2.610126,18,212,35,158776,0,3369.99,20,2,104,184,51581.6,980,42,4599,0,286940,4838,540,0,27,78421,386948,120,49416,0,0,euOBcmz45j,2Knk1KF,CiJDdr4TQ0rGERIS,1K8T,lK27,fhk21Ss,26ys3iG1yb,QBBG,9_Y1,WGOH,VpdQ,y6dw,7M47J5GA0pTYIFxg5uy,kIsH,uKAI,L84s,MeOIHRG3F9,AuS4n31,3lLH,UYBR,OFWH,4UxGlow,zCkv,catzS2D,LM8l689qOp,Qcbd,ZI9m,VjDE
0,308,0,0,44,55,24,186.64,0,1995594,0,2.927793,9,22,0,253680,0,219603.6,5,0,8,8,15059.44,450,12,0,0,7334900,1217754,0,0,9,0,9920640,8,0,0,0,KXMrEyXXnK,RO12,taul,1K8T,LLPZ,asMy4fK,ThrHXVS,NZaQ,9_Y1,H1uM,sJzTlal,zm5i,me75fM6ugJ,kIsH,uKAI,L84s,NhsEn4L,mAja5EA,NVlK,cJvF,FzaX,wvSTe_2,oslk,pfUt56I,jySVZNlOJy,Aoh3,RAYp,F2FyR07IdsN7I
0,3353,7,204,280,350,112,166.56,0,3275754,0,0.8551592,18,68,0,2147048,0,59878.2,20,18,80,56,125581.2,1585,120,234,0,2814580,1263414,110,0,0,933135,10336600,32,2379234,0,0,51rt0G8rTN,RO12,taul,1K8T,wOc1,4rXn9NE,TXqKAWTScMtFdNP7JSi,vdLi,9_Y1,e7QV,09_Q,IYzP,me75fM6ugJ,kIsH,uKAI,L84s,NhsEn4L,mAja5EA,Dots,cJvF,AU8pNoi,dqL8hdx,oslk,MnYAKIt,LM8l689qOp,fKCe,RAYp,F2FyR07IdsN7I
0,455,7,2728,108,135,120,133.12,0,0,0,6.219184,9,110,140,2424,0,10701.54,0,2,24,16,15711.72,295,0,18936,0,111860,99460,780,0,9,0,295436,18,8724,0,0,m9SrEy7Rm6,2Knk1KF,taul,1K8T,nQZ6,ezgR5DT,EXpWEXgaYpMJ7,uCf9,9_Y1,X8zP,VpdQ,hAFG,me75fM6ugJ,kIsH,uKAI,L84s,XfqtO3UdzaXh_,XTbPUYD,mdGr,cJvF,FzaX,O308iqZ,oslk,eyvTy9x,LM8l689qOp,Aoh3,RAYp,55YFVY9
0,1225,14,804,132,165,152,133.12,0,0,0,5.167272,18,64,0,672096,0,18726.84,0,6,48,80,-21998.72,695,0,16056,0,16165,286456,2835,0,0,39228,1032076,2,165276,0,0,E3dr4RQxul,RO12,taul,1K8T,TyGl,_ybO0dd,76j2P_OLn0,hJPt,9_Y1,z5Ry,VpdQ,IYzP,me75fM6ugJ,kIsH,uKAI,L84s,NhsEn4L,TDceha3,hIp0,UYBR,FzaX,L91KIiz,oslk,CE7uk3u,LM8l689qOp,FSa2,RAYp,F2FyR07IdsN7I
0,217,0,504,180,225,24,289.52,0,2810292,0,1.734031,18,108,0,3231232,0,170787.9,25,4,56,64,1366696,460,72,114615,0,5763200,266506,0,0,9,202062,10353520,30,458310,0,0,64ngUH7IEC,2Knk1KF,taul,1K8T,dm89,cGQ0k8W,3cO76t0,iO_y,9_Y1,bJXB,VpdQ,wMei,me75fM6ugJ,kIsH,uKAI,L84s,h0lfDKh52u4GP,IoI4mKe,yiE0Ssq,cJvF,FzaX,7HOOZ4E,oslk,964qjwa,LM8l689qOp,w_Ub,RAYp,55YFVY9
0,959,7,872,500,625,144,220.08,0,5504388,0,1.214057,9,60,7,2458552,0,141849,15,10,64,104,141583.6,1260,120,8064,0,3456125,769272,285,0,0,616637,10753320,132,1081068,0,0,1KSr4RK2Mx,RO12,taul,1K8T,JLbT,iBKkTQ1,glRbITbnHQ,2u2p,9_Y1,DtNL,VpdQ,sYC_,me75fM6ugJ,kIsH,uKAI,L84s,NhsEn4L,kq0n8Bj,iNnS,UYBR,AU8_WTd,rLfmFX7,oslk,KiEskzO,jySVZNlOJy,FSa2,RAYp,F2FyR07IdsN7I
0,805,21,6084,152,190,56,186.64,0,6926160,0,5.997223,36,84,189,679376,0,214796.7,20,4,56,48,220237.2,540,84,49968,0,1490690,1190366,7210,0,9,158473,10557280,10,1036800,0,0,vAsgUHXM47,RO12,taul,1K8T,TyGl,Ml6kiFp,yEFIHeU,HVTt,9_Y1,LqKm,VpdQ,sYC_,me75fM6ugJ,kIsH,uKAI,L84s,NhsEn4L,kq0aHkC,AmOk,cJvF,FzaX,k5O88FJ,oslk,QkgQQMs,LM8l689qOp,453m,RAYp,F2FyR07IdsN7I
0,483,7,3432,84,105,32,166.56,0,1674,0,2.295663,18,174,0,1592,0,700.926,0,2,8,8,-1512,325,6,59364,0,20775,1348,50,0,9,2149,22456,28,1842,0,0,6m0t0G8rTN,RO12,taul,1K8T,EPHy,fqeOwLG,CdPgMY1Z52,bERL,9_Y1,k13i,VpdQ,hAFG,7M47J5GA0pTYIFxg5uy,kIsH,uKAI,L84s,XfqtO3UdzaXh_,_JdH8mF,NZNb,UYBR,FzaX,fxJmel6,oslk,WfsWw2A,LM8l689qOp,fKCe,ZI9m,iyHGyLCEkQ
0,882,7,2144,128,160,128,186.64,0,1555200,0,6.793848,18,64,238,0,0,173997.3,5,16,32,0,443032,525,18,2610,0,1346265,2764800,4295,0,18,0,10569760,8,4147200,0,0,75lq9ayfAo,eSGpMwS8zSGgq_trOpckZ5,taul,1K8T,lK27,9MaE7a3,gG77TqgKer,1uQt,9_Y1,NFMt,09_Q,wMei,DHn_WUyBhW_whjA88g9bvA64_,kIsH,uKAI,L84s,UbxQ8lZ,teAAe2o,mF4b,cJvF,FzaX,ZS89wof,Al6ZaUT,ffoaiae,LM8l689qOp,TNEC,02N6s8f,R4y5gQQWY8OodqDV
0,980,14,368,132,165,16,304.08,0,3613206,0,6.343944,18,54,21,2073600,0,189909,30,4,48,24,137221.2,530,42,12645,0,4899080,316812,3820,0,9,18963,10277560,26,491472,0,0,Yn7t0Go8Lb,RO12,taul,1K8T,lK27,t32J7Qa,aEghjcMgI1QYJu7y,6UiV,9_Y1,MGOA,VpdQ,IYzP,me75fM6ugJ,kIsH,7A3j,L84s,NhsEn4L,mAjbk_S,bHR7,UYBR,FzaX,KVXsbNi,oslk,3A8Y9dP,M_8D,Qu4f,RAYp,F2FyR07IdsN7I
0,1043,7,588,20,25,16,200,0,0,0,3.22837,18,66,0,540152,0,79304.41,0,0,8,16,-478436,330,0,25497,0,217710,213502,10,0,0,0,871248,2,0,0,0,ZSNq9aX0Db,RO12,taul,1K8T,4fje,r6ox19i,lGXpFd_2Rf,d9gL,9_Y1,Y9Bl,09_Q,IYzP,me75fM6ugJ,kIsH,uKAI,L84s,NhsEn4L,mAja5EA,tGXN,cJvF,FzaX,xlbvdH_,oslk,LsfEVaf,LM8l689qOp,uWr3,RAYp,F2FyR07IdsN7I
0,49,0,0,148,185,56,20.08,0,5663346,0,4.613117,9,14,0,1382400,0,130504.2,15,4,24,16,-285606.4,185,72,0,0,1096875,41270,0,0,0,0,6438200,22,13872,0,0,v0Nt0Go8Lb,RO12,taul,1K8T,7gSz,pro8v8X,S85klZI_wB,vJfY,9_Y1,Z5OU,09_Q,IYzP,me75fM6ugJ,kIsH,uKAI,L84s,NhsEn4L,kq0l43t,94pP,UYBR,FzaX,meWVy8V,oslk,DQ3u3MC,LM8l689qOp,Qu4f,RAYp,F2FyR07IdsN7I
0,1309,7,1712,192,240,32,210,0,6942,0,3.867336,9,126,35,67304,0,3974.46,0,0,40,80,-49.7144,820,12,14994,0,89290,5358,120,0,27,3311,120428,64,0,0,0,AhzOj17IEC,2Knk1KF,taul,1K8T,0Xwj,cnWs43J,jt3xMpI_cxIIW,wDT_,F3hy,zfpA,09_Q,itlM,me75fM6ugJ,kIsH,uKAI,L84s,XfqtO3UdzaXh_,11p4mKe,NDdZ,UYBR,FzaX,FgkjbzC,oslk,5gSwS9i,LM8l689qOp,7aLG,RAYp,55YFVY9
0,630,0,0,160,200,64,295.28,0,6179220,0,0.5338603,9,28,0,1267232,9,106413.6,35,4,32,16,132582.8,630,78,0,32,2173650,667134,0,0,9,0,10666080,16,932868,0,7,xOXTmBtFkL,AERks4l,taul,1K8T,AnrR,oVeAv9G,HKFGqS8,NZ2t,9_Y1,C6Eu,09_Q,43pnToF,GjJ35utlTa_GNSvxxpb9ju,kIsH,uKAI,Mtgm,JBfYVit4g8,TDctq2l,LGOT,cJvF,FzaX,CFU1a9D,Al6ZaUT,nuw4zTk,LM8l689qOp,rgKb,02N6s8f,xwM2aC7IdeMC0
0,4403,7,68,204,255,88,220.08,0,7366380,0,3.563982,18,78,0,3319864,0,40398.9,20,2,40,56,39442.28,4950,54,8514,0,2994740,148768,120,0,9,1040907,10073840,38,75876,0,0,51rt0G8rTN,RO12,taul,1K8T,wOc1,4rXn9NE,BbTxtaMIkk68B,jdlp,9_Y1,e7QV,VpdQ,IYzP,me75fM6ugJ,kIsH,uKAI,L84s,NhsEn4L,mAjbk_S,flru,cJvF,FzaX,dqL8hdx,oslk,MnYAKIt,LM8l689qOp,fKCe,RAYp,F2FyR07IdsN7I
0,2212,7,0,224,280,192,177.2,0,5718,0,0.4563127,9,68,0,218568,0,8946.75,5,12,80,96,-1526136,850,12,63,0,273610,134834,10,0,9,68810,688116,22,119532,0,0,puvq9aX0Db,RO12,taul,1K8T,0Xwj,lKb04mC,NFlfMbKIm3,A88U,HLqf,6TCl,sJzTlal,69fI,me75fM6ugJ,sBgB,uKAI,Mtgm,XfqtO3UdzaXh_,11p4mKe,iQzJ,cJvF,FzaX,Jpt8yXf,oslk,fzSdxoa,LM8l689qOp,uWr3,RAYp,F2FyR07IdsN7I
0,252,7,0,52,65,32,166.56,0,0,0,4.883358,9,66,0,0,0,11245.56,0,0,0,0,-302215.2,380,0,126,0,101040,17576,5,0,0,0,115984,18,0,0,0,bt0mfo875g,AERks4l,taul,1K8T,hAOr,kugx4QS,RuVy67M,IoAF,9_Y1,Ew1Q,VpdQ,IYzP,GjJ35utlTa_GNSvxxpb9ju,kIsH,uKAI,L84s,JBfYVit4g8,uZLUDr7,SxJ2,UYBR,FzaX,CWewyO5,Al6ZaUT,3DbO9Vr,LM8l689qOp,wX53,02N6s8f,xwM2aC7IdeMC0
0,679,7,3176,168,210,48,166.56,0,0,0,4.363384,9,132,35,926112,0,57414.6,0,0,0,88,35625.84,535,0,8532,0,2327830,152576,350,0,18,0,2630472,50,0,0,0,HYTvyx7ejg,2Knk1KF,taul,1K8T,0Xwj,cYcsKl9,hCdK,4bJw,HLqf,xSqs,VpdQ,wMei,me75fM6ugJ,sBgB,uKAI,L84s,h0lfDKh52u4GP,IoI4mKe,Kyiq,cJvF,FzaX,sx5j5jp,oslk,BUAwEWL,jySVZNlOJy,szEZ,RAYp,55YFVY9
0,1694,7,16,192,240,72,286.24,0,5750718,0,1.64922,9,110,0,1806160,0,89827.5,15,8,56,48,117769.2,660,84,7722,0,1724385,1231074,25,0,18,663565,10504960,24,1642410,0,0,302Oj17IEC,2Knk1KF,taul,1K8T,aD1X,I6Bd3iM,P9HTde2,6Cqk,9_Y1,iVbl,09_Q,hAFG,me75fM6ugJ,kIsH,uKAI,L84s,XfqtO3UdzaXh_,beKT7LR,jbhA,cJvF,FzaX,bBmOw16,oslk,CcdTy9x,jySVZNlOJy,7aLG,RAYp,55YFVY9
0,1302,21,1736,468,585,152,253.52,0,2444316,0,1.139927,27,130,0,3325448,0,56369.7,30,8,40,72,164247.6,1680,138,8685,0,5779300,697120,420,0,18,339612,10511520,112,1146768,0,0,wRXmfo875g,2Knk1KF,taul,1K8T,LloI,PHNvXy8,yiXKNUCbD1,6VcN,9_Y1,_48V,VpdQ,hAFG,NKv3VA1BpP,kIsH,uKAI,L84s,Ie_5MZs,OFqdri0,mZIw,cJvF,FzaX,UF16siJ,zCkv,APgdzOv,LM8l689qOp,3Cy4,6fzt,Zy3gnGM
0,1827,21,4576,252,315,112,220.08,0,3549120,0,4.016449,36,190,539,3308216,0,89762.09,0,8,72,80,65455.2,1120,96,21555,0,5466300,255132,1405,0,27,172571,8975160,38,107526,0,0,N_vrjIXt5a,LrdZy8QqgUfkVShG,taul,1K8T,JLbT,fhk21Ss,CdPgMY1Z52,0iyF,9_Y1,EKFb,VpdQ,y6dw,7M47J5GA0pTYIFxg5uy,kIsH,uKAI,L84s,_5OXC8MSLt,LxWMvcL,jtMm,UYBR,qxDb,4UxGlow,oslk,catzS2D,M_8D,5Acm,ZI9m,ib5G6X1eUxUn6
0,840,7,508,136,170,24,260.4,0,6177960,0,4.998077,18,84,21,2534544,0,188076.9,20,2,32,32,403140,935,78,3888,0,3358100,475230,900,0,18,0,10584880,18,475224,0,0,1JGTmBQZiT,RO12,taul,1K8T,AHgj,X94uP03,7dpqHkbeHw,jCG1,9_Y1,TjV7,sJzTlal,Tkho,me75fM6ugJ,kIsH,uKAI,Mtgm,NhsEn4L,beK4AFX,FCXE,UYBR,FzaX,YXh0FxM,oslk,s5vObSS,LM8l689qOp,FSa2,RAYp,F2FyR07IdsN7I
0,966,7,220,296,370,72,294.72,0,3122754,0,0.3405255,18,152,0,1902800,3,158954.7,25,8,88,56,-91657.6,815,60,64008,8,2780115,651694,75,0,36,0,9160280,78,1434810,0,0,JMGq9aXt5a,2Knk1KF,taul,1K8T,487l,jJ_J26Z,r83_sZi,Asx5,9_Y1,Y9Bl,VpdQ,hAFG,me75fM6ugJ,kIsH,uKAI,Mtgm,XfqtO3UdzaXh_,XTbPUYD,BCds,UYBR,FzaX,EMvv4zN,oslk,RDY7kpB,LM8l689qOp,uWr3,RAYp,55YFVY9
0,1421,7,5988,264,330,104,166.56,0,374280,0,1.990173,27,242,392,827216,0,30061.2,0,14,88,72,-1487740,1070,24,4959,0,1527665,413628,3025,0,18,47593,2831012,66,177744,0,0,1PnZptzip9,_7J0OGNN8s6gFzbM,I9xt3GDRhUK7p,1K8T,487l,fhk21Ss,Tg7jjBB,nyeU,9_Y1,t_4G,09_Q,y6dw,7M47J5GA0pTYIFxg5uy,kIsH,uKAI,L84s,MeOIHRG3F9,EknepHi,DKct,cJvF,FzaX,4UxGlow,zCkv,catzS2D,LM8l689qOp,Qu4f,ZI9m,ZeaF
0,1463,7,344,264,330,88,133.12,0,0,0,1.868404,9,50,0,294408,3,6006.78,0,10,80,80,-39390.84,1335,0,62550,24,531975,26206,3035,0,0,86548,644452,80,28884,0,14,DHeTmBftjz,AERks4l,taul,1K8T,0Xwj,Qls0CV_,htRzA0crKi,XCko,F3hy,4N0K,VpdQ,IYzP,GjJ35utlTa_GNSvxxpb9ju,kIsH,uKAI,L84s,JBfYVit4g8,TDcg1OS,sMxj,cJvF,FzaX,nEyFxqu,Al6ZaUT,QuuS9jj,LM8l689qOp,Qu4f,02N6s8f,xwM2aC7IdeMC0
0,4200,21,936,296,370,160,166.56,0,451146,0,3.799615,45,136,35,713552,0,11015.25,10,20,80,136,-213532,1635,12,54414,8,862115,181076,3360,6,54,334411,1986604,46,393276,0,0,AUUt0GoOh3,2Knk1KF,taul,1K8T,TyGl,fhk21Ss,msIqHk8toE,F453,9_Y1,C7DI,VpdQ,hAFG,7M47J5GA0pTYIFxg5uy,kIsH,uKAI,L84s,XfqtO3UdzaXh_,XTbPUYD,rNhu,cJvF,FzaX,4UxGlow,oslk,catzS2D,LM8l689qOp,Qu4f,ZI9m,55YFVY9
0,7,0,0,16,20,16,347.68,0,0,0,0.07562487,9,14,0,0,6,329712,5,0,8,0,-729948,20,0,0,16,144375,44340,0,0,0,0,1758460,2,0,0,0,qXhvyxLp3Z,RO12,taul,1K8T,0Xwj,_A3nXHo,8nstQ62E0C,WClt,HLqf,vzJD,VpdQ,IYzP,me75fM6ugJ,sBgB,uKAI,L84s,NhsEn4L,kZJtVhC,2kka,cJvF,FzaX,THM88FJ,oslk,erEqhZX,LM8l689qOp,xb3V,RAYp,F2FyR07IdsN7I
0,784,7,0,136,170,152,253.52,0,1517028,0,5.226233,18,130,7,691200,0,229791.3,5,14,40,8,118096,505,30,1179,0,273120,3225140,40,0,18,604800,10471880,2,3628806,0,0,u6tWq6edh4,2Knk1KF,taul,1K8T,JLbT,82y4ewH,Ed78w47kJM,lrFp,9_Y1,_xpN,09_Q,sYC_,me75fM6ugJ,kIsH,uKAI,L84s,NhsEn4L,beK4AFX,d7gb,UYBR,FzaX,BxfoGGc,oslk,bd0iZDY,LM8l689qOp,FSa2,RAYp,55YFVY9
0,1183,14,780,140,175,48,186.64,0,4277028,0,0.9166844,18,42,238,2534544,0,124688.7,35,0,48,32,541552,765,54,38655,0,2817800,950448,2645,0,18,554435,10493640,18,0,0,0,qXhrEy7VR2,RO12,taul,1K8T,JLbT,4JEMGuV,LMDauou,zdei,9_Y1,X8zP,VpdQ,zm5i,me75fM6ugJ,kIsH,uKAI,L84s,NhsEn4L,mAjbk_S,astg,UYBR,AU8pNoi,VA_88FJ,oslk,0JeRt72,LM8l689qOp,Aoh3,RAYp,F2FyR07IdsN7I
0,63,0,0,244,305,96,20.08,0,5692008,0,5.269387,18,14,0,0,3,71443.8,25,8,24,0,885204,305,156,0,8,238615,46484,0,0,0,0,5810760,28,6348,0,0,1qmr4RQxul,RO12,taul,1K8T,kwI9,DW3heVi,h3WsUQk,RTc9,9_Y1,z5Ry,VpdQ,IYzP,me75fM6ugJ,kIsH,uKAI,L84s,NhsEn4L,mAjWzK1,BXUS,UYBR,FzaX,THMQrGj,oslk,cObaF5M,LM8l689qOp,FSa2,RAYp,F2FyR07IdsN7I
0,1099,7,272,156,195,56,220.08,0,5204298,9,1.220252,9,38,63,1534512,0,117916.8,15,6,40,32,148080.8,910,72,10035,8,3377050,516712,15,0,9,604800,9874440,20,1555200,0,0,_v2rjIKQ76,RO12,taul,1K8T,pGTb,6CXYbuk,BIxuwM5,8hgR,9_Y1,7WNq,VpdQ,zm5i,Kxdu,kIsH,uKAI,L84s,9pUnzWLbztKTo,mAjygUE,rHSd,cJvF,FzaX,ROeipLp,zCkv,K2SqEo9,jySVZNlOJy,WqMG,6fzt,am14IcfM7tWLrUmRT52KtA
0,1071,7,504,356,445,296,0,0,48858,0,0.7558214,9,106,7,112968,6,4100.97,10,12,64,96,-4143.28,975,66,20520,24,158485,121464,5485,0,9,25347,504476,42,66780,0,7,DHevyx7IEC,RO12,taul,1K8T,dWQK,SkIcgy7,7ruFuE4,czHw,9_Y1,xSqs,VpdQ,haYg,me75fM6ugJ,kIsH,uKAI,L84s,XfqtO3UdzaXh_,11p4mKe,HImK,cJvF,AU8pNoi,54pYWu3,oslk,uBq7qqc,LM8l689qOp,szEZ,RAYp,F2FyR07IdsN7I
0,595,0,0,124,155,8,186.64,0,1619898,0,2.330485,9,28,0,6139552,0,222255.9,0,0,32,72,82756,485,24,0,0,7344000,31304,0,0,9,0,10087520,34,0,0,0,1KSqrQK2Mx,RO12,taul,1K8T,TyGl,eIfMukw,nJy8d8N5V7yiy,BGHE,9_Y1,15m3,VpdQ,zm5i,me75fM6ugJ,kIsH,uKAI,L84s,NhsEn4L,mAjbk_S,Edx1,cJvF,FzaX,ue3v1FD,oslk,E11ObSS,LM8l689qOp,FSa2,RAYp,F2FyR07IdsN7I
0,840,21,1988,160,200,40,354.48,0,6782700,0,1.872036,36,40,553,2096704,0,224877.9,30,4,48,32,364544.4,550,84,12960,0,2934440,306636,12045,0,27,120974,10709960,18,475584,0,0,Yn7t0Go8Lb,RO12,taul,1K8T,LloI,JVF11pK,_jTP8ioIlJ,lT2l,9_Y1,Z5OU,VpdQ,IYzP,me75fM6ugJ,kIsH,uKAI,L84s,NhsEn4L,NGZ8l1f,78p0,UYBR,FzaX,AOhuZGO,oslk,W8mwS9i,LM8l689qOp,Qu4f,RAYp,F2FyR07IdsN7I
0,2282,7,328,384,480,176,166.56,0,1232538,0,2.637043,9,70,119,1004248,0,9722.76,70,20,176,120,374170.4,1190,162,486,0,1246480,270532,320,0,9,81431,4010320,16,970602,0,0,BQa9tYsdof,RO12,taul,1K8T,0Xwj,iJzviRg,yiXKNUCbD1,cFfw,F3hy,YULl,VpdQ,haYg,7M47J5GA0pTYIFxg5uy,kIsH,uKAI,Mtgm,9fipLB8rlL,kq06XJX,PQD0,UYBR,wwPEXoilkr,ch2oGfM,zCkv,P6pu4Vl,LM8l689qOp,FSa2,ZI9m,R4y5gQQWY8OodqDV
0,1008,7,236,136,170,16,320.4,0,5153688,0,6.603076,9,58,14,3340872,0,112774.8,15,0,32,40,112658.8,205,66,72423,0,4965320,197246,225,0,9,0,10435480,26,0,0,0,mzKvyx8zhV,RO12,taul,1K8T,xgSF,eQgnKxT,tru3GNC3u14shA_jA7L,TLWi,9_Y1,MBhA,09_Q,lVqb,me75fM6ugJ,kIsH,uKAI,L84s,XfqtO3UdzaXh_,11p4mKe,yafO,cJvF,FzaX,GpvRJ5l,oslk,i06ocsg,jySVZNlOJy,WqMG,RAYp,F2FyR07IdsN7I
0,875,7,3352,140,175,24,226.8,0,6739260,0,4.121128,9,38,0,1382400,0,170706.6,35,0,32,16,500784,705,78,9369,0,3960980,77030,2105,0,9,0,10829720,20,0,0,0,HYTvyx7ejg,RO12,taul,1K8T,oXaB,H7Fp6vu,LWyFlLYrMm,wvC_,9_Y1,YGOC,VpdQ,zm5i,me75fM6ugJ,kIsH,uKAI,Mtgm,NhsEn4L,kZJaHc_,cS21,cJvF,FzaX,MVOjtxg,oslk,Zwra5gA,LM8l689qOp,szEZ,RAYp,F2FyR07IdsN7I
0,1218,7,3416,188,235,64,233.44,0,26034,0,4.569323,9,138,63,680480,0,6953.521,10,6,40,64,75516.8,690,18,208053,0,497390,109752,1455,0,9,367780,1033244,46,62922,0,0,64nWq69R_D,rEUOq2QD1qfkRr6qpua,taul,1K8T,yMvB,fhk21Ss,Pkku4gO,nYWr,9_Y1,0A_v,VpdQ,6JmL,7M47J5GA0pTYIFxg5uy,kIsH,uKAI,L84s,QsQAxv5,OFqwZ2u,e0EP,UYBR,FzaX,4UxGlow,QKW8DRm,catzS2D,jySVZNlOJy,PM2D,ZI9m,ib5G6X1eUxUn6
0,791,7,780,128,160,128,186.64,0,999204,0,6.924161,9,170,35,0,0,220371.3,10,14,40,0,236946,490,12,5328,0,1756205,2764380,2070,0,18,0,10570040,10,3628800,0,0,qFpmfo8zhV,LrdZy8QqgUfkVShG,taul,1K8T,ssAy,fhk21Ss,cQ4ip_Aglm,lcmW,9_Y1,gnEy,09_Q,kxE9,7M47J5GA0pTYIFxg5uy,kIsH,uKAI,L84s,XfqtO3UdzaXh_,XTbqizz,t_AA,cJvF,AU8_WTd,4UxGlow,oslk,catzS2D,jySVZNlOJy,3Cy4,ZI9m,ib5G6X1eUxUn6
0,924,7,244,140,175,72,200,0,4659084,0,1.322153,9,42,0,2073600,0,181773.9,20,4,32,24,588656,530,60,40473,0,2705970,1058654,1765,0,0,0,10498560,14,1036800,0,0,cFHt0GoOh3,AERks4l,taul,1K8T,G6s_,4UKrDRY,MV4DUjA,LuLv,9_Y1,rGJy,VpdQ,IYzP,GjJ35utlTa_GNSvxxpb9ju,kIsH,uKAI,L84s,JBfYVit4g8,TDctq2l,sjNv,cJvF,FzaX,hpqwyO5,Al6ZaUT,icI4yOc,jySVZNlOJy,Qu4f,02N6s8f,xwM2aC7IdeMC0
0,777,21,272,172,215,56,166.56,0,3868206,0,2.542192,45,96,0,1752992,0,131090.1,25,4,40,24,200764,995,114,8919,0,1921690,1045490,160,0,18,0,9204560,14,1036800,0,0,u6tWq6edh4,RO12,taul,1K8T,WkTj,1sBYWIJ,DKUDUftgA7,nNGw,9_Y1,_xpN,VpdQ,sYC_,6C53VA1kCv,kIsH,uKAI,L84s,fSKKIQdIPDXgw,mAjeCr4,uTDD,UYBR,JdAM,CxcKx11,zCkv,mf7uNGO,jySVZNlOJy,FSa2,6fzt,xwM2aC7IdeMC0
0,1722,14,5648,816,1020,232,166.56,0,1820916,0,1.765007,27,136,644,840800,0,19396.05,0,26,184,304,1154.716,3065,42,74799,0,1852010,97528,1905,0,18,198366,3530268,234,328890,0,0,P1WvyxLp3Z,LrdZy8QqgUfkVShG,taul,1K8T,TyGl,fhk21Ss,e1XhvTunuD,gVmZ,9_Y1,vzJD,VpdQ,wMei,7M47J5GA0pTYIFxg5uy,kIsH,uKAI,L84s,h0lfDKh52u4GP,IoI4mKe,D4bn,cJvF,FzaX,4UxGlow,oslk,catzS2D,LM8l689qOp,xb3V,ZI9m,ib5G6X1eUxUn6
0,798,7,404,148,185,128,212.24,0,128688,0,4.752617,9,94,56,218128,0,6975.39,0,8,24,24,36774.56,495,12,495,0,140905,75270,100,0,36,192332,518680,24,90840,0,0,1JGr4RKzJV,RO12,taul,1K8T,kNzO,iJzviRg,NFlvImK8_U,ihBp,9_Y1,DtNL,09_Q,wMei,7M47J5GA0pTYIFxg5uy,kIsH,uKAI,L84s,9fipLB8rlL,mAjMuH6,07VM,UYBR,FzaX,ch2oGfM,zCkv,P6pu4Vl,LM8l689qOp,FSa2,ZI9m,R4y5gQQWY8OodqDV
0,1008,7,220,140,175,48,186.64,0,6056460,0,2.354411,9,58,0,1382400,0,164457.9,20,4,32,16,199681.6,555,78,20853,0,2572815,837904,155,0,9,0,10536480,16,1036800,0,0,xOXTmBtFkL,RO12,taul,1K8T,0Xwj,fqeOwLG,_emy5zo,lYhq,HLqf,C6Eu,VpdQ,43pnToF,7M47J5GA0pTYIFxg5uy,sBgB,uKAI,L84s,FMSzZ91zL2,TDcEYQ6,mvtB,cJvF,FzaX,fxJmel6,zCkv,WfsWw2A,LM8l689qOp,rgKb,ZI9m,SbOd7O8ky1wGNxp0Arj0Xs
0,875,7,52,120,150,160,333.6,0,0,0,1.417432,18,38,0,570688,0,195789.3,0,12,32,16,638932,460,0,2583,0,397620,3454400,20,0,9,1814400,9585840,4,3110400,0,0,MlYvyx875g,RO12,taul,1K8T,kNzO,UYHpyCg,MSmOHlx,yr9u,9_Y1,MBhA,09_Q,IYzP,DHn_WUyBhW_whjA88g9bvA64_,kIsH,uKAI,L84s,CrNX,mAjbq_f,QORN,UYBR,FzaX,ezqLlj8,d0EEeJi,H0UP9Kd,jySVZNlOJy,WqMG,nIGXDli,F2FyR07IdsN7I
0,721,7,1996,24,30,0,253.52,0,3441234,0,3.869259,9,106,91,0,0,242782.5,0,0,0,0,127975.6,390,6,37647,0,10109000,0,515,0,36,0,10381360,10,0,0,0,GcUBcmz45j,2Knk1KF,taul,1K8T,0WHw,xziqMKD,aXPHXVS,kTCl,9_Y1,KubS,09_Q,hAFG,me75fM6ugJ,kIsH,uKAI,Mtgm,XfqtO3UdzaXh_,XTbPUYD,uonk,UYBR,FzaX,KX868SY,oslk,Mkb2C8o,LM8l689qOp,Qcbd,RAYp,55YFVY9
0,805,7,960,204,255,80,286.96,0,3288102,0,2.83166,18,86,91,5529712,0,213729.9,10,2,48,64,93224.4,605,42,16182,0,5861150,199354,6055,0,18,0,10566400,46,6498,0,0,crIt0Go8Lb,RO12,taul,1K8T,wGW5,bn80yiU,J1MZ1kd,_nL2,9_Y1,YePk,sJzTlal,lVqb,me75fM6ugJ,kIsH,uKAI,L84s,XfqtO3UdzaXh_,11p4mKe,sjDV,cJvF,FzaX,QnxOw16,oslk,Ef3qqb8,jySVZNlOJy,Qu4f,RAYp,F2FyR07IdsN7I
0,350,7,156,108,135,64,200,0,0,0,0.6385388,18,164,21,48392,0,7588.44,0,6,40,24,-36532.16,415,0,3708,0,173990,81548,485,0,45,36652,380648,26,81246,0,0,JMGq9aXt5a,2Knk1KF,taul,1K8T,TyGl,1uc3PRP,EXpWEXgaYWQf4,xD5L,9_Y1,6TCl,VpdQ,y6dw,me75fM6ugJ,kIsH,uKAI,L84s,XfqtO3UdzaXh_,XTbPUYD,OM4Z,cJvF,AU8pNoi,0vi6w_1,oslk,Dp9ED8N,LM8l689qOp,uWr3,RAYp,TCU50_Yjmm6GIBZ0lL_
0,266,0,0,100,125,40,253.52,0,3573942,0,5.800897,9,18,0,1775040,0,214661.1,5,2,16,24,60597.6,540,48,0,0,5147750,536134,0,0,9,0,10185960,14,2112804,0,0,P1WvyxLp3Z,RO12,taul,1K8T,UpNf,T2e7I6V,r83_sZi,GYAW,9_Y1,_r21,VpdQ,zm5i,7M47J5GA0pTYIFxg5uy,kIsH,uKAI,L84s,NhsEn4L,NGZxnJM,gId1,cJvF,FzaX,ACmTklq,oslk,rDbG_aX,LM8l689qOp,xb3V,ZI9m,F2FyR07IdsN7I
0,7,0,0,16,20,8,486.4,5,0,0,6.646657,9,12,0,4838408,0,1063806,0,0,8,8,-391230,20,0,0,16,2770520,519004,0,0,0,0,5673640,4,0,0,7,KXMgUH7IEC,RO12,taul,1K8T,JLbT,T2e7I6V,u2p2Afw,dZaL,9_Y1,1Bp0,09_Q,IYzP,7M47J5GA0pTYIFxg5uy,kIsH,uKAI,Mtgm,NhsEn4L,kq0dQfu,HySH,UYBR,FzaX,ACmTklq,oslk,rDbG_aX,LM8l689qOp,WqMG,ZI9m,F2FyR07IdsN7I
0,105,7,24,12,15,0,12.63328,0,0,0,6.065584,9,112,7,0,0,4991.58,0,2,0,0,98935.2,125,0,279,0,29565,0,90,0,0,0,37900,4,21372,0,0,Yddq9ayE15,RO12,taul,1K8T,hAOr,iJzviRg,nQUBcBcErl,NqQi,9_Y1,F_Lu,VpdQ,IYzP,7M47J5GA0pTYIFxg5uy,kIsH,uKAI,L84s,4kVnq_T26xq1p,TDcAUEG,MhYL,UYBR,FzaX,ch2oGfM,zCkv,P6pu4Vl,LM8l689qOp,TNEC,ZI9m,R4y5gQQWY8OodqDV
0,385,14,308,156,195,0,166.56,0,9996420,0,2.469344,36,68,42,240056,0,77136.91,40,0,32,8,127956,555,150,55539,0,1317970,0,1985,0,0,0,10603480,10,0,0,0,DHeq9ayfAo,RO12,taul,1K8T,mAW3,20db6I9,nDVACim,5uIy,9_Y1,kJJ7,09_Q,IYzP,me75fM6ugJ,sBgB,uKAI,L84s,NhsEn4L,mAjbk_S,S9AY,cJvF,FzaX,yMCo2f2,oslk,n2ha_vf,jySVZNlOJy,7P5s,RAYp,F2FyR07IdsN7I
0,1085,7,2552,128,160,16,286.96,0,2073906,0,6.861782,18,152,112,2377152,0,172060.5,10,4,24,32,0,520,42,37557,0,5174850,93390,80,0,27,265608,8103080,30,1036800,0,0,oBXTmBtFkL,rEUOq2QD1qfkRr6qpua,taul,1K8T,TyGl,fhk21Ss,1lFJzqR,hmZ4,9_Y1,C6Eu,VpdQ,hAFG,7M47J5GA0pTYIFxg5uy,kIsH,7A3j,L84s,leSl,teA09W3,tiWj,cJvF,FzaX,4UxGlow,QKW8DRm,catzS2D,LM8l689qOp,rgKb,ZI9m,ib5G6X1eUxUn6
0,791,7,1436,132,165,48,253.52,0,3808254,0,2.138432,9,42,7,3168128,0,219848.4,20,2,32,40,671320,490,48,29493,0,3468225,867236,4005,0,9,554428,10216040,18,475224,0,0,qFpmfo8zhV,RO12,taul,1K8T,ssAy,25Ax0bI,88EhRq8,70T2,9_Y1,wGwL,sJzTlal,zm5i,me75fM6ugJ,kIsH,uKAI,Mtgm,NhsEn4L,mAjbk_S,5R06,cJvF,FzaX,8c868SY,oslk,PQROEra,LM8l689qOp,wX53,RAYp,F2FyR07IdsN7I
0,91,0,0,92,115,56,166.56,0,1808214,0,3.4138,18,14,0,4447768,0,104947.8,5,0,8,32,-29209.28,250,24,0,0,452085,537670,0,0,0,0,5945200,14,0,0,0,NESt0G8EIb,AERks4l,taul,1K8T,lK27,zKpEyS0,LJF4fPp,vX2R,9_Y1,e7QV,VpdQ,IYzP,GjJ35utlTa_GNSvxxpb9ju,kIsH,uKAI,L84s,JBfYVit4g8,TDc_9Yi,xxJ9,cJvF,FzaX,cNuFfsb,Al6ZaUT,qDd_Ukv,LM8l689qOp,fKCe,02N6s8f,xwM2aC7IdeMC0
0,42,7,3916,100,125,152,166.56,0,0,9,5.881649,9,136,189,291704,0,16820.16,0,8,16,16,-1830580,125,0,6003,16,0,135018,135,0,45,217420,560672,0,217176,0,7,64ngUH7IEC,AERks4l,taul,1K8T,TyGl,fhk21Ss,LH0kFz12FM,gyLz,9_Y1,DmlN,sJzTlal,haYg,7M47J5GA0pTYIFxg5uy,kIsH,uKAI,L84s,WsRVNrF85oPU_,_JdjUtW,9vxrzk6,cJvF,FzaX,4UxGlow,zCkv,catzS2D,LM8l689qOp,w_Ub,ZI9m,ib5G6X1eUxUn6
0,784,14,4440,168,210,40,265.92,0,0,0,3.978851,18,74,70,78056,0,32063.7,0,2,8,64,-1806744,685,0,3969,0,683170,62920,515,0,0,0,713212,56,2712,0,0,vAsgUHXM47,zPhCMhkz9XiOF7LgT9VfJZ3yI,taul,1K8T,0Xwj,PHNvXy8,etM739XNb0Rf0,EOfa,HLqf,LqKm,VpdQ,IYzP,NKv3VA1BpP,sBgB,uKAI,L84s,Ie_5MZs,y5FEvJ5,4_kv,UYBR,FzaX,UF16siJ,zCkv,APgdzOv,LM8l689qOp,453m,6fzt,xwM2aC7IdeMC0
0,539,0,0,136,170,64,186.64,0,2341872,0,0.7130955,9,28,0,3456000,0,224445.6,10,4,32,40,96739.2,510,30,0,0,4882810,1043512,0,0,18,0,10570320,24,1036800,0,0,HAoOj1KXzC,RO12,taul,1K8T,z32l,mfjR5DT,y2LIM01bE1,oFfw,9_Y1,vYXv,sJzTlal,IYzP,me75fM6ugJ,kIsH,uKAI,L84s,NhsEn4L,mAja5EA,_MuT,cJvF,AU8_WTd,vh98iqZ,oslk,5R7Ty9x,jySVZNlOJy,kwS7,RAYp,F2FyR07IdsN7I
0,441,7,1240,156,195,64,133.12,0,0,0,1.339457,9,152,0,14840,0,2967.294,0,2,8,32,1941.428,575,0,28926,0,142990,22740,15,0,9,0,170240,52,4422,0,0,vAsgUHXM47,2Knk1KF,taul,1K8T,TyGl,ho_dR0M,9HOPNsJ,ntN7,9_Y1,STGZ,09_Q,kxE9,me75fM6ugJ,kIsH,uKAI,L84s,XfqtO3UdzaXh_,_JdcICD,GAab,cJvF,AU8_WTd,hAX6pd1,oslk,FYyQowC,jySVZNlOJy,453m,RAYp,55YFVY9
0,693,7,500,136,170,24,166.56,0,5787576,0,6.465713,9,32,413,2441976,0,198681.6,20,2,32,32,89740,515,72,13311,0,3997995,389120,230,0,0,604800,10442400,20,5988,0,0,ypNt0Go8Lb,RO12,LfvqpCtLOY,1K8T,JLbT,dgtng1z,II0S8f9,bWuP,9_Y1,t_4G,VpdQ,IYzP,me75fM6ugJ,kIsH,uKAI,L84s,NhsEn4L,mAjbk_S,P9ZU,UYBR,FzaX,CWefR8o,oslk,_8WEKx8,LM8l689qOp,Qu4f,RAYp,F2FyR07IdsN7I
0,2653,7,7716,168,210,72,264.8,5,3712968,0,6.464431,9,74,266,5062208,0,72188.41,5,10,32,72,92096,580,54,59823,8,3520910,416390,33965,0,18,1515556,9861840,18,1553232,0,0,uUdt0G8EIb,AERks4l,taul,1K8T,2Ix5,NrB7nZN,bAy3yxUbOx,dHOn,9_Y1,k13i,09_Q,IYzP,GjJ35utlTa_GNSvxxpb9ju,kIsH,uKAI,L84s,JBfYVit4g8,uZLw7zy,fmpb,UYBR,FzaX,aD1tJ9p,Al6ZaUT,iPW3NNv,LM8l689qOp,fKCe,02N6s8f,xwM2aC7IdeMC0
0,1008,7,596,168,210,8,133.12,0,3930,0,0.7186499,9,90,7,225272,0,2697.618,0,2,16,96,-334185.2,625,6,17604,0,144485,2484,530,0,9,17115,241508,54,8544,0,0,DHeq9ayfAo,RO12,taul,1K8T,SzjZ,Fnlw8DQ,UFIdC8I,vEuz,9_Y1,QBpP,VpdQ,haYg,me75fM6ugJ,kIsH,uKAI,L84s,XfqtO3UdzaXh_,XTbPUYD,xWz6,UYBR,FzaX,wIfAM23,oslk,dwbKSUK,LM8l689qOp,7P5s,RAYp,F2FyR07IdsN7I
0,2184,21,4108,52,65,16,248.08,0,239058,0,2.265969,36,106,490,108240,6,49324.2,10,0,16,16,-778964,65,6,194697,16,798230,284646,12400,0,27,17759,2112568,12,0,0,0,vAsgUHXM47,2Knk1KF,taul,1K8T,wGW5,15Ol91c,1ZJ4cG_,ZGea,9_Y1,STGZ,VpdQ,sYC_,me75fM6ugJ,kIsH,uKAI,L84s,NhsEn4L,beK4AFX,B4IZ,UYBR,FzaX,3PrRoKG,oslk,8dbaXbj,jySVZNlOJy,453m,RAYp,55YFVY9
0,994,7,504,132,165,16,188.88,0,5044134,0,1.253151,18,132,0,3485040,0,146012.4,10,0,32,48,149254.4,485,66,37764,0,5184000,179818,755,0,9,1209600,10303320,24,0,0,0,zKnr4RXktW,rEUOq2QD1qfkRr6qpua,taul,1K8T,0Xwj,fhk21Ss,BBhiudN5VwCx3,p80K,HLqf,ZKJc,VpdQ,haYg,7M47J5GA0pTYIFxg5uy,sBgB,uKAI,L84s,9fipLB8rlL,kZJjzeN,sPOl,cJvF,FzaX,4UxGlow,zCkv,catzS2D,LM8l689qOp,7FJQ,ZI9m,ib5G6X1eUxUn6
0,1064,7,1440,168,210,160,200,0,281982,0,3.637898,27,88,217,1361176,0,54958.5,0,4,48,72,-141387.2,775,18,48528,0,587040,271152,100,0,0,815318,2049864,16,254028,0,0,BQa9tYsdof,RO12,taul,1K8T,487l,eDdnaaX,76j2P_OLn0,MQZB,9_Y1,YULl,VpdQ,IYzP,me75fM6ugJ,kIsH,uKAI,L84s,NhsEn4L,beK4AFX,EbmI,UYBR,qxDb,Dw7YjZW,oslk,oCzEVaf,jySVZNlOJy,FSa2,RAYp,F2FyR07IdsN7I
0,791,7,2880,4,5,8,66.88,0,0,0,0.6289254,9,136,14,0,0,1652.79,0,0,0,0,-1738952,130,0,31077,0,0,1020,5,0,9,0,2040,0,0,0,0,mCGq9ayE15,2Knk1KF,taul,1K8T,tzKK,RgDMVop,jt3xMpI_cxIIW,ScE4,9_Y1,kJJ7,sJzTlal,kxE9,me75fM6ugJ,kIsH,uKAI,Mtgm,h0lfDKh52u4GP,IoI4mKe,bGSS,cJvF,wwPEXoilkr,RnYmfvd,oslk,4IeMak1,LM8l689qOp,7P5s,RAYp,55YFVY9
0,2653,21,5432,304,380,288,166.56,0,18528,0,6.345439,36,126,350,329192,0,7295.22,15,20,88,104,87931.6,1235,18,41445,0,115910,313244,5905,0,18,273385,1305968,22,544122,0,0,KXMWq69R_D,2Knk1KF,taul,1K8T,ssAy,PHNvXy8,Hz673939hbJdw,xDFZ,9_Y1,0A_v,VpdQ,hAFG,NKv3VA1BpP,kIsH,uKAI,L84s,Ie_5MZs,teAjUwW,cB_U,cJvF,wwPEXoilkr,UF16siJ,zCkv,APgdzOv,LM8l689qOp,PM2D,6fzt,Zy3gnGM
0,2037,7,4416,340,425,200,256.24,0,1659750,0,0.7489852,18,34,42,4422056,0,74330.7,15,18,80,80,135503.2,1310,90,21195,0,6223300,685262,7365,0,9,58919,10404800,46,759108,0,0,bZkvyxLkBI,RO12,taul,1K8T,0Xwj,MqszU43,hOpMh7dRpW,33Cm,HLqf,FbIm,09_Q,zm5i,DHn_WUyBhW_whjA88g9bvA64_,sBgB,uKAI,L84s,CrNX,y5FewfI,eIXh,cJvF,FzaX,ot6fprf,d0EEeJi,TP6_AJB,LM8l689qOp,xb3V,nIGXDli,F2FyR07IdsN7I
0,3171,7,188,140,175,40,588.8,0,4918350,0,5.322794,9,58,0,2764800,0,44236.5,10,4,32,32,53220.4,540,66,783,0,3716995,691654,600,0,36,0,10400600,22,1036800,0,0,hSovyx7IEC,RO12,taul,1K8T,hM6W,kJ1ERUT,4hMlgkf58mhwh,LHEA,9_Y1,xSqs,VpdQ,6JmL,7M47J5GA0pTYIFxg5uy,kIsH,uKAI,L84s,leSl,XTbWNnD,yzTu,cJvF,FzaX,MMTJrCp,QKW8DRm,Rkj9jvX,LM8l689qOp,szEZ,vJ_w8kB,WfJ2BB2SFSqauljlfOB
0,3759,7,620,1236,1545,968,200,0,2631126,0,2.924589,9,134,70,3590344,0,42131.1,130,86,344,112,205194,6265,456,5364,0,5923850,555626,5,0,9,225456,10630640,58,598710,0,0,BQa9tYsdof,2Knk1KF,taul,1K8T,TyGl,bMTAExd,76j2P_OLn0,Kahh,9_Y1,YULl,VpdQ,haYg,me75fM6ugJ,kIsH,uKAI,L84s,XfqtO3UdzaXh_,11p4mKe,Vt1_,cJvF,FzaX,07mQFkJ,oslk,8VyjxQb,jySVZNlOJy,FSa2,RAYp,55YFVY9
0,1008,7,3512,216,270,72,166.56,0,68478,0,5.443281,9,120,273,310472,0,9497.49,0,6,64,104,-1141536,590,18,7317,0,348090,68044,280,0,45,0,626512,52,16596,0,0,75lTmBtFkL,AERks4l,taul,1K8T,zcPU,NeewWHr,767sa0XN9l,hmZ4,9_Y1,C6Eu,09_Q,giwq,DHn_WUyBhW_whjA88g9bvA64_,kIsH,uKAI,L84s,CrNX,7N7iRy5,WiKU,cJvF,FzaX,sTyGBo6,d0EEeJi,lJxyXkn,LM8l689qOp,rgKb,nIGXDli,ib5G6X1eUxUn6
0,714,7,2184,124,155,16,186.64,10,6017280,0,4.515702,9,84,63,729304,6,85321.8,25,6,40,16,575620,355,78,8478,48,1923915,232776,5395,6,18,217917,8347640,12,702276,0,7,a4vPe2fHUn,RO12,taul,1K8T,0Xwj,kJ1ERUT,yLQTWghLEB,T5aZ,HLqf,mTeA,09_Q,wMei,7M47J5GA0pTYIFxg5uy,sBgB,uKAI,L84s,leSl,CWNHJ27,YS4i,UYBR,FzaX,MMTJrCp,QKW8DRm,Rkj9jvX,LM8l689qOp,FSa2,vJ_w8kB,WfJ2BB2SFSqauljlfOB
0,616,7,668,156,195,32,266.88,0,6274860,0,0.5439008,9,30,798,1113208,0,219877.2,35,0,48,32,-4849.28,540,78,38925,0,2229220,328178,480,0,27,869533,9511280,22,0,0,0,2AAWq69R_D,RO12,taul,1K8T,ssAy,GdzFZs5,BcW_jOZe0F,eKTQ,9_Y1,Px52,VpdQ,IYzP,me75fM6ugJ,kIsH,uKAI,L84s,NhsEn4L,kZJtVhC,JEC4,UYBR,FzaX,Xsg8XLE,oslk,eIi2qo0,jySVZNlOJy,PM2D,RAYp,F2FyR07IdsN7I
0,448,0,0,152,190,40,265.76,0,4853076,0,2.302927,9,24,0,2082928,0,221236.2,30,2,40,40,394860,535,72,0,0,3251700,731644,0,0,18,0,10559200,18,475218,0,0,LDPq9ayfAo,RO12,taul,1K8T,PJLW,8ij6Lg8,nQU2P_OLn0,PEA0,9_Y1,vm5R,VpdQ,zm5i,me75fM6ugJ,kIsH,uKAI,L84s,NhsEn4L,kq0IYu6,8pnM,cJvF,FzaX,7OmVzos,oslk,76DJixu,LM8l689qOp,7P5s,RAYp,F2FyR07IdsN7I
0,532,7,64,40,50,0,286.96,5,1900848,0,2.720572,9,148,105,633616,0,63243.9,5,0,8,8,-787596,390,24,86031,8,1007520,0,140,0,27,0,2706864,8,0,0,0,ypNt0Go8Lb,2Knk1KF,taul,1K8T,7gSz,lKNMukw,3X0xOLn,nd8k,9_Y1,rGJy,09_Q,wMei,me75fM6ugJ,kIsH,uKAI,L84s,h0lfDKh52u4GP,IoI4mKe,kPo4,cJvF,FzaX,3vmv1FD,oslk,X7rObSS,LM8l689qOp,Qu4f,RAYp,55YFVY9
0,2254,7,120,300,375,160,320.4,10,5556372,0,1.744072,9,34,35,1205576,0,74253,45,12,72,64,74880.4,1200,78,2295,16,3858110,274632,2080,0,9,778127,10359040,38,527532,0,0,4e7Wq69R_D,RO12,taul,1K8T,ssAy,DP55V1L,UFIdC8I,QghP,9_Y1,0A_v,VpdQ,zm5i,me75fM6ugJ,kIsH,uKAI,L84s,NhsEn4L,kZJtVhC,eNx0,UYBR,FzaX,wZZ87dl,oslk,9iFzrB7,LM8l689qOp,PM2D,RAYp,F2FyR07IdsN7I
0,833,7,576,24,30,24,289.84,0,0,0,4.624439,18,70,133,0,0,231467.4,5,0,8,0,99325.2,315,0,11682,0,3449480,3628800,2210,0,9,0,10375880,4,0,0,0,52Iq9ayE15,RO12,taul,1K8T,LZs_,ORzyZ8I,nQUq7hGe64,Dg7F,9_Y1,000J,09_Q,IYzP,me75fM6ugJ,kIsH,uKAI,L84s,NhsEn4L,mAjbk_S,sdv9,cJvF,FzaX,KPaRa8C,oslk,l_freV4,M_8D,7P5s,RAYp,F2FyR07IdsN7I
0,1316,7,2348,32,40,0,220.08,0,579222,0,0.05810724,9,116,0,0,0,25395.75,5,0,8,0,187573.2,690,12,3978,0,9469400,0,1380,0,18,0,9908200,10,0,0,0,zKnr4RXktW,2Knk1KF,taul,1K8T,dWQK,KweCreM,II0S8f9,xQJF,9_Y1,TFSW,VpdQ,hAFG,me75fM6ugJ,kIsH,uKAI,L84s,XfqtO3UdzaXh_,XTbPUYD,erQe,cJvF,FzaX,UvLOVQC,oslk,nuwzgmc,LM8l689qOp,Xa3G,RAYp,55YFVY9
0,322,0,0,116,145,8,266.88,0,10368000,0,0.946379,9,24,0,0,0,228998.1,40,0,32,0,151111.6,455,120,0,0,0,9030,0,0,9,0,9694880,0,0,0,0,xddq9ayfAo,RO12,taul,1K8T,z32l,vQ_EFli,Cy0RhGn,ZMoo,9_Y1,vm5R,VpdQ,zm5i,me75fM6ugJ,kIsH,uKAI,L84s,NhsEn4L,kZJtVhC,3HqK,cJvF,FzaX,i9JDnJ7,oslk,NRszGlY,LM8l689qOp,7P5s,RAYp,F2FyR07IdsN7I
0,931,7,0,164,205,72,253.52,5,4637280,0,0.5515916,9,48,0,1900896,0,186345.3,5,8,32,24,329747.6,630,72,6948,8,2713960,1163844,40,0,0,1108856,9813040,24,1433076,0,0,Qu0qrQKzJV,RO12,taul,z3mO,0Xwj,47WvARv,J6THhjo,OLXK,HLqf,15m3,VpdQ,IYzP,me75fM6ugJ,sBgB,uKAI,L84s,NhsEn4L,mAjbk_S,K2hx,UYBR,FzaX,wq0v48t,oslk,AXLqqb8,LM8l689qOp,FSa2,RAYp,F2FyR07IdsN7I
0,1029,7,708,172,215,88,186.64,0,4666500,0,2.059602,9,36,189,1021104,0,145755.3,35,2,64,40,359102.4,730,60,64377,0,3025890,914816,13305,0,18,0,10343320,18,518400,0,0,AhzOj17IEC,RO12,taul,1K8T,7M9D,ADzGbal,jXIs0KG,Zyu5,9_Y1,eQTr,VpdQ,IYzP,DHn_WUyBhW_whjA88g9bvA64_,kIsH,uKAI,L84s,CrNX,mAjbq_f,1zIm,UYBR,FzaX,HH331Hm,d0EEeJi,baFlRpW,LM8l689qOp,7aLG,nIGXDli,F2FyR07IdsN7I
0,1239,7,36,432,540,184,87.52,0,1072356,0,2.821619,9,140,0,3909840,3,42111,20,2,120,136,-607888,1030,114,35226,8,2553915,275152,255,0,27,646422,5712920,88,181500,0,0,GcUBcmz45j,AERks4l,taul,1K8T,D68y,fhk21Ss,P9HTde2,lv_k,9_Y1,WGOH,VpdQ,wMei,7M47J5GA0pTYIFxg5uy,kIsH,uKAI,L84s,4kVnq_T26xq1p,IoIrqBY,fMnJ,UYBR,FzaX,4UxGlow,zCkv,catzS2D,LM8l689qOp,Qcbd,ZI9m,ib5G6X1eUxUn6
0,343,7,32,124,155,72,223.36,0,13104,0,0.07754754,9,104,0,261496,0,8756.699,15,20,112,48,43119.6,500,12,169488,0,9495,55728,1635,0,18,224007,646800,2,224586,0,0,zKnr4RXktW,RO12,taul,1K8T,1TqK,cmPXOhW,4O0D7cBiOG,NI5U,9_Y1,Zazx,09_Q,kxE9,me75fM6ugJ,kIsH,uKAI,L84s,XfqtO3UdzaXh_,kq0cPRz,HRPK,cJvF,FzaX,tjWYlW4,oslk,T_gzrB7,LM8l689qOp,Xa3G,RAYp,F2FyR07IdsN7I
0,518,7,16,136,170,8,166.56,0,91746,0,0.3364666,9,46,0,39072,0,5018.07,20,0,8,24,-23765.84,505,126,28800,0,35780,96,355,0,0,0,137644,10,0,0,0,tr0gUH7ejg,RO12,taul,1K8T,JLbT,J8SDj08,WICZqsx,lHfo,9_Y1,m_h1,VpdQ,IYzP,me75fM6ugJ,kIsH,uKAI,L84s,NhsEn4L,mAjbk_S,CeK7,UYBR,FzaX,azMRsCb,oslk,egEmC_N,LM8l689qOp,WqMG,RAYp,F2FyR07IdsN7I
0,1862,7,9740,388,485,216,133.12,0,0,0,4.916044,9,62,42,421608,0,4666.11,0,18,152,184,13090.56,1070,0,5004,0,283915,105150,955,0,9,52080,672508,76,36408,0,0,8I1r4RXXnK,RO12,taul,1K8T,1TqK,ojHnF0C,hOpMh7dRpW,OhUy,9_Y1,Zazx,09_Q,lVqb,me75fM6ugJ,kIsH,uKAI,L84s,XfqtO3UdzaXh_,XTbPUYD,W0dJ,cJvF,FzaX,KhlYWu3,oslk,83UEsaq,LM8l689qOp,Xa3G,RAYp,F2FyR07IdsN7I
0,637,0,0,140,175,88,266.88,0,5555844,0,1.787866,18,28,0,724056,0,218778.3,20,8,48,24,344048,530,66,0,0,346535,1900800,0,0,18,1196755,10607560,4,2062596,0,0,2jigUH7ejg,RO12,taul,1K8T,TyGl,7nPr1U6,P9HTde2,l40v,9_Y1,m_h1,VpdQ,IYzP,me75fM6ugJ,kIsH,uKAI,L84s,NhsEn4L,NGZxnJM,KPTa,UYBR,FzaX,eJsuwyX,oslk,2YrjELi,LM8l689qOp,WqMG,RAYp,F2FyR07IdsN7I
0,84,7,20,8,10,0,133.12,0,0,0,3.617603,9,62,0,0,0,210548.4,10,0,0,0,200469.2,40,0,1413,0,0,0,5,0,0,0,691200,0,0,0,0,5_lq9aXt5a,RO12,taul,1K8T,JLbT,tUuJwlU,g9g9KbI,zgFp,9_Y1,Y9Bl,VpdQ,IYzP,me75fM6ugJ,kIsH,uKAI,L84s,NhsEn4L,TDcECyH,1_T1,UYBR,qxDb,0vKvEWW,oslk,SqzQZmh,LM8l689qOp,uWr3,RAYp,F2FyR07IdsN7I
0,1092,0,16,92,115,48,166.56,0,541596,0,0.9378338,9,98,0,627288,0,61101.6,0,6,56,80,-333406,410,12,4563,0,198870,51862,0,0,9,330729,1121380,4,275778,0,0,DHeq9ayfAo,RO12,taul,1K8T,JLbT,cdAwv86,okUWEXgaYpMJ7,k7SL,9_Y1,kJJ7,VpdQ,sYC_,me75fM6ugJ,kIsH,uKAI,L84s,NhsEn4L,beK4AFX,He4R,UYBR,FzaX,806Ak0_,oslk,Ru0K0JH,LM8l689qOp,7P5s,RAYp,F2FyR07IdsN7I
0,868,7,88,172,215,120,186.64,0,843048,0,0.8991668,9,38,0,105024,0,72838.2,15,20,24,16,-529908,625,18,2331,0,869220,1027638,435,0,9,702982,4410480,20,1182876,0,0,tr0gUH7ejg,RO12,taul,1K8T,ekye,PAgnV1D,YQcPlrpk3WNO0,iO_y,9_Y1,bJXB,VpdQ,zm5i,me75fM6ugJ,kIsH,uKAI,L84s,NhsEn4L,mAja5EA,yiE0Ssq,cJvF,FzaX,aR2NN3u,oslk,DpHynIC,LM8l689qOp,w_Ub,RAYp,F2FyR07IdsN7I
0,2653,7,688,456,570,376,166.56,0,76086,0,2.462081,9,58,140,936168,0,18713.46,25,16,112,136,-92477.6,1585,42,11583,0,1492285,587562,225,0,18,381878,3540416,60,845448,0,0,HYTvyx7ejg,RO12,taul,1K8T,dWQK,rRoCfXI,EXpWEXgaYWQf4,_oIe,9_Y1,xSqs,VpdQ,hAFG,me75fM6ugJ,kIsH,uKAI,L84s,XfqtO3UdzaXh_,11p4mKe,1XUg,cJvF,FzaX,xKnYH7D,oslk,jpmOtEt,LM8l689qOp,szEZ,RAYp,F2FyR07IdsN7I
0,182,0,0,32,40,8,230.56,0,10034100,0,3.946806,9,20,0,0,0,306840,5,0,0,0,-357584.4,305,24,0,0,32210,263438,0,0,9,0,8168360,4,0,0,0,LDPvyx7IEC,RO12,taul,1K8T,Bxva,86dToXU,hOpRIhsUSP,mvdE,9_Y1,qaiO,VpdQ,zm5i,me75fM6ugJ,kIsH,uKAI,Mtgm,NhsEn4L,7WwuNea,550g,UYBR,FzaX,QMaRwBA,oslk,0D0gQ7h,LM8l689qOp,szEZ,RAYp,F2FyR07IdsN7I
0,777,7,48,136,170,48,186.64,0,953400,0,1.089724,9,54,7,3434264,0,114585,5,6,48,48,111497.6,560,18,55944,0,6124400,1036800,390,0,9,604800,10439160,30,1427100,0,0,dRarjIK12c,RO12,taul,1K8T,lK27,qlhCyQp,76j2P_OLn0,J9KQ,9_Y1,7WNq,VpdQ,43pnToF,me75fM6ugJ,kIsH,uKAI,L84s,NhsEn4L,mAjcfkM,4lfQ,cJvF,FzaX,mTPRCiV,oslk,fi1YV0N,jySVZNlOJy,WqMG,RAYp,F2FyR07IdsN7I
0,1316,14,880,264,330,152,166.56,0,191562,0,3.253578,18,40,182,553240,0,39907.8,20,12,56,72,196138,1050,6,178434,0,1751630,981178,14400,0,0,123326,4823240,54,1107276,0,0,P1WvyxLp3Z,RO12,taul,1K8T,487l,H9TCaks,3cO76t0,yNvv,9_Y1,vzJD,VpdQ,IYzP,me75fM6ugJ,kIsH,uKAI,L84s,NhsEn4L,mAjbk_S,V3Ni,UYBR,FzaX,rSN88FJ,oslk,hW4EVJ2,jySVZNlOJy,xb3V,RAYp,F2FyR07IdsN7I
0,1484,14,4928,132,165,80,224.64,0,2852580,0,0.007477035,18,92,189,770976,0,89030.41,25,4,32,16,179261.6,535,48,7758,0,1956650,1325070,645,0,45,310842,8657280,12,640062,0,0,E2Yq9atbb6,ND3t9Yro9U,taul,1K8T,lK27,mOons41,V6XUlxabJ4VaD,S_MH,9_Y1,KfYH,VpdQ,hAFG,DHn_WUyBhW_whjA88g9bvA64_,kIsH,g5HH,L84s,CrNX,AuSDRR8,y8W_,cJvF,FzaX,oatzV8H,d0EEeJi,8vX01GR,jySVZNlOJy,me1d,nIGXDli,F2FcTt7IdMT_v
0,987,14,640,136,170,56,166.56,0,1096206,0,3.180303,18,108,0,44088,0,54388.8,5,10,32,64,-44532,535,60,25794,0,34290,96836,190,0,0,0,2178592,6,1529790,0,0,ypNt0Go8Lb,RO12,taul,1K8T,OY2L,15Ol91c,wLOHP_YhcL,ktc9,9_Y1,t_4G,sJzTlal,sYC_,me75fM6ugJ,kIsH,uKAI,L84s,NhsEn4L,kq0aHkC,Usbh,cJvF,FzaX,3PrRoKG,oslk,8dbaXbj,LM8l689qOp,Qu4f,RAYp,F2FyR07IdsN7I
0,868,7,4480,140,175,32,335.76,0,4752126,0,2.391156,9,144,84,3168080,0,214457.1,15,2,32,40,152322.8,510,60,3033,0,4585095,587064,840,0,9,554414,10861560,24,475212,0,0,xOXTmBtFkL,2Knk1KF,taul,1K8T,hAOr,PHNvXy8,C_u8_AlBK7,JUA9,9_Y1,47ra,sJzTlal,hAFG,NKv3VA1BpP,sBgB,uKAI,L84s,Ie_5MZs,CWNY2py,UeEv,cJvF,FzaX,UF16siJ,zCkv,APgdzOv,jySVZNlOJy,rgKb,6fzt,Zy3gnGM
0,728,7,316,176,220,128,133.12,0,10518,0,5.264473,9,56,49,22872,0,14003.67,5,8,24,8,144982.4,810,12,8496,0,590130,198220,270,0,0,37408,1228648,40,395004,0,0,xOXTmBtFkL,RO12,taul,1K8T,hAOr,7GUAEa8,wHfQYg4FYPyudCQ6,lYhq,9_Y1,C6Eu,VpdQ,IYzP,me75fM6ugJ,kIsH,uKAI,L84s,NhsEn4L,TDceha3,mvtB,cJvF,FzaX,8OZoOXS,oslk,IDn52bd,LM8l689qOp,rgKb,RAYp,F2FyR07IdsN7I
0,1155,7,300,212,265,24,220.08,0,2077668,0,0.9666738,9,136,14,2680896,0,70216.5,35,10,80,32,146782.8,1015,48,187956,0,6601700,64888,740,0,27,36449,9818560,52,51204,0,0,1KSTmBQxul,2Knk1KF,taul,1K8T,TyGl,UWz0V8V,wLOHP_YhcL,NK1t,9_Y1,TjV7,09_Q,hAFG,me75fM6ugJ,kIsH,uKAI,L84s,XfqtO3UdzaXh_,XTb4AFX,5JkH,UYBR,OFWH,bBmNioI,oslk,q3aQ3DB,LM8l689qOp,FSa2,RAYp,55YFVY9
0,1729,7,132,296,370,144,233.44,0,2387658,0,3.309549,18,100,7,2039896,0,60028.2,40,6,96,128,251997.2,1065,90,2034,0,221625,474196,25,0,0,656635,5316560,28,83544,0,0,zC_Wq6e2Rv,AERks4l,taul,1K8T,kwI9,ON5Ou9e,r83_sZi,94aO,9_Y1,_xpN,VpdQ,IYzP,DHn_WUyBhW_whjA88g9bvA64_,kIsH,uKAI,L84s,NjlyLMM,teAkNxA,P10Q,UYBR,FzaX,p40KIAf,zCkv,C6OGkwT,LM8l689qOp,FSa2,02N6s8f,xwM2aC7IdeMC0
0,784,7,2440,124,155,8,166.56,0,2527290,0,4.548601,9,50,0,4147200,0,225317.7,10,0,32,48,114238,450,30,10692,0,7200950,107768,2080,0,9,0,10425960,34,0,0,0,py5gUH7ejg,RO12,taul,1K8T,vSNn,eYPJuq4,3X0xOLn,v0AD,9_Y1,1Bp0,09_Q,43pnToF,me75fM6ugJ,kIsH,uKAI,L84s,NhsEn4L,TDcECyH,SssI,UYBR,FzaX,42Uv66D,oslk,_BMKSUK,M_8D,WqMG,RAYp,F2FyR07IdsN7I
0,749,7,5316,124,155,24,166.56,0,2984076,0,1.030763,18,98,217,2155712,0,225678.6,10,12,40,32,1537444,480,36,2844,0,4317265,294898,305,0,0,63602,9183160,20,2646516,0,0,FAJWq69cTy,PomAbFU,taul,1K8T,TyGl,9GJGgoz,FoJylxy,1G9T,9_Y1,Px52,VpdQ,sYC_,Kxdu,kIsH,uKAI,L84s,FMSzZ91zL2,7Wwclc7,yrE1,UYBR,FzaX,Tvpip6Z,zCkv,hHJsvbM,LM8l689qOp,PM2D,6fzt,F2FcTt7IdMT_v
0,1050,7,1440,128,160,16,166.56,0,8771580,0,1.915616,27,156,77,691200,0,108573.9,40,0,32,8,43195.6,530,108,639,0,384680,345600,580,0,27,0,9957080,6,0,0,0,DHevyx7IEC,2Knk1KF,taul,1K8T,Bxva,fhk21Ss,Cy0RhGn,eh0E,9_Y1,qaiO,VpdQ,hzlB,7M47J5GA0pTYIFxg5uy,kIsH,uKAI,L84s,E1aAZ0x7vd,CWNz16o,xCyY,cJvF,FzaX,4UxGlow,QKW8DRm,catzS2D,LM8l689qOp,szEZ,ZI9m,ib5G6X1eUxUn6
0,231,7,392,20,25,8,133.12,0,0,0,4.016022,9,66,28,0,9,27269.16,0,0,0,0,3606.284,250,0,10881,32,20150,4642,40,0,18,0,25404,8,0,0,7,dRaq9ayE15,RO12,taul,1K8T,z32l,cGZPV0c,J1MZ1kd,pt_1,9_Y1,QBpP,09_Q,hAFG,me75fM6ugJ,kIsH,uKAI,L84s,XfqtO3UdzaXh_,11p4mKe,Volc,cJvF,qxDb,rulfc8E,oslk,y9NqhZX,LM8l689qOp,7P5s,RAYp,F2FyR07IdsN7I
0,287,0,0,236,295,56,564.72,0,3861822,0,3.847468,18,16,0,1883984,0,103197.6,30,4,40,48,158809.6,895,114,0,8,5685950,623974,0,0,9,0,10560040,38,950448,0,7,V8lBcmz45j,RO12,taul,1K8T,KqYs,jZGp_0J,4XQlM85,AClt,9_Y1,KubS,VpdQ,zm5i,me75fM6ugJ,sBgB,uKAI,L84s,NhsEn4L,kZJyVg2,LNfa,UYBR,FzaX,A7VR98m,oslk,lAlqYia,LM8l689qOp,Qcbd,RAYp,F2FyR07IdsN7I
0,798,7,40,144,180,8,400.32,0,6975360,0,2.917539,18,86,0,2819800,0,221081.1,15,0,32,40,103464.4,530,96,8379,0,4319550,38138,35,0,36,604800,10628880,22,0,0,0,kMJt0GoOh3,RO12,ev6I,1K8T,487l,FJDupBg,nD7PjRCX4V,XJDJ,9_Y1,rGJy,VpdQ,lVqb,7M47J5GA0pTYIFxg5uy,kIsH,7A3j,L84s,E1aAZ0x7vd,teAwEpx,Xb33,UYBR,FzaX,OYHoGfM,QKW8DRm,RlTh9x_,LM8l689qOp,Qu4f,vJ_w8kB,WfJYmPMksSqa1pajvfG
0,1477,7,328,232,290,128,133.12,0,516,0,1.049989,9,58,70,887160,0,31410.6,0,8,80,96,149116,800,6,26739,0,1097565,356848,3190,0,0,331485,2062836,50,40746,0,0,1PnOj1KVEH,RO12,taul,1K8T,X94c,IMIcpQc,bGUqwlz,GjHG,9_Y1,vYXv,VpdQ,IYzP,me75fM6ugJ,kIsH,uKAI,L84s,NhsEn4L,TDceha3,S5ES,cJvF,FzaX,BUZfql_,oslk,77vzrB7,LM8l689qOp,kwS7,RAYp,F2FyR07IdsN7I
0,700,7,4420,28,35,8,186.64,0,1283040,0,3.91818,9,104,0,0,0,228703.2,0,0,0,0,765700,220,6,1674,0,10533950,1209600,13135,0,27,0,11701720,10,0,0,0,V8lt0G8rTN,RO12,taul,1K8T,wOc1,GQpnfva,76j2P_OLn0,Eyb7,9_Y1,e7QV,VpdQ,hAFG,me75fM6ugJ,kIsH,uKAI,L84s,XfqtO3UdzaXh_,XTbPUYD,fQMz,UYBR,FzaX,hP08jNM,oslk,AgvqCcD,LM8l689qOp,fKCe,RAYp,F2FyR07IdsN7I
0,7546,7,112,140,175,24,351.04,0,8696760,0,5.362102,9,54,21,1382416,0,29484.93,35,0,32,16,181112.4,590,102,20295,0,2220860,23304,1475,0,18,0,10731600,12,0,0,0,KXMrEyXXnK,RO12,taul,1K8T,JLbT,31D7uSC,r83_sZi,3Vqi,9_Y1,H1uM,VpdQ,IYzP,me75fM6ugJ,kIsH,7A3j,L84s,NhsEn4L,kZJtVhC,3G08,cJvF,FzaX,C0T6hzI,oslk,xBsz4Af,LM8l689qOp,Aoh3,RAYp,F2FyR07IdsN7I
0,1309,7,132,688,860,296,275.6,0,5233308,0,5.272164,9,148,0,1745064,0,27457.92,75,24,288,200,-164702.8,1610,198,81324,0,3104655,370626,30,0,27,94346,9046760,100,594936,0,0,O8Zr4Rdc_a,2Knk1KF,taul,z3mO,lK27,6oGKKVi,qTSH6kogwg,DoK8,9_Y1,em8I,sJzTlal,hAFG,me75fM6ugJ,kIsH,g5HH,L84s,XfqtO3UdzaXh_,XTbPUYD,AMFx,cJvF,FzaX,MiS0IU9,oslk,8oT2fT4,LM8l689qOp,me1d,RAYp,55YFVY9
0,784,7,44,236,295,200,220.08,0,378618,0,0.2104251,9,32,0,440416,0,61438.5,15,8,40,40,-110160.8,895,102,891,0,204065,124574,65,0,9,708582,1580428,10,720948,0,0,S8dr4RQxul,RO12,taul,1K8T,0Xwj,_ybO0dd,NfN9Bz6HFx,mBFC,HLqf,z5Ry,VpdQ,IYzP,me75fM6ugJ,sBgB,uKAI,L84s,NhsEn4L,kZJtVhC,X5pz,UYBR,FzaX,L91KIiz,oslk,CE7uk3u,LM8l689qOp,FSa2,RAYp,F2FyR07IdsN7I
0,763,14,3208,328,410,88,186.64,0,8189640,0,1.234352,18,54,161,2470176,3,53396.7,30,16,104,112,75207.6,1190,132,20205,8,2375565,487418,4780,0,18,368102,10435080,42,642582,0,0,GcUBcmz45j,RO12,taul,1K8T,ssAy,iJzviRg,LJF4fPp,BTwt,9_Y1,4nnx,VpdQ,haYg,7M47J5GA0pTYIFxg5uy,kIsH,uKAI,L84s,BuhypZs,mAj8Go2,LCxy,cJvF,FzaX,ch2oGfM,z4pH,P6pu4Vl,LM8l689qOp,Qcbd,ZI9m,R4y5gQQWY8OodqDV
0,6979,14,2580,1964,2455,368,166.56,0,2382402,0,4.982909,18,136,105,1093008,0,7627.71,235,76,496,408,354123.2,6075,480,10971,0,2758400,248826,675,0,9,222068,5283320,458,159636,0,0,E3dr4RQxul,2Knk1KF,taul,1K8T,0Xwj,fhk21Ss,Vxu0anlDbL,_KdE,HLqf,z5Ry,09_Q,haYg,7M47J5GA0pTYIFxg5uy,sBgB,uKAI,Mtgm,XfqtO3UdzaXh_,XTbPUYD,tCpO,UYBR,FzaX,4UxGlow,oslk,catzS2D,LM8l689qOp,FSa2,ZI9m,55YFVY9
0,350,0,0,140,175,80,266.4,0,2851302,9,3.022645,27,20,0,2102528,0,153316.5,20,4,32,32,50945.2,710,36,0,24,3672145,1591118,0,6,9,604800,10761560,18,1036800,2,0,v0Nt0Go8Lb,RO12,taul,1K8T,g6No,H9Tg2A0,IZB7BAH,N57V,9_Y1,rGJy,sJzTlal,zm5i,me75fM6ugJ,kIsH,uKAI,Mtgm,NhsEn4L,7WwOAni,CWsm,UYBR,FzaX,stpv4zN,oslk,YE7zrB7,LM8l689qOp,Qu4f,RAYp,F2FyR07IdsN7I
0,574,0,0,348,435,48,362.8,0,6431520,0,2.899167,9,24,0,1382880,0,156598.5,70,10,88,24,-5269.56,810,96,0,0,2391915,33070,0,0,9,604800,9460120,86,257712,0,0,u6tWq6edh4,RO12,taul,1K8T,Ti2P,ka3eV8O,ElQylxy,LAae,9_Y1,DtNL,09_Q,IYzP,DHn_WUyBhW_whjA88g9bvA64_,kIsH,uKAI,L84s,CrNX,uZLj9VB,Ocl4,UYBR,FzaX,UvL_w6z,d0EEeJi,nuwugiB,LM8l689qOp,FSa2,nIGXDli,F2FyR07IdsN7I
0,735,7,204,168,210,152,166.56,0,0,0,0.274514,9,62,105,504632,0,17649.69,0,10,40,72,63639.2,550,0,38736,0,593650,268384,370,0,0,277977,1394024,18,195030,0,0,_v2gUHXZeb,RO12,taul,1K8T,JLbT,PTPxkyQ,lL9c3pxXdL,v3uS,9_Y1,STGZ,VpdQ,IYzP,me75fM6ugJ,sBgB,uKAI,L84s,NhsEn4L,mAja5EA,F0r1,cJvF,FzaX,HH3v4zN,oslk,2HJE4Qn,LM8l689qOp,453m,RAYp,F2FyR07IdsN7I
0,105,0,0,132,165,0,350.72,5,10403820,0,2.572314,9,14,0,0,0,229595.4,45,0,32,0,101467.6,270,126,0,8,320705,0,0,0,0,0,10302840,6,0,0,0,vAsTmBfHUn,RO12,taul,1K8T,LFM_,jZ0kHY6,IG_G867,3Lti,9_Y1,4N0K,VpdQ,IYzP,me75fM6ugJ,kIsH,uKAI,L84s,NhsEn4L,kZJyVg2,gDIm,cJvF,FzaX,PCSKsQe,oslk,TZoq6Bf,LM8l689qOp,Qu4f,RAYp,F2FyR07IdsN7I
0,287,0,0,32,40,16,284,0,0,0,2.471053,9,22,0,0,0,208022.7,20,2,16,0,-104951.6,350,0,0,0,167125,345578,0,0,9,0,2041472,2,518370,0,0,EsYq9atbb6,RO12,taul,1K8T,wGW5,SkIJ4lp,9YuFlLzSEv,qqlk,9_Y1,KfYH,VpdQ,wMei,me75fM6ugJ,kIsH,g5HH,L84s,NhsEn4L,TDc4Td_,7mgE,cJvF,FzaX,wIf0IU9,oslk,atnQv5o,LM8l689qOp,me1d,RAYp,F2FyR07IdsN7I
0,462,7,1364,68,85,0,166.56,0,0,0,6.668447,9,138,21,93312,0,4450.35,0,6,120,96,3802.572,185,0,8208,0,18570,0,320,0,9,69783,67536,4,9036,0,0,tr0Wq69cTy,2Knk1KF,taul,1K8T,ssAy,pfMkKKt,glRBFJT8NN,mMov,9_Y1,0A_v,VpdQ,haYg,me75fM6ugJ,kIsH,uKAI,L84s,XfqtO3UdzaXh_,XTbPUYD,aMIF,cJvF,OFWH,4LA8jNM,oslk,5i2Qhib,LM8l689qOp,PM2D,RAYp,55YFVY9
0,532,7,96,76,95,40,200,0,0,0,4.511857,9,136,14,19000,0,3771.36,0,2,24,24,-12068.84,285,0,3897,0,78965,14534,860,0,27,10584,109824,20,12126,0,0,euOBcmz45j,2Knk1KF,taul,1K8T,0Xwj,esxkA1P,byFAQF9,GF7g,HLqf,WGOH,VpdQ,haYg,me75fM6ugJ,sBgB,uKAI,L84s,XfqtO3UdzaXh_,XTbPUYD,GpMm,cJvF,FzaX,EPImS85,oslk,MI8s5nE,LM8l689qOp,Qcbd,RAYp,55YFVY9
0,924,7,472,136,170,40,324.24,0,3801870,0,3.082247,27,48,147,1267288,0,190948.5,20,8,32,16,302010.8,555,48,1431,0,4356290,792052,235,0,9,554442,10771920,22,1900932,0,0,_v2gUHXZeb,RO12,taul,1K8T,JLbT,TwRo8uU,r83_sZi,cTwt,9_Y1,STGZ,09_Q,IYzP,me75fM6ugJ,kIsH,uKAI,L84s,NhsEn4L,kZJtVhC,AecT,UYBR,FzaX,Oa96V3V,oslk,zFwT3Cb,LM8l689qOp,453m,RAYp,F2FyR07IdsN7I
0,301,0,0,128,160,56,253.52,0,3801702,0,2.096561,9,20,0,1900864,0,99831.3,10,4,32,24,477992,490,48,0,0,3960110,1108828,0,0,9,554414,10137880,20,950424,0,0,YddTmBtueT,RO12,taul,1K8T,pJUk,77f44U8,LH0BJkjM1L,svgz,9_Y1,C6Eu,sJzTlal,zm5i,me75fM6ugJ,kIsH,uKAI,L84s,NhsEn4L,NGZxnJM,QfDd,cJvF,FzaX,tzp8jNM,oslk,5nQ7A2G,LM8l689qOp,rgKb,RAYp,F2FyR07IdsN7I
0,665,0,16,100,125,88,133.12,0,0,0,5.948515,9,50,0,24968,0,8775.57,0,4,24,32,-10792.16,265,0,135,0,90460,99590,0,0,0,0,311796,16,41646,0,0,NESt0G8EIb,RO12,taul,1K8T,2Ix5,RZHR5DT,9YuuPSz3BI,g9bF,9_Y1,k13i,VpdQ,IYzP,me75fM6ugJ,kIsH,uKAI,L84s,NhsEn4L,TDcECyH,Xl7a,cJvF,FzaX,rLf8iqZ,oslk,bIUTy9x,LM8l689qOp,fKCe,RAYp,F2FyR07IdsN7I
0,721,7,284,136,170,40,254.8,0,3801840,0,1.027345,9,134,336,1267264,0,156801,20,8,32,16,409412,480,48,20205,0,4356290,792054,170,0,18,554435,10771880,22,1900908,0,0,MtpBcmzkzH,AERks4l,taul,1K8T,z8at,fhk21Ss,CdPgMY1Z52,P8e6,9_Y1,4nnx,VpdQ,haYg,7M47J5GA0pTYIFxg5uy,kIsH,uKAI,L84s,9fipLB8rlL,jawgqHQ,6z0o,cJvF,OFWH,4UxGlow,zCkv,catzS2D,LM8l689qOp,Qcbd,ZI9m,ib5G6X1eUxUn6
0,1442,7,168,136,170,56,290.08,0,2514084,0,0.06494339,18,152,7,2764800,0,95051.7,15,6,32,32,282888.8,555,30,29664,0,4516850,1079542,1080,0,36,604800,10437840,24,1073640,0,0,_v2vyx7IEC,2Knk1KF,taul,1K8T,0Xwj,0v27GMk,fo8oHA5,VVNl,HLqf,RcM7,VpdQ,kxE9,me75fM6ugJ,sBgB,uKAI,L84s,XfqtO3UdzaXh_,XTbPUYD,xS3O,cJvF,FzaX,YBh0nTz,oslk,J_tzF_Q,LM8l689qOp,szEZ,RAYp,TCU50_Yjmm6GIBZ0lL_
0,1757,7,792,224,280,128,200,0,2598,0,1.887417,9,166,77,658592,0,11994.63,5,10,56,152,-34251.56,885,6,70542,0,221160,93098,5230,0,27,15113,753252,28,78714,0,0,g5dmfo875g,2Knk1KF,taul,1K8T,LloI,1ucchDb,IG_G867,IoAF,9_Y1,Ew1Q,VpdQ,kxE9,me75fM6ugJ,kIsH,uKAI,L84s,XfqtO3UdzaXh_,XTbPUYD,47NV,UYBR,Lmli,LWnfSEp,oslk,CqZz20V,LM8l689qOp,wX53,RAYp,TCU50_Yjmm6GIBZ0lL_
0,1253,7,1208,24,30,0,186.64,0,5510964,0,4.590259,9,62,35,2757048,0,51434.4,0,2,8,8,174726.4,525,18,123579,0,69540,0,5990,0,9,0,7527320,2,3628800,0,0,dRagUHXM47,RO12,taul,1K8T,h3JW,rxYsSKu,ARvzJXx,9Hqr,9_Y1,LqKm,VpdQ,IYzP,me75fM6ugJ,sBgB,uKAI,L84s,NhsEn4L,TDceha3,2S0r,UYBR,FzaX,5LLAVkR,oslk,4IrvFmd,LM8l689qOp,453m,RAYp,F2FyR07IdsN7I
0,28,0,0,36,45,16,392.32,5,153012,0,5.182226,36,14,0,5480,0,178298.4,5,4,8,8,-816628,45,6,0,8,644345,382784,0,0,0,554428,2139580,4,950448,0,0,zC_Wq6e2Rv,RO12,taul,1K8T,0Xwj,BMn12QB,ELRUn57,I3Vt,F3hy,_xpN,VpdQ,IYzP,me75fM6ugJ,kIsH,uKAI,L84s,NhsEn4L,NGZxnJM,KPgN,cJvF,FzaX,Qtov48t,oslk,B87Rt2K,LM8l689qOp,FSa2,RAYp,F2FyR07IdsN7I
0,700,7,1196,248,310,136,200,0,9204,0,5.384747,9,74,7,63080,0,5739.54,5,6,48,72,-702.428,575,18,30546,0,122880,33450,2935,0,18,93303,257264,58,71850,0,0,DHeq9ayfAo,RO12,taul,1K8T,z32l,RACno_n,FoJylxy,IUEJ,9_Y1,000J,VpdQ,hAFG,me75fM6ugJ,kIsH,uKAI,L84s,XfqtO3UdzaXh_,kq0IkyT,mLXr,cJvF,FzaX,9wyAk0_,oslk,axPodIn,LM8l689qOp,7P5s,RAYp,F2FyR07IdsN7I
0,1505,14,68,140,175,88,166.56,0,69618,0,4.315104,18,178,21,54848,0,5447.01,0,6,40,40,-52086.8,465,36,35532,0,312920,33866,655,0,18,43575,438208,20,69456,0,0,LDPvyx7IEC,2Knk1KF,taul,1K8T,Bxva,fhk21Ss,BIxuwM5,lFTH,9_Y1,YGOC,VpdQ,hAFG,7M47J5GA0pTYIFxg5uy,kIsH,uKAI,L84s,XfqtO3UdzaXh_,_JdH8mF,OIsa,UYBR,FzaX,4UxGlow,oslk,catzS2D,LM8l689qOp,szEZ,ZI9m,iyHGyLCEkQ
0,7,0,0,16,20,0,286.64,5,3628800,0,3.051271,9,12,0,0,0,993204,5,0,0,0,-154710.4,20,6,0,24,1427915,0,0,0,0,0,5297080,4,0,0,14,1GdOj1KXzC,RO12,taul,1K8T,ZNsX,fIZ2EMp,nKA7WHg,tXay,9_Y1,ID5l,09_Q,IYzP,7M47J5GA0pTYIFxg5uy,kIsH,uKAI,L84s,NhsEn4L,mAja5EA,RMnH,cJvF,FzaX,YZ2TNgw,oslk,x3aOgRj,LM8l689qOp,kwS7,ZI9m,F2FyR07IdsN7I
0,301,0,0,344,430,264,200,0,152580,0,0.8581499,9,16,0,156560,0,4937.16,0,18,64,64,-254903.2,990,42,0,0,484130,70508,0,0,0,30779,772344,58,96036,0,0,euOBcmz45j,RO12,taul,1K8T,KqYs,esxkA1P,48w2DrL6cCrW1,o1UB,9_Y1,4nnx,VpdQ,IYzP,me75fM6ugJ,kIsH,uKAI,L84s,NhsEn4L,mAja5EA,3NUz,cJvF,qxDb,EPImS85,oslk,MI8s5nE,LM8l689qOp,Qcbd,RAYp,0pzBWGkV3fbsGZN52DH
0,770,7,544,44,55,40,264.88,0,296838,0,6.012391,18,150,28,0,0,90962.7,5,2,16,0,82979.6,325,6,98361,0,183065,3623400,50,0,27,0,8067920,6,418992,0,0,639TmBQxul,2Knk1KF,taul,1K8T,JLbT,X94uP03,NfN9Bz6HFx,Ygw4,9_Y1,TjV7,VpdQ,sYC_,me75fM6ugJ,kIsH,uKAI,L84s,NhsEn4L,beK4AFX,M1pQ,UYBR,FzaX,YXh0FxM,oslk,s5vObSS,jySVZNlOJy,FSa2,RAYp,55YFVY9
0,917,0,0,172,215,16,166.56,0,5724534,0,5.435377,9,138,0,1370184,0,117802.5,10,6,32,40,-43432.4,855,90,16398,0,473665,438736,0,0,9,0,7757640,32,1257906,0,0,J9Vr4RQZiT,2Knk1KF,taul,1K8T,487l,5Q3tpNj,76j2P_OLn0,i4KB,9_Y1,z5Ry,VpdQ,sYC_,me75fM6ugJ,kIsH,uKAI,L84s,NhsEn4L,beK4AFX,r7yD,UYBR,FzaX,lRbL1fY,oslk,SGSfeJ_,jySVZNlOJy,FSa2,RAYp,55YFVY9
0,889,0,0,132,165,0,288.24,0,76410,0,0.7556078,9,26,0,3708608,0,58527,0,0,32,72,-636020,2910,12,0,0,6498350,0,0,0,9,1627248,7103920,44,0,0,0,mCGq9ayE15,RO12,taul,1K8T,z32l,aoAMutf,lL9c3pxXdL,y14C,9_Y1,QBpP,VpdQ,zm5i,me75fM6ugJ,kIsH,uKAI,Mtgm,NhsEn4L,mAja5EA,f0K1,UYBR,FzaX,N0iD5lR,oslk,G8m0_1Y,LM8l689qOp,7P5s,RAYp,F2FyR07IdsN7I
0,686,7,6420,152,190,136,192.64,0,779028,0,4.276864,9,114,259,0,6,123154.5,0,16,32,0,-656396,550,18,24165,40,1141530,1999168,2080,0,9,1951635,7730920,20,3449982,0,21,FAJWq69cTy,2Knk1KF,LfvqpCtLOY,1K8T,ssAy,6KF0k8W,L6vAHiteLc,YcLb,9_Y1,Px52,sJzTlal,sYC_,me75fM6ugJ,kIsH,uKAI,Mtgm,NhsEn4L,beK4AFX,JEC4,UYBR,FzaX,ot6oLzk,oslk,IIvC99a,LM8l689qOp,PM2D,RAYp,55YFVY9
0,805,7,508,132,165,8,321.92,0,3133512,0,3.693014,9,40,0,4314816,0,207198.9,5,0,32,56,212627.6,495,42,1368,0,7168450,51090,90,0,18,0,10428920,34,0,0,0,zKnr4RXktW,RO12,taul,1K8T,sj_R,dpLnqNs,ThrnFOQ,oAnL,9_Y1,jakt,09_Q,zm5i,me75fM6ugJ,kIsH,uKAI,L84s,NhsEn4L,NGZXfGp,VNIv,UYBR,FzaX,9F7m0jM,oslk,jrbDSFl,jySVZNlOJy,7FJQ,RAYp,F2FyR07IdsN7I
0,2184,7,484,964,1205,592,200,0,4575774,0,2.63918,9,32,28,1736200,0,47649.3,40,16,112,168,-160685.2,3235,294,4419,0,3533620,194640,1955,0,18,122948,8829000,162,88860,0,0,6m0t0G8rTN,RO12,taul,1K8T,0LaQ,voX4XxH,zj7M_0P,dHOn,9_Y1,k13i,VpdQ,IYzP,me75fM6ugJ,kIsH,uKAI,L84s,NhsEn4L,mAjbk_S,fmpb,UYBR,FzaX,_Mc87dl,oslk,Bfv7kpB,LM8l689qOp,fKCe,RAYp,F2FyR07IdsN7I
0,3283,14,384,400,500,232,339.04,0,2535198,0,3.888699,18,42,14,5882960,0,59877.3,10,4,32,72,280723.2,1575,102,13797,0,6241700,264394,45,0,9,0,10376840,82,120756,0,0,Ie5gUH7IEC,RO12,taul,1K8T,ekye,Yq5ekO_,hCdK,M1Zd,9_Y1,bJXB,VpdQ,zm5i,DHn_WUyBhW_whjA88g9bvA64_,kIsH,uKAI,L84s,CrNX,NGZ_12K,HkL0NK4,cJvF,OFWH,iVsp6ef,d0EEeJi,UbjzAyO,LM8l689qOp,w_Ub,nIGXDli,F2FyR07IdsN7I
0,434,7,1048,72,90,16,200,0,2073600,0,4.455672,9,54,0,327808,0,144788.7,15,4,24,16,46102.8,240,24,42930,0,1822450,264190,480,0,0,77483,4942200,10,559140,0,0,oBXq9ayfAo,RO12,taul,1K8T,hAOr,M0FOkab,76j2P_OLn0,8XmX,9_Y1,F_Lu,09_Q,IYzP,me75fM6ugJ,kIsH,uKAI,L84s,NhsEn4L,mAjbk_S,gGKs,cJvF,FzaX,sTyfql_,oslk,XBfOTZB,LM8l689qOp,TNEC,RAYp,F2FyR07IdsN7I
0,609,7,20,56,70,0,166.56,0,3660810,0,1.981414,9,40,0,3567472,0,209471.1,5,0,8,8,-158614.8,210,18,0,0,4031015,0,10,0,9,0,9005160,18,0,0,0,mCGq9ayE15,RO12,taul,1K8T,SzjZ,HQZ4lx4,y2LIM01bE1,y14C,9_Y1,QBpP,09_Q,sYC_,me75fM6ugJ,kIsH,uKAI,Mtgm,NhsEn4L,mAjR0Ac,f0K1,UYBR,FzaX,K9B8krz,oslk,L8ynCxK,LM8l689qOp,7P5s,RAYp,F2FyR07IdsN7I
0,6370,7,476,2040,2550,848,220.08,0,4503090,0,2.731895,9,134,126,1805920,0,22160.25,145,52,176,272,142352.8,7790,1080,5193,0,2936255,550448,4610,0,27,179753,9504240,270,1032102,0,0,FAJgUH7ejg,2Knk1KF,taul,1K8T,lK27,NG6CdxD,rfkTXdH,_fTG,9_Y1,m_h1,VpdQ,wMei,me75fM6ugJ,kIsH,uKAI,Mtgm,h0lfDKh52u4GP,IoI4mKe,crAP,UYBR,FzaX,stpoYtn,oslk,1bwMpgG,LM8l689qOp,WqMG,RAYp,55YFVY9
0,917,7,172,180,225,64,253.52,0,3641142,0,1.016236,9,48,49,3880016,0,203096.1,25,0,48,56,491928,600,54,51174,0,3044875,1192812,1935,0,0,554421,10682960,32,0,0,0,1KSqrQK2Mx,RO12,taul,1K8T,PGNs,B9C_VFS,h3WsUQk,QvGF,9_Y1,15m3,VpdQ,IYzP,me75fM6ugJ,kIsH,uKAI,Mtgm,NhsEn4L,NGZXfGp,NZ4D,cJvF,FzaX,ylC3DH0,oslk,kiBhOcm,jySVZNlOJy,FSa2,RAYp,F2FyR07IdsN7I
0,63,0,0,128,160,8,301.6,0,583956,0,4.507584,18,14,0,4175392,3,200701.5,5,0,40,64,-38799.84,160,24,0,8,7378150,13224,0,0,0,0,8563280,36,0,0,0,9hRmfo875g,RO12,taul,1K8T,0Xwj,q6YpzLh,uPEdYI_bSG,3taI,HLqf,wGwL,VpdQ,IYzP,me75fM6ugJ,sBgB,uKAI,Mtgm,NhsEn4L,mAj3FSW,VA4Q,UYBR,FzaX,efgVzos,oslk,OvOQls0,LM8l689qOp,wX53,RAYp,F2FyR07IdsN7I
0,1281,7,2348,232,290,64,133.12,0,1103988,0,1.693014,27,108,35,1599696,0,66405.91,25,12,48,32,6295.16,815,42,5400,0,3654940,572896,310,0,27,509901,7367720,56,562956,0,0,2jirEyXktW,2Knk1KF,taul,1K8T,Cnh8,iYI85Wp,II0S8f9,fKlM,9_Y1,SkZj,VpdQ,haYg,NKv3VA1BpP,kIsH,uKAI,L84s,1YxyYTLbzthWO,IoIBnwM,xYbR,UYBR,FzaX,R8kKx11,zCkv,X9a41Yn,LM8l689qOp,Aoh3,6fzt,Zy3gnGM
0,2121,7,1376,292,365,48,200,0,141234,0,2.161717,18,82,231,351240,0,9482.699,25,20,104,80,8865.28,1130,78,11295,0,419995,28630,7085,0,0,112371,1014328,58,486816,0,0,vNEvyxLp3Z,X2uI6IsGev,taul,1K8T,0Xwj,G7S88LT,LH0kFz12FM,7zMI,HLqf,vzJD,09_Q,IYzP,7M47J5GA0pTYIFxg5uy,sBgB,uKAI,L84s,tw2KJMQ4CHDUN7hS,kq0BXxb,wpxr,UYBR,AU8pNoi,fBwK4WV,zCkv,y8w4cae,LM8l689qOp,xb3V,6fzt,F2FcTt7IdMT_v
0,777,0,848,136,170,24,280.24,0,5436678,0,6.722709,18,64,0,1382400,0,215579.4,25,0,24,16,-87812.4,510,84,51327,0,2504500,220658,0,0,27,0,8488560,20,0,0,0,oBXrjIQq3d,RO12,taul,1K8T,487l,6CXYbuk,K5UzMFdtfD,o5H_,9_Y1,RVjC,VpdQ,IYzP,Kxdu,kIsH,uKAI,Mtgm,9pUnzWLbztKTo,TDc92TK,TQqY,UYBR,FzaX,ROeipLp,zCkv,K2SqEo9,LM8l689qOp,FSa2,6fzt,am14IcfM7tWLrUmRT52KtA
0,462,7,20,20,25,8,200,0,10886400,0,1.297372,9,30,7,0,3,123237.3,0,0,0,0,391179.6,190,18,837,16,2545775,1209600,760,0,27,0,11713440,2,0,0,7,AUUt0GoOh3,RO12,taul,1K8T,USOt,1ucARMl,glRBFJT8NN,P2GP,9_Y1,YePk,VpdQ,kxE9,me75fM6ugJ,sBgB,uKAI,L84s,XfqtO3UdzaXh_,11p4mKe,8khl,cJvF,FzaX,QkcOZ4E,oslk,KOqA9vx,LM8l689qOp,Qu4f,RAYp,F2FyR07IdsN7I
0,630,7,176,204,255,208,88.24,0,3876,0,0.9698783,9,60,28,171112,0,2869.785,0,4,40,64,-1529492,685,6,18243,0,41240,69830,760,0,0,61495,274492,28,20550,0,0,dRaq9ayE15,RO12,taul,1K8T,tzKK,HPUGayG,26yE7ccErl,hC8t,9_Y1,kJJ7,VpdQ,IYzP,me75fM6ugJ,kIsH,uKAI,L84s,XfqtO3UdzaXh_,11p4mKe,NTtn,cJvF,FzaX,kTkv10k,oslk,TUP6P29,LM8l689qOp,7P5s,RAYp,F2FyR07IdsN7I
0,448,0,0,20,25,16,166.56,0,0,0,3.431318,18,24,0,18016,0,27348.63,0,0,0,24,178868.4,335,0,0,0,0,20028,0,0,0,0,49064,0,0,0,0,639qrQK2Mx,RO12,taul,1K8T,0LaQ,d2iwkuM,VxueejWCG_,6lcF,9_Y1,15m3,sJzTlal,IYzP,me75fM6ugJ,kIsH,uKAI,L84s,NhsEn4L,mAja5EA,d4ij,cJvF,FzaX,1ZRv4zN,oslk,Zd62Oqu,LM8l689qOp,FSa2,RAYp,F2FyR07IdsN7I
0,798,7,3536,128,160,56,266.4,0,7692600,0,0.1433454,54,34,77,290896,6,231959.4,35,4,40,8,74902.4,500,90,36918,16,0,1180808,2135,0,9,0,10675760,0,1036800,0,0,euOBcmz45j,RO12,taul,1K8T,KqYs,Z4ho8ot,Hz6CKEGgV0Vbb,5GHH,9_Y1,KubS,09_Q,43pnToF,me75fM6ugJ,kIsH,uKAI,Mtgm,NhsEn4L,kZJtVhC,q1HC,UYBR,FzaX,pqU6hzI,oslk,XKaTy9x,LM8l689qOp,Qcbd,RAYp,F2FyR07IdsN7I
0,812,14,188,136,170,24,253.52,0,4834914,0,0.4996795,18,54,7,2764800,0,219192.9,25,0,32,32,129808.4,550,66,29754,0,4550715,413860,1675,0,0,604800,10801960,22,0,0,0,8Iqt0G8rTN,RO12,taul,1K8T,lK27,qEdASpP,iubjallRpn,kIXd,9_Y1,k13i,VpdQ,IYzP,me75fM6ugJ,kIsH,uKAI,L84s,NhsEn4L,kq0n8Bj,KhR6,cJvF,FzaX,0AJo2f2,oslk,2Kb5FSF,jySVZNlOJy,fKCe,RAYp,F2FyR07IdsN7I
0,833,7,2372,148,185,48,186.64,0,5645184,0,4.471908,9,56,112,982056,0,205557.3,30,4,40,16,9395.28,535,78,19377,0,1570975,1036800,3540,0,0,604800,10287760,16,1036800,0,0,9hRmfo875g,RO12,taul,1K8T,LloI,ojHrkF8,h3WsUQk,ldCp,9_Y1,_48V,VpdQ,IYzP,me75fM6ugJ,kIsH,uKAI,L84s,NhsEn4L,mAjbk_S,WAJt,cJvF,FzaX,JFMv48t,oslk,X86AgOW,M_8D,3Cy4,RAYp,F2FyR07IdsN7I
0,434,7,3224,68,85,0,166.56,0,0,0,2.613117,9,116,98,22584,0,2086.542,0,4,16,24,-1022.428,225,0,19350,0,38525,0,730,0,9,5425,45504,24,5088,0,0,zcRZptzip9,LrdVolaSGUfkVeWC,taul,1K8T,lK27,Np_MPAv,3clyC8L,0xiW,9_Y1,t_4G,VpdQ,wMei,me75fM6ugJ,kIsH,uKAI,L84s,h0lfDKh52u4GP,ORM0Mzs,U56I,UYBR,FzaX,uHZARL_,oslk,RVc2pc5,LM8l689qOp,Qu4f,RAYp,R4y5gQQWY8OodqDV
0,812,7,396,104,130,40,186.64,0,854544,0,3.374493,9,30,154,492344,0,136328.4,10,2,24,48,-298403.6,630,36,34866,0,2859340,1990732,225,0,27,0,8066960,12,502092,0,0,KXMrEyXXnK,RO12,taul,1K8T,487l,8XsYR4W,P9HTde2,j8N7,9_Y1,SkZj,VpdQ,wMei,me75fM6ugJ,kIsH,uKAI,L84s,h0lfDKh52u4GP,IoI4mKe,YBeY,UYBR,FzaX,MQGm0jM,oslk,Mo7Muea,LM8l689qOp,Aoh3,RAYp,F2FyR07IdsN7I
0,455,0,0,124,155,0,220.08,0,21852,0,2.066652,9,28,0,5529600,0,219704.4,0,0,32,64,111997.6,525,6,0,0,9504000,0,0,0,9,0,10382560,44,0,0,0,3HjOj17ejg,RO12,taul,1K8T,oXaB,vK5kiFp,FoJylxy,l8CM,9_Y1,YGOC,VpdQ,zm5i,me75fM6ugJ,kIsH,uKAI,L84s,NhsEn4L,kZJtVhC,Yf2a,UYBR,FzaX,s3v88FJ,oslk,51wQQMs,LM8l689qOp,szEZ,RAYp,F2FyR07IdsN7I
0,735,7,72,180,225,40,142.08,0,15114,0,5.328776,9,74,0,43184,0,2886.366,5,4,24,88,1682.572,825,42,68481,0,101875,8824,340,0,9,4319,138716,38,9360,0,0,AUUt0GoOh3,RO12,taul,1K8T,7gSz,xReuqyB,o5WT5gy7iu,0_Ay,9_Y1,YePk,VpdQ,IYzP,me75fM6ugJ,kIsH,uKAI,L84s,XfqtO3UdzaXh_,XTbPUYD,1D90,cJvF,FzaX,jE9OVQC,oslk,dzQRt72,LM8l689qOp,Qu4f,RAYp,F2FyR07IdsN7I
0,378,7,40,112,140,88,166.56,0,0,0,1.930143,9,30,63,0,0,10895.22,0,0,0,0,-364128,280,0,1620,0,208050,110358,825,0,0,0,387156,34,0,0,0,NESt0G8EIb,RO12,taul,1K8T,YmZp,F0DSdMg,yLQ6qarKpT,xklo,9_Y1,e7QV,sJzTlal,IYzP,me75fM6ugJ,kIsH,uKAI,L84s,NhsEn4L,mAjbk_S,p2M1,UYBR,FzaX,1Fq88FJ,oslk,XByOEra,LM8l689qOp,fKCe,RAYp,F2FyR07IdsN7I
0,805,7,4780,136,170,32,282.72,0,3626466,0,5.0047,9,122,252,633616,0,171125.7,30,6,40,8,-84647.2,570,48,206496,0,4029355,633620,4985,0,9,1108856,9990200,24,1425660,0,0,DOvrjIKQ76,2Knk1KF,taul,1K8T,ssAy,31DqtNX,S85klZI_wB,HpM0,9_Y1,7WNq,09_Q,hAFG,me75fM6ugJ,kIsH,uKAI,L84s,XfqtO3UdzaXh_,XTbPUYD,eMwQ,cJvF,FzaX,dMzYH7D,oslk,_wyAgOW,LM8l689qOp,WqMG,RAYp,55YFVY9
0,1190,0,4,124,155,32,253.52,0,0,0,3.12476,9,62,0,993976,0,71394.3,0,4,72,136,-204111.6,520,0,918,0,302115,82482,0,0,18,294399,945596,16,62928,0,0,dRaq9ayE15,RO12,taul,1K8T,_8YK,0Vr7wZ4,k10MzgT,gJPb,9_Y1,kJJ7,VpdQ,43pnToF,Kxdu,kIsH,uKAI,L84s,FMSzZ91zL2,TDcEYQ6,c6A9,cJvF,AU8pNoi,XbZitea,zCkv,DHPNgqU,LM8l689qOp,7P5s,6fzt,SbOd7O8ky1wGNxp0Arj0Xs
0,1953,7,1896,456,570,256,166.56,0,8682,0,4.532151,9,106,413,415328,0,11149.23,20,22,208,232,-397468.4,1255,24,3780,0,285535,234396,345,0,18,62356,1192448,68,140124,0,0,HrWq9aXt5a,eSGpMwS8zSGgq_trOpckZ5,taul,1K8T,TyGl,88mV8VT,LJF4fPp,Wv3W,9_Y1,KubS,VpdQ,giwq,GjJ35utlTa_GNSvxxpb9ju,kIsH,uKAI,L84s,UbxQ8lZ,teAAe2o,iRAt,cJvF,FzaX,t39_HBW,Al6ZaUT,EmeSanL,LM8l689qOp,Qcbd,02N6s8f,R4y5gQQWY8OodqDV
0,770,7,448,172,215,72,253.52,0,4333386,0,1.406964,18,132,35,2269072,0,215916.9,25,2,40,32,-61625.6,585,72,9702,0,2507205,1292818,320,0,27,554428,10515800,24,475230,0,0,xearjIX0Db,2Knk1KF,LfvqpCtLOY,1K8T,TyGl,PHNvXy8,_jTP8ioIlJ,DssG,9_Y1,Nbbb,VpdQ,lVqb,NKv3VA1BpP,kIsH,uKAI,L84s,Ie_5MZs,beKrZ3Z,Ilsw,UYBR,AU8_WTd,UF16siJ,zCkv,APgdzOv,jySVZNlOJy,5Acm,6fzt,Zy3gnGM
0,35,0,0,36,45,0,266.48,0,2073600,0,3.313395,9,12,0,158792,0,140247.3,5,4,24,16,-814108,45,24,0,8,0,0,0,0,0,123102,1682968,0,111180,0,7,6m0t0G8rTN,AERks4l,taul,1K8T,PbOJ,0vOuYde,V6XUlxabJ4VaD,k7fH,9_Y1,k13i,VpdQ,IYzP,GjJ35utlTa_GNSvxxpb9ju,kIsH,uKAI,L84s,JBfYVit4g8,TDctq2l,Y87k,UYBR,FzaX,GCMtpkh,Al6ZaUT,zfWNa8V,LM8l689qOp,fKCe,02N6s8f,xwM2aC7IdeMC0
0,623,7,0,148,185,64,200,0,244290,0,0.732963,9,58,0,1925376,0,64740,10,16,72,48,257358.8,395,6,24705,0,1070830,245314,335,0,0,655053,3269876,24,603900,0,0,1GdOj17ejg,RO12,taul,1K8T,aD1X,I6Bd3iM,7bN0,GPbC,9_Y1,iVbl,VpdQ,IYzP,me75fM6ugJ,kIsH,uKAI,L84s,NhsEn4L,kZJtVhC,Vb5_,cJvF,FzaX,bBmOw16,oslk,CcdTy9x,jySVZNlOJy,7aLG,RAYp,F2FyR07IdsN7I
0,315,0,0,36,45,16,258.96,0,6159300,0,6.162359,9,24,0,1918192,0,247752.3,5,0,8,8,-239231.2,335,12,0,0,2805130,330616,0,0,18,0,9690440,6,0,0,0,Yddq9ayE15,RO12,taul,1K8T,hAOr,abwskmT,LH076SiAyW,Kba4,9_Y1,NFMt,sJzTlal,zm5i,DHn_WUyBhW_whjA88g9bvA64_,kIsH,uKAI,Mtgm,CrNX,mAjbq_f,WxQv,cJvF,FzaX,YbZOGY0,d0EEeJi,upQ1IxL,jySVZNlOJy,TNEC,nIGXDli,F2FyR07IdsN7I
0,406,7,172,44,55,40,220.08,0,2710632,0,6.97351,9,78,0,8555600,0,103402.8,0,2,8,16,197160.8,355,12,2025,0,2150645,349212,110,0,9,0,9864240,2,2040600,0,0,vAsvyx7ejg,zPhCMhkz9XiOF7LgT9VfJZ3yI,taul,1K8T,FgS1,PHNvXy8,KyxX4chnKM,_dDp,9_Y1,RcM7,sJzTlal,hAFG,NKv3VA1BpP,kIsH,uKAI,L84s,NjlyLMM,teAsDf5,FgZP,cJvF,FzaX,UF16siJ,zCkv,APgdzOv,LM8l689qOp,szEZ,6fzt,xwM2aC7IdeMC0
0,1554,7,1672,112,140,80,133.12,0,9942,0,2.787866,9,58,49,79152,0,5456.28,0,8,48,24,-50290,675,6,6831,0,54235,21776,2105,0,0,78169,160820,20,41514,0,0,a4vrEy7Rm6,RO12,taul,1K8T,IvdZ,6CXYbuk,o64y9zI,l1Gz,9_Y1,H9GL,VpdQ,IYzP,Kxdu,kIsH,uKAI,L84s,9pUnzWLbztKTo,TDc92TK,Vc8A,cJvF,FzaX,ROeipLp,zCkv,K2SqEo9,LM8l689qOp,Aoh3,6fzt,am14IcfM7tWLrUmRT52KtA
0,5229,14,2584,184,230,32,295.2,0,4877916,0,1.217261,36,182,154,2403784,0,14378.34,35,6,72,40,208260,1075,84,57708,0,4338845,302688,465,0,18,218631,10485800,26,583074,0,0,4e7Wq69R_D,2Knk1KF,taul,1K8T,ssAy,fhk21Ss,P9HTde2,bRhl,9_Y1,Px52,VpdQ,y6dw,7M47J5GA0pTYIFxg5uy,kIsH,uKAI,L84s,Ie_5MZs,pMWNPrB,AwOA,cJvF,FzaX,4UxGlow,zCkv,catzS2D,LM8l689qOp,PM2D,ZI9m,TCU50_Yjmm6GIBZ0lL_
0,3164,7,2192,356,445,184,166.56,0,0,0,4.429609,9,128,336,1449328,0,12564.66,10,22,208,240,99930,1460,0,33669,0,574885,206016,640,0,27,303422,2031052,46,602352,0,0,HYTvyx7ejg,2Knk1KF,taul,1K8T,hM6W,vK5NLKK,FoJylxy,uFPX,9_Y1,RcM7,VpdQ,kxE9,me75fM6ugJ,kIsH,uKAI,L84s,XfqtO3UdzaXh_,XTb4AFX,NhHf,cJvF,FzaX,Tvpfql_,oslk,yoD7kpB,LM8l689qOp,szEZ,RAYp,55YFVY9
0,784,0,192,160,200,128,220.08,0,115584,0,2.517411,27,56,0,928664,3,45662.1,0,18,48,64,-1145032,485,12,60732,8,377335,363520,0,0,9,503594,1800252,10,344934,0,0,Mtpt0G8EIb,RO12,taul,1K8T,wOc1,TSdnxCu,glRBFJT8NN,fxFi,9_Y1,e7QV,VpdQ,IYzP,me75fM6ugJ,kIsH,uKAI,Mtgm,NhsEn4L,mAjbk_S,vxoA,cJvF,FzaX,3Pr87dl,oslk,cVyqFbB,jySVZNlOJy,fKCe,RAYp,F2FyR07IdsN7I
0,476,7,100,40,50,32,254.8,0,13976880,0,4.960479,9,30,0,1499248,0,220322.4,0,0,0,8,341581.2,330,30,3087,0,0,177048,340,0,9,0,10421640,0,0,0,0,dRagUHXM47,RO12,taul,1K8T,7ALb,8XUtpNj,u2pCocB,TNyI,9_Y1,fTh6,09_Q,IYzP,me75fM6ugJ,kIsH,uKAI,L84s,NhsEn4L,NGZXfGp,gj1k,UYBR,FzaX,m1aNvFm,oslk,UulYV0N,LM8l689qOp,453m,RAYp,F2FyR07IdsN7I
0,2919,7,172,216,270,56,186.64,0,998592,0,3.395001,9,170,7,4064464,0,25240.95,0,6,56,96,189912.4,1045,12,2934,0,7096800,71348,205,0,18,3003,8521240,60,4692,0,0,8Fdr4RXXnK,2Knk1KF,taul,1K8T,TyGl,fqeOwLG,jnt5Fix,gItN,9_Y1,jakt,VpdQ,y6dw,7M47J5GA0pTYIFxg5uy,kIsH,uKAI,L84s,a3CcPDe,_JdyMnS,UYra,cJvF,FzaX,fxJmel6,QKW8DRm,WfsWw2A,LM8l689qOp,7FJQ,ZI9m,iyHGyLCEkQ
0,763,7,2264,64,80,32,253.52,5,5021946,0,4.390942,9,40,112,0,0,130418.1,0,2,0,0,-13648.84,455,36,43245,8,2864910,1278602,11315,0,9,0,8893920,10,1045206,0,0,6VLvyx7IEC,RO12,taul,1K8T,X9_k,T7cNGWG,9YuYZx0Xsm,et0n,9_Y1,qaiO,VpdQ,IYzP,me75fM6ugJ,kIsH,uKAI,L84s,NhsEn4L,mAjbk_S,FbT7,UYBR,FzaX,ByIfGrO,oslk,Esw7qqc,LM8l689qOp,szEZ,RAYp,F2FyR07IdsN7I
0,938,7,0,168,210,112,277.68,5,5957814,0,4.082675,9,36,0,220832,0,159731.1,20,6,32,8,173563.6,570,84,198,8,1056525,1633278,40,0,9,0,10613280,12,1555200,0,0,Iskvyx875g,RO12,taul,1K8T,QQSE,w7CdCxx,77iJmpaB0e,xbw2,9_Y1,MBhA,09_Q,zm5i,me75fM6ugJ,kIsH,uKAI,Mtgm,NhsEn4L,mAja5EA,j6nf,UYBR,FzaX,VBuAAox,oslk,smo7DIf,LM8l689qOp,WqMG,RAYp,F2FyR07IdsN7I
0,2058,7,668,300,375,192,166.56,0,47724,0,0.1867122,9,116,0,1907328,0,27767.67,25,22,88,104,-105890,1125,30,1080,0,996525,476342,1530,0,27,369852,3197408,34,602688,0,0,DQlrEyXXnK,2Knk1KF,taul,1K8T,z32l,af1vEdV,r83_sZi,j8N7,9_Y1,SkZj,VpdQ,hAFG,me75fM6ugJ,kIsH,uKAI,L84s,XfqtO3UdzaXh_,XTbPUYD,ctu4,UYBR,FzaX,b0vOZ4E,oslk,1gu2qo0,LM8l689qOp,Aoh3,RAYp,55YFVY9
0,2408,7,256,372,465,144,133.12,0,6186,0,4.09891,45,132,0,1536608,0,14107.05,10,16,160,272,17339,1430,6,13878,0,856405,144148,95,0,18,273546,1915280,60,185922,0,0,dRavyx7ejg,2Knk1KF,taul,1K8T,FgS1,wcYOuZM,e1XhvTunuD,Cis9,9_Y1,RcM7,VpdQ,hAFG,me75fM6ugJ,kIsH,uKAI,L84s,XfqtO3UdzaXh_,11p4mKe,NrTt,cJvF,FzaX,3aBfc8E,oslk,aXcOEra,LM8l689qOp,szEZ,RAYp,55YFVY9
0,875,7,272,96,120,32,167.68,5,4651974,0,0.621662,45,102,0,14912,0,158421.9,15,2,48,40,176030.4,215,54,35811,8,55080,233814,20,0,0,0,4830920,4,260454,0,0,gE8Wq6edh4,2Knk1KF,taul,1K8T,EJC9,XvJ7pE3,3X0xOLn,s3Kj,9_Y1,_xpN,VpdQ,sYC_,me75fM6ugJ,kIsH,uKAI,L84s,NhsEn4L,kq0aHkC,emov,UYBR,FzaX,FgkYlW4,oslk,iHXRkup,LM8l689qOp,FSa2,RAYp,55YFVY9
0,1148,7,2804,292,365,96,196.64,0,780,0,2.995727,9,184,161,1196288,0,62477.4,5,14,72,152,340840,775,6,18945,0,2351055,73616,5795,0,18,446250,2961452,66,493716,0,0,DHeq9ayfAo,AERks4l,LfvqpCtLOY,1K8T,8PU_,fhk21Ss,Hz6CKEGgVigq3,oGid,9_Y1,QBpP,09_Q,y6dw,7M47J5GA0pTYIFxg5uy,kIsH,uKAI,L84s,nlbpV6E,LxWXZdz,ktmG,cJvF,FzaX,4UxGlow,QKW8DRm,catzS2D,LM8l689qOp,7P5s,ZI9m,ib5G6X1eUxUn6
0,637,7,1252,140,175,8,234.72,0,248166,0,5.593249,18,54,28,6212736,0,207682.8,0,0,32,72,205542.4,265,24,9936,0,8671550,172800,4095,0,18,0,10554640,42,0,0,0,Iskvyx875g,RO12,taul,1K8T,0Xwj,THRJJYr,zA2IZno2NK,yr9u,F3hy,MBhA,VpdQ,IYzP,me75fM6ugJ,kIsH,uKAI,L84s,NhsEn4L,cUQss53,QORN,UYBR,FzaX,Nr9Y_02,oslk,afdTzYj,jySVZNlOJy,WqMG,RAYp,F2FyR07IdsN7I
0,2107,7,836,260,325,104,176.56,0,572544,0,1.508438,18,128,0,2541080,0,35888.4,10,8,64,96,142812.4,775,30,9684,0,4578280,230018,4090,0,45,818552,6058000,58,420378,0,0,mCGq9ayE15,rEUOq2QD1qfkRr6qpua,taul,1K8T,z32l,zmMlkJq,JQFeOYK,o4xI,9_Y1,kJJ7,09_Q,wMei,DHn_WUyBhW_whjA88g9bvA64_,kIsH,uKAI,L84s,CrNX,7N7iRy5,ftB7,cJvF,FzaX,ErGovo7,d0EEeJi,a4o7nDv,LM8l689qOp,7P5s,nIGXDli,ib5G6X1eUxUn6
0,2338,0,0,208,260,72,166.56,0,1669812,0,0.9532151,9,82,0,5411456,0,64502.4,10,0,40,64,79145.2,1090,72,5553,0,6736200,471496,0,0,18,0,10254760,42,0,0,0,vAsvyx7ejg,w9ygS99Qp_,taul,1K8T,487l,Li3XbNT,FoJylxy,DPEx,9_Y1,xSqs,VpdQ,wMei,DHn_WUyBhW_whjA88g9bvA64_,kIsH,uKAI,L84s,CrNX,7N7iRy5,WKbs,cJvF,FzaX,llY1CV0,d0EEeJi,OX6ZbtV,M_8D,szEZ,nIGXDli,R4y5gQQWY8OodqDV
0,1799,7,3788,380,475,224,193.28,0,19572,0,1.409741,9,58,14,95992,0,5610.06,15,18,56,88,57185.6,1255,18,94770,0,263315,111226,10320,0,0,31689,613432,82,144276,0,0,py5gUH7ejg,RO12,taul,1K8T,72yt,tc74lx4,wazLfxy0FK,xPfz,9_Y1,m_h1,09_Q,IYzP,me75fM6ugJ,kIsH,uKAI,L84s,NhsEn4L,TDceha3,0_uM,cJvF,FzaX,EncOVQC,oslk,8AGQQMs,LM8l689qOp,WqMG,RAYp,F2FyR07IdsN7I
0,455,0,0,152,190,16,220.08,0,2646204,0,1.955138,18,22,0,2707232,0,163959.6,15,6,40,32,127099.6,705,54,0,0,6703400,251522,0,0,9,1159228,10544560,34,1512024,0,0,HrWq9aXt5a,RO12,taul,1K8T,L80O,koxwXf5,LWyxgtXeJL,D9CZ,9_Y1,Y9Bl,VpdQ,zm5i,me75fM6ugJ,kIsH,uKAI,Mtgm,NhsEn4L,kZJtVhC,5dEN,cJvF,FzaX,ifWA6IW,oslk,2deKSaP,LM8l689qOp,uWr3,RAYp,F2FyR07IdsN7I
0,1337,7,1056,140,175,64,253.52,0,930930,0,4.62743,9,76,280,1312920,0,43617,15,4,40,40,147714.4,1020,30,19449,0,3554435,210012,285,0,18,386435,5265160,24,250956,0,0,uGLq9ayE15,ND3t9Yro9U,taul,1K8T,mAW3,PHNvXy8,0ZlStaN,vOQZ,9_Y1,kJJ7,VpdQ,sYC_,NKv3VA1BpP,kIsH,uKAI,L84s,Ie_5MZs,y5FbyrZ,av0F,cJvF,FzaX,UF16siJ,zCkv,APgdzOv,LM8l689qOp,7P5s,6fzt,xwM2aC7IdeMC0
0,1176,7,32,136,170,8,253.52,0,1555200,0,6.679129,9,78,14,3821776,0,137383.8,20,2,40,48,139907.6,500,18,38160,0,8208000,10776,2270,0,27,320054,10587320,38,518400,0,0,MlYvyx875g,RO12,taul,1K8T,YVv3,9GJGgoz,e1XhvTunuD,yr9u,9_Y1,MBhA,VpdQ,43pnToF,Kxdu,kIsH,uKAI,L84s,FMSzZ91zL2,mAjUo2m,QORN,UYBR,FzaX,Tvpip6Z,zCkv,hHJsvbM,LM8l689qOp,WqMG,6fzt,SbOd7O8ky1wGNxp0Arj0Xs
0,0,0,0,280,350,200,222.08,5,9732,0,2.794702,9,12,0,0,0,4607.52,0,0,0,0,67176.4,350,36,0,16,427880,40622,0,0,0,0,430036,78,0,0,7,xddq9ayfAo,RO12,taul,1K8T,z32l,kLfChn2,II0S8f9,PXm2,9_Y1,000J,VpdQ,IYzP,me75fM6ugJ,kIsH,uKAI,L84s,NhsEn4L,mAja5EA,Rbcx,cJvF,FzaX,CjQOZ4E,oslk,FX1z20V,LM8l689qOp,7P5s,RAYp,F2FyR07IdsN7I
0,728,7,48,124,155,56,66.88,0,30306,0,1.903653,9,30,0,125104,0,4201.2,10,6,56,72,-48806.8,595,18,747,0,11850,21698,55,0,0,75334,169612,14,22122,0,0,8I1q9ayE15,RO12,taul,1K8T,hAOr,LjLo0Nn,ELRUn57,bupv,9_Y1,F_Lu,VpdQ,IYzP,me75fM6ugJ,kIsH,uKAI,L84s,XfqtO3UdzaXh_,11p4mKe,mIcv,cJvF,FzaX,_lwCqnG,oslk,n7PqbV5,LM8l689qOp,TNEC,RAYp,F2FyR07IdsN7I
0,1288,7,3944,208,260,160,166.56,0,28728,0,6.285195,9,108,126,787176,0,28163.25,0,12,48,104,-129608,865,24,43731,0,183620,269068,2325,0,9,231924,1202908,18,157704,0,0,GcUt0G8rTN,2Knk1KF,taul,1K8T,TyGl,voX4XxH,_UtlxbJ,1H3U,9_Y1,k13i,VpdQ,wMei,me75fM6ugJ,kIsH,uKAI,L84s,h0lfDKh52u4GP,IoI4mKe,mygG,cJvF,FzaX,_Mc87dl,oslk,Bfv7kpB,LM8l689qOp,fKCe,RAYp,55YFVY9
0,693,14,5748,128,160,24,200,0,9565920,0,5.096774,18,182,714,691200,0,241944,30,0,32,8,27766.84,480,120,25920,0,195795,466340,1435,0,27,0,9885800,4,0,0,0,YddrjIQ5Ph,AERks4l,ArtjQZ8ftr3NB,z3mO,PGNs,fhk21Ss,zA2IZno2NK,kWfE,9_Y1,RVjC,VpdQ,oZyB,7M47J5GA0pTYIFxg5uy,kIsH,uKAI,L84s,_5OXC8MSLt,beKj5PX,4a9J,UYBR,FzaX,4UxGlow,oslk,catzS2D,M_8D,FSa2,ZI9m,ib5G6X1eUxUn6
0,700,14,6508,136,170,8,301.84,0,8791080,0,4.417005,27,134,1386,1401896,0,137025,35,0,40,24,169537.2,545,102,3195,0,2144890,29978,1575,0,27,17059,10756720,12,0,0,0,zKnr4RXktW,g62hiBSaKg,taul,1K8T,0Xwj,fhk21Ss,n1zVHpT8NN,EF7s,HLqf,Albh,09_Q,haYg,7M47J5GA0pTYIFxg5uy,sBgB,uKAI,L84s,XfqtO3UdzaXh_,XTbPUYD,34CM,cJvF,FzaX,4UxGlow,oslk,catzS2D,LM8l689qOp,Xa3G,ZI9m,ib5G6X1eUxUn6
0,1211,7,448,308,385,40,278.96,0,8070240,0,4.111301,9,50,175,1521888,0,126616.8,35,0,32,80,102315.6,985,108,75789,0,2510290,128358,5165,0,27,0,10722640,74,0,0,0,Foxt0Go8Lb,RO12,taul,1K8T,7gSz,iJzviRg,EXpWEXgaYWQf4,Q1HP,9_Y1,rGJy,VpdQ,CoYW,7M47J5GA0pTYIFxg5uy,kIsH,uKAI,Mtgm,4kVnq_T26xq1p,kZJyF88,QX5w,cJvF,FzaX,ch2oGfM,zCkv,P6pu4Vl,LM8l689qOp,Qu4f,ZI9m,R4y5gQQWY8OodqDV
0,2527,7,792,268,335,160,166.56,0,0,0,1.31254,9,144,7,344288,0,3923.13,0,16,144,240,-15513.16,1285,0,162783,0,38020,43254,1415,0,27,140189,336856,18,71682,0,0,Mtpt0G8EIb,onTuEhrJJQy_H3IHkZku5AFczhYGqxJ890,taul,1K8T,o2Vy,fqeOwLG,XpZBOej,ID43,9_Y1,k13i,VpdQ,haYg,7M47J5GA0pTYIFxg5uy,kIsH,uKAI,L84s,IZwBHOJhfS,_Jd7rdm,g2AX,UYBR,FzaX,fxJmel6,zCkv,WfsWw2A,LM8l689qOp,fKCe,ZI9m,iyHGyLCEkQ
0,896,7,88,148,185,72,253.52,0,3315828,0,0.7120274,9,38,0,2318712,0,190108.2,30,2,48,48,206258.8,575,42,891,0,2756150,1356784,1105,0,9,0,10195640,16,475224,0,0,V8lBcmz45j,RO12,taul,1K8T,z32l,6cUBdMb,1lFJzqR,B5im,9_Y1,rzbc,VpdQ,zm5i,me75fM6ugJ,kIsH,uKAI,L84s,NhsEn4L,mAjbk_S,GOAz,cJvF,OFWH,1FAm94s,oslk,MjtlfsX,jySVZNlOJy,Qcbd,RAYp,F2FyR07IdsN7I
0,1057,7,1880,56,70,56,166.56,0,3628800,0,0.03247169,18,130,14,1541320,0,139821,5,2,16,8,236224,545,6,3780,0,527190,1275104,445,0,36,1348655,8699560,6,997380,0,0,5_lq9aXt5a,2Knk1KF,taul,1K8T,JLbT,wEJwkuM,_UtlxbJ,_FwG,9_Y1,Y9Bl,VpdQ,haYg,me75fM6ugJ,kIsH,uKAI,L84s,XfqtO3UdzaXh_,XTbPUYD,M5V5,UYBR,FzaX,1E1v4zN,oslk,LHq2Oqu,LM8l689qOp,uWr3,RAYp,55YFVY9
0,1554,7,4068,712,890,440,220.08,0,3028608,0,5.90109,9,100,238,4066904,0,99581.09,75,60,248,72,138640.8,2110,150,32814,0,6270450,475980,525,0,27,31024,10718920,88,373764,0,0,0vimfo8zhV,RO12,taul,1K8T,TyGl,Kn7uqyB,glRbITbnHQ,unG8,9_Y1,6Kw9,VpdQ,6JmL,me75fM6ugJ,kIsH,uKAI,L84s,XfqtO3UdzaXh_,11p4mKe,gwKE,cJvF,FzaX,OYHOVQC,oslk,RlTRt72,LM8l689qOp,3Cy4,RAYp,F2FyR07IdsN7I
0,392,0,0,244,305,56,223.36,0,158598,0,1.189489,9,20,0,179560,0,9717.39,0,0,24,80,153213.6,1145,36,0,0,651970,44642,0,0,18,35224,806372,76,0,0,0,hSogUHXZeb,RO12,taul,1K8T,7ALb,cSPqFuv,rvXScoP,doRp,9_Y1,LqKm,09_Q,zm5i,me75fM6ugJ,kIsH,uKAI,L84s,XfqtO3UdzaXh_,XTbPUYD,i7W3,cJvF,FzaX,joS6pd1,oslk,AYu2Oqu,LM8l689qOp,453m,RAYp,F2FyR07IdsN7I
0,3640,21,3928,912,1140,376,167.2,0,269898,0,0.7697073,27,52,259,1073960,0,9498,25,24,200,208,-1304668,2930,138,15642,0,1481975,394678,2630,0,0,94003,2961796,230,323616,0,0,HYTvyx7ejg,RO12,taul,1K8T,TyGl,cJKfmkh,V_KR_LD,dlZ4,9_Y1,qaiO,VpdQ,IYzP,me75fM6ugJ,kIsH,uKAI,Mtgm,XfqtO3UdzaXh_,XTbPUYD,xdnf,cJvF,FzaX,HJNVoxc,oslk,qlCDnag,LM8l689qOp,szEZ,RAYp,F2FyR07IdsN7I
0,819,7,404,144,180,40,263.52,0,642,0,2.742576,9,132,84,3287584,0,143235,5,0,24,64,47472.8,565,6,60363,0,4777790,267124,1610,0,18,988148,6022200,42,0,0,0,V8lt0G8rTN,g62hiBSaKg,taul,1K8T,487l,RPKu5tB,e1XhvTunuD,xDzI,9_Y1,k13i,09_Q,haYg,me75fM6ugJ,kIsH,uKAI,L84s,XfqtO3UdzaXh_,OFq55nd,xVNu,cJvF,FzaX,WdP1WU5,oslk,05j67Xw,LM8l689qOp,fKCe,RAYp,ib5G6X1eUxUn6
0,2163,7,5984,316,395,248,133.12,0,7548,0,3.262337,9,154,42,1327424,0,27908.94,0,12,104,176,-2117.284,1240,6,6489,0,990465,353178,250,0,27,374367,2379340,38,317802,0,0,1GdOj17ejg,2Knk1KF,taul,1K8T,aD1X,fhk21Ss,C_u8_AlBK7,09Vp,9_Y1,eQTr,sJzTlal,haYg,7M47J5GA0pTYIFxg5uy,kIsH,uKAI,L84s,Ie_5MZs,CWNY2py,SZ0u,cJvF,FzaX,4UxGlow,zCkv,catzS2D,LM8l689qOp,7aLG,ZI9m,TCU50_Yjmm6GIBZ0lL_
0,441,0,0,92,115,72,186.64,0,3110400,0,0.4133732,9,24,0,0,0,225168.9,10,8,24,0,-24204.84,445,36,0,0,46200,1555200,0,0,18,0,7294560,4,2073600,0,0,HYTrjIK12c,RO12,taul,1K8T,TyGl,EnSNXZR,Gai9lEF2Fr,8MF2,9_Y1,7WNq,09_Q,zm5i,me75fM6ugJ,kIsH,uKAI,L84s,NhsEn4L,mAja5EA,VQD8,UYBR,FzaX,KnzzTww,oslk,EbgaySi,LM8l689qOp,WqMG,RAYp,F2FyR07IdsN7I
0,987,7,140,188,235,120,133.12,0,0,0,4.390088,18,80,42,1709096,0,42560.7,0,6,64,104,-113682,530,0,1035,0,1153850,235980,75,0,9,473648,2300904,32,76974,0,0,a4vvyxLkBI,RO12,taul,1K8T,ssAy,6CXYbuk,cioH0tpUgn9Op,phd_,9_Y1,vzJD,VpdQ,hAFG,Kxdu,kIsH,uKAI,L84s,9pUnzWLbztKTo,y5FWh4t,woJX,cJvF,FzaX,ROeipLp,zCkv,K2SqEo9,LM8l689qOp,xb3V,6fzt,am14IcfM7tWLrUmRT52KtA
0,777,7,212,132,165,16,233.52,0,5394048,0,1.629566,9,68,217,2764800,0,164133.6,25,0,32,32,139408,490,66,1431,0,4481930,52656,230,0,0,0,10397280,22,0,0,0,qXhPe2ftjz,RO12,taul,1K8T,PbOJ,GJQYWIJ,hOpMh7dRpW,s6yv,9_Y1,mTeA,09_Q,IYzP,me75fM6ugJ,kIsH,uKAI,L84s,NhsEn4L,TDcECyH,WhpF,UYBR,qxDb,zxm38SL,oslk,1WSCwWq,jySVZNlOJy,FSa2,RAYp,F2FyR07IdsN7I
0,2100,7,164,248,310,152,220.08,0,3719910,0,2.877804,9,54,0,2652768,0,32068.5,20,10,64,48,318452.8,1190,96,58338,0,1149665,220524,1005,0,27,25263,6489760,24,188508,0,0,75lr4RXktW,RO12,taul,1K8T,TyGl,2cBcOqO,r83_sZi,J6vL,9_Y1,Zazx,VpdQ,6JmL,me75fM6ugJ,kIsH,uKAI,L84s,XfqtO3UdzaXh_,XTbPUYD,KtFT,cJvF,FzaX,IJRYlW4,oslk,_vt7kpB,LM8l689qOp,Xa3G,RAYp,F2FyR07IdsN7I
0,798,14,1648,180,225,64,286.96,0,6397260,0,5.585559,18,104,21,997224,0,98178.3,25,6,40,48,233294.8,565,84,56151,0,1627900,834162,1000,0,9,163478,10246720,18,1176924,0,0,FAJgUH7ejg,RO12,taul,1K8T,lK27,OzLEQZQ,VKmQoSsVfi,H5aB,9_Y1,1Bp0,sJzTlal,Tkho,me75fM6ugJ,kIsH,uKAI,L84s,NhsEn4L,kq0aHkC,1Neh,cJvF,FzaX,AvcNT4W,oslk,yu36Kfh,LM8l689qOp,WqMG,RAYp,F2FyR07IdsN7I
0,3577,7,1996,296,370,56,220.08,0,4220730,0,1.06943,36,130,357,2363136,0,52258.8,50,12,72,64,132788.4,1145,120,4194,0,5945900,197126,115,0,18,160237,10736920,46,760986,0,0,HYTvyx7ejg,LrdZy8QqgUfkVShG,taul,1K8T,7wJ6,fhk21Ss,V_KvNzO,GL92,9_Y1,xSqs,VpdQ,haYg,7M47J5GA0pTYIFxg5uy,kIsH,uKAI,L84s,9fipLB8rlL,kZJjzeN,3QGd,cJvF,OFWH,4UxGlow,zCkv,catzS2D,LM8l689qOp,szEZ,ZI9m,ib5G6X1eUxUn6
0,1694,7,192,504,630,248,166.56,0,145182,0,3.693869,9,54,0,430368,0,6076.8,25,20,144,168,120916,1750,36,26019,0,590960,125470,1300,0,0,128919,1240692,106,117786,0,0,1PnOj1KVEH,RO12,CuXi4je,1K8T,lK27,T7ckueW,DKUDUftgA7,U_8b,9_Y1,jdbz,VpdQ,IYzP,me75fM6ugJ,kIsH,uKAI,L84s,NhsEn4L,mAja5EA,NwRz,UYBR,FzaX,WZA8iqZ,oslk,jCiQv5o,LM8l689qOp,kwS7,RAYp,F2FyR07IdsN7I
0,525,0,0,208,260,136,259.36,0,37374,0,2.816706,9,22,0,9272,9,14574.3,0,6,24,8,-217672.8,835,30,0,32,840880,129946,0,0,0,1232,1027620,52,98208,0,7,hSogUHXZeb,RO12,taul,1K8T,h3JW,LHrpdAf,CdPgMY1Z52,ZIlk,9_Y1,STGZ,VpdQ,IYzP,me75fM6ugJ,kIsH,uKAI,Mtgm,NhsEn4L,mAja5EA,s9FI,UYBR,FzaX,rSNVGQ9,oslk,O8szlpr,LM8l689qOp,453m,RAYp,F2FyR07IdsN7I
0,14,0,0,40,50,16,470.88,20,689520,0,6.31724,9,12,0,0,0,121024.2,5,2,0,0,-1291476,50,18,0,40,115590,256482,0,0,0,0,1613656,6,304410,0,7,MtpBcmzkzH,RO12,taul,1K8T,tXti,xUTqnbN,_jTP8ioIlJ,fdC4,9_Y1,WGOH,VpdQ,IYzP,me75fM6ugJ,kIsH,uKAI,L84s,NhsEn4L,uZL60aU,mFcq,cJvF,FzaX,LwGVino,oslk,xYH_Q4n,LM8l689qOp,Qcbd,RAYp,F2FyR07IdsN7I
0,1190,7,700,332,415,32,268.16,0,0,0,0.4774621,9,120,0,429624,0,13224.45,0,0,40,96,60842,1165,0,936,0,1202925,41408,3795,0,18,41349,1259968,134,0,0,0,ZSNrjIX0Db,2Knk1KF,taul,1K8T,80HR,82ydmQ4,NW71gM15FR,DssG,9_Y1,Nbbb,VpdQ,hAFG,me75fM6ugJ,kIsH,uKAI,L84s,XfqtO3UdzaXh_,XTbPUYD,Ilsw,UYBR,FzaX,FonmS85,oslk,PC0a_vf,LM8l689qOp,5Acm,RAYp,55YFVY9
0,777,7,248,136,170,40,253.52,0,2935338,0,0.2125614,9,48,98,3337800,0,208197.6,0,8,32,40,379866.4,555,48,13788,0,4976390,860760,50,0,18,0,10710840,24,2073600,0,0,HYTrjIK12c,RO12,taul,1K8T,pGTb,miuXVr0,UnPVrhYT1Y,mauT,9_Y1,7WNq,sJzTlal,lVqb,me75fM6ugJ,sBgB,uKAI,Mtgm,XfqtO3UdzaXh_,11p4mKe,Ri28,cJvF,FzaX,bYAYWu3,oslk,hT0zF_Q,LM8l689qOp,WqMG,RAYp,F2FyR07IdsN7I
0,777,7,832,128,160,0,186.64,0,7214460,0,1.188421,9,46,0,2073600,0,230352,25,2,32,24,154285.2,490,84,43272,0,3572425,0,470,0,9,1209600,10561320,18,236604,0,0,vAsTmBfHUn,RO12,taul,1K8T,ujBx,Nn3wY8e,_jTP8ioIlJ,BCG1,9_Y1,4N0K,VpdQ,43pnToF,me75fM6ugJ,kIsH,uKAI,L84s,NhsEn4L,mAjbk_S,ySAE,UYBR,FzaX,75wv48t,oslk,xKQ2fT4,M_8D,Qu4f,RAYp,F2FyR07IdsN7I
0,616,7,196,256,320,128,166.56,0,0,0,3.173254,9,38,2296,26448,0,5600.91,0,4,16,16,92575.2,815,0,5013,0,398635,64464,200,0,0,0,471220,88,15240,0,0,HrWq9aXt5a,RO12,taul,1K8T,JLbT,zN9sz2a,lGXpFd_2Rf,msSD,9_Y1,6TCl,09_Q,IYzP,me75fM6ugJ,kIsH,uKAI,L84s,NhsEn4L,mAjDkRy,DH4f,cJvF,FzaX,gSt6V3V,oslk,Tn9Rusu,LM8l689qOp,uWr3,RAYp,F2FyR07IdsN7I
0,1204,0,52,156,195,0,255.92,0,1851024,0,6.386456,9,106,0,4382160,0,88812,15,4,56,64,175655.6,900,36,9990,0,8532050,0,0,0,9,903616,10648840,40,74238,0,0,Yn7t0Go8Lb,RO12,taul,1K8T,ffXs,Kc5cTEF,daiGnRstPa,Fgam,9_Y1,rGJy,09_Q,Tkho,me75fM6ugJ,kIsH,uKAI,L84s,NhsEn4L,kq0aHkC,gTnN,UYBR,FzaX,x6SzV8H,oslk,xBBj5v6,LM8l689qOp,Qu4f,RAYp,F2FyR07IdsN7I
0,11851,7,52,928,1160,424,220.08,0,3519258,0,1.709037,27,36,0,3590048,0,11340.69,25,10,56,72,122046.4,9680,330,5931,0,3533860,941380,125,0,18,254814,9305200,210,238668,0,0,DQlrEyXXnK,RO12,taul,1K8T,LLPZ,abRsKl9,4hMlgkf58mhwh,4wTx,9_Y1,SkZj,VpdQ,IYzP,me75fM6ugJ,kIsH,uKAI,L84s,NhsEn4L,kZJtVhC,7dq7,cJvF,FzaX,mXL6hzI,oslk,BT6Rt2K,LM8l689qOp,Aoh3,RAYp,F2FyR07IdsN7I
0,8232,14,788,1224,1530,512,220.08,0,4710966,0,1.584277,18,44,14,4001072,0,22343.97,95,50,304,432,-66278.8,4235,354,45225,0,2215830,385308,1380,0,9,267323,8453080,170,329658,0,0,dTGmfo8zhV,RO12,taul,1K8T,487l,gRinF0C,e1XhvTunuD,6wK7,9_Y1,7pVf,VpdQ,zm5i,me75fM6ugJ,kIsH,uKAI,L84s,NhsEn4L,kZJtVhC,f4ku,cJvF,FzaX,SCnYWu3,oslk,WC7Esaq,LM8l689qOp,wX53,RAYp,F2FyR07IdsN7I
0,3101,7,9168,120,150,0,286.96,5,0,0,6.359111,27,212,714,5529600,0,48710.7,0,0,32,64,103494.8,520,0,18999,8,9504000,0,5010,0,27,0,10368000,44,0,0,0,cFHt0GoOh3,ByQdnLRlFnny2k4AJzG,CiJDdr4TQ0rGERIS,1K8T,lK27,fhk21Ss,CbcWkL1DRg48F,XJDJ,9_Y1,rGJy,09_Q,y6dw,7M47J5GA0pTYIFxg5uy,kIsH,uKAI,L84s,iwn6,uZLM33k,Xb33,UYBR,FzaX,4UxGlow,QKW8DRm,catzS2D,LM8l689qOp,Qu4f,ZI9m,NoEd
0,840,7,260,268,335,160,167.2,0,5412,0,1.771844,9,48,224,119664,0,8932.59,10,12,32,48,-15888.56,745,6,77886,0,367820,110458,5,0,0,39207,689516,64,101148,0,0,dRavyx7ejg,RO12,taul,1K8T,7wJ6,uLV9x15,DKUDUftgA7,gNnF,9_Y1,YGOC,VpdQ,IYzP,DHn_WUyBhW_whjA88g9bvA64_,kIsH,uKAI,L84s,CrNX,AuSDRR8,I7kE,cJvF,FzaX,hmNv5Z0,d0EEeJi,VpyPtNK,LM8l689qOp,szEZ,nIGXDli,F2FyR07IdsN7I
0,4025,14,648,444,555,240,233.44,0,577836,0,1.039949,18,138,0,1145264,0,11252.16,50,36,240,216,-251187.2,2165,30,62424,0,2316440,314730,2020,0,45,78512,4324600,42,556800,0,0,NESt0G8EIb,onTuEhrJJQy_H3IHkZku5AFczhYGqxJ890,taul,1K8T,Uk76,fqeOwLG,EXpWEXgaYpMJ7,tGn4,9_Y1,k13i,VpdQ,haYg,7M47J5GA0pTYIFxg5uy,kIsH,uKAI,L84s,tbewxY_YSo,pMWujxd,RMQp,UYBR,FzaX,fxJmel6,JIiEFBU,WfsWw2A,jySVZNlOJy,fKCe,ZI9m,iyHGyLCEkQ
0,427,7,88,208,260,112,281.12,0,201228,0,2.575518,9,64,28,17088,6,7001.28,15,4,24,16,84251.6,485,36,2151,16,227710,64044,95,0,0,0,555940,50,852,0,0,TfiWq69R_D,RO12,LfvqpCtLOY,1K8T,0Xwj,6YwyOPj,5R6lg1a,hRZh,F3hy,RVjC,VpdQ,IYzP,me75fM6ugJ,kIsH,uKAI,Mtgm,NhsEn4L,kq0n8Bj,oSQY,UYBR,FzaX,sTy4Erk,oslk,lAqub85,jySVZNlOJy,FSa2,RAYp,F2FyR07IdsN7I
0,980,7,380,156,195,72,20.08,0,1077054,0,3.388379,9,34,35,2512816,12,152958.6,10,4,32,32,123078.4,570,54,2376,40,5309100,1555200,6340,0,18,604800,10657000,26,1036800,0,7,voArjIXt5a,RO12,taul,1K8T,sKnY,NwKnsla,6uerj6GG35,5HcT,9_Y1,Nbbb,VpdQ,zm5i,me75fM6ugJ,kIsH,uKAI,L84s,NhsEn4L,kZJtVhC,rqCD,cJvF,FzaX,ZV0mFX7,oslk,1E9D3Yd,LM8l689qOp,5Acm,RAYp,F2FyR07IdsN7I
0,287,7,160,68,85,8,2.508,0,0,0,2.832942,9,82,21,6568,0,371.835,0,0,8,40,-48340,275,0,2961,0,5145,62,50,0,0,0,7524,22,0,0,0,zcROj17IEC,RO12,taul,1K8T,aD1X,9LEbiah,Yi49a6G,PRgj,9_Y1,iVbl,VpdQ,IYzP,me75fM6ugJ,kIsH,uKAI,L84s,h0lfDKh52u4GP,IoI4mKe,acNd,cJvF,FzaX,Q5BOZ4E,oslk,Pbo79_c,LM8l689qOp,7aLG,RAYp,F2FyR07IdsN7I
0,1057,7,320,20,25,8,186.64,0,0,0,1.45674,9,76,84,0,0,66225.91,0,0,0,0,173545.6,305,0,492750,0,12096000,746286,3335,0,18,0,11169360,8,0,0,0,oUPBcmzkzH,RO12,taul,1K8T,0WHw,A4OcVcA,CdPgMY1Z52,Fsql,9_Y1,KubS,VpdQ,hAFG,me75fM6ugJ,kIsH,uKAI,L84s,XfqtO3UdzaXh_,uZL3KYO,psqQ,cJvF,Lmli,jE9Ak0_,oslk,qS_w0n7,jySVZNlOJy,Qcbd,RAYp,F2FyR07IdsN7I
0,1022,7,2696,172,215,96,220.08,0,3124218,0,4.008331,9,108,91,1013248,0,122814.3,15,6,32,16,-76136.4,665,60,3204,0,2269600,1272864,8370,0,18,0,8597280,26,1050948,0,0,m9SvyxLkBI,2Knk1KF,taul,1K8T,UpNf,uwNwuGt,lGXpFd_2Rf,Ja0a,9_Y1,FbIm,09_Q,sYC_,me75fM6ugJ,kIsH,uKAI,L84s,NhsEn4L,kq0aHkC,ZSlr,UYBR,FzaX,QMdfc8E,oslk,mh7QQMs,LM8l689qOp,xb3V,RAYp,55YFVY9
0,4522,35,11260,1784,2230,568,200,0,1408428,0,4.155522,45,122,3262,470680,0,27824.79,465,66,464,480,-52970,4135,918,131616,0,3402715,1051916,8575,0,9,167027,6951840,72,676410,0,0,2jirEyXktW,2Knk1KF,taul,1K8T,YFAj,HFBCdxD,SiCA,mEmB,9_Y1,VwCR,VpdQ,sYC_,me75fM6ugJ,sBgB,uKAI,L84s,NhsEn4L,teAyFc5,hCAr,UYBR,FzaX,DndoYtn,oslk,1qWMpgG,jySVZNlOJy,Aoh3,RAYp,55YFVY9
0,4144,7,356,536,670,432,166.56,0,38532,0,6.939756,18,58,91,612608,0,31014,15,18,152,352,-115264.8,2700,24,4437,0,115310,195248,430,0,9,116004,964740,40,171372,0,0,oyGrjIXt5a,RO12,taul,1K8T,80HR,82ydmQ4,P9HTde2,XPUO,9_Y1,xQ2A,09_Q,IYzP,me75fM6ugJ,kIsH,uKAI,L84s,NhsEn4L,mAjbk_S,4x7e,cJvF,AU8pNoi,FonmS85,oslk,PC0a_vf,LM8l689qOp,5Acm,RAYp,F2FyR07IdsN7I
0,0,0,0,24,30,16,379.44,0,42462,0,5.557146,9,14,0,0,0,372819,0,0,0,0,-20380.16,30,6,0,0,2516960,470340,0,0,0,0,2982556,6,0,0,0,CxSr4RXktW,RO12,taul,1K8T,lK27,d4zgFRq,daiGnRstPa,CG3F,9_Y1,jakt,09_Q,IYzP,me75fM6ugJ,kIsH,uKAI,L84s,NhsEn4L,NGZxnJM,mPPG,cJvF,FzaX,A8TOw16,oslk,dINEKx8,LM8l689qOp,7FJQ,RAYp,0pzBWGkV3fbsGZN52DH
0,903,7,76,100,125,24,166.56,0,0,0,2.827815,18,38,63,169720,0,12017.31,0,0,0,24,-1355932,455,0,52551,0,383680,20406,1420,0,0,0,432616,38,0,0,0,1GdOj17ejg,RO12,taul,1K8T,0Xwj,9LEbiah,y2LIM01bE1,7dqt,HLqf,iVbl,sJzTlal,IYzP,me75fM6ugJ,sBgB,uKAI,L84s,NhsEn4L,mAja5EA,NBpe,cJvF,FzaX,Q5BOZ4E,oslk,Pbo79_c,LM8l689qOp,7aLG,RAYp,F2FyR07IdsN7I
0,322,0,0,272,340,80,186.64,0,6132000,0,1.455672,18,16,0,2856920,0,123370.5,40,8,40,96,72487.6,600,102,0,0,3011920,720738,0,0,0,996835,10966680,34,474672,0,0,0vimfo8zhV,RO12,taul,1K8T,42Cy,X2G4NDc,nQU2P_OLn0,ZGvQ,9_Y1,6Kw9,VpdQ,IYzP,me75fM6ugJ,kIsH,uKAI,L84s,NhsEn4L,mAja5EA,mnwr,cJvF,FzaX,DiRY_02,oslk,HiG2C8o,LM8l689qOp,3Cy4,RAYp,F2FyR07IdsN7I
0,1988,0,0,236,295,192,200,0,22386,0,3.36317,9,68,0,696616,0,38511.9,15,14,48,80,-55315.6,810,12,3663,0,1164065,969174,0,0,18,1074129,4421520,26,1630800,0,0,6m0t0G8rTN,RO12,taul,1K8T,487l,694d8Q3,9WRVmN4,8Lzr,9_Y1,e7QV,VpdQ,IYzP,me75fM6ugJ,kIsH,uKAI,L84s,NhsEn4L,kq062QV,wkxm,UYBR,FzaX,9WbeV2F,oslk,Ak5iuXx,LM8l689qOp,fKCe,RAYp,F2FyR07IdsN7I
0,728,14,88,56,70,40,166.56,0,0,0,4.915617,18,96,0,410336,6,103254.6,5,2,24,8,-317972,365,0,144,24,1101415,269650,80,0,9,496636,1736852,12,117936,0,7,AhzZptzip9,AERks4l,taul,1K8T,kNzO,iYI85Wp,ARvzJXx,c0gQ,9_Y1,t_4G,VpdQ,sYC_,NKv3VA1BpP,kIsH,uKAI,L84s,1YxyYTLbzthWO,OFq6Pnu,hOKt,UYBR,FzaX,R8kKx11,zCkv,X9a41Yn,jySVZNlOJy,Qu4f,6fzt,xwM2aC7IdeMC0
0,567,7,256,144,180,120,133.12,0,0,0,2.447127,9,60,91,71752,0,4358.7,0,8,24,128,8195.84,320,0,373068,0,24395,41844,3550,0,0,35518,172824,2,50616,0,0,DHeq9ayfAo,RO12,taul,1K8T,JLbT,YMfAHbp,tuCIAZdnXAILG,A0mG,9_Y1,kJJ7,sJzTlal,IYzP,me75fM6ugJ,kIsH,uKAI,L84s,NhsEn4L,TDceha3,He4R,UYBR,qxDb,ZxrKsQe,oslk,xhoRP71,LM8l689qOp,7P5s,RAYp,F2FyR07IdsN7I
0,1855,7,204,240,300,232,133.12,0,0,0,1.477248,9,82,0,329752,0,17413.8,5,26,32,80,46774.4,760,0,171918,0,217730,357492,90,0,18,398146,1444184,14,584772,0,0,crIt0Go8Lb,RO12,taul,1K8T,G6s_,iJzviRg,r83_sZi,FdRk,9_Y1,C7DI,VpdQ,wMei,7M47J5GA0pTYIFxg5uy,kIsH,uKAI,L84s,WsRVNrF85oPU_,7WwaI2G,aMEG,cJvF,FzaX,ch2oGfM,zCkv,P6pu4Vl,LM8l689qOp,Qu4f,ZI9m,R4y5gQQWY8OodqDV
0,1281,7,4444,212,265,176,166.56,0,554814,0,5.185217,9,188,112,788224,0,108704.7,30,4,72,72,1507364,845,72,56538,0,258140,530284,15,0,18,874881,2699252,4,652050,0,0,gOyvyx7ejg,RO12,taul,1K8T,dWQK,fhk21Ss,r83_sZi,Bwjm,9_Y1,xSqs,VpdQ,haYg,7M47J5GA0pTYIFxg5uy,kIsH,uKAI,L84s,MeOIHRG3F9,teA5P1I,s55p,UYBR,FzaX,4UxGlow,zCkv,catzS2D,jySVZNlOJy,szEZ,ZI9m,iyHGyLCEkQ
0,308,0,0,168,210,104,286.96,0,11196,0,2.811152,9,20,0,255560,0,19413.3,0,10,48,48,-1552392,715,12,0,0,280115,103422,0,0,9,204631,705336,32,208734,0,0,Iskvyx875g,RO12,taul,1K8T,pGTb,2cB4lx4,S85OeCBjSz,B4ZW,9_Y1,MBhA,09_Q,zm5i,me75fM6ugJ,kIsH,uKAI,L84s,NhsEn4L,kZJtVhC,3h2I,cJvF,FzaX,yNFOVQC,oslk,3z2QQMs,LM8l689qOp,WqMG,RAYp,F2FyR07IdsN7I
0,1764,7,12,444,555,168,255.68,0,4951422,0,4.352489,9,38,0,2678296,0,70042.5,30,18,104,72,82430.4,1600,114,4554,0,2993825,215548,100,0,18,178031,9255280,94,292776,0,0,4e7gUH7IEC,RO12,taul,1K8T,0Xwj,31DqtNX,bC2tij6cFXgkQ,urJ7,HLqf,1Bp0,09_Q,zm5i,me75fM6ugJ,sBgB,uKAI,Mtgm,NhsEn4L,NGZXfGp,QpFB,cJvF,FzaX,dMzYH7D,oslk,_wyAgOW,LM8l689qOp,WqMG,RAYp,F2FyR07IdsN7I
0,819,0,576,136,170,88,267.76,0,4433310,0,2.020295,45,80,21,0,0,205099.8,20,10,40,0,18306.84,520,54,68994,0,432240,1900800,0,0,9,604800,10046760,10,2493846,0,0,dRarjIK12c,RO12,taul,1K8T,xgSF,Kc5cTEF,Tg7jjBB,MXX4,9_Y1,7WNq,VpdQ,hAFG,me75fM6ugJ,kIsH,uKAI,L84s,XfqtO3UdzaXh_,11p4mKe,rKtE,cJvF,FzaX,x6SzV8H,oslk,xBBj5v6,M_8D,WqMG,RAYp,F2FyR07IdsN7I
0,1302,14,124,20,25,0,33.44,5,2623452,9,6.29374,18,54,154,0,6,16074.57,5,0,8,0,-784448,310,18,4149,32,806775,0,420,0,9,0,4129560,2,0,0,0,1KSr4RK2Mx,RO12,taul,1K8T,PGNs,0v27GMk,yLQX8HOoy1,qeJM,9_Y1,DtNL,sJzTlal,IYzP,me75fM6ugJ,kIsH,uKAI,L84s,NhsEn4L,TDceha3,PFnI,UYBR,FzaX,YBh0nTz,oslk,J_tzF_Q,jySVZNlOJy,FSa2,RAYp,F2FyR07IdsN7I
0,1841,21,4848,172,215,48,253.52,0,7190100,0,5.214911,45,48,567,1687048,0,82408.8,15,6,32,24,301332.4,1745,96,7443,0,2114980,365652,2975,0,0,1126342,10086240,24,1483836,0,0,oyGrjIXt5a,RO12,LfvqpCtLOY,1K8T,lK27,w9kODwF,Hz6CKEGgVigq3,S5Mt,9_Y1,VILw,VpdQ,IYzP,me75fM6ugJ,kIsH,uKAI,L84s,NhsEn4L,kq0n8Bj,0WSH,cJvF,FzaX,fBw6pd1,oslk,0G87kpB,M_8D,5Acm,RAYp,F2FyR07IdsN7I
0,945,35,9276,172,215,112,200,5,5872218,0,4.112155,45,144,2562,893504,0,162442.5,10,8,32,24,251498.8,645,84,11871,8,1253235,1438190,4400,0,36,604800,10136960,12,2070474,0,0,uGLq9ayE15,g62hiBSaKg,taul,1K8T,FgS1,fhk21Ss,msIFlLyI91,G1LC,9_Y1,QBpP,VpdQ,hAFG,7M47J5GA0pTYIFxg5uy,kIsH,uKAI,L84s,WsRVNrF85oPU_,beKIrfc,pf45,cJvF,FzaX,4UxGlow,zCkv,catzS2D,M_8D,7P5s,ZI9m,ib5G6X1eUxUn6
0,1512,14,3072,240,300,88,166.56,0,7751220,0,2.743004,27,106,490,446448,0,128392.2,25,6,40,80,726320,935,96,16173,0,1822735,222060,1995,0,18,0,9836600,30,1555200,0,0,avkq9ayfAo,2Knk1KF,I9xt3GMcxUnBZ,1K8T,PJLW,P3bxW2B,k10MzgT,ZMoo,9_Y1,vm5R,VpdQ,Tkho,me75fM6ugJ,kIsH,uKAI,L84s,NhsEn4L,beK4AFX,3HqK,cJvF,FzaX,hN86hzI,oslk,h2ZOtEt,M_8D,7P5s,RAYp,55YFVY9
0,833,7,560,172,215,16,220.08,0,7755900,0,1.094211,9,34,14,1383760,0,213939,35,2,32,32,148024.4,570,108,2817,0,3003410,49522,425,0,9,0,10402040,22,168102,0,0,oyGrjIXt5a,RO12,taul,1K8T,487l,82ydmQ4,IMbnnzlLVO,xSQh,9_Y1,xQ2A,sJzTlal,zm5i,me75fM6ugJ,kIsH,uKAI,L84s,NhsEn4L,kZJtVhC,fkFF,UYBR,FzaX,FonmS85,oslk,PC0a_vf,LM8l689qOp,5Acm,RAYp,F2FyR07IdsN7I
0,2646,0,0,2056,2570,304,306.16,0,5548704,0,3.677847,18,20,0,1796160,0,20254.17,285,132,672,560,-1603.284,6900,1110,0,0,5904700,129544,0,0,9,276948,10404880,196,997128,0,0,xearjIX0Db,RO12,taul,1K8T,ZHNR,2LUe_ev,eQ38D9Euiw,MwQe,9_Y1,xQ2A,VpdQ,zm5i,me75fM6ugJ,kIsH,uKAI,Mtgm,NhsEn4L,7WwuNea,nzEx,UYBR,FzaX,KVXR98m,oslk,EHC0WQG,LM8l689qOp,5Acm,RAYp,F2FyR07IdsN7I
0,728,7,1832,112,140,8,293.68,0,8812800,0,1.001282,9,108,189,46712,3,227888.4,40,0,32,8,-11885.72,465,102,12771,8,88800,172800,540,0,18,0,9080000,2,0,0,0,S8dr4RQxul,2Knk1KF,taul,1K8T,TyGl,ho_lH9W,3cO76t0,yG_y,9_Y1,z5Ry,VpdQ,wMei,me75fM6ugJ,kIsH,uKAI,Mtgm,h0lfDKh52u4GP,IoI4mKe,QcPI,UYBR,FzaX,ImpYlW4,oslk,LTMqFbB,LM8l689qOp,FSa2,RAYp,55YFVY9
0,1078,7,13996,204,255,40,213.36,0,4993032,0,5.588122,9,112,392,2665320,0,110477.1,20,6,40,40,143659.6,715,102,2124,0,4579020,362640,5255,0,36,499240,10499840,34,921426,0,0,qXhrEy7VR2,2Knk1KF,taul,1K8T,IvdZ,20dhIvr,3A8iudN5VL6tw,uCf9,9_Y1,X8zP,VpdQ,hzlB,me75fM6ugJ,kIsH,uKAI,L84s,XfqtO3UdzaXh_,XTbPUYD,_m2z,cJvF,FzaX,A7VmFX7,oslk,_vBCqEp,LM8l689qOp,Aoh3,RAYp,55YFVY9
0,546,7,2280,64,80,64,166.56,0,0,0,6.418714,9,88,14,268808,0,81226.5,10,0,0,8,136819.6,310,0,9261,0,482535,127538,295,0,18,0,801412,10,0,0,0,dRarjIK12c,RO12,taul,1K8T,YVv3,EnSNXZR,I1sqWRxUAv,8MF2,9_Y1,7WNq,09_Q,TIA9,me75fM6ugJ,kIsH,uKAI,L84s,XfqtO3UdzaXh_,XTbPUYD,VQD8,UYBR,FzaX,KnzzTww,oslk,EbgaySi,LM8l689qOp,WqMG,RAYp,F2FyR07IdsN7I
0,1407,14,4976,164,205,88,166.56,0,15036,0,6.987609,36,146,0,2281816,0,83860.5,5,8,56,64,-9688,650,18,68166,0,2711275,820248,1520,0,27,733614,5537640,28,820110,0,0,6VLvyx7IEC,onTuEhrJJQy_H3IHkZku5AFczhYGqxJ890,taul,1K8T,Bxva,fqeOwLG,_5lrojaUWXbwA,bQDw,9_Y1,qaiO,VpdQ,6JmL,7M47J5GA0pTYIFxg5uy,kIsH,uKAI,L84s,UbxQ8lZ,ORMRote,P87U,UYBR,qxDb,fxJmel6,Al6ZaUT,WfsWw2A,LM8l689qOp,szEZ,ZI9m,iyHGyLCEkQ
0,581,14,1128,164,205,56,166.56,0,518400,0,0.7974792,18,86,455,431560,0,80102.09,0,4,16,16,62.4284,530,6,82206,0,3371025,297104,9905,0,18,168994,3975632,58,184836,0,0,euOBcmz45j,RO12,taul,1K8T,487l,QxkOoyT,B8sYLIu,kc6M,9_Y1,yrDU,VpdQ,lVqb,me75fM6ugJ,kIsH,uKAI,L84s,XfqtO3UdzaXh_,11p4mKe,yih6,UYBR,FzaX,LWkjtxg,oslk,7cF6Ztl,LM8l689qOp,Qcbd,RAYp,F2FyR07IdsN7I
0,840,7,1300,132,165,136,200,0,0,0,6.292459,9,48,280,2038120,0,88059.91,5,4,40,56,40826.4,510,0,23454,0,1109100,1056690,895,0,0,1024163,4340120,12,445692,0,0,etYt0G8EIb,RO12,taul,1K8T,lK27,gwY4NQF,P9HTde2,9WUB,9_Y1,k13i,VpdQ,IYzP,me75fM6ugJ,kIsH,uKAI,L84s,NhsEn4L,mAja5EA,NtDB,cJvF,FzaX,t5EoLzk,oslk,ag5iNPX,LM8l689qOp,fKCe,RAYp,F2FyR07IdsN7I
0,833,7,3060,132,165,0,257.44,0,2592006,0,2.775262,9,100,182,4838400,0,226845.6,15,2,40,56,384333.6,525,30,9027,0,7070400,0,90,0,9,0,10735160,34,89574,0,0,E3dr4RQxul,RO12,LfvqpCtLOY,1K8T,TyGl,LnrdQSP,6JeJzqR,RTc9,9_Y1,z5Ry,VpdQ,haYg,me75fM6ugJ,kIsH,uKAI,L84s,XfqtO3UdzaXh_,XTbPUYD,BXUS,UYBR,FzaX,UiC6V3V,oslk,nXOQZmh,jySVZNlOJy,FSa2,RAYp,F2FyR07IdsN7I
0,910,7,220,180,225,80,186.64,0,6521700,0,2.894467,18,46,168,0,0,195323.1,35,14,40,0,110439.6,755,84,17595,0,1040945,952162,35,0,9,0,10417160,14,1594788,0,0,vAsvyx7ejg,RO12,taul,1K8T,SzjZ,KVQ8pHi,ELRUn57,1kuw,9_Y1,qaiO,VpdQ,lVqb,me75fM6ugJ,kIsH,uKAI,L84s,XfqtO3UdzaXh_,11p4mKe,JfX7,cJvF,FzaX,7XCKpA1,oslk,rH0P_83,LM8l689qOp,szEZ,RAYp,F2FyR07IdsN7I
0,595,0,0,152,190,40,421.28,5,2762790,0,1.48088,18,28,0,4192992,0,147395.1,10,0,32,56,677028,510,48,0,8,5977250,348726,0,0,9,852236,9839000,32,0,0,0,bZkvyxLkBI,RO12,taul,1K8T,ssAy,_A3nXHo,LJF4fPp,J9xn,9_Y1,vzJD,VpdQ,zm5i,me75fM6ugJ,kIsH,uKAI,L84s,NhsEn4L,kZJtVhC,0hYn,cJvF,FzaX,THM88FJ,oslk,erEqhZX,jySVZNlOJy,xb3V,RAYp,F2FyR07IdsN7I
0,2604,7,76,652,815,280,256.88,0,3633246,0,6.760735,9,130,7,1018744,0,33017.1,45,18,144,312,-271796.8,2695,138,2142,0,1982410,320976,295,0,18,214900,7167000,96,417570,0,0,8I1r4RXXnK,rEUOq2QD1qfkRr6qpua,taul,1K8T,0Xwj,fhk21Ss,7ONkRNQCK7,zuv2,HLqf,Zazx,VpdQ,wMei,7M47J5GA0pTYIFxg5uy,sBgB,uKAI,L84s,h0lfDKh52u4GP,IoI4mKe,WMli,UYBR,OFWH,4UxGlow,oslk,catzS2D,LM8l689qOp,Xa3G,ZI9m,ib5G6X1eUxUn6
0,1393,14,312,372,465,184,179.92,0,6810,0,6.97885,27,130,420,79256,0,2351.127,0,14,88,112,-1325624,1415,12,511524,0,160245,46738,6440,0,18,29883,278992,94,19728,0,0,zcROj17IEC,2Knk1KF,taul,1K8T,TyGl,fhk21Ss,oZfiYGy20Y,7dqt,9_Y1,iVbl,09_Q,giwq,7M47J5GA0pTYIFxg5uy,kIsH,uKAI,Mtgm,E1aAZ0x7vd,OFqVH0t,BYcp,cJvF,FzaX,4UxGlow,QKW8DRm,catzS2D,LM8l689qOp,7aLG,ZI9m,ib5G6X1eUxUn6
0,1596,21,2312,128,160,0,253.52,0,11302020,0,5.827601,27,100,588,0,0,129014.1,45,0,32,0,116505.6,780,132,4842,0,62305,0,950,0,9,0,10694920,2,0,0,0,lAFr4RQZiT,RO12,taul,1K8T,487l,_ybO0dd,jjL9zDC,kJs5,9_Y1,z5Ry,09_Q,sYC_,me75fM6ugJ,kIsH,uKAI,L84s,NhsEn4L,kq0aHkC,GTnh,UYBR,FzaX,L91KIiz,oslk,CE7uk3u,M_8D,FSa2,RAYp,F2FyR07IdsN7I
0,3094,7,4160,816,1020,520,133.12,0,38238,0,0.01623585,9,86,210,347944,0,4328.28,30,34,152,192,3992,2605,48,95346,0,559020,140644,9810,0,9,62657,1025020,168,89112,0,0,75lr4RXktW,RO12,taul,1K8T,1TqK,OnikTQ1,P9HTde2,ZeqF,9_Y1,TFSW,VpdQ,lVqb,me75fM6ugJ,kIsH,uKAI,L84s,XfqtO3UdzaXh_,11p4mKe,NpAp,cJvF,FzaX,O30mFX7,oslk,IhKskzO,LM8l689qOp,Xa3G,RAYp,F2FyR07IdsN7I
0,2233,7,1340,460,575,392,220.08,0,292020,0,6.695151,9,84,0,61640,0,21166.98,10,28,104,16,-94888.4,2335,54,2997,0,2512130,479052,2305,0,0,0,3466112,78,311508,0,0,302Oj17IEC,RO12,taul,1K8T,7M9D,25x4spc,hCdK,68dw,9_Y1,eQTr,VpdQ,IYzP,me75fM6ugJ,kIsH,uKAI,L84s,NhsEn4L,mAjbk_S,Gwu1,cJvF,AU8_WTd,0OM8iqZ,oslk,8KG7DIf,jySVZNlOJy,7aLG,RAYp,F2FyR07IdsN7I
0,3073,14,444,408,510,264,200,0,15504,0,1.030122,18,76,84,352752,0,10094.04,10,40,96,144,-72547.6,1435,6,21852,0,299665,105848,2975,0,0,158760,1000424,56,473808,0,0,FAJWq69cTy,RO12,taul,1K8T,yMvB,9GJGgoz,V4E_TU9097,eKTQ,9_Y1,Px52,09_Q,IYzP,Kxdu,kIsH,uKAI,L84s,FMSzZ91zL2,mAjUo2m,JEC4,UYBR,FzaX,Tvpip6Z,zCkv,hHJsvbM,LM8l689qOp,PM2D,6fzt,SbOd7O8ky1wGNxp0Arj0Xs
0,0,0,0,20,25,0,220.08,0,4823028,0,3.648793,9,16,0,0,0,482619,0,0,0,0,-540112,25,18,0,0,2635,0,0,0,0,0,3217460,4,0,0,0,Foxt0Go8Lb,RO12,taul,1K8T,lK27,pro8v8X,Oe4E7cR6Kt,KINo,9_Y1,t_4G,VpdQ,IYzP,me75fM6ugJ,kIsH,uKAI,L84s,NhsEn4L,mAja5EA,8Cy_,cJvF,FzaX,meWVy8V,oslk,DQ3u3MC,LM8l689qOp,Qu4f,RAYp,F2FyR07IdsN7I
0,854,14,404,128,160,0,375.92,0,4665606,0,4.862209,27,136,161,4277776,0,204223.5,15,0,40,56,-120071.6,570,54,83619,0,5492950,0,3120,0,36,604800,10517280,26,0,0,0,64nWq69R_D,2Knk1KF,taul,1K8T,TyGl,PHNvXy8,VFl3jwcNh2VDYrHl,xDFZ,9_Y1,0A_v,09_Q,haYg,NKv3VA1BpP,kIsH,uKAI,Mtgm,Ie_5MZs,CWNY2py,AZzq,UYBR,FzaX,UF16siJ,zCkv,APgdzOv,LM8l689qOp,PM2D,6fzt,Zy3gnGM
0,2513,7,492,552,690,464,133.12,0,0,0,5.892117,9,126,70,274440,0,8470.92,10,18,144,216,-94750.4,2155,0,19359,0,283255,196284,4695,0,18,112511,818488,84,83934,0,0,KXMrEyXXnK,2Knk1KF,taul,1K8T,487l,PHNvXy8,LJsg,GdOg,9_Y1,SkZj,VpdQ,kxE9,NKv3VA1BpP,kIsH,uKAI,L84s,Ie_5MZs,OFqdri0,askf,cJvF,qxDb,UF16siJ,zCkv,APgdzOv,jySVZNlOJy,Aoh3,6fzt,Zy3gnGM
0,546,7,72,76,95,8,186.64,0,715794,0,2.992523,9,128,70,418088,0,42919.5,0,2,8,8,-61274,310,12,333,0,9722650,94,80,0,18,0,9816840,28,2028456,0,0,NESt0G8EIb,GpoBynXzkxADI7bZBtqvX2IPV5t7o2QCPE,taul,1K8T,wOc1,Ba2V6tQ,_UtlxbJ,OAze,9_Y1,e7QV,VpdQ,hAFG,GjJ35utlTa_GNSvxxpb9ju,kIsH,uKAI,L84s,H4p93_uThXwSG,IoIFTv5,DkPO,cJvF,FzaX,Ox8rc0q,Al6ZaUT,mWoRidf,LM8l689qOp,fKCe,02N6s8f,iyHGyLCEkQ
0,3136,14,4556,580,725,144,152.16,15,5314278,0,3.663533,18,142,119,2740944,3,56971.8,65,16,224,224,261919.2,2195,132,15084,40,3812745,553928,790,0,27,402934,10693800,112,714852,0,7,vAsvyx7ejg,2Knk1KF,taul,1K8T,PJLW,tSzBmIU,J_sb4dmQwP,zwzD,9_Y1,f4dr,VpdQ,sYC_,me75fM6ugJ,kIsH,uKAI,Mtgm,NhsEn4L,beK4AFX,C_jt,cJvF,FzaX,GpvmS85,oslk,HD2ldxq,jySVZNlOJy,szEZ,RAYp,55YFVY9
0,1456,7,4184,156,195,48,286.96,0,2013840,0,5.631275,9,130,329,3661616,0,98255.7,20,4,48,48,360844,620,30,31221,0,6014300,589974,775,0,18,604800,10330720,32,587382,0,0,75lr4RXktW,RO12,taul,1K8T,0Y9G,6CXYbuk,MypvvoIQqc,sHE2,9_Y1,jakt,09_Q,hAFG,Kxdu,kIsH,uKAI,L84s,FMSzZ91zL2,11pG9ir,QuM5,cJvF,FzaX,ROeipLp,zCkv,K2SqEo9,LM8l689qOp,7FJQ,6fzt,4rd_
0,98,0,0,320,400,232,253.52,5,2471682,0,5.68746,9,14,0,1917728,0,96368.41,45,4,40,16,359016.4,435,72,0,8,4856250,576022,0,0,0,0,10143960,52,1213092,0,0,qXh9tYsdof,RO12,taul,1K8T,TyGl,DXsZJjN,_DLXGZ6,l7FE,9_Y1,YULl,VpdQ,IYzP,me75fM6ugJ,kIsH,uKAI,L84s,NhsEn4L,NGZxnJM,jOLX,UYBR,FzaX,meWR98m,oslk,I5dzv5f,LM8l689qOp,FSa2,RAYp,F2FyR07IdsN7I
0,1456,7,3908,128,160,72,249.2,0,6739200,0,0.9754326,9,156,294,0,0,65182.8,25,8,32,0,148162,485,78,31491,0,133340,1507072,3515,0,27,1209600,10724000,2,2073600,0,0,ZSNq9atbb6,2Knk1KF,taul,1K8T,lK27,WkH7nZN,ZkibjLN5VdYQ7,5hez,9_Y1,KfYH,VpdQ,lVqb,me75fM6ugJ,kIsH,g5HH,L84s,XfqtO3UdzaXh_,XTbPUYD,y8W_,cJvF,FzaX,scZ0Q3K,oslk,zmvzrB7,LM8l689qOp,me1d,RAYp,TCU50_Yjmm6GIBZ0lL_
0,4004,7,60,428,535,200,170,0,311682,0,4.196753,9,58,14,2625464,0,13324.53,25,14,168,200,137809.6,1575,84,18819,0,354745,254630,260,0,0,255437,2506748,62,217836,0,0,Yddq9ayE15,RO12,taul,1K8T,R4_H,lKbEbie,Yi49a6G,A9Dy,9_Y1,AKLO,VpdQ,IYzP,me75fM6ugJ,kIsH,uKAI,L84s,NhsEn4L,mAja5EA,dh89,cJvF,FzaX,JptTe_2,oslk,2wCw01M,LM8l689qOp,TNEC,RAYp,F2FyR07IdsN7I
0,2674,7,4148,176,220,64,253.52,0,4958550,0,3.867336,9,148,210,3168000,0,56596.2,30,2,32,40,211856,595,78,98433,0,3326825,730126,4905,0,18,1108800,10306360,22,475200,0,0,cFHt0GoOh3,2Knk1KF,taul,1K8T,0Xwj,L8rhM2I,etM739XNbCmUu,aOnv,HLqf,MGOA,VpdQ,wMei,me75fM6ugJ,sBgB,uKAI,L84s,h0lfDKh52u4GP,IoI4mKe,YS39,cJvF,OFWH,SwOmfvd,oslk,huSC99a,jySVZNlOJy,Qu4f,RAYp,55YFVY9
0,581,0,0,336,420,56,220.08,0,7738440,0,2.749199,9,28,0,1448408,0,163397.7,55,6,80,72,344616,650,114,0,0,1185995,480090,0,0,18,135065,10595240,70,1468398,0,0,zcRZptzip9,RO12,taul,1K8T,wGW5,INoV6tQ,nQUxgtZEqo,4Wsq,9_Y1,t_4G,VpdQ,IYzP,me75fM6ugJ,kIsH,uKAI,Mtgm,NhsEn4L,mAja5EA,ZuPl,UYBR,FzaX,kj7fGrO,oslk,pHGT3Cb,LM8l689qOp,Qu4f,RAYp,F2FyR07IdsN7I
0,1869,7,1300,240,300,144,186.64,0,2210580,0,0.00512711,9,102,35,1484888,0,70654.5,45,6,64,56,500728,1675,54,3591,0,2699915,1965752,120,0,18,0,10587680,28,1555200,0,0,JMGq9aXt5a,RO12,taul,1K8T,JLbT,8tQXYqC,V6XUlxabJ4VaD,d9gL,9_Y1,Y9Bl,VpdQ,sYC_,me75fM6ugJ,kIsH,uKAI,L84s,NhsEn4L,beK4AFX,9SZV,cJvF,FzaX,HJNWJ9Z,oslk,KzPc_rI,LM8l689qOp,uWr3,RAYp,F2FyR07IdsN7I
0,98,7,4560,444,555,120,133.12,0,17286,0,0.5355693,9,168,301,3440,0,3995.04,0,0,0,8,-253008.4,1750,6,2439,0,608220,30812,465,0,18,0,561444,188,0,0,0,crIt0Go8Lb,2Knk1KF,LfvqpCtLOY,1K8T,ffXs,lKNMukw,DKUDUftgA7,CNGI,9_Y1,rGJy,VpdQ,6JmL,me75fM6ugJ,kIsH,uKAI,L84s,XfqtO3UdzaXh_,XTbPUYD,EOrY,UYBR,FqMWi1g,3vmv1FD,oslk,X7rObSS,bCPvVye,Qu4f,RAYp,TCU50_Yjmm6GIBZ0lL_
0,1911,7,140,152,190,8,220.08,0,10204440,0,3.970305,9,72,161,0,0,92159.7,45,0,32,0,109118,575,126,2286,0,583545,6318,430,0,0,0,10392840,14,0,0,0,NQ5vyxLkBI,RO12,taul,1K8T,ssAy,Pvu4X3H,C_udlZQDer,6FQO,9_Y1,vzJD,09_Q,IYzP,me75fM6ugJ,kIsH,uKAI,L84s,NhsEn4L,mAjbk_S,hJDo,cJvF,FzaX,95r8hdx,oslk,Pk67qqc,LM8l689qOp,xb3V,RAYp,F2FyR07IdsN7I
0,1498,28,1432,168,210,24,186.64,5,632160,0,3.959838,36,80,98,3896176,0,132207.9,10,4,32,48,90173.6,745,36,18765,8,7982850,398146,1035,0,9,604800,10273080,46,1036800,0,0,Tfit0G8EIb,RO12,taul,1K8T,PbOJ,F0DSdMg,J1MZ1kd,0buo,9_Y1,e7QV,VpdQ,hAFG,me75fM6ugJ,kIsH,uKAI,L84s,XfqtO3UdzaXh_,XTbPUYD,X_Bn,UYBR,FzaX,1Fq88FJ,oslk,XByOEra,jySVZNlOJy,fKCe,RAYp,F2FyR07IdsN7I
0,819,7,276,136,170,48,186.64,0,3042804,0,1.199957,9,58,0,2764800,0,228440.4,10,4,32,32,68896,500,48,7902,0,4731010,948956,40,0,0,0,10476040,24,1036800,0,0,639r4RK2Mx,RO12,taul,1K8T,pJUk,0v27GMk,p528EHj,o9Dk,9_Y1,DtNL,VpdQ,IYzP,me75fM6ugJ,kIsH,uKAI,L84s,NhsEn4L,mAja5EA,1xlq,UYBR,FzaX,YBh0nTz,oslk,J_tzF_Q,M_8D,FSa2,RAYp,F2FyR07IdsN7I
0,2905,7,3736,244,305,120,200,0,676308,0,1.06943,9,126,49,1060744,0,30949.5,15,8,64,72,-64438.4,1010,60,34047,0,1529570,773002,805,0,18,940520,4482000,40,1048338,0,0,gE8Wq6edh4,2Knk1KF,taul,1K8T,lK27,PccCPws,V6XUlxabJ4VaD,1rEo,9_Y1,_xpN,VpdQ,sYC_,me75fM6ugJ,kIsH,uKAI,L84s,NhsEn4L,beK4AFX,vIsY,UYBR,FzaX,aoBY_02,oslk,aSuOEra,jySVZNlOJy,FSa2,RAYp,55YFVY9
0,420,7,88,80,100,64,325.04,0,262374,0,0.2048708,9,76,0,11856,9,16024.17,0,4,8,8,-622500,315,6,27225,40,130025,49384,1260,0,0,10374,2806488,16,3634284,0,14,UCDvyx8zhV,zPhCMhkz9XiOF7LgT9VfJZ3yI,taul,1K8T,yMvB,Xh3cG88,VdhfFQq,EDmG,9_Y1,MBhA,VpdQ,IYzP,7M47J5GA0pTYIFxg5uy,kIsH,uKAI,L84s,NjlyLMM,uZLbQXZ,0CEa,UYBR,FzaX,YQXKRpF,zCkv,aey0Yoz,LM8l689qOp,WqMG,6fzt,xwM2aC7IdeMC0
0,1078,7,240,152,190,96,254.96,5,939264,0,0.06772057,45,70,28,2073600,0,159892.2,0,12,32,24,174091.6,570,30,3600,8,3859535,1933800,1020,0,36,1209600,10691800,24,3110400,0,0,KXMWq69R_D,RO12,taul,1K8T,ssAy,9GJGgoz,7ruFuE4,KYk5,9_Y1,Px52,VpdQ,G_zk,Kxdu,kIsH,uKAI,L84s,FMSzZ91zL2,NGZwo7G,KQVV,UYBR,FzaX,Tvpip6Z,zCkv,hHJsvbM,jySVZNlOJy,PM2D,6fzt,SbOd7O8ky1wGNxp0Arj0Xs
0,756,7,2612,164,205,80,176.56,0,0,0,1.776543,9,166,21,59712,0,7278.96,0,2,40,32,38208.16,640,0,55854,0,401060,82978,2080,0,9,13818,525972,52,13968,0,0,hSovyx7IEC,2Knk1KF,taul,1K8T,7M9D,60sg0bq,NFeIdppttuZ9yxh1,dcue,9_Y1,YGOC,VpdQ,haYg,me75fM6ugJ,kIsH,uKAI,L84s,XfqtO3UdzaXh_,XTbPUYD,SrBt,cJvF,FzaX,ooBv48t,oslk,wtiz4Af,LM8l689qOp,szEZ,RAYp,TCU50_Yjmm6GIBZ0lL_
0,2177,21,12392,352,440,128,143.12,0,0,0,1.623371,27,176,133,950000,0,5030.34,0,8,96,192,46008.4,1120,0,31851,0,530535,77134,12410,0,27,21896,1078584,88,37332,0,0,6VLvyx7IEC,LrdZy8QqgUfkVShG,taul,1K8T,TyGl,fhk21Ss,wD13J6M,Ef1y,9_Y1,RcM7,VpdQ,hAFG,7M47J5GA0pTYIFxg5uy,kIsH,uKAI,L84s,XfqtO3UdzaXh_,_JdH8mF,A1VJ,UYBR,FzaX,4UxGlow,oslk,catzS2D,LM8l689qOp,szEZ,ZI9m,ib5G6X1eUxUn6
0,182,0,236,44,55,16,200,0,0,0,2.54796,9,184,0,0,0,4693.83,0,0,0,0,-75187.6,135,0,2988,0,42315,2052,0,0,18,0,37956,18,0,0,0,zcRZptzip9,2Knk1KF,taul,1K8T,wGW5,fhk21Ss,nQUq7hGe64,ckri,9_Y1,t_4G,09_Q,y6dw,7M47J5GA0pTYIFxg5uy,kIsH,uKAI,L84s,QsQAxv5,KqjecMy,fyvm,UYBR,FzaX,4UxGlow,QKW8DRm,catzS2D,jySVZNlOJy,Qu4f,ZI9m,iyHGyLCEkQ
0,1085,7,684,192,240,152,166.56,0,0,0,3.246101,9,58,28,1385960,0,47274.3,0,8,48,72,120749.2,880,0,53334,0,1078715,201436,7965,0,0,571522,2050584,32,137640,0,0,Mtpt0G8EIb,RO12,taul,1K8T,NF63,RZHR5DT,g3XV6S1D4rNGWBIu,tMGr,9_Y1,k13i,09_Q,IYzP,me75fM6ugJ,kIsH,uKAI,L84s,NhsEn4L,TDceha3,EQ1b,cJvF,FzaX,rLf8iqZ,oslk,bIUTy9x,LM8l689qOp,fKCe,RAYp,F2FyR07IdsN7I
0,812,7,140,124,155,0,220.08,0,0,0,4.730613,9,40,0,5529600,0,210494.7,0,0,32,64,115860.8,490,0,20205,0,9846650,0,85,0,27,2419200,10642120,46,0,0,0,Ie5gUH7IEC,RO12,taul,1K8T,72yt,0BLl1hh,rZi_lDKoCs1uVYsj,CfDN,9_Y1,m_h1,VpdQ,zm5i,me75fM6ugJ,kIsH,uKAI,L84s,NhsEn4L,kZJtVhC,l8k9,UYBR,FzaX,5KqRJnY,oslk,ULmURQu,LM8l689qOp,WqMG,RAYp,F2FyR07IdsN7I
0,756,7,7460,104,130,152,186.64,0,518400,0,0.1563768,27,130,14,0,0,218904.9,0,12,24,0,-60595.6,430,6,17829,0,0,3283200,1605,0,18,0,8985600,0,3110400,0,0,DQlgUH7IEC,2Knk1KF,taul,1K8T,dm89,3FCrXBz,II0S8f9,d2aQ,9_Y1,m_h1,VpdQ,hzlB,7M47J5GA0pTYIFxg5uy,kIsH,uKAI,L84s,leSl,XTbY2py,8JTE,UYBR,FzaX,oatipLp,QKW8DRm,RsCQLlz,M_8D,WqMG,vJ_w8kB,Zy3gnGM
0,861,7,48,500,625,200,265.76,0,5755326,0,5.229866,9,32,28,749440,0,124218.6,40,4,96,104,122744.8,1470,114,1980,0,2945045,388270,350,0,18,203952,9714600,116,38826,0,0,LDPq9ayfAo,RO12,taul,1K8T,mAW3,oYe77fS,aTJJZ7F,A0mG,9_Y1,kJJ7,09_Q,zm5i,me75fM6ugJ,kIsH,uKAI,Mtgm,NhsEn4L,NGZXfGp,He4R,UYBR,FzaX,WWmT_66,oslk,c4RXgDl,LM8l689qOp,7P5s,RAYp,F2FyR07IdsN7I
0,763,7,476,148,185,88,37.52,0,0,0,0.02777184,9,34,203,194752,9,8293.29,0,2,80,104,1984,460,0,45342,40,94965,29400,3975,0,0,56756,233800,24,2478,0,14,dRavyx7ejg,RO12,taul,1K8T,hM6W,ZvG8N1g,LGgqtagZzO,LHEA,9_Y1,xSqs,VpdQ,IYzP,DHn_WUyBhW_whjA88g9bvA64_,kIsH,uKAI,L84s,CrNX,mAjbq_f,VxXI,cJvF,OFWH,bDfZo_X,d0EEeJi,lcJ08Cl,LM8l689qOp,szEZ,nIGXDli,F2FyR07IdsN7I
0,1085,0,0,636,795,104,166.56,0,0,0,6.568682,9,24,0,426520,0,5803.44,0,0,136,328,-72306.4,1720,0,0,0,894970,26402,0,0,0,25844,982040,210,0,0,0,dRavyx7ejg,RO12,taul,1K8T,487l,DQZ1xaP,_03xtaMIkZsn1,9Blr,9_Y1,RcM7,VpdQ,IYzP,DHn_WUyBhW_whjA88g9bvA64_,kIsH,uKAI,L84s,CrNX,NGZ_12K,BiA9,cJvF,FzaX,2JIOPyW,d0EEeJi,_1yeHHe,LM8l689qOp,szEZ,nIGXDli,F2FyR07IdsN7I
0,749,0,4,124,155,0,220.08,0,0,0,3.681692,9,86,0,5529600,0,199666.8,0,0,32,64,140076.4,475,0,792,0,9829300,0,0,0,18,1209600,10628240,46,0,0,0,lAFr4RQZiT,RO12,LfvqpCtLOY,1K8T,Y2P0,iJzviRg,5CLQjho,Wd54,9_Y1,z5Ry,09_Q,TIA9,7M47J5GA0pTYIFxg5uy,kIsH,uKAI,L84s,WsRVNrF85oPU_,uZLMADy,zxHb,UYBR,ylgWTXl,ch2oGfM,zCkv,P6pu4Vl,bCPvVye,FSa2,ZI9m,R4y5gQQWY8OodqDV
0,1414,7,5368,152,190,0,253.52,0,983262,0,3.127964,9,172,483,4275920,0,95239.2,15,16,32,64,336119.6,570,18,1215,0,6912000,0,400,0,27,0,9407560,32,152508,0,0,N_vrjIXt5a,2Knk1KF,taul,1K8T,vsvk,fqeOwLG,yEFIHeU,KLhX,9_Y1,nr0d,VpdQ,CoYW,7M47J5GA0pTYIFxg5uy,kIsH,uKAI,Mtgm,XfqtO3UdzaXh_,beKqizz,lEJu,cJvF,FzaX,fxJmel6,oslk,WfsWw2A,LM8l689qOp,5Acm,ZI9m,iyHGyLCEkQ
0,357,14,8,24,30,16,200,0,3924,0,2.594317,18,90,0,0,0,5584.26,0,0,0,0,1317.284,110,6,21753,0,10725,14232,165,0,9,0,39660,6,0,0,0,75lr4RXktW,RO12,taul,1K8T,EzKK,iJzviRg,jco8_uoL4i,t9XQ,9_Y1,Albh,09_Q,hAFG,7M47J5GA0pTYIFxg5uy,kIsH,uKAI,L84s,4kVnq_T26xq1p,uZLjzeN,NKia,UYBR,Lmli,ch2oGfM,zCkv,P6pu4Vl,LM8l689qOp,Xa3G,ZI9m,R4y5gQQWY8OodqDV
0,1771,14,832,208,260,104,166.56,0,295710,0,6.101687,18,84,91,1002976,0,55961.7,25,8,56,64,-356644,1000,48,68472,0,1099995,399820,825,0,9,31479,3024572,28,839124,0,0,0vimfo8zhV,RO12,taul,1K8T,AKN1,6CXYbuk,7ruFuE4,0Zsp,9_Y1,Ew1Q,VpdQ,sYC_,Kxdu,kIsH,uKAI,L84s,9pUnzWLbztKTo,TDc92TK,R6Lf,UYBR,FzaX,ROeipLp,zCkv,K2SqEo9,LM8l689qOp,wX53,6fzt,am14IcfM7tWLrUmRT52KtA
0,161,0,0,68,85,32,186.64,0,950460,0,3.168981,9,18,0,1267296,0,254495.4,20,0,24,16,718588,435,12,0,0,1980150,2736020,0,0,0,0,9398440,10,0,0,0,doHgUH7ejg,RO12,taul,1K8T,JLbT,lUpdCrr,y2LIM01bE1,umg2,9_Y1,m_h1,sJzTlal,IYzP,me75fM6ugJ,kIsH,uKAI,L84s,NhsEn4L,mAja5EA,8JTE,UYBR,FzaX,t39OtFs,oslk,G9lTL5Q,LM8l689qOp,WqMG,RAYp,F2FyR07IdsN7I
0,602,7,112,108,135,96,220.08,5,3110400,0,3.7116,9,86,0,0,0,149795.4,10,10,32,0,-49419.2,470,36,1620,8,484860,2065400,15,0,18,0,8881280,4,2592000,0,0,DQlgUH7IEC,RO12,taul,1K8T,0kpG,jwhXaOP,IG_G867,M3EA,9_Y1,m_h1,VpdQ,sYC_,DHn_WUyBhW_whjA88g9bvA64_,kIsH,uKAI,L84s,CrNX,kZJigPo,pqIQ,UYBR,FzaX,fabcs3q,d0EEeJi,7rsS6Wu,LM8l689qOp,WqMG,nIGXDli,F2FyR07IdsN7I
0,938,14,1008,268,335,88,166.56,0,204750,0,5.881222,27,84,77,37976,0,9006.84,0,0,8,32,13411.84,845,36,17883,0,1001550,62824,6880,0,9,0,1082376,92,0,0,0,J9Vr4RQZiT,RO12,taul,1K8T,lK27,0Vr7wZ4,glRBFJT8NN,C9An,9_Y1,z5Ry,VpdQ,wMei,Kxdu,kIsH,uKAI,L84s,FMSzZ91zL2,11pMkO_,uw6m,UYBR,FzaX,XbZitea,zCkv,DHPNgqU,LM8l689qOp,FSa2,6fzt,JnGLH58smNxIYcGK39k
0,637,0,0,148,185,56,362.48,0,4425018,0,1.243324,9,28,0,1923776,0,184352.7,5,10,32,48,137068,570,54,0,0,3574370,1045018,0,0,18,604800,10721200,18,2442696,0,0,ypNt0Go8Lb,ND3t9Yro9U,taul,1K8T,G6s_,A_yBboK,NFeIdpptt2Styxh1,W1HY,9_Y1,MGOA,VpdQ,IYzP,me75fM6ugJ,kIsH,uKAI,L84s,NhsEn4L,mAja5EA,lx2X,cJvF,FzaX,3Jmmfvd,oslk,JD1lw9w,LM8l689qOp,Qu4f,RAYp,F2FcTt7IdMT_v
0,1897,14,3532,360,450,192,166.56,0,0,0,0.6887417,18,184,259,287360,0,3812.76,0,14,128,184,-1911992,1575,0,1782,0,143315,58652,335,0,54,73458,409468,72,50748,0,0,2jirEyXktW,2Knk1KF,taul,1K8T,487l,fhk21Ss,767sa0XN9l,8uCW,9_Y1,VwCR,09_Q,y6dw,7M47J5GA0pTYIFxg5uy,kIsH,uKAI,Mtgm,_5OXC8MSLt,11pMFCG,ieAq,UYBR,FzaX,4UxGlow,oslk,catzS2D,LM8l689qOp,Aoh3,ZI9m,iyHGyLCEkQ
0,70,0,0,124,155,112,288.72,0,0,0,5.415936,9,14,0,166048,0,4348.74,5,6,56,48,-90085.6,155,0,0,8,33900,28560,0,0,0,41279,179748,14,15114,0,7,bt0mfo875g,RO12,taul,1K8T,xgSF,_t7Mbg2,ARvzJXx,vVfW,9_Y1,_48V,VpdQ,IYzP,me75fM6ugJ,kIsH,uKAI,L84s,NhsEn4L,mAja5EA,JUOZ,cJvF,FzaX,uIoKu_a,oslk,j32r3XO,LM8l689qOp,3Cy4,RAYp,F2FyR07IdsN7I
0,868,21,772,124,155,0,220.08,0,2073600,0,2.903226,27,124,196,4147200,0,217648.8,15,0,32,48,287477.6,520,24,20268,0,7548500,0,4780,0,18,604800,10531600,36,0,0,0,DHeq9ayfAo,LrdZy8QqgUfkVShG,taul,1K8T,z32l,p6YcnmW,ELRUn57,A0mG,9_Y1,kJJ7,VpdQ,wMei,DHn_WUyBhW_whjA88g9bvA64_,kIsH,uKAI,Mtgm,CrNX,7N7iRy5,He4R,UYBR,AU8_WTd,1qXZmv0,d0EEeJi,t0mCVQe,jySVZNlOJy,7P5s,nIGXDli,ib5G6X1eUxUn6
0,483,7,416,72,90,0,286.96,0,4622094,0,2.75689,9,32,0,0,0,221974.2,0,2,8,0,-96060,465,48,87462,0,4830235,0,4110,0,18,0,9364800,18,3628800,0,0,2jirEyXktW,RO12,taul,1K8T,lK27,8XsYR4W,C_u8_AlBK7,Hb10,9_Y1,H1uM,09_Q,zm5i,me75fM6ugJ,kIsH,uKAI,L84s,NhsEn4L,mAjbk_S,Qhlg,cJvF,FzaX,MQGm0jM,oslk,Mo7Muea,LM8l689qOp,Aoh3,RAYp,F2FyR07IdsN7I
0,658,0,0,252,315,168,200,0,0,0,5.532792,36,22,0,1533208,0,15456.06,0,16,72,120,147253.2,750,0,0,0,775535,143690,0,0,0,506513,1859856,38,278166,0,0,m9SrEy7Rm6,RO12,taul,1K8T,Wmd1,Xh35_CT,yEFIHeU,3YY4,9_Y1,X8zP,VpdQ,IYzP,me75fM6ugJ,kIsH,uKAI,L84s,NhsEn4L,mAja5EA,yT4I,cJvF,FzaX,YQX8hdx,oslk,jvYzF_Q,LM8l689qOp,Aoh3,RAYp,F2FyR07IdsN7I
0,910,7,804,148,185,40,286.96,0,6739200,0,1.06473,9,32,14,2073600,0,167902.2,30,2,40,24,209938.4,535,78,17100,0,2155865,610592,5375,0,9,0,10596880,18,396054,0,0,AhzOj17IEC,RO12,taul,1K8T,JLbT,ClIuMXJ,I1sqWRxUAv,0vVx,9_Y1,iVbl,09_Q,zm5i,me75fM6ugJ,kIsH,uKAI,L84s,NhsEn4L,kZJtVhC,dF3t,cJvF,FzaX,taaOZ4E,oslk,KBgRDbC,jySVZNlOJy,7aLG,RAYp,F2FyR07IdsN7I
0,1071,7,244,132,165,8,253.52,0,7027800,0,6.457808,9,30,0,969728,0,48202.5,30,0,32,24,74735.6,680,84,13014,0,3149480,172800,225,0,9,135079,10108880,18,0,0,0,zcROj1KVEH,RO12,taul,1K8T,0Y9G,N455JqQ,itSGh3t,rvR3,9_Y1,jdbz,VpdQ,IYzP,me75fM6ugJ,kIsH,uKAI,L84s,NhsEn4L,kZJtVhC,NwRz,UYBR,FzaX,gfM8XLE,oslk,knDz20V,LM8l689qOp,kwS7,RAYp,F2FyR07IdsN7I
0,1596,7,692,288,360,160,86.96,10,25908,9,6.115146,9,30,0,2226440,3,59978.1,5,14,40,88,-162851.6,900,12,9981,32,1564555,777698,510,0,0,917952,4247320,62,419154,0,0,V8lt0G8rTN,RO12,taul,1K8T,EPHy,qEdASpP,MypvvoIQqc,d8yn,9_Y1,k13i,09_Q,IYzP,me75fM6ugJ,kIsH,uKAI,Mtgm,NhsEn4L,mAjbk_S,2Gvb,UYBR,FzaX,0AJo2f2,oslk,2Kb5FSF,LM8l689qOp,fKCe,RAYp,F2FyR07IdsN7I
0,728,7,296,104,130,56,200,0,707076,0,3.125187,9,54,147,1382400,18,200450.7,15,4,24,16,-174123.2,325,18,87111,56,3377035,871764,1445,0,36,0,7249360,18,1036800,0,7,m9SrEy7Rm6,RO12,taul,1K8T,YFAj,iJzviRg,xunBDW1,31Fv,9_Y1,H9GL,VpdQ,hAFG,7M47J5GA0pTYIFxg5uy,kIsH,uKAI,L84s,4kVnq_T26xq1p,jawX8Ya,DseA,cJvF,FzaX,ch2oGfM,zCkv,P6pu4Vl,LM8l689qOp,Aoh3,ZI9m,R4y5gQQWY8OodqDV
0,1106,7,48,108,135,80,171.04,0,1375674,0,6.74044,9,104,0,389744,0,65078.1,20,10,64,24,224986,385,30,774,0,0,89674,275,0,18,80045,3095804,0,1003848,0,0,hSogUHXZeb,2Knk1KF,taul,1K8T,_vzJ,ho_dR0M,KhDb8PW,upEj,9_Y1,STGZ,VpdQ,hAFG,me75fM6ugJ,kIsH,uKAI,L84s,XfqtO3UdzaXh_,XTbPUYD,Caho,UYBR,FzaX,hAX6pd1,oslk,FYyQowC,LM8l689qOp,453m,RAYp,55YFVY9
0,455,7,1376,120,150,8,186.64,5,7295340,0,6.039522,9,148,0,1382400,0,205677.6,20,0,24,16,1169948,540,96,49419,8,1309425,77090,370,0,18,0,8132040,14,0,0,0,voArjIXt5a,onTuEhrJJQy_H3IHkZku5AFczhYGqxJ890,taul,1K8T,z32l,F_cdiSi,qj0efbgZb2VDpkoH,GTft,9_Y1,YBFS,09_Q,haYg,DHn_WUyBhW_whjA88g9bvA64_,kIsH,uKAI,L84s,CrNX,AuSBTw7,yGXw,cJvF,FzaX,13joyfX,d0EEeJi,uCiRltV,LM8l689qOp,5Acm,nIGXDli,iyHGyLCEkQ
0,1393,7,4344,104,130,32,265.84,0,3613494,0,4.201453,9,124,161,1655600,0,60102,0,4,8,24,-7423.28,580,36,5256,0,5490150,180486,6410,0,36,1429267,8182160,22,288426,0,0,64ngUH7IEC,2Knk1KF,I9xt3GMcxUnBZ,1K8T,lK27,PHNvXy8,nQUxgtZEqo,irEM,9_Y1,m_h1,VpdQ,hAFG,NKv3VA1BpP,kIsH,uKAI,L84s,Ie_5MZs,CWNY2py,BIXf,UYBR,AU8_WTd,UF16siJ,zCkv,APgdzOv,jySVZNlOJy,WqMG,6fzt,Zy3gnGM
0,994,28,1380,156,195,8,256.4,0,53268,27,6.33433,45,106,56,3304952,3,96653.7,15,0,48,64,-8567.44,590,18,1845,32,6362350,6020,890,0,54,1385762,6837320,48,0,0,0,1nlTmBtueT,RO12,taul,1K8T,AnrR,kJ1ERUT,4soGE0N5VZrWb,tY9O,9_Y1,C6Eu,09_Q,hAFG,7M47J5GA0pTYIFxg5uy,kIsH,uKAI,L84s,leSl,pMW9Htj,iidu,cJvF,FzaX,MMTJrCp,QKW8DRm,Rkj9jvX,LM8l689qOp,rgKb,vJ_w8kB,WfJ2BB2SFSqauljlfOB
0,1638,7,788,144,180,16,376.72,0,731862,0,2.754967,9,44,245,2613128,0,49353,5,0,32,64,-477092,590,18,7560,0,3366620,185440,445,0,9,0,4929800,44,0,0,0,9rAq9at_88,RO12,taul,1K8T,4fje,OENRWXF,_jTP8ioIlJ,c1FG,9_Y1,KfYH,VpdQ,Tkho,me75fM6ugJ,kIsH,g5HH,L84s,NhsEn4L,TDc4Td_,6Tu0,cJvF,FzaX,rHB9eoy,oslk,1j2Q5_S,LM8l689qOp,me1d,RAYp,F2FyR07IdsN7I
0,1127,28,5504,416,520,216,200,0,100854,0,1.682546,45,104,434,1968264,0,26766.6,20,6,80,112,75461.2,1520,96,72279,0,627050,719654,1045,0,0,897295,3305116,80,459912,0,0,4e7Wq69R_D,RO12,taul,1K8T,487l,fi0tdX8,JQFeOYK,eKTQ,9_Y1,Px52,VpdQ,IYzP,me75fM6ugJ,kIsH,uKAI,L84s,NhsEn4L,kq0aHkC,JEC4,UYBR,FzaX,VDdNioI,oslk,ua1YaaM,M_8D,PM2D,RAYp,F2FyR07IdsN7I
0,826,7,384,148,185,40,166.56,0,0,0,3.192908,9,42,0,527264,0,30751.5,0,6,24,56,-31397.56,565,0,108216,0,1002550,66754,1165,0,0,174790,1306312,44,160698,0,0,npOBcmzkzH,RO12,taul,1K8T,uErj,a6hhurh,d4Gf64d6X6,kc6M,9_Y1,yrDU,09_Q,IYzP,me75fM6ugJ,kIsH,uKAI,L84s,NhsEn4L,mAjbk_S,yih6,UYBR,FzaX,WPfKVq0,oslk,XQvdByr,LM8l689qOp,Qcbd,RAYp,F2FyR07IdsN7I
0,203,0,0,64,80,16,130,0,3018762,9,6.74749,9,16,0,0,3,204554.4,5,2,16,0,-102438,410,24,0,16,2123200,1368008,0,0,0,0,9070480,16,3628800,0,0,C2Dvyx875g,RO12,taul,1K8T,xgSF,nSCxmC0,EXpWEXgaYpMJ7,oYuU,9_Y1,MBhA,VpdQ,IYzP,me75fM6ugJ,kIsH,uKAI,Mtgm,NhsEn4L,7WwuNea,5smi,UYBR,FzaX,VvTetck,oslk,BfxDtG0,LM8l689qOp,WqMG,RAYp,F2FyR07IdsN7I
0,1932,7,148,292,365,160,166.56,0,20682,0,2.003204,9,56,42,741016,0,14671.68,0,28,64,72,183598.8,1065,12,15066,0,1011445,228454,2675,0,0,136024,1748004,56,146466,0,0,4e7gUH7IEC,AERks4l,taul,1K8T,vSNn,0BobfVI,MypvvoIQqc,0kg1,9_Y1,1Bp0,09_Q,IYzP,GjJ35utlTa_GNSvxxpb9ju,kIsH,uKAI,L84s,JBfYVit4g8,NGZTVtA,uFml,cJvF,FzaX,TvpaoKL,Al6ZaUT,neGCz7F,LM8l689qOp,WqMG,02N6s8f,xwM2aC7IdeMC0
0,2114,7,1236,324,405,80,220.08,0,2196918,0,4.935484,9,188,0,2128328,0,66437.41,55,14,136,104,175142.4,995,108,113814,0,6151400,435846,400,0,27,124075,10671120,44,1147662,0,0,6m0t0GVP8g,AERks4l,taul,1K8T,2Ix5,fhk21Ss,0_XDfnm8Lu,b09O,9_Y1,k13i,09_Q,y6dw,7M47J5GA0pTYIFxg5uy,kIsH,g5HH,L84s,_5OXC8MSLt,XTbQpf0,Uohf,cJvF,FzaX,4UxGlow,oslk,catzS2D,LM8l689qOp,fKCe,ZI9m,ib5G6X1eUxUn6
0,910,7,1772,164,205,72,220.08,0,1648986,0,5.853023,9,132,315,1685528,0,157369.5,35,8,48,32,159986,545,24,51003,0,5488450,1149004,485,0,18,1111313,10413400,26,1858182,0,0,qFpmfo8zhV,2Knk1KF,taul,1K8T,4fje,VQWOjS3,k10MzgT,NbPt,9_Y1,_48V,VpdQ,hAFG,me75fM6ugJ,kIsH,uKAI,L84s,XfqtO3UdzaXh_,XTbPUYD,dJYK,cJvF,FzaX,54petck,oslk,eEfa_vf,LM8l689qOp,3Cy4,RAYp,55YFVY9
0,812,7,808,128,160,8,213.28,10,9298020,0,0.1988891,9,74,56,691200,0,63077.1,45,0,40,8,154646,545,108,422181,16,886405,158408,465,0,9,0,10470120,6,0,0,0,DHevyx7IEC,RO12,taul,1K8T,SzjZ,iJzviRg,LWyxgtXeJL,kLyT,9_Y1,xSqs,VpdQ,kxE9,7M47J5GA0pTYIFxg5uy,kIsH,uKAI,Mtgm,4kVnq_T26xq1p,y5FYCb4,ZsH3,cJvF,FzaX,ch2oGfM,zCkv,P6pu4Vl,LM8l689qOp,szEZ,ZI9m,R4y5gQQWY8OodqDV
0,1456,7,0,144,180,32,263.52,0,9471480,0,3.9953,9,64,14,197216,0,124443.6,40,0,40,16,128190,670,114,1134,0,150870,691200,15,0,9,92498,10570960,6,0,0,0,HrWq9aXt5a,AERks4l,taul,1K8T,TLkP,RttPqTr,ThrxGUh,YeHC,9_Y1,6TCl,09_Q,43pnToF,GjJ35utlTa_GNSvxxpb9ju,kIsH,uKAI,L84s,JBfYVit4g8,uZLUDr7,UDJ4,cJvF,FzaX,UF1_HBW,Al6ZaUT,gC2qwU1,LM8l689qOp,uWr3,02N6s8f,xwM2aC7IdeMC0
0,952,0,0,272,340,8,166.56,0,6144,0,3.402692,9,24,0,170320,0,4674.45,5,2,104,160,13051.44,1560,6,0,0,176820,1592,0,0,0,12516,241736,88,9540,0,0,1YVgUHXZeb,RO12,taul,1K8T,TyGl,b8EJ4lp,FoJylxy,EOBC,9_Y1,8BBI,VpdQ,IYzP,me75fM6ugJ,kIsH,uKAI,L84s,NhsEn4L,mAja5EA,RRN_,UYBR,FzaX,Hofvwg4,oslk,mKmKSaP,LM8l689qOp,453m,RAYp,F2FyR07IdsN7I
0,441,7,16,180,225,160,166.56,0,8376,0,2.743644,9,82,0,244792,0,10579.98,0,2,24,56,55376.4,445,6,117,0,387895,76448,405,0,18,0,605188,32,20994,0,0,BQavyxLp3Z,RO12,taul,1K8T,UpNf,cfdrWlZ,Tz0OPIpk349l3,5C13,9_Y1,vzJD,VpdQ,wMei,7M47J5GA0pTYIFxg5uy,kIsH,uKAI,L84s,TW8UhnX,CWNYhG_,yA7d,cJvF,FzaX,hLKJbH2,QKW8DRm,vr9adAY,LM8l689qOp,xb3V,vJ_w8kB,WfJ2BB2SFSqauljlfOB
0,840,7,4228,100,125,0,361.84,0,3576588,0,2.541551,18,130,119,2764800,0,139631.7,10,0,24,32,-343324,250,42,11628,0,4705330,0,30,0,27,0,8222240,24,0,0,0,8Iqt0G8rTN,2Knk1KF,taul,z3mO,0Xwj,q9gARMl,hOpRIhsUSP,KBdR,HLqf,k13i,VpdQ,sYC_,me75fM6ugJ,sBgB,uKAI,L84s,NhsEn4L,IoIkyHo,alQY,UYBR,FzaX,zQ_4jrS,oslk,3L2y2B0,LM8l689qOp,fKCe,RAYp,55YFVY9
0,1141,0,0,404,505,72,166.56,0,33444,0,6.898953,18,28,0,115704,0,2065.452,5,2,104,224,12045.72,1075,36,0,0,172125,20452,0,0,9,10493,261680,112,2166,0,0,FAJWq69cTy,RO12,taul,1K8T,j1T2,tUu4spc,oyKY5yZe3U,J7ov,9_Y1,Px52,VpdQ,43pnToF,me75fM6ugJ,kIsH,uKAI,L84s,NhsEn4L,mAja5EA,JMIt,UYBR,FzaX,2JI8iqZ,oslk,_1y7DIf,LM8l689qOp,PM2D,RAYp,F2FyR07IdsN7I
0,315,0,0,132,165,96,280.4,0,4998564,0,0.7395856,9,22,0,385208,0,123030.3,20,8,40,8,168300.8,480,60,0,0,136025,1999060,0,0,9,0,10275680,4,2054610,0,0,qFpmfo8zhV,RO12,taul,1K8T,lK27,25Ax0bI,r83_sZi,HOgy,9_Y1,wGwL,VpdQ,wMei,me75fM6ugJ,kIsH,uKAI,L84s,NhsEn4L,uZL60aU,0ctJ,cJvF,FzaX,8c868SY,oslk,PQROEra,LM8l689qOp,wX53,RAYp,F2FyR07IdsN7I
0,721,7,0,32,40,0,198.88,0,2083650,0,0.850673,9,52,0,9676800,0,251224.8,5,0,16,16,477364,290,24,7731,0,1242830,0,40,0,9,0,9640960,2,0,0,0,qXh9tYsdof,RO12,taul,1K8T,ssAy,3cunsla,U8XrDQz,HBK1,9_Y1,YULl,VpdQ,zm5i,me75fM6ugJ,kIsH,uKAI,L84s,NhsEn4L,jawtVhC,jdWQ,UYBR,FzaX,kH5mFX7,oslk,BNrD3Yd,jySVZNlOJy,FSa2,RAYp,F2FyR07IdsN7I
0,119,0,0,124,155,16,186.64,0,7849020,0,3.922025,9,14,0,1569272,0,234427.2,20,8,40,32,495160,235,54,0,0,2204050,252322,0,0,0,103040,10147080,16,1107630,0,0,UCDvyx8zhV,RO12,taul,1K8T,YVv3,jCepSrJ,brZY7I0,E2M4,9_Y1,7WNq,VpdQ,IYzP,me75fM6ugJ,kIsH,uKAI,L84s,NhsEn4L,mAja5EA,mzHT,cJvF,FzaX,Oy_RPEi,oslk,FS4qjNq,LM8l689qOp,WqMG,RAYp,F2FyR07IdsN7I
0,763,7,916,144,180,40,220.08,0,723030,0,2.601367,9,36,105,4722984,0,225756,0,4,32,56,-110998.4,510,12,65106,0,7378950,509114,5500,0,9,0,10456120,40,1036800,0,0,kMJt0GoOh3,RO12,taul,z3mO,0Xwj,XX3vpGW,76jk_MXMyd,gogv,HLqf,rGJy,VpdQ,43pnToF,me75fM6ugJ,sBgB,uKAI,Mtgm,NhsEn4L,kZJtVhC,LKBP,UYBR,FzaX,n2dvEWW,oslk,xInqI2t,jySVZNlOJy,Qu4f,RAYp,F2FyR07IdsN7I
0,91,7,52,20,25,8,166.56,0,0,0,2.023926,9,80,7,10200,0,12360.33,0,0,0,8,18365.88,85,0,2997,0,44540,1388,180,0,9,0,43508,6,0,0,0,NESWq69R_D,RO12,taul,1K8T,JLbT,vHHY4q6,JYUDibr,C9An,9_Y1,z5Ry,09_Q,lVqb,me75fM6ugJ,kIsH,uKAI,L84s,XfqtO3UdzaXh_,XTb10lF,uw6m,UYBR,AU8pNoi,R4hm94s,oslk,oSyMpgG,LM8l689qOp,FSa2,RAYp,F2FyR07IdsN7I
0,3101,7,0,424,530,232,166.56,0,158694,0,4.172826,9,50,0,1219232,0,17868.42,35,20,144,112,-29742.72,1445,42,55962,0,699360,637180,95,0,0,558264,3027060,78,545724,0,0,Yn7t0Go8Lb,RO12,taul,1K8T,X94c,u6iViyY,msIqHk8toE,4bTR,9_Y1,MGOA,VpdQ,IYzP,me75fM6ugJ,kIsH,uKAI,L84s,NhsEn4L,mAjbk_S,bHR7,UYBR,FzaX,um1fql_,oslk,pm_TE6Y,LM8l689qOp,Qu4f,RAYp,F2FyR07IdsN7I
0,1225,14,988,136,170,16,254.08,0,0,0,2.298654,18,132,203,5472056,0,101610,5,2,32,64,149089.2,525,0,2025,0,9267550,9760,1145,0,18,554449,10602720,44,174450,0,0,tr0gUH7ejg,2Knk1KF,taul,1K8T,dm89,eYPJuq4,lGXpFd_2Rf,Dvzl,9_Y1,m_h1,09_Q,kxE9,me75fM6ugJ,kIsH,uKAI,L84s,XfqtO3UdzaXh_,CWN43TJ,f1uV,cJvF,FzaX,42Uv66D,oslk,_BMKSUK,LM8l689qOp,WqMG,RAYp,55YFVY9
0,1274,7,36,172,215,88,200,0,0,0,2.000854,9,52,7,1332088,0,24511.05,0,6,40,48,165465.2,660,0,234,0,2107395,439074,40,0,0,368830,3334200,46,156138,0,0,dRarjIK12c,RO12,taul,1K8T,TyGl,miuXVr0,bZtzMFSiTg,D7SR,9_Y1,7WNq,09_Q,IYzP,me75fM6ugJ,kIsH,uKAI,L84s,NhsEn4L,kZJtVhC,kezL,cJvF,FzaX,bYAYWu3,oslk,hT0zF_Q,LM8l689qOp,WqMG,RAYp,F2FyR07IdsN7I
0,1414,7,68,200,250,48,281.6,0,9280140,0,1.872677,18,52,0,1363528,6,40197.6,40,2,72,56,48501.2,710,126,56277,32,888360,399748,90,0,0,3003,10347760,14,68304,0,14,NQ5vyxLkBI,RO12,taul,1K8T,TyGl,6CXYbuk,ARvzJXx,780y,9_Y1,vzJD,VpdQ,giwq,Kxdu,kIsH,uKAI,L84s,9pUnzWLbztKTo,TDc92TK,cfNU,cJvF,qxDb,ROeipLp,zCkv,K2SqEo9,LM8l689qOp,xb3V,6fzt,am14IcfM7tWLrUmRT52KtA
0,742,7,48,168,210,56,332.08,0,2075340,0,5.588977,9,30,0,4838400,0,170456.4,5,8,32,56,45873.6,620,60,3915,0,5616000,544774,25,0,0,0,10099840,26,553722,0,0,DHeTmBftjz,RO12,taul,1K8T,OY2L,65yJUS7,fv0Tc3CEo9,Xzu7,9_Y1,4N0K,VpdQ,IYzP,me75fM6ugJ,kIsH,uKAI,L84s,NhsEn4L,kZJyVg2,uRPo,cJvF,FzaX,qcEvOIl,oslk,INp7j0h,LM8l689qOp,Qu4f,RAYp,F2FyR07IdsN7I
0,2079,7,1944,676,845,216,200,0,65034,0,0.4232002,27,36,427,418208,0,7445.07,0,56,144,160,-37084.84,2710,30,17334,0,905035,193728,25375,0,0,76706,1483508,178,179346,0,0,64nWq69R_D,RO12,taul,1K8T,TyGl,6SyRSUd,glRBFJT8NN,7CG1,9_Y1,0A_v,VpdQ,IYzP,me75fM6ugJ,kIsH,uKAI,L84s,NhsEn4L,kZJaHc_,6hj3,UYBR,FzaX,I0k8jNM,oslk,nmYTL5Q,LM8l689qOp,PM2D,RAYp,0pzBWGkV3fbsGZN52DH
0,854,7,1972,152,190,64,286.96,0,4453302,0,0.9252297,9,34,7,2392160,0,207285.9,20,6,40,40,152938.4,535,60,2070,0,2529260,1073564,1875,0,9,96551,10374200,16,1031724,0,0,tr0gUH7ejg,RO12,taul,1K8T,72yt,QfdNj4_,d6zx_0v,c2KK,9_Y1,m_h1,VpdQ,zm5i,me75fM6ugJ,kIsH,uKAI,Mtgm,NhsEn4L,kZJyVg2,BfEk,UYBR,FzaX,yOONioI,oslk,ZjaoG9v,LM8l689qOp,WqMG,RAYp,F2FyR07IdsN7I
0,35,0,0,80,100,64,274.16,0,0,0,6.715232,9,12,0,0,0,12558.6,0,10,40,0,-301943.2,100,0,0,8,104910,109924,0,0,0,5698,334896,14,46680,0,7,BQa9tYsdof,RO12,taul,1K8T,JLbT,31DqtNX,6omoU4v,zvti,9_Y1,YULl,09_Q,IYzP,me75fM6ugJ,kIsH,uKAI,L84s,NhsEn4L,mAja5EA,E9NI,UYBR,FzaX,dMzYH7D,oslk,_wyAgOW,LM8l689qOp,FSa2,RAYp,F2FyR07IdsN7I
0,812,0,8,52,65,24,178.8,0,3441084,0,5.780602,9,86,0,5024696,0,209624.1,5,0,8,16,63494,480,18,16425,0,3364000,1033144,0,0,9,163009,9712640,8,0,0,0,mzKvyx8zhV,RO12,taul,1K8T,pGTb,6HL7qwL,pNAbKh0,CJGI,9_Y1,MBhA,sJzTlal,sYC_,me75fM6ugJ,kIsH,uKAI,L84s,NhsEn4L,kq0TPhN,Rosu,UYBR,FzaX,R4hmHfO,oslk,9HlNxGX,jySVZNlOJy,WqMG,RAYp,F2FyR07IdsN7I
0,406,7,744,292,365,40,220.08,0,6082320,0,5.210425,27,114,7,3306704,6,127663.8,45,8,56,128,-51418.4,715,108,333,16,3235485,72452,130,0,27,0,9637320,42,59442,0,0,zKnr4RXktW,X2uI6IsGev,taul,1K8T,z32l,_0OX0q9,Yi49a6G,8lFO,9_Y1,Cgc3,VpdQ,6JmL,DHn_WUyBhW_whjA88g9bvA64_,kIsH,uKAI,L84s,CrNX,AuSBTw7,tTZM,cJvF,FzaX,n0wOlPw,d0EEeJi,5qEE84S,LM8l689qOp,Xa3G,nIGXDli,iyHGyLCEkQ
0,1225,14,2136,280,350,136,233.84,0,953580,0,4.281777,18,162,21,743120,0,13346.73,0,14,144,152,131505.2,895,36,157365,0,382460,351476,2485,0,18,322903,2177172,42,241458,0,0,9rAq9at_88,AERks4l,taul,1K8T,4fje,fhk21Ss,hOpMh7dRpW,S_MH,9_Y1,KfYH,09_Q,itlM,7M47J5GA0pTYIFxg5uy,kIsH,g5HH,L84s,QsQAxv5,11pJPFL,y8W_,cJvF,FzaX,4UxGlow,QKW8DRm,catzS2D,LM8l689qOp,me1d,ZI9m,ib5G6X1eUxUn6
0,1365,7,620,192,240,120,300.32,0,3464862,0,1.284555,9,54,14,740336,0,128651.7,30,4,56,40,140062.4,660,54,84366,0,849055,2322780,3280,0,18,0,10497360,22,982470,0,0,V8lt0G8rTN,RO12,taul,1K8T,lK27,F0DSdMg,Gai9lEF2Fr,KKrj,9_Y1,e7QV,09_Q,43pnToF,me75fM6ugJ,kIsH,uKAI,L84s,NhsEn4L,NGZxnJM,QyrZ,UYBR,FzaX,1Fq88FJ,oslk,XByOEra,M_8D,fKCe,RAYp,F2FyR07IdsN7I
0,1666,7,0,160,200,24,220.08,0,7905120,0,5.494766,9,60,0,1489024,0,103626.3,40,2,40,40,119821.2,900,96,153,0,1936485,97064,35,0,0,0,10365480,14,74412,0,0,NESWq69R_D,RO12,taul,1K8T,lK27,fVhJr0F,msIFlLyI91,o5H_,9_Y1,RVjC,VpdQ,sYC_,me75fM6ugJ,kIsH,uKAI,L84s,NhsEn4L,NGZPqH0,TQqY,UYBR,FzaX,yMCvEWW,oslk,cwU7qqc,jySVZNlOJy,FSa2,RAYp,F2FyR07IdsN7I
0,756,7,1044,132,165,16,20.08,0,5828496,0,1.351848,9,38,42,2682192,6,237109.2,15,0,32,40,-357391.2,505,72,3042,16,4182100,174274,485,0,18,0,9957800,22,0,0,0,Mtpt0G8EIb,RO12,taul,1K8T,wOc1,gwY4NQF,17VONbZnAuZ90atz,vX2R,9_Y1,e7QV,VpdQ,IYzP,me75fM6ugJ,kIsH,uKAI,Mtgm,NhsEn4L,mAjbk_S,WnAc,cJvF,FzaX,t5EoLzk,oslk,ag5iNPX,LM8l689qOp,fKCe,RAYp,F2FyR07IdsN7I
0,1883,14,1496,148,185,88,261.52,0,4346406,0,6.722922,36,114,28,287624,0,74258.7,20,8,40,8,358692.4,1010,54,1863,0,2767855,1627470,1740,0,27,251671,10727120,16,1555656,0,0,2AAWq69R_D,2Knk1KF,taul,1K8T,ssAy,vLtMhNR,k10MzgT,e5xz,9_Y1,0A_v,VpdQ,Tkho,me75fM6ugJ,kIsH,uKAI,Mtgm,NhsEn4L,beK4AFX,rhPY,cJvF,FzaX,ie38iqZ,oslk,35GRt2K,LM8l689qOp,PM2D,RAYp,55YFVY9
0,994,7,180,232,290,64,200,0,12078,0,0.9243751,9,32,14,141592,0,4727.67,0,4,56,72,-1930836,1575,6,3087,0,233480,24220,1410,0,0,15582,348460,76,51582,0,0,6m0t0G8rTN,AERks4l,taul,1K8T,JLbT,8jzP82A,76j2P_OLn0,G7On,9_Y1,k13i,VpdQ,IYzP,GjJ35utlTa_GNSvxxpb9ju,kIsH,uKAI,Mtgm,JBfYVit4g8,uZLz8Sc,EzxR,UYBR,FzaX,6DF_PXH,Al6ZaUT,mh7qMJU,LM8l689qOp,fKCe,02N6s8f,xwM2aC7IdeMC0
0,3458,14,4100,220,275,32,294.08,0,8086620,0,4.662679,45,178,189,92112,0,78912.59,45,2,64,24,177478,780,96,5967,0,2381195,122012,1175,0,18,84595,10512360,44,3426,0,0,KXMrEyXXnK,qqimvRzsp8ZZdKRPgzLg68joSn_k,taul,1K8T,0Xwj,fhk21Ss,UFIdC8I,Osk9,F3hy,SkZj,VpdQ,hAFG,7M47J5GA0pTYIFxg5uy,kIsH,7A3j,L84s,XfqtO3UdzaXh_,_JdH8mF,gJp0,UYBR,FzaX,4UxGlow,oslk,catzS2D,LM8l689qOp,Aoh3,ZI9m,iyHGyLCEkQ
0,532,14,3680,24,30,8,186.64,0,2491356,0,0.3334757,18,102,98,9676800,0,274026.9,0,2,24,16,380540.4,140,12,102393,0,0,402990,3820,0,36,3998715,9590280,0,3427470,0,0,1JGqrQKzJV,RO12,taul,1K8T,487l,tAqrSyy,r83_sZi,Momy,9_Y1,15m3,VpdQ,hAFG,me75fM6ugJ,kIsH,uKAI,L84s,XfqtO3UdzaXh_,11p4mKe,iSXc,UYBR,FzaX,P2Hv1FD,oslk,Y9kAIRG,M_8D,FSa2,RAYp,F2FyR07IdsN7I
0,805,7,2756,148,185,144,220.08,0,78600,0,6.437941,9,168,21,1454912,0,119731.8,10,10,56,32,-69751.2,535,18,2187,0,1237970,1053376,2230,0,36,1184946,4763000,10,1213674,0,0,v0Nt0Go8Lb,g62hiBSaKg,taul,1K8T,JLbT,fhk21Ss,n1zVHpT8NN,bqg3,9_Y1,rGJy,sJzTlal,hzlB,7M47J5GA0pTYIFxg5uy,kIsH,uKAI,L84s,4kVnq_T26xq1p,IoIcawr,O0hw,UYBR,FzaX,4UxGlow,zCkv,catzS2D,jySVZNlOJy,Qu4f,ZI9m,ib5G6X1eUxUn6
0,980,28,1960,132,165,152,137.68,0,0,0,1.617603,45,118,189,1382400,0,178597.5,0,12,32,16,691464,505,0,64026,0,2397535,2937640,2750,0,0,0,10558120,12,3110400,0,0,Qu0r4RUaLY,2Knk1KF,taul,1K8T,PGNs,7qvk2Zj,Tg7jjBB,ApjS,9_Y1,DtNL,VpdQ,IYzP,me75fM6ugJ,kIsH,g5HH,L84s,NhsEn4L,teAyFc5,erOK,UYBR,AU8_WTd,FhTm94s,oslk,TIxsTKW,jySVZNlOJy,FSa2,RAYp,55YFVY9
0,2849,7,24,132,165,56,220.08,0,24456,0,0.3407392,9,36,0,962272,0,10372.05,10,10,96,96,45831.2,930,6,7164,0,168755,56326,65,0,18,377041,1047128,12,451782,0,0,2jiWq69cTy,RO12,taul,1K8T,ssAy,6KF0k8W,rRTw71B,11GV,9_Y1,0A_v,VpdQ,zm5i,me75fM6ugJ,kIsH,uKAI,L84s,NhsEn4L,mAja5EA,kICT,cJvF,AU8_WTd,ot6oLzk,oslk,IIvC99a,jySVZNlOJy,PM2D,RAYp,F2FyR07IdsN7I
0,497,7,524,160,200,32,256.88,0,3723186,0,4.992095,18,54,7,2654920,0,77167.5,15,4,32,32,300159.2,490,78,25830,0,5583600,520818,320,0,9,1718255,10683480,28,748674,0,0,crIgUHSK8h,RO12,taul,1K8T,487l,jO3D77h,koda1Jh,v92S,9_Y1,RVjC,VpdQ,43pnToF,me75fM6ugJ,kIsH,uKAI,Mtgm,NhsEn4L,mAja5EA,EdSO,UYBR,FzaX,wIfST0B,oslk,dwbHEuX,jySVZNlOJy,FSa2,RAYp,F2FyR07IdsN7I
0,1155,7,92,136,170,40,348.4,0,7899960,0,3.982269,9,110,63,0,0,120053.7,35,4,32,0,288142.4,520,102,297,0,372755,864000,215,0,27,0,10403280,6,1036800,0,0,JMGrjIXt5a,RO12,taul,1K8T,ZHNR,6CXYbuk,7vJz3tk,VDOY,9_Y1,xQ2A,VpdQ,wMei,Kxdu,kIsH,uKAI,Mtgm,FMSzZ91zL2,11pMkO_,x9yd,cJvF,FzaX,ROeipLp,zCkv,K2SqEo9,LM8l689qOp,5Acm,6fzt,SbOd7O8ky1wGNxp0Arj0Xs
0,3360,7,180,152,190,56,220.08,0,4715574,0,5.616535,9,48,0,5319608,0,45697.2,0,0,32,64,293312.4,3775,78,4797,8,3476535,941536,45,6,9,1209600,10467840,20,0,0,0,HrWrjIXt5a,AERks4l,taul,1K8T,lK27,MvUQn2A,88EhRq8,TeNd,9_Y1,xQ2A,sJzTlal,sYC_,DHn_WUyBhW_whjA88g9bvA64_,sBgB,uKAI,L84s,JBfYVit4g8,7WwYlML,OVg0,cJvF,FzaX,cXsNGwW,Al6ZaUT,ser5Ui8,LM8l689qOp,5Acm,02N6s8f,xwM2aC7IdeMC0
0,238,0,0,84,105,96,166.56,0,12384,0,0.05789361,9,20,0,307536,0,24016.71,0,2,8,8,-1422.144,475,12,0,0,77470,160100,0,0,0,269094,593468,10,73902,0,0,LDPvyx7IEC,RO12,taul,1K8T,7M9D,YDGnFi6,ELRUn57,2v2H,9_Y1,f4dr,VpdQ,IYzP,me75fM6ugJ,kIsH,uKAI,L84s,NhsEn4L,mAja5EA,w7kn,cJvF,FzaX,DI4fGrO,oslk,qPM2pc5,LM8l689qOp,szEZ,RAYp,F2FyR07IdsN7I
0,742,0,0,248,310,208,166.56,0,0,0,2.920743,9,16,0,814784,0,10256.76,0,30,112,80,-62292,1355,0,0,0,268000,342726,0,0,0,445214,1726048,22,628206,0,0,75lTmBtFkL,RO12,taul,1K8T,487l,au1CPws,j_opdXe53t,KIha,9_Y1,c2JP,sJzTlal,IYzP,me75fM6ugJ,kIsH,uKAI,L84s,NhsEn4L,TDcwKda,2TRS,cJvF,FzaX,_PxY_02,oslk,r7xOEra,LM8l689qOp,rgKb,RAYp,F2FyR07IdsN7I
0,1918,14,28,272,340,104,220.08,10,5852538,0,2.559923,18,112,21,1914256,21,90065.41,25,10,64,40,51666,810,114,4032,88,2171095,780018,35,6,18,48461,9552400,42,81624,0,7,jg69tYsGvO,2Knk1KF,taul,1K8T,0Xwj,DW3heVi,01r9QwR9mpRnm,tTrN,HLqf,YULl,VpdQ,6JmL,me75fM6ugJ,sBgB,uKAI,L84s,XfqtO3UdzaXh_,XTbPUYD,2VM6,UYBR,FzaX,THMQrGj,oslk,cObaF5M,LM8l689qOp,FSa2,RAYp,55YFVY9
0,2002,14,3276,220,275,112,485.04,10,5816964,0,6.651998,27,90,105,1267216,0,95597.09,35,4,40,16,218376.4,1040,90,3240,16,1963285,839640,11585,0,18,0,10083320,30,156312,0,0,AhzZptzip9,RO12,taul,1K8T,wGW5,PvuPLzH,76j2P_OLn0,sgXV,9_Y1,t_4G,VpdQ,G_zk,me75fM6ugJ,kIsH,uKAI,Mtgm,XfqtO3UdzaXh_,11p4mKe,yAQB,cJvF,FzaX,EFkfR8o,oslk,tBKqqb8,LM8l689qOp,Qu4f,RAYp,F2FyR07IdsN7I
0,5334,21,2304,492,615,232,166.56,0,67608,0,5.819483,27,106,49,844464,0,6434.521,10,22,168,232,-1067228,1715,42,11457,0,833790,257718,8065,0,0,223062,1803812,90,217992,0,0,NQ5vyxLkBI,RO12,taul,1K8T,UpNf,Pvu4X3H,y4g9XoZ,2Xu6,9_Y1,vzJD,VpdQ,sYC_,me75fM6ugJ,kIsH,uKAI,Mtgm,NhsEn4L,kq0aHkC,2HR6,cJvF,FzaX,95r8hdx,oslk,Pk67qqc,LM8l689qOp,xb3V,RAYp,F2FyR07IdsN7I
0,651,7,3084,124,155,0,266.88,0,8695860,0,0.1465499,18,106,7,2073600,0,173292.9,25,0,24,24,145532,325,102,126819,0,1966420,0,1600,0,18,0,10061240,12,0,0,0,DHerjIKQ76,RO12,taul,1K8T,pGTb,Mqscy5d,Z8ZAV8jDl3,ekaZ,9_Y1,7WNq,VpdQ,sYC_,me75fM6ugJ,kIsH,uKAI,L84s,NhsEn4L,beK4AFX,75lY,cJvF,FzaX,OjIYE38,oslk,xmA7A2G,LM8l689qOp,WqMG,RAYp,F2FyR07IdsN7I
0,497,0,0,124,155,0,233.44,0,11404800,0,6.966674,9,28,0,0,0,221654.1,45,0,32,0,144553.6,525,132,0,0,0,0,0,0,0,0,10713640,0,0,0,0,9hRmfo875g,ND3t9Yro9U,taul,1K8T,FPxv,O3onfSc,KyxX4chnKM,j8Iu,9_Y1,wGwL,sJzTlal,IYzP,GjJ35utlTa_GNSvxxpb9ju,kIsH,uKAI,L84s,NhsEn4L,mAja5EA,7B3g,cJvF,FzaX,f56_HBW,oslk,Ypb3qNE,LM8l689qOp,wX53,02N6s8f,F2FcTt7IdMT_v
0,483,7,68,128,160,40,200,0,0,0,2.973083,9,30,28,25768,0,2810.571,0,8,64,48,6622,365,0,23922,0,46780,13894,95,0,0,315,86396,34,12450,0,0,V8lBcmz45j,RO12,taul,1K8T,kNzO,WI7JJYr,Y0uewlZ,tddR,9_Y1,z5Ry,09_Q,IYzP,me75fM6ugJ,kIsH,uKAI,L84s,NhsEn4L,mAjbk_S,rR2u,UYBR,FzaX,aRuY_02,oslk,N8wTzYj,LM8l689qOp,FSa2,RAYp,F2FyR07IdsN7I
0,756,14,0,28,35,8,265.76,0,2243838,0,6.512711,27,106,0,4838408,0,224478,10,0,8,8,187083.2,445,12,2475,0,3024000,1147688,40,0,27,0,9807840,2,0,0,0,cFHt0GoOh3,RO12,taul,1K8T,hoa9,itE48fK,fXexTA9,GgCV,9_Y1,rGJy,VpdQ,sYC_,me75fM6ugJ,kIsH,uKAI,L84s,NhsEn4L,beK4AFX,eAWe,UYBR,FzaX,aAJYH7D,oslk,nDh2fT4,LM8l689qOp,Qu4f,RAYp,F2FyR07IdsN7I
0,812,7,776,136,170,80,186.64,0,3628800,0,6.420209,9,34,0,49384,3,202994.1,25,8,32,8,-4228.28,560,42,765,16,204105,1685716,830,0,9,0,9476560,14,1696272,0,7,xddq9ayfAo,RO12,taul,1K8T,z32l,2gNd3iM,o64y9zI,Ms1U,9_Y1,000J,VpdQ,zm5i,me75fM6ugJ,kIsH,uKAI,L84s,NhsEn4L,mAjbk_S,uHKs,cJvF,FzaX,wUQOw16,oslk,oCqTy9x,LM8l689qOp,7P5s,RAYp,F2FyR07IdsN7I
0,1491,14,5592,264,330,192,133.12,0,648144,0,2.252938,45,158,196,511840,0,15788.46,0,14,56,64,-77927.2,1000,18,20304,0,855225,181022,345,0,9,143731,1785144,48,76356,0,0,6VLvyx7IEC,2Knk1KF,taul,1K8T,hM6W,wLsMvt2,SvK74dGIEbpKK,dN9C,9_Y1,RcM7,09_Q,wMei,me75fM6ugJ,kIsH,uKAI,Mtgm,h0lfDKh52u4GP,IoI4mKe,z5vz,cJvF,FzaX,Ehlm94s,oslk,dxUMkpY,LM8l689qOp,szEZ,RAYp,TCU50_Yjmm6GIBZ0lL_
0,1127,14,668,92,115,64,289.76,0,5464596,0,5.310831,27,90,0,3991208,0,137581.8,0,4,16,32,77924.8,675,30,50247,0,2852560,1072202,1030,0,27,198758,10208320,8,214782,0,0,V8lBcmz45j,RO12,taul,1K8T,kNzO,9GJGgoz,EXpWEXgaYpMJ7,Wqg9,9_Y1,rzbc,VpdQ,hAFG,Kxdu,kIsH,uKAI,L84s,FMSzZ91zL2,jawDOp1,2ONY,cJvF,FzaX,Tvpip6Z,zCkv,hHJsvbM,LM8l689qOp,Qcbd,6fzt,SbOd7O8ky1wGNxp0Arj0Xs
0,3059,7,2496,28,35,8,166.56,0,1554192,0,0.05874813,9,114,14,0,0,29391.39,10,2,0,0,-43268.8,390,6,39744,0,846955,1013354,1820,0,36,0,8713200,4,201576,0,0,xddq9ayfAo,2Knk1KF,taul,1K8T,yYar,z8FO0dd,NkK83dWMpo,GtXO,9_Y1,QBpP,VpdQ,haYg,me75fM6ugJ,kIsH,uKAI,L84s,XfqtO3UdzaXh_,XTbPUYD,oQT0,UYBR,FzaX,ZoXfR8o,oslk,IKPOtEt,jySVZNlOJy,7P5s,RAYp,55YFVY9
0,3094,14,2224,976,1220,456,457.68,0,4799226,0,2.885922,18,30,847,3083832,0,42356.1,10,2,56,88,-213877.6,2740,330,9594,0,3448970,998818,1900,0,18,1291416,10381320,236,475212,0,0,NESt0G8EIb,RO12,taul,1K8T,TyGl,tsKMUDL,hOpMh7dRpW,_FaO,9_Y1,k13i,09_Q,IYzP,me75fM6ugJ,kIsH,uKAI,L84s,NhsEn4L,NGZXfGp,E3sO,cJvF,FzaX,lbr8hdx,oslk,eiyRusu,LM8l689qOp,fKCe,RAYp,F2FyR07IdsN7I
0,56,0,0,108,135,8,423.12,0,65934,0,3.790643,9,12,0,16928,0,26350.89,0,2,8,56,-1233684,135,60,0,0,897990,2020,0,0,0,0,948632,16,260670,0,0,KXMgUH7IEC,RO12,taul,1K8T,487l,mBrxlbr,QigzTRD,irEM,9_Y1,m_h1,sJzTlal,IYzP,me75fM6ugJ,kIsH,uKAI,Mtgm,NhsEn4L,kq0dQfu,BIXf,UYBR,FzaX,nqSDnJ7,oslk,kK6ghm3,LM8l689qOp,WqMG,RAYp,F2FyR07IdsN7I
0,1015,7,36,104,130,16,166.56,0,0,0,3.92523,18,218,0,236136,0,8092.05,0,0,80,120,9900.44,440,0,333,0,90950,11258,225,0,36,59857,213344,18,0,0,0,v0Nt0Go8Lb,2Knk1KF,CiJDdr4TQ0rGERIS,1K8T,yMvB,fhk21Ss,ARvzJXx,WaJ8,9_Y1,rGJy,VpdQ,y6dw,7M47J5GA0pTYIFxg5uy,kIsH,uKAI,L84s,a3CcPDe,TDcLnTo,obWA,UYBR,FzaX,4UxGlow,QKW8DRm,catzS2D,LM8l689qOp,Qu4f,ZI9m,VjDE
0,1512,14,4520,248,310,144,210,0,0,0,1.609699,18,158,224,136552,0,6896.1,0,18,88,120,-153353.6,1265,0,91620,0,97725,57118,635,0,45,100653,354520,40,140742,0,0,E3dr4RQxul,2Knk1KF,taul,1K8T,ssAy,v4m0wKb,yEFIHeU,WKtD,9_Y1,z5Ry,VpdQ,CoYW,me75fM6ugJ,kIsH,uKAI,L84s,XfqtO3UdzaXh_,XTbPUYD,FMag,UYBR,FzaX,13jNN3u,oslk,KBmQD5a,LM8l689qOp,FSa2,RAYp,TCU50_Yjmm6GIBZ0lL_
0,1120,7,1260,64,80,24,186.64,0,475224,0,3.584704,18,68,14,170488,0,118338.6,15,4,32,8,56549.6,470,6,2133,0,5671150,680312,1775,0,18,416087,9870760,12,3985446,0,0,MtpBcmzkzH,RO12,taul,1K8T,uNkU,0BLFAbb,V6XUlxabJ4VaD,ZnD7,9_Y1,KubS,VpdQ,IYzP,me75fM6ugJ,kIsH,uKAI,L84s,NhsEn4L,mAjbk_S,ZvOy,UYBR,FzaX,TPHDGHt,oslk,VuhHKhk,LM8l689qOp,Qcbd,RAYp,F2FyR07IdsN7I
0,154,7,1404,12,15,0,200,0,0,0,5.187353,9,104,7,52208,0,11212.86,0,2,8,16,-46580,45,0,138051,0,0,0,200,0,0,32228,34792,0,13032,0,0,crIgUHSK8h,RO12,taul,1K8T,EJC9,XPJvY8M,C_u8_AlBK7,gMVu,9_Y1,RVjC,sJzTlal,IYzP,me75fM6ugJ,kIsH,uKAI,L84s,NhsEn4L,beK4AFX,YihF,UYBR,FzaX,nNRvOIl,oslk,VVjqhZX,LM8l689qOp,FSa2,RAYp,F2FyR07IdsN7I
0,1834,7,720,260,325,80,731.04,0,8073600,0,5.669302,9,44,84,2836144,0,102651.9,35,12,64,48,830368,1290,108,197640,0,1250105,533142,600,0,9,164920,10325280,36,162138,0,0,UCDvyx8zhV,RO12,taul,1K8T,YVv3,0qCFAbb,5q1hF23,JM2c,9_Y1,MBhA,09_Q,sYC_,me75fM6ugJ,kIsH,uKAI,Mtgm,NhsEn4L,kq0n8Bj,5smi,UYBR,FzaX,EpcDGHt,oslk,ZlcHKhk,jySVZNlOJy,WqMG,RAYp,F2FyR07IdsN7I
0,497,7,1788,148,185,80,133.12,0,0,0,1.863704,9,174,77,148416,0,3606.42,0,4,48,80,-6376.28,430,0,3177,0,90315,34620,700,0,9,26243,222644,30,10416,0,0,etYt0G8EIb,g62hiBSaKg,taul,1K8T,487l,fhk21Ss,itSGh3t,Ei_T,9_Y1,k13i,VpdQ,haYg,7M47J5GA0pTYIFxg5uy,kIsH,uKAI,L84s,XfqtO3UdzaXh_,beKPUYD,inEN,cJvF,FzaX,4UxGlow,oslk,catzS2D,LM8l689qOp,fKCe,ZI9m,ib5G6X1eUxUn6
0,1526,7,140,108,135,0,274,0,0,0,1.422559,9,60,0,5401384,0,29587.89,0,0,32,64,723844,430,0,40203,0,8208000,0,55,0,18,0,9267080,38,0,0,0,O8Zr4Rdc_a,RO12,taul,1K8T,CRc0,fLzCyD5,WICZqsx,aD3R,9_Y1,em8I,VpdQ,6JmL,me75fM6ugJ,kIsH,g5HH,L84s,XfqtO3UdzaXh_,mAjKef6,AlQ5,cJvF,FzaX,yO79OJS,oslk,uBooG9v,LM8l689qOp,me1d,RAYp,F2FyR07IdsN7I
0,112,0,0,24,30,0,230.56,0,1072770,0,2.822687,9,20,0,0,0,282867,0,2,0,0,-180926,240,12,0,0,6376400,0,0,0,9,0,8235480,6,3628800,0,0,crIgUHSK8h,RO12,taul,1K8T,PGNs,kjvBmIU,ZIXQXpHC5B,Mx5G,9_Y1,RVjC,sJzTlal,43pnToF,me75fM6ugJ,kIsH,uKAI,Mtgm,NhsEn4L,7WwuNea,9haV,UYBR,FzaX,1vNmS85,oslk,MkQldxq,LM8l689qOp,FSa2,RAYp,F2FyR07IdsN7I
0,315,7,424,208,260,56,189.12,0,667170,0,0.813715,9,32,0,148488,0,12334.38,0,4,8,32,67753.6,295,6,20304,0,554355,58438,1055,0,9,38220,1096720,76,26004,0,0,CEat0G8rTN,RO12,taul,1K8T,wOc1,F0DSdMg,lGXpFd_2Rf,7n0W,9_Y1,e7QV,sJzTlal,IYzP,me75fM6ugJ,kIsH,uKAI,L84s,NhsEn4L,mAjbk_S,RXZf,cJvF,FzaX,1Fq88FJ,oslk,XByOEra,LM8l689qOp,fKCe,RAYp,F2FyR07IdsN7I
0,1435,7,376,96,120,64,166.56,0,16440,0,2.612689,9,58,84,48472,0,3484.11,0,4,48,56,-26025.56,520,12,35235,0,31215,42688,6210,0,0,0,166784,10,31860,0,0,oUPBcmzkzH,RO12,taul,1K8T,YPhp,cfdrWlZ,S85uPSw6EW,RQqj,9_Y1,yrDU,09_Q,IYzP,7M47J5GA0pTYIFxg5uy,kIsH,uKAI,L84s,TW8UhnX,beKflXJ,qVF5,cJvF,FzaX,hLKJbH2,QKW8DRm,vr9adAY,LM8l689qOp,Qcbd,vJ_w8kB,WfJ2BB2SFSqauljlfOB
0,1071,7,2436,124,155,48,333.76,5,2739708,0,5.481948,45,62,315,3751384,0,150618.6,15,0,32,48,114950.4,540,36,19647,8,4157970,1036800,1180,0,18,0,10138960,20,0,0,0,npOt0G8EIb,RO12,taul,1K8T,NF63,BaLg0iR,S85OeCBjSz,HS1v,9_Y1,k13i,09_Q,43pnToF,me75fM6ugJ,kIsH,uKAI,L84s,NhsEn4L,mAjbk_S,rVRa,UYBR,FzaX,6XEDGtr,oslk,bSgodIn,LM8l689qOp,fKCe,RAYp,F2FyR07IdsN7I
0,805,14,208,44,55,8,394.96,0,8466960,9,6.323649,27,48,28,0,0,199541.7,5,2,16,0,-85879.6,425,36,94698,8,1962475,698232,1890,0,18,1169,8928600,4,1002,0,0,1JGTmBQZiT,RO12,taul,1K8T,0Xwj,VQWOjS3,glRbITbnHQ,DSAx,HLqf,TjV7,VpdQ,IYzP,me75fM6ugJ,sBgB,uKAI,L84s,NhsEn4L,NGZXfGp,E3av,UYBR,FzaX,54petck,oslk,eEfa_vf,LM8l689qOp,FSa2,RAYp,F2FyR07IdsN7I
0,1701,7,32,284,355,264,166.56,0,128508,0,0.979278,9,50,14,64208,0,10370.46,15,20,64,56,29033.44,1325,18,92385,0,343580,300070,975,0,9,55846,1410912,30,467064,0,0,zC_Wq6e2Rv,RO12,taul,1K8T,EJC9,XvJ7pE3,d6zx_0v,IIMg,9_Y1,_xpN,VpdQ,IYzP,me75fM6ugJ,kIsH,uKAI,L84s,NhsEn4L,mAjbk_S,ARAA,UYBR,FzaX,FgkYlW4,oslk,iHXRkup,LM8l689qOp,FSa2,RAYp,F2FyR07IdsN7I
0,1897,0,0,348,435,96,260.48,0,3730656,0,6.742149,9,26,0,1601352,0,59805.9,35,20,72,80,-66037.6,1740,108,0,0,2477300,1215524,0,0,9,620592,9598080,60,884226,0,0,NESt0G8EIb,RO12,taul,1K8T,wOc1,Po5CXtX,LJsg,7mRT,9_Y1,e7QV,VpdQ,zm5i,me75fM6ugJ,kIsH,uKAI,L84s,NhsEn4L,mAja5EA,nU7t,UYBR,FzaX,2X58jNM,oslk,CNdED8N,LM8l689qOp,fKCe,RAYp,F2FyR07IdsN7I
0,119,0,0,148,185,64,30.08,0,4637034,0,1.700491,9,16,0,2667576,0,189576,5,4,32,64,70998.4,345,60,0,0,3098395,1214788,0,0,9,0,10370240,16,1036800,0,0,1GdOj1KXzC,RO12,taul,1K8T,0Y9G,8NKFFda,76jk_MXMyd,Wis7,9_Y1,jdbz,VpdQ,zm5i,me75fM6ugJ,kIsH,uKAI,Mtgm,NhsEn4L,7WwOAni,jFzC,cJvF,FzaX,zWA88FJ,oslk,Ggf2C8o,LM8l689qOp,kwS7,RAYp,F2FyR07IdsN7I
0,3276,14,2612,328,410,128,327.76,0,4875048,0,4.463576,27,60,77,178760,3,8105.94,10,14,96,120,-400420,1735,72,22869,24,1107430,507640,855,0,0,58646,6001120,60,658716,0,14,crIt0Go8Lb,eSGpMwS8zSGgq_trOpckZ5,taul,1K8T,0Xwj,ZIpns41,VFlefbgZb2VDpkoH,tVvt,F3hy,C7DI,09_Q,IYzP,GjJ35utlTa_GNSvxxpb9ju,kIsH,uKAI,L84s,UbxQ8lZ,ORMRote,fVWZ,cJvF,FzaX,yOO_Vq1,Al6ZaUT,7VZO9Vr,LM8l689qOp,Qu4f,02N6s8f,R4y5gQQWY8OodqDV
0,301,0,0,120,150,0,253.52,0,0,0,2.804315,9,22,0,5529600,0,232411.2,0,0,32,64,69886,475,0,0,0,9444350,0,0,0,9,604800,10320280,44,0,0,0,oyGrjIXt5a,RO12,taul,1K8T,ZHNR,0qCl1hh,LWyxgtXeJL,I7yc,9_Y1,xQ2A,VpdQ,zm5i,me75fM6ugJ,kIsH,uKAI,Mtgm,NhsEn4L,kZJtVhC,G40E,cJvF,FzaX,gfMRJnY,oslk,99nURQu,LM8l689qOp,5Acm,RAYp,F2FyR07IdsN7I
0,1673,14,632,160,200,24,253.52,0,0,0,4.098056,27,174,21,2107104,0,13900.47,10,4,48,56,145067.2,805,0,1719,0,3630935,127784,965,0,45,735763,5288600,52,37986,0,0,DHeq9ayfAo,RO12,taul,1K8T,z32l,fhk21Ss,ELRUn57,hnd7,9_Y1,000J,VpdQ,kxE9,7M47J5GA0pTYIFxg5uy,kIsH,uKAI,L84s,XfqtO3UdzaXh_,_JdH8mF,OF6W,cJvF,FzaX,4UxGlow,oslk,catzS2D,LM8l689qOp,7P5s,ZI9m,iyHGyLCEkQ
0,476,0,0,228,285,144,266.24,0,128430,0,3.9812,9,18,0,947120,0,39931.5,5,16,56,48,-1130924,1105,24,0,0,2205645,554012,0,0,0,546063,4079200,40,966180,0,0,Foxt0Go8Lb,RO12,taul,1K8T,USOt,Gjup2Rr,yLQX8HOoy1,XrCF,9_Y1,C7DI,09_Q,IYzP,me75fM6ugJ,kIsH,uKAI,L84s,NhsEn4L,mAja5EA,PBU9,cJvF,wwPEXoilkr,G4u6pd1,oslk,yUzqFbB,LM8l689qOp,Qu4f,RAYp,F2FyR07IdsN7I
0,2499,7,420,544,680,296,0,0,4571388,0,3.790002,9,56,0,2280248,0,52676.1,20,36,160,112,-245824,1965,192,3771,16,2590690,475260,290,6,9,67312,7691680,62,442104,0,7,2jirEyXktW,AERks4l,taul,1K8T,0Xwj,PHNvXy8,msIqHk8toE,taKF,F3hy,SkZj,VpdQ,lVqb,NKv3VA1BpP,kIsH,uKAI,L84s,Ie_5MZs,teAY_NX,aINY,UYBR,FzaX,UF16siJ,zCkv,APgdzOv,LM8l689qOp,Aoh3,6fzt,xwM2aC7IdeMC0
0,756,7,0,136,170,40,264,0,4286964,0,0.6810511,18,46,7,1900848,0,108831,25,6,32,24,475672,475,60,2034,0,3168085,728560,15,0,18,0,10162120,16,1167120,0,0,Iskvyx875g,RO12,taul,1K8T,TyGl,G6aMVop,F4YIAZ3ZEuEZC,EGIK,9_Y1,QMes,sJzTlal,haYg,me75fM6ugJ,kIsH,uKAI,Mtgm,XfqtO3UdzaXh_,XTbPUYD,OJkH,UYBR,FzaX,Xsgmfvd,oslk,uBYMak1,LM8l689qOp,WqMG,RAYp,F2FyR07IdsN7I
0,490,0,16,52,65,64,100.32,0,203844,0,2.92523,9,74,0,0,0,6861.33,10,2,8,0,-1831832,245,12,18603,0,0,17456,0,0,0,0,202672,0,13056,0,0,TfiBcmzkzH,RO12,taul,1K8T,YPhp,7OKaF5r,PZVQZ0rXKL1KExiSXVG,aZbN,9_Y1,yrDU,VpdQ,IYzP,me75fM6ugJ,kIsH,uKAI,Mtgm,XfqtO3UdzaXh_,11p4mKe,PDPg,cJvF,FzaX,hpqfR8o,oslk,RdFAgOW,LM8l689qOp,Qcbd,RAYp,F2FyR07IdsN7I
0,224,0,0,128,160,8,345.92,0,190254,0,0.3191626,9,18,0,5529600,0,213919.8,0,0,32,64,21296.56,530,6,0,0,9220950,86862,0,0,0,1209600,10442120,44,0,0,0,2jigUH7ejg,RO12,taul,1K8T,lK27,w7C4iqB,Vxu_jOIy4u,HS4S,9_Y1,bJXB,sJzTlal,IYzP,me75fM6ugJ,kIsH,uKAI,L84s,NhsEn4L,7Ww66JZ,FCENcIh,cJvF,FzaX,ifWOhQy,oslk,FNJQZmh,LM8l689qOp,w_Ub,RAYp,F2FyR07IdsN7I
0,1204,7,684,700,875,512,0,0,4271940,0,4.540696,9,178,0,111344,15,82434.59,80,22,88,64,54748.8,1980,150,73359,48,3273100,558494,330,0,36,99673,8453200,102,927522,0,7,zcROj17IEC,2Knk1KF,taul,1K8T,0Xwj,fhk21Ss,UFIdC8I,Kfc7,HLqf,zfpA,VpdQ,wMei,7M47J5GA0pTYIFxg5uy,sBgB,uKAI,L84s,E1aAZ0x7vd,OFqVH0t,03pN,UYBR,FzaX,4UxGlow,QKW8DRm,catzS2D,jySVZNlOJy,7aLG,ZI9m,ib5G6X1eUxUn6
0,847,7,952,332,415,16,100.32,0,30282,0,5.483444,18,146,0,118200,0,5045.52,25,0,56,88,-436476,1240,24,80424,0,464270,6564,5,0,9,77756,488456,122,0,0,0,9rAq9at_88,2Knk1KF,taul,1K8T,sbZD,WkH7nZN,98kUPa9,5hez,9_Y1,KfYH,09_Q,IYzP,me75fM6ugJ,kIsH,g5HH,L84s,XfqtO3UdzaXh_,11p4mKe,y8W_,cJvF,FzaX,scZ0Q3K,oslk,zmvzrB7,LM8l689qOp,me1d,RAYp,55YFVY9
0,840,14,440,140,175,32,253.52,0,4897182,0,0.2360607,18,36,14,1900856,0,218562.6,10,6,24,24,254438.8,550,78,2538,0,3875640,633618,155,0,9,1108828,10167040,20,1425636,0,0,vAsvyx7ejg,RO12,taul,1K8T,Bxva,ckoxY95,hOpRIhsUSP,stuz,9_Y1,f4dr,VpdQ,zm5i,me75fM6ugJ,kIsH,uKAI,L84s,NhsEn4L,NGZXfGp,_HCB,cJvF,FzaX,cXsjB1v,oslk,qWjjxQb,LM8l689qOp,szEZ,RAYp,F2FyR07IdsN7I
0,2282,7,4112,476,595,248,166.56,0,0,0,4.011108,9,58,119,1779648,0,22626.33,5,34,136,248,119892.8,1510,0,5814,0,1518725,517612,295,0,0,502649,3640380,78,748320,0,0,ZSNq9aX0Db,RO12,taul,1K8T,0Xwj,2ZpOkab,6_Ya48s,yBI2,HLqf,zfpA,VpdQ,IYzP,me75fM6ugJ,sBgB,uKAI,L84s,NhsEn4L,mAja5EA,EGBl,cJvF,FzaX,urwAk0_,oslk,tNoYyXX,LM8l689qOp,7aLG,RAYp,F2FyR07IdsN7I
0,1568,28,11172,172,215,24,220.08,0,3844050,0,0.4870754,45,168,280,5191448,0,122913.6,10,2,40,64,213305.6,915,60,32913,0,6084150,49362,3350,0,27,158928,10671600,38,136224,0,0,S8dr4RQxul,AERks4l,taul,1K8T,0Xwj,fhk21Ss,GHf4lBZm_z,WKtD,HLqf,z5Ry,sJzTlal,itlM,7M47J5GA0pTYIFxg5uy,sBgB,uKAI,L84s,leSl,teA09W3,FMag,UYBR,FzaX,4UxGlow,QKW8DRm,catzS2D,jySVZNlOJy,FSa2,ZI9m,ib5G6X1eUxUn6
0,8344,21,516,1404,1755,496,166.56,0,1409928,0,0.05746635,36,130,0,1773520,0,12839.43,55,26,192,456,-47273.2,6030,360,8046,0,3438265,571384,60,0,9,286307,6289880,296,593244,0,0,4bwt0GoOh3,onTuEhrJJQy_H3IHkZku5AFczhYGqxJ890,taul,1K8T,487l,jeEcgy7,vQFZ,6YaA,9_Y1,rGJy,VpdQ,sYC_,DHn_WUyBhW_whjA88g9bvA64_,kIsH,uKAI,L84s,CrNX,KqjigGY,PQnj,cJvF,AU8_WTd,FMZoCxO,d0EEeJi,MHP4Dbo,jySVZNlOJy,Qu4f,nIGXDli,iyHGyLCEkQ
0,371,0,28,100,125,96,181.6,0,858,0,1.395642,9,58,0,196016,0,43477.2,5,2,16,40,-1346528,365,6,7002,0,357060,119772,0,0,9,169071,854132,10,141678,0,0,hSogUHXZeb,RO12,taul,1K8T,487l,jEC3vg3,S6EwzBX,ZZSJ,9_Y1,fTh6,VpdQ,43pnToF,me75fM6ugJ,kIsH,uKAI,Mtgm,NhsEn4L,mAjbk_S,LI0l,UYBR,FzaX,x_lA5lA,oslk,3B1mC_N,LM8l689qOp,453m,RAYp,F2FyR07IdsN7I
0,518,0,0,112,140,64,200,0,1385796,0,0.5627003,9,58,0,482376,0,34386.9,10,2,32,32,122042.8,405,36,468,0,208660,270592,0,0,0,238791,2185080,14,204678,0,0,_v2gUHXZeb,RO12,taul,1K8T,xgSF,ka3eV8O,1lFJzqR,TsBj,9_Y1,LqKm,VpdQ,IYzP,DHn_WUyBhW_whjA88g9bvA64_,kIsH,uKAI,L84s,CrNX,NGZ_12K,Zxol,cJvF,FzaX,UvL_w6z,d0EEeJi,nuwugiB,LM8l689qOp,453m,nIGXDli,F2FyR07IdsN7I
0,119,0,0,32,40,0,230.08,0,3628800,0,4.723991,9,18,0,2841448,0,323703,5,0,0,8,231431.2,360,6,0,0,5057850,0,0,0,0,0,10305400,10,0,0,0,vAsgUHXM47,RO12,taul,1K8T,pE9z,JVFLDAi,LJsg,MUK5,9_Y1,LqKm,VpdQ,IYzP,me75fM6ugJ,kIsH,uKAI,L84s,NhsEn4L,mAja5EA,U4yK,UYBR,FzaX,YTCRPlm,oslk,nXK9h3w,LM8l689qOp,453m,RAYp,F2FyR07IdsN7I
0,693,0,0,220,275,40,220.08,0,5946330,0,1.672719,9,20,0,2738944,0,101479.5,35,12,96,80,139652,920,78,0,0,3623370,401650,0,0,9,199892,10614040,28,204966,0,0,Ie5gUH7IEC,RO12,taul,1K8T,0Xwj,lUpdCrr,FoJylxy,8MF2,F3hy,7WNq,VpdQ,zm5i,me75fM6ugJ,kIsH,uKAI,L84s,NhsEn4L,kZJtVhC,BFG0,cJvF,FzaX,t39OtFs,oslk,G9lTL5Q,LM8l689qOp,WqMG,RAYp,F2FyR07IdsN7I
0,1078,14,15048,232,290,48,166.56,0,0,0,4.806665,27,136,1736,1506408,0,62716.5,0,12,64,168,-62961.6,860,0,1791,0,3536030,332982,5055,0,9,517377,4464160,50,324222,0,0,639r4RK2Mx,2Knk1KF,taul,1K8T,0Xwj,VQW0yiU,LIH3TPf,V7Bs,HLqf,DtNL,sJzTlal,sYC_,me75fM6ugJ,sBgB,uKAI,L84s,NhsEn4L,teAyFc5,5ZXB,UYBR,FzaX,EqJoGGc,oslk,PXpCqEp,jySVZNlOJy,FSa2,RAYp,55YFVY9
0,1421,7,664,244,305,200,133.12,0,1224,0,0.8094425,9,158,140,526104,0,20123.34,0,16,48,80,10256,955,6,54981,0,623105,364634,5085,0,9,288386,1975644,34,726036,0,0,JMGrjIXt5a,2Knk1KF,taul,1K8T,vsvk,bvZcCja,glRBFJT8NN,hFHS,9_Y1,m7JR,VpdQ,haYg,me75fM6ugJ,kIsH,uKAI,L84s,XfqtO3UdzaXh_,XTbPUYD,15KP,UYBR,FzaX,mTDfR8o,oslk,dEJz4Af,LM8l689qOp,5Acm,RAYp,TCU50_Yjmm6GIBZ0lL_
0,189,7,480,80,100,16,133.12,0,12066,0,4.163427,9,116,21,2208,0,3957.33,0,6,32,8,-15706.72,240,24,33264,0,18220,67722,285,0,9,4361,171140,20,17958,0,0,zcRZptzip9,2Knk1KF,taul,1K8T,TyGl,O6m1v0l,nQUBcBcErl,ElHP,9_Y1,t_4G,VpdQ,kxE9,me75fM6ugJ,kIsH,uKAI,L84s,XfqtO3UdzaXh_,kq0IkyT,F6Xt,cJvF,FzaX,lQQumXg,oslk,dGnwuDg,LM8l689qOp,Qu4f,RAYp,55YFVY9
0,2436,21,5352,480,600,240,253.52,0,78348,0,1.478958,27,112,7,434192,0,7304.85,0,18,128,184,-153635.6,1675,30,18135,0,615210,218628,170,0,18,88711,1389412,106,285990,0,0,5_lq9aXt5a,2Knk1KF,taul,1K8T,4fje,qbzg2A0,wLOHP_YhcL,ZyCs,9_Y1,Y9Bl,VpdQ,sYC_,me75fM6ugJ,kIsH,uKAI,L84s,NhsEn4L,cUQBu6y,4CTo,UYBR,FzaX,Dndv4zN,oslk,6ebzrB7,LM8l689qOp,uWr3,RAYp,55YFVY9
0,8386,21,4592,940,1175,680,200,0,4517274,0,2.96176,45,154,343,4454328,3,14142.63,50,26,72,56,249445.6,7845,354,37296,8,4448185,88770,435,0,45,604800,9889760,122,794670,0,0,1JGqrQKzJV,2Knk1KF,taul,1K8T,0Xwj,creg0bq,dFpu8vR,6Yf9,HLqf,15m3,VpdQ,G_zk,me75fM6ugJ,sBgB,uKAI,L84s,XfqtO3UdzaXh_,OFqmdNV,oLcf,cJvF,FzaX,VgKv48t,oslk,nRgz4Af,M_8D,FSa2,RAYp,TCU50_Yjmm6GIBZ0lL_
0,1071,7,852,140,175,40,166.56,0,1488366,0,4.897671,18,52,21,2073600,0,169147.8,20,4,32,24,110811.2,505,30,57933,0,6632750,449426,1560,0,0,604800,9962120,32,1036800,0,0,qXhvyxLp3Z,RO12,taul,1K8T,Xa_z,UKQvcTJ,rRTw71B,MS_S,9_Y1,vzJD,VpdQ,IYzP,me75fM6ugJ,kIsH,uKAI,L84s,NhsEn4L,TDcECyH,_1k8,cJvF,FzaX,75woGGc,oslk,23ZMCCr,LM8l689qOp,xb3V,RAYp,F2FyR07IdsN7I
0,966,14,3324,140,175,40,262.48,0,8047920,0,1.174322,18,118,196,7224,0,85575.59,35,6,40,8,63546.4,595,96,31383,0,583785,678770,7395,0,45,0,10529240,6,1555200,0,0,1GdOj17ejg,RO12,taul,1K8T,7M9D,9GJGgoz,X3ePG58,CylH,9_Y1,zfpA,VpdQ,itlM,Kxdu,kIsH,uKAI,Mtgm,FMSzZ91zL2,11pG9ir,c81l,cJvF,FzaX,Tvpip6Z,zCkv,hHJsvbM,LM8l689qOp,7aLG,6fzt,4rd_
0,700,7,96,172,215,56,240.16,0,4167672,0,6.012818,18,34,21,2336240,0,215003.7,0,2,8,8,883700,570,48,1494,0,5628100,261312,280,0,18,0,10270440,52,1948134,0,0,_v2vyx7IEC,RO12,taul,1K8T,7M9D,b9Y7VoA,glRBFJT8NN,9s6t,9_Y1,YGOC,VpdQ,zm5i,me75fM6ugJ,kIsH,uKAI,L84s,NhsEn4L,mAjbk_S,cQX5,UYBR,FzaX,8EdRa8C,oslk,VNjX1HN,LM8l689qOp,szEZ,RAYp,F2FyR07IdsN7I
0,1176,7,236,400,500,280,133.12,0,0,0,3.814142,9,50,168,230504,0,6638.04,5,6,56,120,111739.2,1065,0,12726,0,804170,185600,1635,0,0,79548,1200512,92,98670,0,0,NQ5rEy7Rm6,RO12,taul,1K8T,Wmd1,kkNkJwu,WICZqsx,614C,9_Y1,X8zP,VpdQ,IYzP,me75fM6ugJ,kIsH,uKAI,L84s,NhsEn4L,TDcECyH,lYKD,cJvF,FzaX,TZC87dl,oslk,aN3QowC,LM8l689qOp,Aoh3,RAYp,F2FyR07IdsN7I
0,826,0,0,208,260,64,281.52,0,5803578,0,6.51207,9,18,0,1246496,0,67061.7,45,4,48,32,50964.8,1405,90,0,0,1686780,688182,0,0,9,109060,9725640,28,134712,0,0,xOXrjIQq3d,RO12,taul,1K8T,WkTj,mjAE8UC,z7GH4Up,VNjO,9_Y1,RVjC,VpdQ,IYzP,me75fM6ugJ,kIsH,uKAI,Mtgm,NhsEn4L,mAjIhQy,p8c0,UYBR,FzaX,BUZ3sek,oslk,VAZyGQC,LM8l689qOp,FSa2,RAYp,F2FyR07IdsN7I
0,2128,7,212,384,480,24,167.68,0,0,0,6.325999,9,64,7,958504,0,20996.1,5,14,176,216,-64220,1530,0,180,0,1667425,9744,200,0,18,78477,2044116,116,316236,0,0,NQ5rEy7Rm6,RO12,taul,1K8T,IvdZ,iJzviRg,AnFl2Mwxzd,Pn_u,9_Y1,X8zP,VpdQ,hAFG,7M47J5GA0pTYIFxg5uy,kIsH,uKAI,L84s,4kVnq_T26xq1p,jawfZlo,ZQE8,cJvF,FzaX,ch2oGfM,zCkv,P6pu4Vl,LM8l689qOp,Aoh3,ZI9m,R4y5gQQWY8OodqDV
0,756,7,128,140,175,48,314.08,0,5227614,0,3.171117,9,72,7,1267296,0,209238,15,8,32,16,186368.8,525,66,12357,0,3378400,792356,65,0,27,554442,10623920,18,1900950,0,0,1YVgUHXZeb,RO12,taul,1K8T,7ALb,_RmnZSn,CdPgMY1Z52,1fxs,9_Y1,STGZ,09_Q,CoYW,me75fM6ugJ,kIsH,uKAI,L84s,XfqtO3UdzaXh_,XTb10lF,PySi,UYBR,FzaX,dRiNT4W,oslk,4XQyovK,LM8l689qOp,453m,RAYp,F2FyR07IdsN7I
0,1190,0,0,2556,3195,696,20.08,15,7471680,0,2.18009,9,18,0,845872,6,14979.87,180,70,232,200,-196373.6,6370,1398,0,40,1872915,134366,0,0,0,169659,8963400,446,53070,0,0,a4v9tYsGvO,RO12,taul,1K8T,PGNs,FSVXtaU,NW71mrodGH,2tQN,9_Y1,YULl,VpdQ,IYzP,me75fM6ugJ,kIsH,uKAI,L84s,NhsEn4L,kZJtVhC,CyOz,UYBR,FzaX,R4hRoKG,oslk,AEKwFs9,LM8l689qOp,FSa2,RAYp,F2FyR07IdsN7I
0,805,0,4,128,160,80,200,0,0,0,6.16834,9,48,0,1853520,0,79858.2,10,6,40,40,-448372,510,0,129339,0,2835860,940740,0,0,0,243089,5322840,24,259584,0,0,4e7Wq69R_D,RO12,taul,1K8T,j1T2,wEYeml7,LH076SiAyW,WmhQ,9_Y1,0A_v,sJzTlal,IYzP,me75fM6ugJ,kIsH,uKAI,L84s,NhsEn4L,kZJtVhC,wreW,cJvF,FzaX,ncuR2zc,oslk,RO608Cl,LM8l689qOp,PM2D,RAYp,F2FyR07IdsN7I
0,1141,7,36,116,145,56,153.2,0,5606034,0,2.873104,9,58,28,507576,0,146263.5,15,6,32,24,420336,540,66,29394,0,40790,1183136,345,0,0,0,8463640,4,1555200,0,0,tr0rEyXktW,RO12,taul,1K8T,JLbT,3gFYSmA,nQUxgtZEqo,MOr6,9_Y1,SkZj,VpdQ,IYzP,me75fM6ugJ,kIsH,uKAI,L84s,NhsEn4L,TDceha3,aaKd,cJvF,FzaX,n2dvwg4,oslk,PSKaRTx,LM8l689qOp,Aoh3,RAYp,F2FyR07IdsN7I
0,1288,7,344,244,305,136,166.56,0,1405920,0,4.82162,9,82,21,129584,0,49092.6,30,22,88,40,-399978.4,740,126,2520,0,512155,291802,25,0,9,161280,3268592,2,1528788,0,0,BQa9tYsdof,RO12,taul,1K8T,TyGl,iBKkTQ1,LH076SiAyW,T4kR,9_Y1,YULl,sJzTlal,sYC_,me75fM6ugJ,kIsH,uKAI,L84s,NhsEn4L,kq0aHkC,Y6Au,cJvF,FzaX,rLfmFX7,oslk,KiEskzO,LM8l689qOp,FSa2,RAYp,F2FyR07IdsN7I
0,1449,7,344,220,275,184,200,0,114312,0,4.511643,18,114,91,1415952,0,36713.1,25,10,72,80,206884.4,725,30,3861,0,659980,559842,1630,0,36,469819,2743712,14,400854,0,0,302Oj17IEC,2Knk1KF,taul,1K8T,0Xwj,I6Bd3iM,NfN9Bz6HFx,pyKd,HLqf,iVbl,VpdQ,6JmL,me75fM6ugJ,sBgB,uKAI,L84s,XfqtO3UdzaXh_,11p4mKe,KJcB,UYBR,AU8_WTd,bBmOw16,oslk,CcdTy9x,jySVZNlOJy,7aLG,RAYp,55YFVY9
0,728,7,1388,132,165,0,166.56,0,5412636,0,5.515915,9,70,168,3476224,0,237037.8,20,0,32,48,595500,490,66,1215,0,4758935,0,165,0,0,0,10510280,24,0,0,0,6z9r4Rdc_a,RO12,taul,1K8T,JLbT,0Vr7wZ4,_jTpoJoljl,jReB,9_Y1,em8I,VpdQ,IYzP,Kxdu,kIsH,g5HH,L84s,FMSzZ91zL2,y5FemRG,kIVy,cJvF,FzaX,XbZitea,zCkv,DHPNgqU,M_8D,me1d,6fzt,JnGLH58smNxIYcGK39k
0,910,35,14672,160,200,72,176.56,0,2230938,0,1.254219,45,132,567,1173008,0,189028.8,20,12,40,32,-268535.6,505,30,52038,0,2830565,1337418,4780,0,9,445767,9296800,24,2046258,0,0,lAFr4RQZiT,2Knk1KF,taul,1K8T,TyGl,f_orkF8,bGUqwlz,kJs5,9_Y1,z5Ry,VpdQ,sYC_,me75fM6ugJ,kIsH,uKAI,Mtgm,NhsEn4L,beK4AFX,GTnh,UYBR,FzaX,tHIv48t,oslk,WCNAgOW,LM8l689qOp,FSa2,RAYp,55YFVY9
0,1687,28,22028,424,530,176,143.12,0,4026,0,6.995087,72,236,1274,254152,0,9601.439,0,34,80,120,-112798,1270,18,15624,0,663080,134588,3020,0,27,140049,1100692,98,256938,0,0,_v2TmBftjz,5QKIjwyXr4MCZTEp7uAkS8PtBLcn,taul,1K8T,lK27,fhk21Ss,8nstQ62E0C,IEDl,9_Y1,4N0K,VpdQ,y6dw,7M47J5GA0pTYIFxg5uy,kIsH,uKAI,L84s,5u2Bxlj9ua90kqrA,7WwtEtr,ynbO,UYBR,FzaX,4UxGlow,JIiEFBU,catzS2D,LM8l689qOp,Qu4f,ZI9m,VjDE
0,161,0,0,112,140,32,258,20,3326520,0,1.333048,18,16,0,1267232,0,213863.7,25,0,24,16,342749.6,395,42,0,32,1960960,633622,0,0,0,0,7271400,20,0,0,0,m9SrEy7Rm6,RO12,taul,1K8T,TyGl,zN9Vdmm,msIqHk8toE,elzJ,9_Y1,H9GL,VpdQ,IYzP,me75fM6ugJ,kIsH,uKAI,L84s,NhsEn4L,NGZxnJM,RxDZ,cJvF,FzaX,Ox8fR8o,oslk,mWoTy9x,LM8l689qOp,Aoh3,RAYp,F2FyR07IdsN7I
0,903,7,316,316,395,16,186.64,0,6329640,0,5.140996,9,42,0,4579952,0,121633.5,5,0,24,24,258376,1225,66,9639,0,3424070,451438,300,0,18,0,10416920,124,0,0,0,gOyvyx7ejg,RO12,taul,1K8T,FgS1,J7Knr2P,DKUDUftgA7,WfCO,9_Y1,RcM7,VpdQ,zm5i,me75fM6ugJ,sBgB,uKAI,L84s,NhsEn4L,mAjbk_S,jLDO,cJvF,FzaX,Fpzfql_,oslk,mfC2Oqu,LM8l689qOp,szEZ,RAYp,F2FyR07IdsN7I
0,1246,7,1068,188,235,168,166.56,0,0,0,0.4148686,18,50,28,1731352,0,40325.4,0,8,56,72,-229423.6,645,0,22437,0,677920,590636,220,0,0,836689,2839472,26,375282,0,0,CEaBcmz45j,RO12,taul,1K8T,tXti,GUg88LT,ARvzJXx,wDlb,9_Y1,WGOH,VpdQ,IYzP,me75fM6ugJ,kIsH,uKAI,L84s,NhsEn4L,mAja5EA,dMWg,cJvF,FzaX,AuG6jyF,oslk,64B7j0h,LM8l689qOp,Qcbd,RAYp,F2FyR07IdsN7I
0,938,7,612,208,260,56,166.56,0,35232,0,6.29844,9,80,224,1223072,0,79557,15,12,80,48,317555.6,655,18,2250,0,3940110,371144,365,0,9,252028,5073360,54,809298,0,0,py5rEyXktW,RO12,taul,1K8T,sKnY,kJ1ERUT,9YuX8HG_hH,qzf7,9_Y1,VwCR,VpdQ,wMei,7M47J5GA0pTYIFxg5uy,kIsH,uKAI,L84s,leSl,CWNHJ27,shMo,cJvF,FzaX,MMTJrCp,QKW8DRm,Rkj9jvX,jySVZNlOJy,Aoh3,vJ_w8kB,WfJ2BB2SFSqauljlfOB
0,1463,21,18984,156,195,32,220.08,0,434652,0,6.999786,27,106,385,5107464,0,120689.4,0,4,48,72,110094,930,18,18045,0,8416550,288568,4835,0,0,4011,10341440,42,281322,0,0,N_vrjIXt5a,2Knk1KF,taul,1K8T,80HR,j9nq_S5,hCdK,sZLd,9_Y1,xQ2A,VpdQ,sYC_,me75fM6ugJ,kIsH,uKAI,Mtgm,NhsEn4L,kq0aHkC,kFnx,cJvF,qxDb,do06V3V,oslk,AmO2pc5,LM8l689qOp,5Acm,RAYp,55YFVY9
0,903,14,2348,172,215,104,196.64,0,1438968,0,1.607135,45,104,0,2566312,0,101234.4,0,2,32,80,-57008,670,24,10188,0,1434965,601600,1620,0,9,829101,4730600,30,205416,0,0,0vimfo8zhV,RO12,taul,1K8T,LloI,_QtupBg,BBhiudN5VwCx3,0Zsp,9_Y1,Ew1Q,VpdQ,Tkho,me75fM6ugJ,kIsH,uKAI,L84s,NhsEn4L,kq0aHkC,2yFS,UYBR,FzaX,6VJOjel,oslk,jhaRkup,jySVZNlOJy,wX53,RAYp,F2FyR07IdsN7I
0,1519,14,4512,668,835,280,213.36,0,0,0,5.276864,36,166,567,370456,0,16010.31,0,28,376,392,87154.8,1710,0,208593,0,1460690,41446,1135,0,18,147987,1511656,138,112476,0,0,51rBcmz45j,RO12,taul,1K8T,tXti,fqeOwLG,WICZqsx,P86N,9_Y1,4nnx,VpdQ,hAFG,7M47J5GA0pTYIFxg5uy,kIsH,uKAI,L84s,XfqtO3UdzaXh_,XTbIt4R,xtcs,UYBR,FzaX,fxJmel6,oslk,WfsWw2A,LM8l689qOp,Qcbd,ZI9m,iyHGyLCEkQ
0,553,7,160,200,250,128,125.6,0,4554,0,4.545823,9,72,0,87032,0,1913.181,5,2,64,80,9976.44,615,12,44514,0,75395,20306,990,0,27,28805,149564,40,1890,0,0,8Fdr4RXXnK,RO12,taul,1K8T,TyGl,aKBrLEy,Tg7jjBB,NPMY,9_Y1,mTeA,VpdQ,haYg,me75fM6ugJ,kIsH,uKAI,L84s,XfqtO3UdzaXh_,XTbPUYD,Juwm,UYBR,FzaX,8GK0Q3K,oslk,4JiE4Qn,LM8l689qOp,FSa2,RAYp,F2FyR07IdsN7I
0,966,7,4500,160,200,48,269.12,0,8370600,0,1.088015,9,104,245,917168,0,162552.9,40,2,40,16,94403.6,830,102,29961,0,1435450,305118,2765,0,18,0,10385760,12,45036,0,0,vAsgUHXM47,RO12,taul,1K8T,JLbT,WIUdTJr,k10MzgT,g_hI,9_Y1,LqKm,VpdQ,sYC_,me75fM6ugJ,kIsH,uKAI,L84s,NhsEn4L,teAyCQX,Hfjb,cJvF,FzaX,ALC68SY,oslk,9JvQQMs,LM8l689qOp,453m,RAYp,F2FyR07IdsN7I
0,168,0,0,88,110,32,220.48,5,42924,0,3.571032,9,14,0,8536,0,3812.37,20,6,8,8,-322875.2,665,18,0,32,29460,3192,0,12,0,7469,69168,14,7890,0,7,O8Zr4Rdc_a,RO12,taul,1K8T,L_LK,tkbYYlr,nQUq7hGe64,ZIsD,9_Y1,em8I,sJzTlal,IYzP,me75fM6ugJ,kIsH,g5HH,L84s,NhsEn4L,TDc4Td_,ZEJ7,cJvF,FzaX,5KqzVUs,oslk,nCi34g5,LM8l689qOp,me1d,RAYp,F2FyR07IdsN7I
0,980,21,9544,260,325,104,220.08,0,3645756,0,2.005554,36,150,133,1782824,0,132117.3,25,22,144,88,-711228,815,72,10386,0,2636920,120648,4305,0,27,438228,6864400,26,314322,0,0,uUdt0G8EIb,2Knk1KF,taul,1K8T,PbOJ,b9lODwF,GHfL3MpXAX,Nqg3,9_Y1,e7QV,VpdQ,haYg,me75fM6ugJ,kIsH,uKAI,L84s,XfqtO3UdzaXh_,XTbPUYD,j5ba,cJvF,FzaX,gboeT2p,oslk,LnLaK89,jySVZNlOJy,fKCe,RAYp,55YFVY9
0,2611,0,1636,324,405,208,166.56,0,49356,0,5.431959,9,88,0,482520,0,17945.58,25,12,88,128,-42910.4,1430,66,40824,0,250155,207876,0,0,0,205667,1208464,34,375432,0,0,tr0gUH7ejg,RO12,taul,1K8T,TyGl,lUpdCrr,JBPs3iVJqP,xazq,9_Y1,m_h1,VpdQ,IYzP,me75fM6ugJ,kIsH,uKAI,L84s,NhsEn4L,kq062QV,8JTE,UYBR,FzaX,t39OtFs,oslk,G9lTL5Q,LM8l689qOp,WqMG,RAYp,F2FyR07IdsN7I
0,1750,28,8280,148,185,48,214.72,0,5772654,0,5.108737,36,110,490,1267776,6,13368.69,5,4,16,24,300196,685,36,62847,24,1367185,804240,7260,0,9,554442,8333840,38,1248702,0,7,qXhvyxLp3Z,2Knk1KF,taul,1K8T,487l,32pCIek,3A8iudN5VuylP,nzeT,9_Y1,_r21,VpdQ,sYC_,me75fM6ugJ,kIsH,uKAI,L84s,NhsEn4L,beK4AFX,PN3n,UYBR,FzaX,FB4YlW4,oslk,0p8OTZB,LM8l689qOp,xb3V,RAYp,55YFVY9
0,1715,7,4,156,195,88,220.08,10,1595250,0,5.349071,9,80,0,751160,0,65278.5,15,10,40,16,45140,5465,30,117,16,3456565,1723438,45,0,0,604800,10122520,26,2592000,0,0,xearjIX0Db,RO12,taul,1K8T,JLbT,n0tQn2A,9YuuPSz3BI,t1EM,9_Y1,xQ2A,VpdQ,IYzP,me75fM6ugJ,kIsH,uKAI,L84s,NhsEn4L,mAja5EA,8RUV,cJvF,FzaX,Qui18fN,oslk,ep2j7qz,M_8D,5Acm,RAYp,F2FyR07IdsN7I
0,826,7,1264,140,175,96,220.08,0,2772948,0,1.588122,9,50,21,1622448,0,197956.8,20,10,40,24,402292,430,36,34632,0,1623445,2044820,3280,0,9,0,10555720,10,2548836,0,0,uGLq9ayE15,RO12,taul,1K8T,PJLW,Ml6pXKQ,Z8ZAV8jDl3,kbho,9_Y1,kJJ7,VpdQ,IYzP,me75fM6ugJ,kIsH,uKAI,L84s,NhsEn4L,mAjbk_S,Zo1t,cJvF,FzaX,Y2C68SY,oslk,RJNqhZX,LM8l689qOp,7P5s,RAYp,F2FyR07IdsN7I
0,490,21,772,156,195,160,166.56,0,0,0,6.738945,36,102,28,138824,0,17382.54,0,2,0,24,15919.72,610,0,11763,0,145740,62070,315,0,0,0,391904,30,122640,0,0,oyGrjIXt5a,RO12,taul,1K8T,hoa9,mvPLDAi,msIFlLyI91,6MIe,9_Y1,EKFb,VpdQ,sYC_,DHn_WUyBhW_whjA88g9bvA64_,kIsH,uKAI,L84s,CrNX,kZJigPo,ieOM,cJvF,FzaX,Lu8v9f3,d0EEeJi,SxiDfzW,LM8l689qOp,5Acm,nIGXDli,F2FyR07IdsN7I
0,3066,7,28,444,555,376,166.56,0,0,0,2.916898,9,42,0,534912,0,10522.83,0,34,144,192,9138.72,1475,0,87570,0,254335,355088,45,0,9,92974,1352612,46,257268,0,0,vAsgUHXM47,RO12,taul,1K8T,7ALb,ZehEQZy,hOpMh7dRpW,YbGL,9_Y1,fTh6,09_Q,zm5i,DHn_WUyBhW_whjA88g9bvA64_,kIsH,uKAI,L84s,CrNX,mAjbq_f,dUZd,cJvF,FzaX,nf97M23,d0EEeJi,PSKmlwe,jySVZNlOJy,453m,nIGXDli,F2FyR07IdsN7I
0,1428,7,0,120,150,16,192.32,0,7969440,0,4.332407,9,52,0,691200,0,79789.5,35,0,24,8,80364,685,96,1152,0,1728000,345600,65,0,18,0,10151360,8,0,0,0,YddTmBtueT,RO12,taul,1K8T,F9g8,47WdmQ4,9UgkRNhwCh,ZUB4,9_Y1,47ra,VpdQ,sYC_,me75fM6ugJ,kIsH,uKAI,L84s,NhsEn4L,kq0n8Bj,DGMs,cJvF,FzaX,w97ARL_,oslk,hqk7qqc,LM8l689qOp,rgKb,RAYp,F2FyR07IdsN7I
0,21,0,0,56,70,8,811.28,15,1763424,0,0.6408887,9,14,0,0,0,291646.8,5,4,8,0,474312,70,30,0,24,4526995,640,0,0,0,29778,5444080,10,938208,0,0,etYt0G8EIb,RO12,taul,1K8T,lK27,d2ii506,nQUX8Hg64f,EZ56,9_Y1,k13i,sJzTlal,IYzP,me75fM6ugJ,kIsH,uKAI,Mtgm,NhsEn4L,kq0dQfu,Wk2H,UYBR,FzaX,9F7NNh6,oslk,M07TXXV,LM8l689qOp,fKCe,RAYp,F2FyR07IdsN7I
0,2247,14,2032,476,595,264,232.88,0,1690176,0,4.909635,45,128,91,625896,0,34191.9,55,18,120,104,-102079.6,1695,132,61596,0,1051960,382858,310,0,9,540708,4201080,62,863904,0,0,O8Zr4Rdc_a,2Knk1KF,taul,1K8T,4fje,ZRZs43J,glRBFJT8NN,jReB,9_Y1,em8I,VpdQ,IYzP,me75fM6ugJ,kIsH,g5HH,L84s,NhsEn4L,teAyFc5,kIVy,cJvF,FzaX,VA_mahk,oslk,sxHPIsU,LM8l689qOp,me1d,RAYp,55YFVY9
0,329,0,0,128,160,104,257.12,0,3822948,0,6.713523,18,24,0,0,0,181744.2,10,12,32,0,171719.6,560,48,0,0,792755,2246400,0,0,9,0,10440440,6,3110400,0,0,8Fdr4RXXnK,RO12,taul,1K8T,1TqK,lUp7x5J,glRbITbnHQ,qC1Q,9_Y1,Zazx,VpdQ,zm5i,me75fM6ugJ,kIsH,uKAI,L84s,NhsEn4L,mAja5EA,wIlT,cJvF,FzaX,qxvYjZW,oslk,ddLRDbC,jySVZNlOJy,Xa3G,RAYp,F2FyR07IdsN7I
0,1358,14,104,140,175,48,166.56,0,0,0,4.562059,36,76,21,399440,0,11954.88,0,12,88,80,-846360,615,0,28350,0,223970,70676,1580,0,9,167902,719756,26,299262,0,0,_v2gUHXZeb,RO12,taul,1K8T,487l,qbzATNu,LJsg,Wl4k,9_Y1,STGZ,VpdQ,IYzP,me75fM6ugJ,kIsH,uKAI,Mtgm,NhsEn4L,mAjcfkM,8JrH,UYBR,FzaX,Oj69oV7,oslk,7IeAGfT,LM8l689qOp,453m,RAYp,F2FyR07IdsN7I
0,14,0,0,64,80,24,446.32,0,323490,0,1.354198,9,14,0,0,0,138473.4,0,4,8,0,-414280,80,6,0,8,1585490,389424,0,0,0,0,2954100,20,1036800,0,7,75lr4RXktW,RO12,taul,1K8T,1TqK,r6c4NQF,etM739XNb0Rf0,Okfd,9_Y1,TFSW,VpdQ,IYzP,me75fM6ugJ,kIsH,uKAI,L84s,NhsEn4L,kZJyVg2,CLFc,cJvF,FzaX,vtCOZ4E,oslk,uyDQguc,LM8l689qOp,Xa3G,RAYp,F2FyR07IdsN7I
0,903,0,0,204,255,216,200,0,0,0,5.849605,9,24,0,785864,0,29626.74,5,16,96,80,-52232.4,755,0,0,0,480030,525762,0,0,0,294231,2471084,10,906852,0,0,HYTrjIK12c,RO12,taul,1K8T,YVv3,3fI4jEC,_UtlxbJ,ZmHR,9_Y1,7WNq,VpdQ,IYzP,me75fM6ugJ,kIsH,uKAI,L84s,NhsEn4L,kZJtVhC,SUpk,cJvF,FzaX,pHXYlW4,oslk,wYv2Oqu,LM8l689qOp,WqMG,RAYp,F2FyR07IdsN7I
0,826,14,424,60,75,16,186.64,0,4567896,0,6.637684,18,140,140,0,0,203965.2,10,0,0,0,-144842.8,420,42,37602,0,3937655,1211660,1950,0,27,0,8697760,8,0,0,0,oUPBcmzkzH,2Knk1KF,taul,1K8T,tXti,MRhv2aF,_03xtaMIkZsn1,Xoh1,9_Y1,WGOH,VpdQ,haYg,me75fM6ugJ,kIsH,uKAI,L84s,XfqtO3UdzaXh_,XTbPUYD,rdgs,UYBR,FzaX,kZkoOXS,oslk,o06MFY4,LM8l689qOp,Qcbd,RAYp,55YFVY9
0,1302,7,4004,152,190,24,220.08,0,537342,0,2.215552,18,58,126,4997080,0,130601.1,5,0,32,64,222872,670,36,29988,0,7441850,194126,1005,0,9,0,9294560,40,0,0,0,bZk9tYsGvO,RO12,taul,1K8T,PGNs,Od78GsB,P9HTde2,37uy,9_Y1,YULl,VpdQ,43pnToF,me75fM6ugJ,kIsH,uKAI,L84s,NhsEn4L,7WwX8Ya,OVlW,UYBR,FzaX,LwGQ_Zs,oslk,xYHw5QO,jySVZNlOJy,FSa2,RAYp,F2FyR07IdsN7I
0,952,7,464,172,215,72,186.64,0,5599686,0,2.18308,18,112,119,973848,0,149617.8,15,10,56,40,42833.6,570,102,4653,0,1313540,1436398,835,0,9,169155,10270360,8,1634838,0,0,TfiBcmzkzH,2Knk1KF,taul,1K8T,0Xwj,n7A5_CT,CdPgMY1Z52,EpX5,F3hy,yrDU,VpdQ,hAFG,7M47J5GA0pTYIFxg5uy,kIsH,uKAI,L84s,XfqtO3UdzaXh_,11p4mKe,0cKB,UYBR,FzaX,C0T9OJS,oslk,tyHw_BK,M_8D,Qcbd,RAYp,55YFVY9
0,1260,7,6008,124,155,56,286.96,0,3326490,0,1.954924,9,50,126,2744264,0,138949.5,5,4,32,40,-162060,545,42,61605,0,3672060,1108828,1400,0,0,604800,9695520,18,950424,0,0,crIt0Go8Lb,RO12,taul,1K8T,lK27,dgtxY95,fXeumA5,FdRk,9_Y1,C7DI,VpdQ,IYzP,me75fM6ugJ,kIsH,uKAI,L84s,NhsEn4L,mAjbk_S,ZSG3,cJvF,AU8_WTd,lER6V3V,oslk,cFZAKIt,jySVZNlOJy,Qu4f,RAYp,F2FyR07IdsN7I
0,3710,7,4500,396,495,128,220.08,15,2062644,0,2.476608,18,194,42,2241256,0,33088.5,70,12,88,80,-154640.8,1150,144,8793,24,4812565,620230,3105,0,45,160713,8893080,58,728328,0,0,dRagUHXM47,LrdZy8QqgUfkVShG,taul,1K8T,lK27,fhk21Ss,msIFlLyI91,ctaI,9_Y1,fTh6,VpdQ,y6dw,7M47J5GA0pTYIFxg5uy,kIsH,uKAI,L84s,_5OXC8MSLt,XTbQpf0,kweQ,cJvF,FzaX,4UxGlow,oslk,catzS2D,LM8l689qOp,453m,ZI9m,ib5G6X1eUxUn6
0,259,0,0,152,190,64,253.52,0,3712374,0,6.078829,9,18,0,1397760,0,180966.9,5,10,32,24,6460.44,625,54,0,0,2322625,1693828,0,0,0,1663249,10320400,24,2376060,0,0,crIt0Go8Lb,RO12,taul,1K8T,xgSF,H9Tg2A0,VqnbMThC8i,w92z,9_Y1,t_4G,sJzTlal,IYzP,me75fM6ugJ,kIsH,uKAI,L84s,NhsEn4L,mAja5EA,bpsg,UYBR,FzaX,stpv4zN,oslk,YE7zrB7,LM8l689qOp,Qu4f,RAYp,F2FyR07IdsN7I
0,672,7,1496,164,205,48,166.56,0,0,0,0.9226661,9,100,21,472112,0,53023.5,0,14,40,96,-85380.4,415,0,5148,0,1535820,38108,280,0,18,40243,1790176,32,373872,0,0,JMGq9aXt5a,RO12,taul,1K8T,lK27,9GJGgoz,767sa0XN9l,TZAw,9_Y1,Y9Bl,09_Q,wMei,Kxdu,kIsH,uKAI,L84s,FMSzZ91zL2,11pMkO_,x1RZ,cJvF,FzaX,Tvpip6Z,zCkv,hHJsvbM,LM8l689qOp,uWr3,6fzt,SbOd7O8ky1wGNxp0Arj0Xs
0,1183,7,60,180,225,80,320.4,5,5605020,0,5.645588,9,132,0,354224,0,156357.6,25,8,40,8,133837.2,620,72,53190,8,1318820,1398724,660,0,9,604800,10585960,26,1877988,0,0,Qu0r4RKzJV,2Knk1KF,taul,1K8T,mtqM,xziuXRS,5q1hF23,grUa,9_Y1,DtNL,09_Q,IYzP,me75fM6ugJ,kIsH,uKAI,L84s,NhsEn4L,beK4AFX,5FqO,UYBR,FzaX,uUY0Q3K,oslk,HMhOTZB,M_8D,FSa2,RAYp,55YFVY9
0,875,7,316,168,210,104,286.96,0,0,0,0.8387097,9,56,0,1246120,0,41018.7,5,12,88,56,62736,555,0,14346,0,1873870,506838,1020,0,18,754824,3258312,30,176400,0,0,vAsvyx7ejg,RO12,taul,1K8T,lK27,cMjcTxR,wmPZ6Ym,JBLx,9_Y1,qaiO,09_Q,Tkho,me75fM6ugJ,kIsH,uKAI,L84s,NhsEn4L,kq0n8Bj,Sn5Z,cJvF,FzaX,fabfGrO,oslk,TT_zF_Q,LM8l689qOp,szEZ,RAYp,F2FyR07IdsN7I
0,1078,7,380,220,275,152,196,5,4401270,0,6.201453,9,150,0,67304,9,69460.8,15,6,48,40,-328893.6,650,72,4185,48,1549335,164648,145,0,9,307097,6030520,26,803772,0,14,S8dr4RQxul,rEUOq2QD1qfkRr6qpua,taul,1K8T,TyGl,fhk21Ss,75HH_hi,3vOP,9_Y1,z5Ry,VpdQ,hAFG,7M47J5GA0pTYIFxg5uy,kIsH,uKAI,L84s,leSl,teA09W3,lVRV,UYBR,FzaX,4UxGlow,QKW8DRm,catzS2D,LM8l689qOp,FSa2,ZI9m,ib5G6X1eUxUn6
0,364,0,0,28,35,0,349.2,10,2059908,0,2.068362,9,26,0,0,0,278853.9,10,0,8,0,73239.6,275,12,0,16,9072000,0,0,0,18,0,11284080,6,0,0,0,hSogUHXZeb,RO12,taul,1K8T,xgSF,b8EJ4lp,JQFeOYK,qyCs,9_Y1,LqKm,VpdQ,zm5i,me75fM6ugJ,kIsH,uKAI,L84s,NhsEn4L,jawtVhC,4_kv,UYBR,FzaX,Hofvwg4,oslk,mKmKSaP,LM8l689qOp,453m,RAYp,F2FyR07IdsN7I
0,665,28,10572,172,215,96,20.08,0,2506968,0,1.511002,36,136,763,220800,9,210897,20,8,32,24,50776.8,510,54,23652,24,2907395,1780916,8135,0,54,1209600,10175240,22,2073600,0,0,crIgUHSK8h,2Knk1KF,LfvqpCtLOY,1K8T,JLbT,PHNvXy8,CRwkRNVRGo,v92S,9_Y1,RVjC,VpdQ,haYg,NKv3VA1BpP,kIsH,uKAI,L84s,Ie_5MZs,CWNY2py,EdSO,UYBR,FzaX,UF16siJ,zCkv,APgdzOv,M_8D,FSa2,6fzt,Zy3gnGM
0,217,0,0,76,95,48,166.56,0,534000,0,3.266182,27,16,0,353368,0,79728.91,0,0,24,40,-1173896,410,6,0,0,1929560,87788,0,0,0,57428,2251908,14,0,0,0,1GdOj1KXzC,RO12,taul,1K8T,lK27,2dLAFES,YoRN1K3ZEF6Ph,U_8b,9_Y1,jdbz,09_Q,IYzP,DHn_WUyBhW_whjA88g9bvA64_,kIsH,uKAI,L84s,PWD40mS,kZJDcQU,NwRz,UYBR,FzaX,zxmVxx9,Al6ZaUT,867p_o3,LM8l689qOp,kwS7,02N6s8f,F2FyR07IdsN7I
0,3080,7,24,148,185,72,186.64,0,5429850,0,1.182653,9,40,0,240312,0,45034.5,30,8,40,8,-93630,605,66,7380,0,1153890,1555200,170,0,18,210273,10506640,12,1183176,0,0,v0Nt0Go8Lb,RO12,taul,1K8T,wGW5,tAqBboK,Cy0RhGn,JBev,9_Y1,Z5OU,VpdQ,zm5i,me75fM6ugJ,kIsH,uKAI,L84s,NhsEn4L,7WwwAA_,rHoh,cJvF,AU8_WTd,B0LABPr,oslk,UP3EVaf,jySVZNlOJy,Qu4f,RAYp,F2FyR07IdsN7I
0,4739,7,60,676,845,184,253.52,0,5128560,0,5.85345,9,38,0,3800504,0,47425.2,25,18,232,264,151295.6,2465,210,2430,0,3949355,478642,185,0,9,286111,10563040,128,605418,0,0,EsYrjIX0Db,RO12,taul,1K8T,sKnY,n0tQn2A,LH0kFz12FM,sZLd,9_Y1,xQ2A,09_Q,zm5i,me75fM6ugJ,kIsH,uKAI,L84s,NhsEn4L,mAjbk_S,9Xct,cJvF,FzaX,Qui18fN,oslk,ep2j7qz,LM8l689qOp,5Acm,RAYp,F2FyR07IdsN7I
0,420,0,0,128,160,0,286.96,0,7304460,0,0.498825,9,24,0,2394704,0,193493.4,20,0,32,32,105354.4,570,90,0,0,3718620,0,0,0,18,280966,10424280,18,0,0,0,Yddq9ayE15,RO12,taul,1K8T,GYbZ,7CnExHa,e1XhvTunuD,NIp3,9_Y1,AKLO,VpdQ,IYzP,me75fM6ugJ,kIsH,uKAI,L84s,NhsEn4L,kZJyVg2,SDCS,UYBR,FzaX,82JRa8C,oslk,bIKqbV5,LM8l689qOp,TNEC,RAYp,F2FyR07IdsN7I
0,784,7,1592,120,150,24,253.52,0,7691760,0,1.5627,9,64,364,1382400,0,208146.6,30,0,32,16,-23493.28,480,90,1773,0,1527765,123426,710,0,0,0,9361680,8,0,0,0,zKnr4RXktW,RO12,taul,1K8T,lK27,dpLnqNs,p528EHj,mzeQ,9_Y1,Cgc3,VpdQ,IYzP,me75fM6ugJ,kIsH,uKAI,L84s,NhsEn4L,y5FS0BA,qRrl,cJvF,FzaX,9F7m0jM,oslk,jrbDSFl,jySVZNlOJy,Xa3G,RAYp,F2FyR07IdsN7I
0,630,0,0,168,210,40,263.6,0,8708760,0,1.089724,18,24,0,186864,0,140390.1,35,4,40,40,100791.2,600,120,0,0,214160,696902,0,0,9,646940,10574800,6,1036800,0,0,MtpBcmzkzH,RO12,taul,1K8T,tXti,esxkA1P,MypvvoIQqc,XSr2,9_Y1,4nnx,09_Q,IYzP,me75fM6ugJ,kIsH,uKAI,L84s,NhsEn4L,NGZxnJM,8wbX,cJvF,FzaX,EPImS85,oslk,MI8s5nE,LM8l689qOp,Qcbd,RAYp,F2FyR07IdsN7I
0,1330,7,680,152,190,8,133.12,0,0,0,1.952788,9,94,308,2856472,0,41277.3,0,6,48,96,112990.4,560,0,20736,0,4848395,602,425,0,9,68859,5377720,44,104322,0,0,8Iqt0G8rTN,RO12,taul,1K8T,NF63,xniu5tB,itSGh3t,399y,9_Y1,k13i,VpdQ,hAFG,me75fM6ugJ,kIsH,uKAI,L84s,XfqtO3UdzaXh_,XTbPUYD,Dfd2,cJvF,FzaX,ie2oOXS,oslk,xwyAw04,jySVZNlOJy,fKCe,RAYp,F2FyR07IdsN7I
0,1715,14,152,260,325,72,166.56,0,5478,0,4.064089,18,54,84,1616320,0,15003.69,0,10,40,128,519616,815,12,49536,0,2971600,100410,2240,0,0,523390,3495720,66,158712,0,0,FAJWq69cTy,RO12,taul,1K8T,0Xwj,9GJGgoz,4hMlgkf58mhwh,1G9T,HLqf,Px52,VpdQ,IYzP,Kxdu,sBgB,uKAI,L84s,FMSzZ91zL2,TDcEYQ6,yrE1,UYBR,FzaX,Tvpip6Z,zCkv,hHJsvbM,LM8l689qOp,PM2D,6fzt,SbOd7O8ky1wGNxp0Arj0Xs
0,1435,7,2624,252,315,72,166.56,0,767076,0,1.924803,9,122,175,1638856,0,72396.91,5,10,48,72,-56367.6,1000,18,10638,0,3559905,625716,545,0,9,1280916,6151600,72,1057086,0,0,lAFr4RQZiT,2Knk1KF,taul,1K8T,0Xwj,tAqnaaX,Tg7jjBB,MMa_,HLqf,z5Ry,VpdQ,haYg,me75fM6ugJ,sBgB,uKAI,L84s,XfqtO3UdzaXh_,XTbPUYD,Cuc3,UYBR,FzaX,B0LYjZW,oslk,4YxEVaf,LM8l689qOp,FSa2,RAYp,55YFVY9
0,2443,14,4360,132,165,32,253.52,0,7795740,0,3.532792,18,130,49,0,0,79458.91,30,4,32,0,306684,2655,102,2745,0,703590,545588,1215,0,27,0,9616040,8,1036800,0,0,DQlrEyXXnK,2Knk1KF,taul,1K8T,AkfA,31D7uSC,3cOC7qZ,6kDg,9_Y1,H1uM,VpdQ,lVqb,me75fM6ugJ,kIsH,uKAI,L84s,XfqtO3UdzaXh_,XTbPUYD,Kbbj,cJvF,FzaX,C0T6hzI,oslk,xBsz4Af,jySVZNlOJy,Aoh3,RAYp,55YFVY9
0,1372,7,148,48,60,0,210.48,0,6586500,0,1.947447,9,194,0,118624,0,59047.5,5,2,16,8,134428.8,385,30,13023,0,7056400,0,140,0,27,0,10417240,8,482436,0,0,oyGrjIXt5a,g62hiBSaKg,taul,1K8T,0Xwj,fhk21Ss,hCdK,2Ueo,HLqf,WIr3,VpdQ,y6dw,7M47J5GA0pTYIFxg5uy,sBgB,uKAI,Mtgm,QsQAxv5,KqjecMy,YD6S,UYBR,FzaX,4UxGlow,QKW8DRm,catzS2D,LM8l689qOp,5Acm,ZI9m,ib5G6X1eUxUn6
0,1267,7,884,260,325,152,233.44,0,1475646,0,4.32023,18,52,28,234816,0,31705.2,20,16,144,128,34977.84,1015,24,2943,0,934795,109256,185,0,0,70714,2125428,28,82368,0,0,Qu0qrQKzJV,RO12,taul,1K8T,AnrR,ofiZR7x,p528EHj,Rnrq,9_Y1,15m3,VpdQ,IYzP,me75fM6ugJ,kIsH,uKAI,L84s,NhsEn4L,kq0n8Bj,Gbhz,UYBR,FzaX,JO03372,oslk,XlgxB9z,LM8l689qOp,FSa2,RAYp,F2FyR07IdsN7I
0,861,7,224,36,45,0,286.96,0,0,0,4.527024,9,76,7,12360,0,18710.94,0,4,32,16,68475.2,220,0,69057,0,106710,0,940,0,9,48132,115524,10,35964,0,0,MlYvyx875g,RO12,taul,1K8T,TyGl,ojHCYcI,Iibp4Nm3uQ,JM2c,9_Y1,MBhA,09_Q,IYzP,me75fM6ugJ,kIsH,uKAI,L84s,NhsEn4L,TDceha3,5smi,UYBR,FzaX,KtBOw16,oslk,NKvz4Af,LM8l689qOp,WqMG,RAYp,F2FyR07IdsN7I
0,763,7,4084,28,35,8,233.44,0,10775040,0,6.012391,27,154,511,11192,0,218735.7,0,0,0,24,-12538.16,305,18,6300,0,0,1209600,575,0,36,0,9608160,0,0,0,0,LDPq9ayfAo,onTuEhrJJQy_H3IHkZku5AFczhYGqxJ890,taul,1K8T,kNzO,fqeOwLG,LH0kFz12FM,QPuB,9_Y1,000J,09_Q,kxE9,7M47J5GA0pTYIFxg5uy,kIsH,uKAI,Mtgm,cOJGGr4F_wga1,s3oPF9R,M4xl,cJvF,FzaX,fxJmel6,zCkv,WfsWw2A,LM8l689qOp,7P5s,ZI9m,iyHGyLCEkQ
0,490,7,176,124,155,24,226.8,10,737436,0,2.60329,9,140,0,0,0,33512.7,25,2,40,0,-622560,380,12,378,16,2034380,37628,635,0,36,0,5699440,40,357954,0,0,py5gUH7ejg,2Knk1KF,taul,1K8T,USOt,cGQ0k8W,ARvzJXx,iO_y,9_Y1,bJXB,VpdQ,6JmL,me75fM6ugJ,kIsH,uKAI,L84s,XfqtO3UdzaXh_,XTbPUYD,yiE0Ssq,cJvF,AU8pNoi,7HOOZ4E,oslk,964qjwa,LM8l689qOp,w_Ub,RAYp,55YFVY9
0,3206,7,2992,364,455,208,166.56,0,130830,0,2.680837,36,118,476,712968,12,11800.38,20,18,80,56,-931236,1550,30,67833,40,1530870,378316,1525,0,18,142758,2707964,80,338046,0,7,JMGrjIXt5a,2Knk1KF,taul,1K8T,ZHNR,J7Kx0bI,2Pfa30CvY0,VJVm,9_Y1,YBFS,09_Q,hAFG,me75fM6ugJ,kIsH,uKAI,Mtgm,XfqtO3UdzaXh_,XTbPUYD,JmUc,cJvF,FzaX,VsU68SY,oslk,F2mOEra,LM8l689qOp,5Acm,RAYp,55YFVY9
0,644,0,4,128,160,8,220.08,0,3210096,0,6.261269,9,34,0,4147200,0,215443.5,10,0,32,48,84540.4,475,42,1476,0,6743250,29774,0,0,9,0,10359040,32,0,0,0,GcUBcmz45j,RO12,taul,1K8T,z8at,P_IO4FC,nQUq7hGe64,eEh1,9_Y1,WGOH,09_Q,zm5i,me75fM6ugJ,kIsH,uKAI,L84s,NhsEn4L,kZJtVhC,8t3L,UYBR,FzaX,WFgfrxM,oslk,HpgObSS,LM8l689qOp,Qcbd,RAYp,F2FyR07IdsN7I
0,749,7,668,156,195,152,173.2,0,0,0,1.315958,9,64,35,387536,0,15871.8,5,4,40,32,-300150,845,0,33390,0,183565,282206,2730,0,0,245497,950404,26,55890,0,0,2jirEyXktW,RO12,taul,1K8T,fhwd,6CXYbuk,Vzaj8__LW4,iBMC,9_Y1,SkZj,VpdQ,IYzP,Kxdu,kIsH,uKAI,L84s,9pUnzWLbztKTo,TDc92TK,KB4o,cJvF,FzaX,ROeipLp,zCkv,K2SqEo9,LM8l689qOp,Aoh3,6fzt,am14IcfM7tWLrUmRT52KtA
0,784,14,1072,120,150,8,220.08,0,0,0,3.406751,27,64,0,5529600,0,227672.4,0,0,32,64,59969.6,485,0,4482,0,8896900,158408,1210,0,0,1814400,10199120,42,0,0,0,Yddq9ayE15,RO12,taul,1K8T,2Ix5,kqYygzQ,ZkibjLN5VwJ2V,FSkj,9_Y1,F_Lu,VpdQ,IYzP,me75fM6ugJ,kIsH,uKAI,L84s,NhsEn4L,mAja5EA,R7YU,cJvF,wwPEXoilkr,nQmTKvt,oslk,A1pRVB_,LM8l689qOp,TNEC,RAYp,F2FyR07IdsN7I
0,1260,14,604,132,165,8,166.56,0,431220,0,1.733818,18,82,14,5529600,0,144317.4,5,0,32,64,86378.8,460,6,47205,0,9254350,40268,3380,0,9,1209600,10619160,44,0,0,0,J9Vr4RQZiT,RO12,taul,1K8T,487l,X94uP03,itSGh3t,1Lju,9_Y1,z5Ry,VpdQ,sYC_,me75fM6ugJ,kIsH,uKAI,Mtgm,NhsEn4L,beK4AFX,Olim,UYBR,FzaX,YXh0FxM,oslk,s5vObSS,LM8l689qOp,FSa2,RAYp,F2FyR07IdsN7I
0,1687,7,2856,452,565,56,338.56,0,9715860,0,1.513138,9,104,616,1769496,0,81384.91,25,8,40,32,85266.8,2395,126,57465,0,619030,342960,2825,0,18,13496,10313440,144,63450,0,0,doHWq69cTy,ND3t9Yro9U,taul,1K8T,pdks,fi0tdX8,FrVBLDn,KYk5,9_Y1,Px52,VpdQ,sYC_,me75fM6ugJ,kIsH,uKAI,L84s,NhsEn4L,beK4AFX,7Hac,UYBR,FzaX,VDdNioI,oslk,ua1YaaM,LM8l689qOp,PM2D,RAYp,iyHGyLCEkQ
0,819,14,3836,136,170,56,286.96,0,7381740,0,4.2978,18,44,105,0,0,220534.8,35,4,32,0,163287.2,600,90,25956,0,134425,1209600,4670,0,18,0,10558280,6,1036800,0,0,8I1r4RXXnK,RO12,taul,1K8T,0Xwj,dC0d3iM,_03xtaMIkk68B,IKeG,HLqf,TFSW,VpdQ,zm5i,me75fM6ugJ,sBgB,uKAI,L84s,NhsEn4L,mAjbk_S,Qx5k,cJvF,FzaX,Ox88mx2,oslk,7KtqWEN,M_8D,Xa3G,RAYp,F2FyR07IdsN7I
0,2478,7,3764,524,655,264,200.96,0,286134,0,0.903653,9,158,133,1027008,0,19754.07,25,20,112,168,319439.2,2055,78,56322,0,1053980,293348,2600,0,18,44023,2438240,98,270534,0,0,ZSNrjIX0Db,RO12,taul,1K8T,lK27,fhk21Ss,CdPgMY1Z52,ACx1,9_Y1,EKFb,VpdQ,haYg,7M47J5GA0pTYIFxg5uy,kIsH,uKAI,L84s,XfqtO3UdzaXh_,XTbqizz,FR18,cJvF,FzaX,4UxGlow,oslk,catzS2D,LM8l689qOp,5Acm,ZI9m,iyHGyLCEkQ
0,2373,14,476,444,555,136,286.96,0,8611800,0,2.617817,18,172,231,3654768,0,69385.8,60,10,72,104,487216,1710,150,7272,0,1834860,212138,320,0,27,377342,10524600,78,219060,0,0,LDPq9ayfAo,2Knk1KF,taul,1K8T,z32l,47W4ewH,k10MzgT,OEXX,9_Y1,000J,VpdQ,kxE9,me75fM6ugJ,kIsH,7A3j,L84s,XfqtO3UdzaXh_,XTbPUYD,f8A5,UYBR,FzaX,Eu2Ow16,oslk,TRNQv5o,M_8D,7P5s,RAYp,TCU50_Yjmm6GIBZ0lL_
0,294,7,3000,88,110,32,59.48928,0,0,0,1.547105,18,142,406,122432,0,6895.29,0,0,0,40,-1904672,375,0,27720,0,116190,12150,170,0,0,0,178468,26,0,0,0,HYTrjIK12c,rEUOq2QD1qfkRr6qpua,taul,1K8T,TyGl,QiwK0yW,Hz6CKEGgV0Vbb,Th7L,9_Y1,7WNq,09_Q,IYzP,Kxdu,kIsH,uKAI,L84s,FMSzZ91zL2,11pnaL4,Grjv,cJvF,FzaX,Fpzip6Z,zCkv,YAqrS2Y,LM8l689qOp,WqMG,6fzt,ib5G6X1eUxUn6
0,14,0,0,120,150,32,403.2,5,2159136,0,1.406537,9,12,0,0,0,87287.41,10,0,8,0,-768780,150,30,0,24,1245665,188602,0,0,0,0,3491492,38,0,0,14,a4vvyxLkBI,RO12,taul,1K8T,ssAy,rMXwGrF,o64y9zI,lgbB,9_Y1,FbIm,VpdQ,IYzP,DHn_WUyBhW_whjA88g9bvA64_,kIsH,uKAI,L84s,CrNX,y5FU_7t,tNoO,cJvF,FzaX,IKM5OXG,d0EEeJi,eyci6dB,LM8l689qOp,xb3V,02N6s8f,F2FyR07IdsN7I
0,518,7,312,88,110,40,286.96,0,7100760,0,3.810297,9,44,21,0,0,206429.4,15,0,8,0,-577180,310,84,1836,0,0,623510,55,0,9,0,7017680,0,0,0,0,FAJgUH7ejg,RO12,taul,1K8T,JLbT,liIupBg,ThrnFOQ,7pIw,9_Y1,m_h1,09_Q,wMei,me75fM6ugJ,kIsH,uKAI,L84s,NhsEn4L,kq0n8Bj,jCmU,UYBR,FzaX,gOrOjel,oslk,n82Rkup,M_8D,WqMG,RAYp,F2FyR07IdsN7I
0,1694,7,1932,496,620,336,188.32,0,16536,0,4.712028,9,166,147,244184,0,3282.81,40,38,160,192,-1616336,1440,24,75960,0,92265,86712,1010,0,9,78638,478360,54,124116,0,0,NESt0G8EIb,2Knk1KF,taul,1K8T,0Xwj,6cUCreM,I1sFbv_0IT,Aq4i,HLqf,k13i,09_Q,IYzP,me75fM6ugJ,sBgB,uKAI,L84s,XfqtO3UdzaXh_,XTbPUYD,c1BP,cJvF,FzaX,aD1oI0_,oslk,b5YMuea,LM8l689qOp,fKCe,RAYp,TCU50_Yjmm6GIBZ0lL_
0,903,7,3924,116,145,0,268.16,0,11404920,0,0.368511,9,30,49,0,0,123790.2,30,0,24,0,-83247.6,525,132,14085,0,164825,0,22920,0,18,0,9808760,2,0,0,0,etYt0G8EIb,RO12,taul,1K8T,wOc1,EQsMhNR,QsrL14o,2kDj,9_Y1,e7QV,VpdQ,IYzP,me75fM6ugJ,kIsH,uKAI,Mtgm,NhsEn4L,kZJtVhC,54Ak,UYBR,FzaX,KVX8iqZ,oslk,3A8Rt2K,LM8l689qOp,fKCe,RAYp,F2FyR07IdsN7I
0,1904,7,5404,508,635,472,200,0,0,0,0.219184,18,90,210,1938392,0,16815,0,22,184,192,59262.8,1365,0,306,0,566370,418518,110,0,9,539959,2380000,66,181008,0,0,npOt0G8EIb,RO12,taul,1K8T,NF63,tsKMUDL,wD13J6M,3zem,9_Y1,k13i,VpdQ,sYC_,me75fM6ugJ,kIsH,uKAI,L84s,NhsEn4L,beK4AFX,maPP,cJvF,FzaX,lbr8hdx,oslk,eiyRusu,jySVZNlOJy,fKCe,RAYp,F2FyR07IdsN7I
0,1736,0,0,252,315,136,233.44,0,1100208,0,4.798334,9,22,0,1457120,0,13697.34,20,28,128,48,328660.4,835,66,0,0,2293625,570426,0,0,9,347501,5827280,22,626742,0,0,1JGqrQKzJV,RO12,taul,1K8T,AnrR,WI71bVq,YDmzMgS,LAuf,9_Y1,15m3,VpdQ,zm5i,me75fM6ugJ,kIsH,uKAI,L84s,NhsEn4L,kZJtVhC,oEOH,cJvF,FzaX,1Cqv4zN,oslk,lA4Rkup,LM8l689qOp,FSa2,RAYp,F2FyR07IdsN7I
0,322,7,128,24,30,8,280.48,0,6092400,0,4.638539,9,138,28,0,0,178106.1,0,0,0,0,-455528,350,12,1080,0,1955540,743332,35,0,18,0,7112680,6,0,0,0,1YVgUHXZeb,2Knk1KF,taul,1K8T,0Xwj,TwRo8uU,KyxX4chnKM,d5l8,HLqf,STGZ,09_Q,wMei,me75fM6ugJ,sBgB,uKAI,L84s,h0lfDKh52u4GP,IoI4mKe,kifG,cJvF,FzaX,Oa96V3V,oslk,zFwT3Cb,LM8l689qOp,453m,RAYp,55YFVY9
0,1092,7,4924,36,45,8,220.08,0,1150278,0,2.954924,18,132,602,96984,0,113233.5,5,0,16,8,-697820,990,18,29070,0,422490,16358,3805,0,18,84861,1354388,6,0,0,0,75lq9ayfAo,2Knk1KF,taul,1K8T,0Xwj,NxdYjTW,KhDb8PW,yM8c,HLqf,pQsY,VpdQ,sYC_,me75fM6ugJ,sBgB,uKAI,L84s,NhsEn4L,beK4AFX,atan,UYBR,FzaX,cS20nTz,oslk,gsLqI2t,LM8l689qOp,TNEC,RAYp,55YFVY9
0,672,0,0,280,350,16,393.12,0,6443460,9,1.152745,9,16,0,773968,3,72185.7,135,10,272,152,349595.6,850,42,0,32,4109545,100836,0,6,0,63343,9628760,20,248760,0,7,75lTmBtFkL,RO12,taul,1K8T,lK27,R4CMv2s,hil3,hmZ4,9_Y1,C6Eu,09_Q,IYzP,me75fM6ugJ,kIsH,uKAI,Mtgm,NhsEn4L,NGZxnJM,tiWj,cJvF,FzaX,OOC8jNM,oslk,piPR6zD,LM8l689qOp,rgKb,RAYp,F2FyR07IdsN7I
0,434,7,120,16,20,32,166.56,0,0,0,5.589404,9,130,84,0,0,298945.8,0,0,0,0,-228800.4,185,0,23346,0,0,4838400,5,0,27,0,9676800,0,0,0,0,YddrjIQ5Ph,2Knk1KF,taul,1K8T,JLbT,obW0PWj,msIFlLyI91,kWfE,9_Y1,RVjC,VpdQ,haYg,me75fM6ugJ,kIsH,uKAI,L84s,XfqtO3UdzaXh_,XTbPUYD,4a9J,UYBR,FzaX,sE08krz,oslk,Ws9dPAm,jySVZNlOJy,FSa2,RAYp,55YFVY9
0,1554,7,612,252,315,104,342.4,0,4408218,0,0.2736595,9,44,378,1549568,0,123036,10,8,64,72,82513.2,970,66,86742,0,2268395,1755118,8185,0,9,586061,10693760,48,1900872,0,0,KXMgUH7IEC,RO12,taul,1K8T,USOt,3cuvZgk,hOpRIhsUSP,7pIw,9_Y1,m_h1,09_Q,zm5i,me75fM6ugJ,kIsH,uKAI,L84s,NhsEn4L,mAjbk_S,jCmU,UYBR,FzaX,9WBo2f2,oslk,OXJML05,M_8D,WqMG,RAYp,F2FyR07IdsN7I
0,749,7,312,132,165,32,187.28,0,5775234,0,1.503952,9,194,147,2464952,0,230705.1,25,2,32,32,147975.6,550,72,89919,8,3010345,539850,4210,0,18,604800,10299240,14,900,0,7,51rt0G8rTN,2Knk1KF,taul,1K8T,TyGl,fhk21Ss,_jTP8ioIlJ,8A2d,9_Y1,k13i,VpdQ,y6dw,7M47J5GA0pTYIFxg5uy,kIsH,uKAI,L84s,_5OXC8MSLt,11pMFCG,M0Ix,UYBR,FzaX,4UxGlow,oslk,catzS2D,LM8l689qOp,fKCe,ZI9m,iyHGyLCEkQ
0,1750,7,288,156,195,72,616.4,0,2643012,0,6.740226,27,32,28,3456000,15,130271.1,10,4,32,40,-46361.2,585,66,18108,40,4057175,1198616,13110,0,27,604800,10515400,20,1036800,0,0,NESWq69R_D,RO12,taul,1K8T,AHgj,AjvDMYO,GViIlDv,VNjO,9_Y1,RVjC,09_Q,IYzP,me75fM6ugJ,kIsH,uKAI,Mtgm,NhsEn4L,kZJyVg2,p8c0,UYBR,FzaX,KhWT_66,oslk,0MplRwa,jySVZNlOJy,FSa2,RAYp,F2FyR07IdsN7I
0,546,0,0,156,195,40,166.56,0,6466200,0,6.919034,9,24,0,1301624,0,163646.1,25,6,56,56,200294.4,550,84,0,0,1937430,545250,0,0,0,129451,9253640,10,1037010,0,0,AUUt0GoOh3,e6CkoqApVR,taul,1K8T,G6s_,XR1WccX,d6zx_0v,IFV5,9_Y1,MGOA,VpdQ,IYzP,Kxdu,kIsH,uKAI,L84s,FMSzZ91zL2,kq0IHVu,d2JS,cJvF,FzaX,rA2KIAf,zCkv,8E_AczI,LM8l689qOp,Qu4f,6fzt,F2FcTt7IdMT_v
0,357,7,32,136,170,8,254.32,0,7309860,0,6.046571,9,56,7,1383120,0,169328.4,40,0,48,24,54930,515,90,828,0,2738455,25226,85,0,9,0,10474680,14,0,0,0,S8dr4RQxul,RO12,taul,1K8T,Y2P0,fVhJr0F,Yi4Pkbj,9FB6,9_Y1,z5Ry,sJzTlal,43pnToF,me75fM6ugJ,kIsH,uKAI,L84s,NhsEn4L,mAja5EA,0GE8,UYBR,FzaX,yMCvEWW,oslk,cwU7qqc,LM8l689qOp,FSa2,RAYp,F2FyR07IdsN7I
0,217,0,0,104,130,56,253.52,0,7025880,0,6.883785,9,18,0,0,0,247055.4,5,2,8,0,433068,465,42,0,0,1305765,2755320,0,0,9,0,12595840,20,613962,0,0,8I1q9ayE15,RO12,taul,1K8T,GYbZ,gMwdbhC,z2Sp986pTn,7rga,9_Y1,NFMt,VpdQ,zm5i,me75fM6ugJ,kIsH,uKAI,L84s,NhsEn4L,mAja5EA,ySTC,cJvF,FzaX,13jOjel,oslk,uCiTE6Y,LM8l689qOp,TNEC,RAYp,F2FyR07IdsN7I
0,119,7,84,44,55,32,166.56,5,0,0,4.669729,9,74,63,18648,0,6268.53,0,8,24,8,7112.28,85,0,1278,8,22805,14932,305,0,0,45661,97784,4,60528,0,0,hSovyx7IEC,RO12,taul,1K8T,kNzO,gNIaOJ7,k10MzgT,tpP6,9_Y1,RcM7,VpdQ,IYzP,me75fM6ugJ,kIsH,uKAI,L84s,NhsEn4L,TDcECyH,7eR1,cJvF,FzaX,ZLOfc8E,oslk,T63AwsZ,LM8l689qOp,szEZ,RAYp,F2FyR07IdsN7I
0,3031,7,668,160,200,40,253.52,0,2982606,0,6.670797,27,78,49,5346256,0,23351.79,10,0,32,64,118337.6,620,54,20610,0,6359100,187304,160,0,9,0,10211600,32,0,0,0,CEat0G8rTN,RO12,taul,1K8T,wOc1,xniu5tB,MypvvoIQqc,QIBm,9_Y1,e7QV,09_Q,IYzP,me75fM6ugJ,kIsH,uKAI,L84s,NhsEn4L,mAja5EA,zu8C,UYBR,FzaX,ie2oOXS,oslk,xwyAw04,LM8l689qOp,fKCe,RAYp,F2FyR07IdsN7I
0,1239,7,264,296,370,96,166.56,0,0,0,6.901731,9,32,231,749592,0,7718.85,0,6,40,120,26519.56,975,0,10134,0,819925,175258,735,0,9,81088,1393028,88,17664,0,0,BQavyxLp3Z,RO12,taul,1K8T,lK27,H9TCaks,IG_G867,Pym2,9_Y1,vzJD,VpdQ,43pnToF,me75fM6ugJ,kIsH,uKAI,L84s,NhsEn4L,mAjcfkM,rmA7,cJvF,OFWH,rSN88FJ,oslk,hW4EVJ2,LM8l689qOp,xb3V,RAYp,F2FyR07IdsN7I
0,994,7,572,60,75,16,186.64,0,2557824,0,0.3400983,9,42,0,0,0,174228,5,4,8,0,-672776,360,30,13770,0,1795965,99844,325,0,0,0,4378480,10,1036800,0,0,g5dmfo875g,RO12,taul,1K8T,ssAy,gRinF0C,KcR1XI2VFT,qYjC,9_Y1,7pVf,sJzTlal,IYzP,me75fM6ugJ,kIsH,uKAI,L84s,NhsEn4L,mAja5EA,67kV,cJvF,FzaX,SCnYWu3,oslk,WC7Esaq,LM8l689qOp,wX53,RAYp,F2FyR07IdsN7I
0,105,0,0,128,160,32,220.08,0,9839400,0,4.149327,9,16,0,150752,0,206872.8,35,2,32,8,125641.6,285,114,0,0,0,590172,0,0,0,0,10580120,0,518400,0,0,BQavyxLp3Z,RO12,taul,1K8T,R4_H,H9TCaks,ohKlg1a,_K_l,9_Y1,FbIm,09_Q,IYzP,me75fM6ugJ,kIsH,uKAI,L84s,NhsEn4L,kZJtVhC,0Dyb,cJvF,FzaX,rSN88FJ,oslk,hW4EVJ2,LM8l689qOp,xb3V,RAYp,F2FyR07IdsN7I
0,518,7,1084,24,30,8,273.6,0,3374394,0,1.794916,27,172,105,3299072,0,174596.7,10,0,24,8,-87171.6,260,12,13050,0,0,48406,1865,0,27,0,8834360,0,0,0,0,EsYq9aX0Db,rEUOq2QD1qfkRr6qpua,taul,1K8T,TyGl,fhk21Ss,_jTP8ioIlJ,5n5e,9_Y1,Y9Bl,VpdQ,haYg,7M47J5GA0pTYIFxg5uy,kIsH,uKAI,Mtgm,QsQAxv5,11pVHc_,ae6W,UYBR,FzaX,4UxGlow,QKW8DRm,catzS2D,LM8l689qOp,uWr3,ZI9m,ib5G6X1eUxUn6
0,826,14,36,180,225,24,356.08,0,3087690,0,6.31724,36,32,35,1382400,0,163975.2,40,2,40,16,229210,570,48,1539,0,4980290,300474,410,0,9,0,10191880,46,475614,0,0,CEaBcmz45j,RO12,taul,1K8T,lK27,L7too1l,wazNWEjf9i,7TIT,9_Y1,WGOH,09_Q,43pnToF,DHn_WUyBhW_whjA88g9bvA64_,kIsH,uKAI,L84s,CrNX,mAjbq_f,2YR4,cJvF,FzaX,YhdunZH,d0EEeJi,GvCqYia,LM8l689qOp,Qcbd,02N6s8f,F2FyR07IdsN7I
0,812,0,80,132,165,0,200,0,5120610,0,0.7474898,9,58,0,3456000,0,224779.5,20,0,32,40,203133.2,510,72,29835,0,5033550,0,0,0,9,0,10551000,24,0,0,0,NESWq69R_D,AERks4l,taul,1K8T,TyGl,PHNvXy8,wLOHP_YhcL,6JkR,9_Y1,z5Ry,sJzTlal,43pnToF,NKv3VA1BpP,kIsH,uKAI,L84s,Ie_5MZs,y5FCqb4,xW7K,UYBR,FzaX,UF16siJ,zCkv,APgdzOv,jySVZNlOJy,FSa2,6fzt,xwM2aC7IdeMC0
0,868,7,3936,360,450,184,200,0,4114542,0,4.869473,18,162,42,5415264,0,81340.5,35,0,56,104,136083.2,1325,132,33219,0,5421650,259940,440,0,9,0,10710200,50,0,0,0,qXh9tYsdof,2Knk1KF,taul,1K8T,yMvB,lKN4RJE,y2LuFUfSEo,UHZk,9_Y1,YULl,VpdQ,hAFG,me75fM6ugJ,sBgB,uKAI,L84s,XfqtO3UdzaXh_,_JdH8mF,UFMb,cJvF,AU8_WTd,wxPYjZW,oslk,dXi2qo0,jySVZNlOJy,FSa2,RAYp,TCU50_Yjmm6GIBZ0lL_
0,588,0,0,160,200,40,255.68,0,7296120,0,4.229438,9,28,0,214568,0,199956.3,30,4,40,16,-67052.4,540,96,0,0,1271515,188394,0,0,18,108101,8814360,18,1036800,0,0,1nlTmBtueT,RO12,taul,1K8T,AnrR,m_GZR7x,sLarhXg,CdaW,9_Y1,C6Eu,VpdQ,IYzP,me75fM6ugJ,kIsH,uKAI,L84s,NhsEn4L,NGZxnJM,XSL1,cJvF,FzaX,bDM3372,oslk,PeYxB9z,LM8l689qOp,rgKb,RAYp,F2FyR07IdsN7I
0,1239,14,112,172,215,32,342.32,0,5409276,0,3.304209,18,118,21,3872544,0,129610.2,15,10,32,56,84180,550,66,41400,0,5287350,123054,900,0,9,0,10820080,26,47760,0,0,tr0rEyXktW,RO12,taul,1K8T,0Xwj,iJzviRg,YQcPlrpk3ptPA,gif5,HLqf,SkZj,VpdQ,haYg,7M47J5GA0pTYIFxg5uy,sBgB,7A3j,L84s,WsRVNrF85oPU_,jawVtyr,aINY,UYBR,qxDb,ch2oGfM,zCkv,P6pu4Vl,M_8D,Aoh3,ZI9m,R4y5gQQWY8OodqDV
0,952,28,23600,144,180,0,220.08,0,7257600,0,0.3255714,45,160,602,1566368,0,216430.5,35,0,32,48,178501.2,600,84,35775,0,3888000,0,5995,0,45,0,10695000,18,0,0,0,lAFr4RQZiT,MJdP52puUMWhmExsNdlkGDbNTFln2Eg,LfvqpCtLOY,1K8T,z32l,fhk21Ss,C_uQoStwYE,MMa_,9_Y1,z5Ry,09_Q,hAFG,7M47J5GA0pTYIFxg5uy,kIsH,uKAI,L84s,XfqtO3UdzaXh_,IoIzs5E,Cuc3,UYBR,qxDb,4UxGlow,oslk,catzS2D,jySVZNlOJy,FSa2,ZI9m,iyHGyLCEkQ
0,1260,7,2028,296,370,168,120.88,0,0,0,0.0831019,9,86,14,115320,0,2405.877,0,24,72,120,354.4284,1040,0,7110,0,81205,51152,720,0,0,73171,263224,52,57444,0,0,4e7gUH7IEC,AERks4l,taul,1K8T,vSNn,iYI85Wp,7ONkRNQCK7,Tkse,9_Y1,1Bp0,VpdQ,sYC_,NKv3VA1BpP,kIsH,uKAI,L84s,1YxyYTLbzthWO,uZL1jET,SssI,UYBR,FzaX,R8kKx11,zCkv,X9a41Yn,LM8l689qOp,WqMG,6fzt,xwM2aC7IdeMC0
0,2905,7,20,108,135,56,200,0,0,0,0.3332621,9,92,35,386848,0,20138.13,0,12,72,64,1534.572,505,0,5571,0,98890,17742,45,0,0,120596,327460,12,29160,0,0,FAJWq69cTy,RO12,taul,1K8T,0Xwj,DP55V1L,hCdK,YU0y,HLqf,0A_v,VpdQ,IYzP,me75fM6ugJ,sBgB,uKAI,L84s,NhsEn4L,beK4AFX,bOcw,UYBR,FzaX,wZZ87dl,oslk,9iFzrB7,LM8l689qOp,PM2D,RAYp,F2FyR07IdsN7I
0,1736,14,228,284,355,56,220.08,0,5383824,0,6.742362,27,34,0,2045720,0,113154,30,18,120,56,176884.4,880,156,2457,0,3218410,356676,2295,0,9,511595,10346320,32,952944,0,0,wRXmfo875g,RO12,taul,1K8T,42Cy,VWnXzAw,bGUqwlz,g6oD,9_Y1,6Kw9,VpdQ,zm5i,me75fM6ugJ,kIsH,uKAI,L84s,NhsEn4L,kZJtVhC,kaly,cJvF,FzaX,2WbYjZW,oslk,p2sz20V,LM8l689qOp,3Cy4,RAYp,F2FyR07IdsN7I
0,728,14,1128,128,160,136,220.08,0,175962,0,3.430464,81,122,63,1382400,0,155460,0,12,32,16,82679.2,445,12,1503,0,1919455,2937600,1580,0,27,0,10292880,10,3110400,0,0,dTGmfo8zhV,2Knk1KF,taul,1K8T,LloI,rXH3DKh,wazsxZn3WS,3taI,9_Y1,wGwL,sJzTlal,G_zk,me75fM6ugJ,kIsH,uKAI,Mtgm,XfqtO3UdzaXh_,XTbPUYD,VA4Q,UYBR,FzaX,30W6s0w,oslk,PRnEVaf,LM8l689qOp,wX53,RAYp,55YFVY9
0,245,0,200,60,75,104,166.56,0,0,0,3.376629,9,84,0,12160,3,16801.5,0,0,8,8,-36676,235,0,0,16,5100,37176,0,0,9,0,84512,2,0,0,7,YddTmBtueT,RO12,taul,1K8T,487l,fhk21Ss,k10jHig,ZUB4,9_Y1,47ra,VpdQ,haYg,7M47J5GA0pTYIFxg5uy,kIsH,uKAI,L84s,XfqtO3UdzaXh_,XTbPUYD,V7s6,UYBR,FzaX,4UxGlow,oslk,catzS2D,LM8l689qOp,rgKb,ZI9m,F2FyR07IdsN7I
0,560,7,0,136,170,8,253.52,0,7232460,0,4.073275,27,34,14,2707232,0,109824.6,20,6,32,32,171431.6,620,84,234,0,2865610,172800,300,0,18,0,10738240,16,970266,0,0,KXMgUH7IEC,RO12,taul,1K8T,0Xwj,ml5AEa8,IoHY5y1IUI,_fTG,HLqf,m_h1,09_Q,hAFG,me75fM6ugJ,sBgB,uKAI,L84s,XfqtO3UdzaXh_,11p4mKe,crAP,UYBR,FzaX,XMrOtFs,oslk,3W_AIRG,LM8l689qOp,WqMG,RAYp,F2FyR07IdsN7I
0,1050,7,64,180,225,56,395.6,5,6307800,0,5.107456,9,98,0,890728,0,186379.2,25,20,112,40,390071.6,595,66,162,8,1713205,449842,90,0,18,588784,8973200,14,1722402,0,0,Tfit0G8EIb,RO12,taul,1K8T,NF63,LTInfva,L9kinJYNO4n0z,x4RI,9_Y1,k13i,VpdQ,sYC_,me75fM6ugJ,kIsH,uKAI,Mtgm,NhsEn4L,beK4AFX,EqlC,UYBR,FzaX,_lw8jNM,oslk,n7PqCcD,LM8l689qOp,fKCe,RAYp,F2FyR07IdsN7I
0,861,7,248,148,185,88,186.64,0,0,0,3.659688,9,136,70,915240,0,9522.9,5,8,48,56,23571.44,665,0,6219,0,220800,60698,670,0,27,23373,786472,28,45420,0,0,npOBcmzkzH,AERks4l,taul,1K8T,YPhp,fhk21Ss,jgyr5WV,mqKB,9_Y1,yrDU,VpdQ,haYg,7M47J5GA0pTYIFxg5uy,kIsH,uKAI,L84s,WsRVNrF85oPU_,7Ww7hB8,Ls02,UYBR,FzaX,4UxGlow,zCkv,catzS2D,LM8l689qOp,Qcbd,ZI9m,ib5G6X1eUxUn6
0,812,7,132,128,160,0,153.2,0,1148232,0,3.017945,9,48,14,5529600,0,215667,0,0,32,64,60119.2,515,18,116442,0,8665600,0,435,0,9,0,10462760,42,0,0,0,dRagUHXM47,RO12,ev6I,1K8T,Cnh8,FJDupBg,Q50VJin,UiB6,9_Y1,STGZ,09_Q,wMei,7M47J5GA0pTYIFxg5uy,kIsH,uKAI,L84s,E1aAZ0x7vd,CWNBi3w,mDr9,cJvF,FzaX,OYHoGfM,QKW8DRm,RlTh9x_,M_8D,453m,vJ_w8kB,WfJYmPMksSqa1pajvfG
0,1288,7,3200,256,320,120,200,0,255942,0,6.953001,9,114,329,2340368,0,58539.6,20,12,72,80,189684.4,1235,30,3474,0,4490075,25542,1885,0,0,858396,5020600,48,51960,0,0,NESWq69R_D,ND3t9Yro9U,taul,1K8T,IGdn,hHJdCrr,zA2IZno2NK,nyZz,9_Y1,RVjC,VpdQ,IYzP,me75fM6ugJ,kIsH,uKAI,L84s,NhsEn4L,beK4AFX,bru6,UYBR,FzaX,h724_jR,oslk,zUldlhv,LM8l689qOp,FSa2,RAYp,iyHGyLCEkQ
0,1176,7,236,144,180,128,166.56,0,0,0,5.142918,9,46,0,837272,0,91238.41,15,4,56,96,-886992,525,0,29052,0,43795,33252,145,0,9,5915,527120,6,8328,0,0,NESt0G8EIb,AERks4l,taul,1K8T,PbOJ,CNWKKVi,_jTP8ioIlJ,jVc9,9_Y1,k13i,VpdQ,IYzP,GjJ35utlTa_GNSvxxpb9ju,kIsH,uKAI,L84s,JBfYVit4g8,mAjw7zy,myDa,UYBR,FzaX,tZktxWD,Al6ZaUT,DLP3vW6,LM8l689qOp,fKCe,02N6s8f,xwM2aC7IdeMC0
0,1365,7,1880,240,300,176,200,0,571842,0,0.6846828,18,134,49,1061928,0,40585.2,0,16,48,64,412212,1115,18,6750,0,623545,660810,355,0,18,395780,3725736,38,1489632,0,0,Yddq9ayE15,2Knk1KF,taul,1K8T,c9jp,dBHv2aF,Tg7jjBB,UaI7,9_Y1,NFMt,VpdQ,6JmL,me75fM6ugJ,kIsH,uKAI,L84s,XfqtO3UdzaXh_,XTbPUYD,Srdy,UYBR,FzaX,f56OtFs,oslk,SDe2_Lp,LM8l689qOp,TNEC,RAYp,55YFVY9
0,2037,7,4504,196,245,48,166.56,0,6738,0,5.609912,18,90,350,312688,0,5765.79,0,12,80,128,3845,815,12,5058,0,136325,8094,255,0,0,108710,295132,38,13572,0,0,puvq9aX0Db,RO12,taul,1K8T,487l,jJ_J26Z,UnPEkD6Pex,Y47A,9_Y1,Y9Bl,09_Q,sYC_,me75fM6ugJ,kIsH,uKAI,L84s,NhsEn4L,kq0aHkC,BCds,UYBR,FzaX,EMvv4zN,oslk,RDY7kpB,LM8l689qOp,uWr3,RAYp,F2FyR07IdsN7I
0,819,0,24,120,150,0,299.68,0,0,0,0.403119,18,70,0,5529600,0,227216.4,0,0,32,64,346037.6,500,0,104445,0,9504000,0,0,0,0,2419200,10368000,44,0,0,0,9hRmfo875g,RO12,taul,1K8T,TyGl,jwhASpP,GHfL3MpXAX,j8Iu,9_Y1,wGwL,VpdQ,giwq,DHn_WUyBhW_whjA88g9bvA64_,kIsH,uKAI,L84s,CrNX,NGZ_12K,7B3g,cJvF,FzaX,Rf8C4S4,d0EEeJi,ncJixNm,jySVZNlOJy,wX53,nIGXDli,F2FyR07IdsN7I
0,3619,7,188,160,200,80,186.64,0,1555200,0,1.013245,27,38,28,2180872,0,24863.55,15,6,64,40,-145609.2,610,18,1512,0,2858190,660574,3720,0,9,0,6654560,32,317670,0,0,8I1TmBtueT,RO12,taul,1K8T,487l,kqYygzQ,76jk_MXMyd,yrkx,9_Y1,C6Eu,VpdQ,IYzP,me75fM6ugJ,kIsH,uKAI,L84s,NhsEn4L,mAja5EA,w9PO,cJvF,FzaX,nQmTKvt,oslk,A1pRVB_,LM8l689qOp,rgKb,RAYp,F2FyR07IdsN7I
0,1841,7,32,340,425,176,166.56,0,163854,0,4.856014,9,36,0,2140352,0,36276.6,10,10,120,144,96977.6,1105,114,15273,0,427565,566952,35,0,0,688625,2746476,38,134124,0,0,vAsgUHXM47,RO12,taul,1K8T,lK27,9GJGgoz,yEFIHeU,cFwG,9_Y1,7JiV,VpdQ,IYzP,Kxdu,kIsH,uKAI,L84s,FMSzZ91zL2,TDc1wjU,eT7z,cJvF,FzaX,Tvpip6Z,zCkv,hHJsvbM,LM8l689qOp,453m,6fzt,SbOd7O8ky1wGNxp0Arj0Xs
0,798,7,180,140,175,0,220.08,0,1005876,0,6.171545,18,122,0,5529600,0,227010,0,0,32,64,110008.8,525,18,648,0,8871200,0,1310,0,18,2419200,10532360,48,0,0,0,bt0mfo875g,2Knk1KF,taul,1K8T,LloI,YOenfk1,Tg7jjBB,8FB6,9_Y1,gnEy,VpdQ,sYC_,me75fM6ugJ,kIsH,uKAI,L84s,NhsEn4L,teAyFc5,FM6S,UYBR,FzaX,nRiKcb0,oslk,v5M9PJP,jySVZNlOJy,3Cy4,RAYp,55YFVY9
0,2569,14,628,76,95,40,290.56,0,7202940,0,0.2238838,27,152,42,0,0,44104.8,5,4,16,0,263495.2,655,30,31788,0,2129705,1334874,320,0,36,0,11151920,12,981690,0,0,tr0Wq69cTy,2Knk1KF,LfvqpCtLOY,1K8T,8qEx,t6T3ZVS,e1XhvTunuD,nYWr,9_Y1,0A_v,VpdQ,wMei,me75fM6ugJ,kIsH,uKAI,L84s,h0lfDKh52u4GP,IoI4mKe,JVKY,UYBR,FzaX,_v2jB1v,oslk,96ZoG9v,jySVZNlOJy,PM2D,RAYp,TCU50_Yjmm6GIBZ0lL_
0,805,7,172,124,155,0,253.52,0,0,0,1.290323,9,40,0,6151168,0,226317.6,0,0,32,72,104036.8,500,0,78705,0,9504000,0,625,0,9,0,10678800,44,0,0,0,1YVgUHXZeb,RO12,taul,1K8T,0Xwj,6oGvcTJ,P9HTde2,TNyI,HLqf,fTh6,VpdQ,zm5i,me75fM6ugJ,sBgB,uKAI,L84s,NhsEn4L,NGZxnJM,gj1k,UYBR,FzaX,MiSOw16,oslk,alU2fT4,LM8l689qOp,453m,RAYp,F2FyR07IdsN7I
0,2548,28,7748,144,180,40,244.88,0,5463708,0,1.822901,45,202,63,678400,0,39026.4,25,4,32,24,210279.2,670,66,8343,0,3785785,633856,200,0,45,554421,10495720,20,950436,0,0,EsYrjIX0Db,ByQdnLRlFnny2k4AJzG,CiJDdr4TQ0rGERIS,z3mO,0Xwj,fhk21Ss,dg9I7Wq75U,T8UP,F3hy,xQ2A,09_Q,y6dw,7M47J5GA0pTYIFxg5uy,kIsH,uKAI,L84s,_5OXC8MSLt,LxWMvcL,SuUQ,cJvF,FzaX,4UxGlow,oslk,catzS2D,jySVZNlOJy,5Acm,ZI9m,NoEd
0,1897,21,8708,312,390,144,133.12,5,13512,0,0.8008972,27,226,560,1463040,0,22342.38,5,8,96,144,39800.16,1205,6,22086,8,2375320,302192,2270,0,45,304479,3434388,72,283116,0,0,oBXrjIQq3d,TW8dXluYzKpktZjuY8kSPBaZa,taul,1K8T,0Xwj,fhk21Ss,jFpTaNPWrsUHw,VNjO,HLqf,RVjC,09_Q,y6dw,7M47J5GA0pTYIFxg5uy,sBgB,uKAI,L84s,_5OXC8MSLt,kZJMFCG,p8c0,UYBR,FzaX,4UxGlow,oslk,catzS2D,LM8l689qOp,FSa2,ZI9m,NoEd
0,1204,0,0,260,325,240,210,0,2466,0,3.491775,18,26,0,242208,0,10577.31,0,18,96,120,-10505.28,1260,6,0,0,96560,224608,0,0,0,49126,772668,20,185184,0,0,LDPq9ayfAo,RO12,taul,1K8T,0Xwj,awTXkK6,tru3GNC3u14shA_jA7L,4dCp,HLqf,000J,sJzTlal,IYzP,me75fM6ugJ,sBgB,uKAI,L84s,NhsEn4L,uZL60aU,4vgH,cJvF,FzaX,stplI5k,oslk,YE7WDFK,LM8l689qOp,7P5s,RAYp,F2FyR07IdsN7I
0,8463,14,8516,208,260,48,389.28,0,1773066,0,3.683614,18,218,588,3862472,3,32490.6,20,8,40,48,129849.6,1365,66,48060,16,7894450,52776,4010,0,63,0,10726960,42,188160,0,7,yaKt0Go8Lb,vuPfq6YcbX,taul,1K8T,G6s_,fhk21Ss,CsjH_hi,XrCF,9_Y1,C7DI,VpdQ,y6dw,7M47J5GA0pTYIFxg5uy,kIsH,uKAI,L84s,_5OXC8MSLt,LxWMK5e,gEef,cJvF,FzaX,4UxGlow,oslk,catzS2D,LM8l689qOp,Qu4f,ZI9m,NoEd
0,966,7,264,148,185,32,221.2,0,1987278,0,0.3452254,9,108,35,2764800,0,188491.5,25,4,32,32,121683.6,580,24,1512,0,6201350,511754,795,0,18,1814400,10545040,36,1036800,0,0,py5rEyXktW,2Knk1KF,taul,1K8T,LLPZ,PHNvXy8,msIqHk8toE,iB5e,9_Y1,SkZj,VpdQ,6JmL,NKv3VA1BpP,kIsH,uKAI,L84s,Ie_5MZs,teAjUwW,qwfy,UYBR,FzaX,UF16siJ,zCkv,APgdzOv,LM8l689qOp,Aoh3,6fzt,Zy3gnGM
0,1078,7,200,192,240,16,166.56,0,7362,0,6.897885,9,110,42,640152,3,45587.4,0,10,48,88,-1079632,725,6,14346,16,1585855,10604,2190,0,9,223881,1682644,58,101652,0,7,GcUBcmz45j,2Knk1KF,taul,1K8T,487l,aWx9MxI,C_uQoStwYE,uwwf,9_Y1,yrDU,09_Q,Tkho,6C53VA1kCv,kIsH,uKAI,L84s,fSKKIQdIPDXgw,kq0XE4Q,ykzL,UYBR,FzaX,EFki84d,zCkv,T5HWwhx,LM8l689qOp,Qcbd,6fzt,Zy3gnGM
0,2954,7,356,404,505,184,99.68,5,25620,0,5.089938,9,48,154,1055152,3,9923.939,5,16,128,200,187744,1835,24,75456,32,845045,213514,6090,0,0,180908,1821060,80,243366,0,14,BQa9tYsdof,RO12,taul,1K8T,TyGl,lKN4RJE,r83_sZi,P4dE,9_Y1,YULl,VpdQ,IYzP,me75fM6ugJ,kIsH,uKAI,L84s,NhsEn4L,mAja5EA,A5Ab,cJvF,FzaX,wxPYjZW,oslk,dXi2qo0,LM8l689qOp,FSa2,RAYp,F2FyR07IdsN7I
0,1932,14,3632,132,165,48,331.28,0,4278486,0,2.534074,27,82,203,3168080,0,44757.3,20,0,40,40,75189.6,610,54,6948,0,3564090,867206,1315,0,27,554414,10289280,18,0,0,0,cFHt0GoOh3,eSGpMwS8zSGgq_trOpckZ5,taul,1K8T,0Xwj,6t65xck,hOpF13sUSP,ktc9,HLqf,t_4G,VpdQ,CoYW,GjJ35utlTa_GNSvxxpb9ju,sBgB,uKAI,L84s,UbxQ8lZ,beKAhVm,110Q,cJvF,FzaX,Zc0Fczp,Al6ZaUT,eS63yNE,jySVZNlOJy,Qu4f,02N6s8f,R4y5gQQWY8OodqDV
0,833,14,440,140,175,48,255.52,0,3946122,0,0.5641957,36,120,28,3801696,0,135106.8,10,4,32,48,190508.8,470,54,3078,0,3960095,845758,2010,0,18,554414,10658400,20,950412,0,0,DQlrEyXXnK,2Knk1KF,taul,1K8T,z32l,PHNvXy8,hOpRIhsUSP,VVvI,9_Y1,SkZj,VpdQ,kxE9,NKv3VA1BpP,kIsH,uKAI,L84s,Ie_5MZs,beKdri0,vQvM,cJvF,FzaX,UF16siJ,zCkv,APgdzOv,LM8l689qOp,Aoh3,6fzt,Zy3gnGM
0,602,7,896,132,165,48,186.64,0,7105260,0,5.909421,9,108,840,1382400,0,71568,25,4,32,16,178910.4,695,90,44541,0,740425,698058,3435,0,27,0,9835680,6,1036800,0,0,qFpmfo8zhV,2Knk1KF,taul,1K8T,ssAy,0PqCYcI,PAsv0xf,dImU,9_Y1,gnEy,09_Q,hAFG,me75fM6ugJ,kIsH,uKAI,L84s,XfqtO3UdzaXh_,XTbPUYD,aEgK,cJvF,AU8_WTd,fab45vq,oslk,ncJuCmI,jySVZNlOJy,3Cy4,RAYp,55YFVY9
0,805,7,2292,144,180,104,220.08,0,58140,0,0.2804956,9,48,21,2073600,0,216787.5,10,10,48,24,155511.2,470,12,53091,0,4167345,2246400,525,0,0,604800,10709480,22,2592000,0,0,oyGrjIXt5a,RO12,taul,1K8T,hoa9,mR_k2Zj,glRBFJT8NN,6MIe,9_Y1,EKFb,VpdQ,IYzP,me75fM6ugJ,kIsH,uKAI,L84s,NhsEn4L,mAjbk_S,RGeW,UYBR,FzaX,XVim94s,oslk,rvbsTKW,LM8l689qOp,5Acm,RAYp,F2FyR07IdsN7I
0,224,7,76,76,95,16,254.32,0,0,0,2.611835,9,172,7,24288,0,37401,5,2,32,24,-656276,270,0,1170,0,6895600,159416,1550,0,18,0,6384680,24,475224,0,0,DQlrEyXXnK,qqimvRzsp8ZZdKRPgzLg68joSn_k,taul,1K8T,lK27,T7cp9gW,NFlfMbKIm3,ARGx,9_Y1,SkZj,09_Q,haYg,me75fM6ugJ,kIsH,uKAI,L84s,XfqtO3UdzaXh_,_JdcICD,9lF9,UYBR,FzaX,9Hi6hzI,oslk,93cqqb8,LM8l689qOp,Aoh3,RAYp,iyHGyLCEkQ
0,1162,14,4400,272,340,272,200,0,1302,0,5.397138,18,98,210,1161776,3,38803.5,0,14,72,120,-156012.4,795,12,165267,16,212450,528050,3395,0,36,542773,2143432,20,503424,2,0,zcROj17IEC,RO12,taul,1K8T,487l,bbm5wbm,Gai9lEF2Fr,EpS5,9_Y1,eQTr,09_Q,kxE9,me75fM6ugJ,kIsH,uKAI,L84s,XfqtO3UdzaXh_,XTbPUYD,wqs2,cJvF,FzaX,1hf8iqZ,oslk,fV_z4Af,LM8l689qOp,7aLG,RAYp,F2FyR07IdsN7I
0,742,7,1852,128,160,0,253.52,0,1628520,0,5.759666,9,62,77,5818800,0,202103.7,5,0,32,72,102540.4,435,24,13950,0,7776000,0,435,0,36,0,10561480,36,0,0,0,_v2TmBftjz,RO12,taul,1K8T,LFM_,Wtcc5gJ,FoJylxy,lJO3,9_Y1,4N0K,VpdQ,kxE9,me75fM6ugJ,kIsH,uKAI,Mtgm,XfqtO3UdzaXh_,11p4mKe,nKzj,UYBR,qxDb,_McRoKG,oslk,pWu6FsY,jySVZNlOJy,Qu4f,RAYp,F2FyR07IdsN7I
0,630,21,600,120,150,128,166.56,0,3064650,0,5.051271,45,130,133,0,0,234325.8,10,12,32,0,36081.28,485,36,46458,0,0,2764800,635,0,18,0,10337520,0,3110400,0,0,1PnOj1KVEH,2Knk1KF,taul,1K8T,0Y9G,PHNvXy8,VKmQoSsVfi,BXRf,9_Y1,jdbz,09_Q,haYg,NKv3VA1BpP,kIsH,uKAI,L84s,Ie_5MZs,OFqdri0,4_ve,UYBR,wwPEXoilkr,UF16siJ,zCkv,APgdzOv,LM8l689qOp,kwS7,6fzt,Zy3gnGM
0,756,14,2548,132,165,8,286.56,0,5437380,0,4.926084,18,80,651,1382400,0,210379.5,25,4,32,16,679392,520,66,6165,0,4493130,172800,6980,0,9,0,10675440,24,1036800,0,0,DQlrEyXXnK,RO12,taul,1K8T,lK27,abRsKl9,LH0kFz12FM,ttpL,9_Y1,SkZj,sJzTlal,43pnToF,me75fM6ugJ,kIsH,uKAI,Mtgm,NhsEn4L,mAjbk_S,BHj8,UYBR,FzaX,mXL6hzI,oslk,BT6Rt2K,jySVZNlOJy,Aoh3,RAYp,F2FyR07IdsN7I
0,2275,14,264,488,610,376,166.56,0,0,0,3.815638,18,170,35,442592,0,5299.56,0,36,184,208,17532.72,1550,0,1476,0,569205,135306,60,0,9,13510,1021024,62,110628,0,0,2jiWq69cTy,rEUOq2QD1qfkRr6qpua,taul,1K8T,ssAy,fhk21Ss,etM739XNbCmUu,DMov,9_Y1,Px52,VpdQ,y6dw,7M47J5GA0pTYIFxg5uy,kIsH,uKAI,L84s,4kVnq_T26xq1p,pMWWg7r,musP,UYBR,FzaX,4UxGlow,zCkv,catzS2D,LM8l689qOp,PM2D,ZI9m,ib5G6X1eUxUn6
0,1113,21,4220,100,125,40,166.56,0,0,0,4.862637,27,108,112,50128,0,56937.9,0,12,48,40,76366,415,0,40239,0,188390,2336,3265,0,0,152299,309840,18,194088,0,0,1JGr4RKzJV,2Knk1KF,taul,1K8T,PGNs,1sBYWIJ,_jTP8ioIlJ,gpsI,9_Y1,DtNL,VpdQ,sYC_,6C53VA1kCv,kIsH,uKAI,L84s,fSKKIQdIPDXgw,NGZ3RYJ,O5Ed,UYBR,FzaX,CxcKx11,zCkv,mf7uNGO,LM8l689qOp,FSa2,6fzt,Zy3gnGM
0,1211,21,332,188,235,56,253.52,0,3801744,0,5.757744,27,82,7,633624,0,132032.7,30,10,40,8,186041.6,930,48,49005,0,2227600,1108842,345,0,18,0,10336720,40,2376738,0,0,bt0mfo875g,RO12,taul,1K8T,lK27,AKG5V1L,VKmQoSsVfi,ojir,9_Y1,iZJp,09_Q,CoYW,me75fM6ugJ,kIsH,uKAI,L84s,XfqtO3UdzaXh_,11p4mKe,Y4Qm,UYBR,OFWH,R4h87dl,oslk,kPEzrB7,jySVZNlOJy,3Cy4,RAYp,F2FyR07IdsN7I
0,490,7,192,48,60,40,166.56,0,2250,0,5.276437,9,138,7,4800,0,17987.52,0,6,16,8,10803.72,290,12,5463,0,51630,25878,45,0,9,0,341232,2,366408,0,0,2AAWq69R_D,AERks4l,taul,1K8T,ssAy,ofilsVK,NFlfMbKIm3,YU0y,9_Y1,0A_v,09_Q,kxE9,DHn_WUyBhW_whjA88g9bvA64_,kIsH,uKAI,L84s,CrNX,AuSBTw7,bOcw,UYBR,OFWH,MVOkXlz,d0EEeJi,ujYcJdh,LM8l689qOp,PM2D,nIGXDli,ib5G6X1eUxUn6
0,364,0,0,124,155,0,166.56,0,14100,0,2.190771,18,24,0,5529600,0,224934.3,0,0,32,64,140582.8,480,6,0,0,9504000,0,0,0,0,0,10377400,44,0,0,0,GcUBcmz45j,AERks4l,taul,1K8T,487l,4UK7GMk,FoJylxy,z_XI,9_Y1,4nnx,VpdQ,IYzP,GjJ35utlTa_GNSvxxpb9ju,kIsH,uKAI,L84s,JBfYVit4g8,TDc_9Yi,boSV,cJvF,FzaX,md_tpkh,Al6ZaUT,OMy378S,LM8l689qOp,Qcbd,02N6s8f,xwM2aC7IdeMC0
0,2940,7,608,156,195,40,253.52,0,8576220,0,5.210211,9,80,0,600448,0,53518.2,35,2,40,24,256291.6,1340,114,6651,0,737835,694002,30,0,9,0,10647160,8,468114,0,0,1KSqrQK2Mx,RO12,taul,1K8T,EJC9,M0ICMvZ,P9Hmi5Q,ZmAh,9_Y1,15m3,VpdQ,43pnToF,me75fM6ugJ,kIsH,uKAI,Mtgm,NhsEn4L,mAjbk_S,t92C,cJvF,FzaX,rDm3DH0,oslk,Chlj72z,LM8l689qOp,FSa2,RAYp,F2FyR07IdsN7I
0,280,0,0,144,180,48,220.08,10,9104280,0,3.820337,9,18,0,484704,0,147744.9,30,2,40,24,1370412,690,114,0,16,81585,898778,0,0,0,181832,10210560,2,25578,0,0,dRaTmBfHUn,AERks4l,taul,1K8T,0Xwj,bbJMPAv,ELqaUgs,W133,HLqf,4N0K,09_Q,IYzP,me75fM6ugJ,sBgB,uKAI,Mtgm,NhsEn4L,kZJtVhC,uC1K,cJvF,FzaX,J9KmS85,oslk,kqrML05,LM8l689qOp,Qu4f,RAYp,F2FcTt7IdMT_v
0,1974,7,744,52,65,16,186.64,0,4579272,0,2.632771,9,56,7,2558512,0,29529.39,10,2,24,8,-60243.2,635,18,63846,0,3626955,703052,3465,0,18,0,9590240,8,475236,0,0,LDPq9ayfAo,RO12,taul,1K8T,PJLW,vQ_EFli,NBVUlxazOhDyL,vits,9_Y1,7WNq,09_Q,IYzP,me75fM6ugJ,kIsH,uKAI,L84s,NhsEn4L,mAjbk_S,jwok,cJvF,FzaX,i9JDnJ7,oslk,NRszGlY,LM8l689qOp,WqMG,RAYp,F2FyR07IdsN7I
0,1337,0,172,140,175,48,312.48,0,6074220,0,2.72805,27,70,0,2034240,0,88952.41,20,4,32,24,168821.6,665,78,2403,0,2080845,944246,0,0,27,1209600,10460600,14,1036800,0,0,M5vt0Gdc_a,RO12,taul,1K8T,jzYi,VmNCzkM,RwgHLWM,zMap,9_Y1,cyKH,VpdQ,6JmL,me75fM6ugJ,kIsH,g5HH,L84s,XfqtO3UdzaXh_,mAjKef6,WPHx,cJvF,FzaX,lHHoOXS,oslk,3L2Mnus,LM8l689qOp,me1d,RAYp,F2FyR07IdsN7I
0,301,0,0,140,175,96,220.08,0,1853238,0,2.31489,9,20,0,2772512,0,193945.2,10,8,32,48,402144,525,24,0,0,2855380,2073600,0,0,9,604800,10491280,14,2073600,0,0,4e7gUH7IEC,RO12,taul,1K8T,USOt,ho_bxgw,hOpRIhsUSP,61M5,9_Y1,DmlN,09_Q,zm5i,me75fM6ugJ,kIsH,uKAI,L84s,NhsEn4L,kZJtVhC,9vxrzk6,cJvF,qxDb,AvcOVQC,oslk,r757j0h,jySVZNlOJy,w_Ub,RAYp,F2FyR07IdsN7I
0,693,7,332,56,70,0,53.52,0,6126000,0,6.338389,9,32,21,0,6,216887.4,20,0,24,0,90592,520,48,33813,24,1107830,0,3385,0,9,0,10022720,4,0,0,7,_v2TmBftjz,RO12,taul,1K8T,LFM_,Nn3wY8e,EXpWEXgaYWQf4,lj2z,9_Y1,4N0K,VpdQ,zm5i,me75fM6ugJ,kIsH,uKAI,L84s,NhsEn4L,mAjbk_S,yO9z,cJvF,FzaX,75wv48t,oslk,xKQ2fT4,LM8l689qOp,Qu4f,RAYp,F2FyR07IdsN7I
0,2520,7,900,464,580,240,166.56,0,59586,0,0.9483016,9,46,0,303720,0,8707.41,30,6,112,128,29953.56,1745,30,17478,0,1063595,312068,9675,0,0,124936,1814052,112,89274,0,0,8I1r4RXXnK,RO12,taul,1K8T,AkfA,LnrbPon,GHfL3MpXAX,zylC,9_Y1,Cgc3,VpdQ,IYzP,me75fM6ugJ,kIsH,uKAI,L84s,NhsEn4L,mAja5EA,rt_w,cJvF,FzaX,BRDOw16,oslk,1kj7DIf,LM8l689qOp,Xa3G,RAYp,F2FyR07IdsN7I
0,2695,7,64,296,370,120,200,0,2557362,0,0.9995727,9,58,14,5783848,0,68305.5,5,2,32,72,75276,915,96,40338,0,6860200,183704,795,0,9,0,10631920,64,41298,0,0,DQlrEyXXnK,RO12,taul,1K8T,LLPZ,XltyQYV,8nstQ62E0C,Wpx3,9_Y1,SkZj,VpdQ,43pnToF,me75fM6ugJ,kIsH,uKAI,L84s,NhsEn4L,TDceha3,K6CO,cJvF,FzaX,XaZT5R2,oslk,GUD8qm9,LM8l689qOp,Aoh3,RAYp,F2FyR07IdsN7I
0,4641,14,3284,428,535,232,650.24,5,4600908,9,6.146764,45,128,196,1709688,0,12574.32,30,22,160,176,-141237.2,1700,66,64440,24,1251300,415502,1235,0,9,774746,7217320,56,569670,0,7,l7Fq9ayE15,g62hiBSaKg,taul,1K8T,_8YK,fhk21Ss,glRBFJT8NN,gGmb,9_Y1,kJJ7,VpdQ,hAFG,7M47J5GA0pTYIFxg5uy,kIsH,uKAI,Mtgm,9fipLB8rlL,kZJjzeN,zg0q,cJvF,FzaX,4UxGlow,zCkv,catzS2D,LM8l689qOp,7P5s,ZI9m,ib5G6X1eUxUn6
0,1239,7,0,324,405,88,269.2,0,5060682,0,5.481308,9,52,0,537744,0,151014,40,4,48,152,13582.28,985,84,4383,0,1801945,1166910,30,0,9,14273,9745160,54,1036800,0,0,hSovyx7IEC,RO12,CuXi4je,1K8T,X9_k,T2ennDZ,nJy8d8N5V7yiy,TKHt,9_Y1,qaiO,VpdQ,43pnToF,me75fM6ugJ,kIsH,uKAI,L84s,NhsEn4L,mAjbk_S,UNNO,UYBR,AU8pNoi,8EdfrxM,oslk,VNj2_Lp,M_8D,szEZ,RAYp,F2FyR07IdsN7I
0,721,0,24,180,225,104,166.56,0,60936,0,2.112369,9,46,0,356616,0,15850.56,0,6,56,80,-23702.16,765,60,144,0,82355,81040,0,0,0,132902,534128,18,130848,0,0,crIgUHSK8h,RO12,taul,1K8T,PShj,qMlD1gf,Vxu_jOIy4u,Mx5G,9_Y1,RVjC,sJzTlal,IYzP,me75fM6ugJ,kIsH,uKAI,L84s,NhsEn4L,TDcECyH,9haV,UYBR,FzaX,U8IVcJ1,oslk,8xSqDjb,LM8l689qOp,FSa2,RAYp,F2FyR07IdsN7I
0,196,0,0,24,30,0,235.04,0,0,0,1.811365,9,20,0,12569440,0,301875,5,0,24,24,-232804.8,305,0,0,0,2600950,0,0,0,18,0,9890840,4,0,0,0,4e7gUH7IEC,RO12,taul,1K8T,TyGl,fmOyUEl,yLQsa0Xacm,S9Xm,9_Y1,m_h1,VpdQ,zm5i,me75fM6ugJ,kIsH,uKAI,Mtgm,NhsEn4L,7Wwz9n7,uIMq,UYBR,FzaX,OTgR27Z,oslk,GeDuF_T,LM8l689qOp,WqMG,RAYp,F2FyR07IdsN7I
0,658,7,1660,152,190,24,220.08,0,5370942,0,0.001709037,9,140,0,2764800,0,197645.1,25,2,32,32,115342.8,535,84,72693,0,4306575,161410,1795,0,9,0,10526880,22,101676,0,0,6VLvyx7IEC,2Knk1KF,taul,1K8T,lK27,H7Fp6vu,V4EIHR4LiC,Hfqy,9_Y1,xSqs,09_Q,wMei,me75fM6ugJ,sBgB,uKAI,L84s,h0lfDKh52u4GP,IoI4mKe,iEMk,cJvF,FzaX,MVOjtxg,oslk,Zwra5gA,LM8l689qOp,szEZ,RAYp,55YFVY9
0,2023,7,300,464,580,144,552,0,230706,0,2.254006,9,100,140,19904,0,18314.46,30,26,96,88,-24504,1325,120,5238,8,151330,380038,165,6,9,303429,1428504,96,443376,0,0,25_t0Gdncc,RO12,taul,1K8T,NbV4,SY4EQZQ,_jTP8ioIlJ,WeRs,9_Y1,cyKH,VpdQ,69fI,me75fM6ugJ,kIsH,g5HH,L84s,XfqtO3UdzaXh_,XTbPUYD,sYbn,cJvF,FzaX,vU6NT4W,oslk,Oh06Kfh,LM8l689qOp,me1d,RAYp,F2FyR07IdsN7I
0,1729,7,112,176,220,104,166.56,0,2316582,0,2.878872,9,32,0,1986424,0,54484.8,35,2,56,32,405984,860,60,2925,0,176300,247158,935,0,0,347515,4478520,18,382650,0,0,9hRmfo875g,RO12,taul,1K8T,QQSE,LTIJsEU,9YuuPSz3BI,oEPm,9_Y1,Z5OU,VpdQ,IYzP,me75fM6ugJ,kIsH,uKAI,L84s,NhsEn4L,uZL60aU,0HQC,cJvF,FzaX,PtLvdH_,oslk,wif79_c,LM8l689qOp,Qu4f,RAYp,F2FyR07IdsN7I
0,805,7,40,60,75,16,200,0,0,0,0.5389874,9,110,0,70272,0,7819.89,0,8,8,48,-1941804,325,0,2871,0,9710,7696,40,0,9,3367,91160,6,49296,0,0,1KSqrQK2Mx,RO12,taul,1K8T,TyGl,iJzviRg,FoJylxy,clmT,9_Y1,15m3,VpdQ,wMei,7M47J5GA0pTYIFxg5uy,kIsH,uKAI,L84s,4kVnq_T26xq1p,TDc950l,nYQH,cJvF,FzaX,ch2oGfM,zCkv,P6pu4Vl,LM8l689qOp,FSa2,ZI9m,R4y5gQQWY8OodqDV
0,42,0,0,60,75,8,139.2,0,0,0,5.621876,18,12,0,1139344,0,193486.2,5,2,32,32,-576908,75,0,0,16,3168195,170774,0,0,0,0,3869724,16,414504,0,14,Ie5gUH7IEC,RO12,taul,1K8T,72yt,zg_ekya,nQUklZyshN,WF7N,9_Y1,1Bp0,VpdQ,IYzP,me75fM6ugJ,kIsH,uKAI,L84s,NhsEn4L,mAjDcoz,kHtH,cJvF,FzaX,XsgRJnY,oslk,qsDp1PS,LM8l689qOp,WqMG,RAYp,F2FyR07IdsN7I
0,1624,0,0,236,295,136,233.44,0,90942,0,1.471053,9,134,0,572000,0,21134.7,5,6,56,88,-872832,1110,36,21906,0,328490,356022,0,0,9,250901,1513112,42,275736,0,0,TfiWq69R_D,2Knk1KF,taul,1K8T,EJC9,meVMnpH,MV4DUjA,0xFv,9_Y1,RVjC,VpdQ,lVqb,me75fM6ugJ,kIsH,uKAI,L84s,XfqtO3UdzaXh_,XTbPUYD,Kz6e,UYBR,FzaX,OwlvdH_,oslk,pDgO8fW,jySVZNlOJy,FSa2,RAYp,55YFVY9
0,4074,7,1584,656,820,520,140.48,0,238512,0,0.6058535,9,54,0,264824,0,3253.59,5,36,248,272,-1386548,2695,36,57006,0,376650,176988,460,0,0,154798,1055904,80,145932,0,0,1YVvyx7IEC,RO12,taul,1K8T,0Xwj,N45nV76,r83_sZi,k2fE,HLqf,qaiO,VpdQ,IYzP,me75fM6ugJ,sBgB,uKAI,L84s,XfqtO3UdzaXh_,beKT7LR,9L7f,cJvF,FzaX,EpcfrxM,oslk,ynwED8N,LM8l689qOp,szEZ,RAYp,F2FyR07IdsN7I
0,1085,0,0,152,190,80,311.2,0,4406178,0,2.214271,9,24,0,1900976,0,103533.6,0,10,32,24,134128.8,905,66,0,0,1990865,1684850,0,0,9,1764042,10549560,18,2548836,0,0,BQa9tYsdof,RO12,taul,1K8T,TyGl,9oSchDb,P9HTde2,Y_hV,9_Y1,YULl,VpdQ,zm5i,me75fM6ugJ,kIsH,uKAI,L84s,NhsEn4L,mAja5EA,eR0W,cJvF,OFWH,LWnzNJS,oslk,CqZQCxq,LM8l689qOp,FSa2,RAYp,F2FyR07IdsN7I
0,784,7,408,136,170,32,259.6,0,5702754,0,1.140996,18,56,7,1267288,0,224621.7,20,4,32,16,94441.2,550,72,49563,0,3328935,630304,20,0,0,554435,10260200,20,950466,0,0,52Iq9ayE15,RO12,taul,1K8T,yYar,HPUGayG,hCdK,XWNC,9_Y1,QBpP,VpdQ,IYzP,me75fM6ugJ,kIsH,uKAI,L84s,NhsEn4L,TDceha3,i9Ne,cJvF,FzaX,kTkv10k,oslk,TUP6P29,LM8l689qOp,7P5s,RAYp,F2FyR07IdsN7I
0,1414,7,0,168,210,104,186.64,0,449082,0,1.232429,9,40,0,0,0,140734.5,5,0,8,0,-78594.4,645,90,1458,0,3538845,2506960,25,0,18,0,9044880,26,0,0,0,V8lBcmz45j,RO12,taul,1K8T,JLbT,Q9R7qwL,80WgbabzEO,QhIi,9_Y1,rzbc,VpdQ,zm5i,me75fM6ugJ,kIsH,uKAI,L84s,NhsEn4L,NGZXfGp,Bm3Z,UYBR,FzaX,Zc06pd1,oslk,SiXzrB7,jySVZNlOJy,Qcbd,RAYp,F2FyR07IdsN7I
0,868,7,468,120,150,0,186.64,0,0,0,5.630634,18,112,0,5529600,0,168626.1,0,0,32,64,190082,535,0,8208,0,9504000,0,1235,0,9,0,10368000,44,0,0,0,py5gUH7ejg,2Knk1KF,taul,1K8T,vSNn,PHNvXy8,Iibp4Nm3uQ,ioG2,9_Y1,m_h1,09_Q,haYg,NKv3VA1BpP,kIsH,uKAI,L84s,Ie_5MZs,teAY_NX,gv_z,cJvF,FzaX,UF16siJ,zCkv,APgdzOv,LM8l689qOp,WqMG,6fzt,Zy3gnGM
0,1358,7,120,1236,1545,552,186.64,5,4573200,0,0.4157231,9,56,0,1398720,0,36336.9,185,50,416,328,51234,1870,420,981,8,3254400,474980,480,0,18,0,9161280,134,469764,0,0,puvq9aX0Db,RO12,taul,1K8T,TLkP,tUuJwlU,qTSH6kogwg,LGIi,9_Y1,Y9Bl,09_Q,IYzP,me75fM6ugJ,kIsH,uKAI,L84s,NhsEn4L,mAjbk_S,9gqq,cJvF,FzaX,0vKvEWW,oslk,SqzQZmh,LM8l689qOp,uWr3,RAYp,F2FyR07IdsN7I
0,805,7,40,120,150,0,186.64,0,0,0,2.7069,9,36,28,5529600,0,228516.6,0,0,32,64,101160.8,485,0,315,0,9419800,0,80,0,18,2419200,10300640,44,0,0,0,CEaBcmz45j,RO12,taul,1K8T,0Xwj,nLJsz2a,YtT9eNAFJuJgm,uwwf,HLqf,yrDU,VpdQ,IYzP,me75fM6ugJ,sBgB,uKAI,L84s,NhsEn4L,7Ww_Xqy,ykzL,UYBR,FzaX,9oU6V3V,oslk,00ARusu,LM8l689qOp,Qcbd,RAYp,F2FyR07IdsN7I
0,364,0,0,164,205,40,186.64,0,1494,0,2.585772,9,20,0,621736,0,59055,0,8,48,72,282471.2,435,6,0,0,2483375,80968,0,0,9,257054,2620628,44,240192,0,0,52Iq9ayE15,e6CkoqApVR,taul,1K8T,kNzO,AIO9x15,koda1Jh,kwNd,9_Y1,vm5R,VpdQ,zm5i,Kxdu,kIsH,uKAI,L84s,FMSzZ91zL2,kq0IHVu,gkqB,cJvF,FzaX,iokiSQE,zCkv,hYsWQhn,LM8l689qOp,7P5s,6fzt,F2FcTt7IdMT_v
0,490,0,0,264,330,88,200,0,3887238,0,3.457381,18,22,0,1291784,0,91277.09,45,8,56,72,-48581.2,1015,90,0,0,2395330,205470,0,0,0,27398,7518360,36,126066,0,0,639r4RK2Mx,RO12,taul,1K8T,TyGl,dBHKZdo,NFeIdppttuZ9yxh1,gpsI,9_Y1,DtNL,VpdQ,IYzP,me75fM6ugJ,kIsH,uKAI,L84s,NhsEn4L,kZJtVhC,O5Ed,UYBR,FzaX,f560FxM,oslk,lTw2_Lp,LM8l689qOp,FSa2,RAYp,F2FyR07IdsN7I
0,1134,14,464,420,525,120,166.56,0,181002,0,2.585559,18,74,98,253200,0,9911.61,5,36,136,88,573032,950,42,118773,0,573985,124004,130,0,18,154546,1184112,106,290100,0,0,CEaWq69cTy,JXVE,taul,1K8T,kNzO,K4R9pZF,4soGE0N5VZrWb,0xFv,9_Y1,RVjC,09_Q,43pnToF,me75fM6ugJ,kIsH,uKAI,L84s,NhsEn4L,mAjbk_S,Kz6e,UYBR,FzaX,N0iLjAM,oslk,knFjtfg,LM8l689qOp,FSa2,RAYp,F2FcTt7IdMT_v
0,896,7,3564,148,185,48,300.32,5,3027852,0,2.51207,18,154,427,1906768,0,208290.9,30,4,48,24,388794.8,565,42,3051,8,4936910,727202,10,0,27,0,10557640,26,950472,0,0,HYTrjIK12c,2Knk1KF,taul,1K8T,JLbT,65ylkJq,9YuFlLzSEv,Xz6c,9_Y1,7WNq,VpdQ,wMei,me75fM6ugJ,kIsH,uKAI,Mtgm,h0lfDKh52u4GP,IoI4mKe,CFP2,UYBR,FzaX,x_lYlW4,oslk,3B1QowC,LM8l689qOp,WqMG,RAYp,TCU50_Yjmm6GIBZ0lL_
0,2394,7,440,136,170,152,220.08,0,68982,0,2.064089,9,74,70,1001736,0,94793.41,10,12,48,16,204460.4,455,6,78552,0,1240940,3255460,4765,0,9,1209600,10244160,8,3110400,0,0,75lq9ayfAo,RO12,taul,1K8T,hAOr,M0FOkab,77iJmpaB0e,kBKw,9_Y1,F_Lu,09_Q,IYzP,me75fM6ugJ,kIsH,uKAI,L84s,NhsEn4L,mAjbk_S,2KP1,cJvF,FzaX,sTyfql_,oslk,XBfOTZB,jySVZNlOJy,TNEC,RAYp,F2FyR07IdsN7I
0,812,7,940,144,180,40,253.52,5,5084094,0,2.89169,9,36,28,4215392,0,221214.3,5,2,32,64,155338.8,540,66,441,8,3960285,792060,300,0,18,0,10822280,20,475242,0,0,DQlrEyXXnK,RO12,taul,1K8T,TyGl,WtcJHBC,hOpMh7dRpW,VVvI,9_Y1,SkZj,09_Q,zm5i,me75fM6ugJ,kIsH,uKAI,L84s,NhsEn4L,NGZXfGp,jZV6,cJvF,FzaX,380vbB7,oslk,WUmK0JH,LM8l689qOp,Aoh3,RAYp,F2FyR07IdsN7I
0,777,14,396,84,105,56,98.56,0,0,0,5.066866,18,32,7,1324168,15,42075,0,4,40,56,-31795.72,335,0,1998,48,318455,80070,105,0,0,167510,1152240,10,112878,0,7,gE8Wq6edh4,AERks4l,taul,1K8T,TyGl,YomnqNs,ZkibjLN5VdYQ7,Aaf4,9_Y1,_xpN,VpdQ,IYzP,GjJ35utlTa_GNSvxxpb9ju,kIsH,uKAI,L84s,JBfYVit4g8,TDctq2l,2SQ1,cJvF,FzaX,VsUStrN,Al6ZaUT,v33Gn0i,LM8l689qOp,FSa2,02N6s8f,xwM2aC7IdeMC0
0,1743,7,2792,160,200,112,253.52,0,3497628,9,1.445418,18,106,259,3801648,0,24746.64,10,2,40,48,109759.6,755,54,29538,8,3168035,1296324,2805,0,9,554407,10288800,16,443334,0,0,vAsgUHXM47,2Knk1KF,taul,1K8T,Cnh8,PHNvXy8,9YuuPSz3BI,vh2B,9_Y1,STGZ,VpdQ,sYC_,NKv3VA1BpP,kIsH,uKAI,L84s,Ie_5MZs,OFqvjgG,NTg6,cJvF,FzaX,UF16siJ,zCkv,APgdzOv,LM8l689qOp,453m,6fzt,Zy3gnGM
0,966,7,2856,92,115,40,241.52,10,570114,0,6.977996,9,154,189,0,12,23860.77,15,4,0,0,-205759.2,480,6,70056,64,3517575,99144,6345,0,9,0,5619520,24,232164,0,14,HrWrjIXt5a,2Knk1KF,taul,1K8T,dTod,yQOM0nx,KyxX4chnKM,lYJ2,9_Y1,Nbbb,09_Q,kxE9,me75fM6ugJ,kIsH,uKAI,L84s,XfqtO3UdzaXh_,XTbPUYD,mRHt,cJvF,FzaX,2AJmFX7,oslk,9BAMCCr,LM8l689qOp,5Acm,RAYp,TCU50_Yjmm6GIBZ0lL_
0,994,0,0,136,170,40,320.4,0,4276962,0,2.171545,18,108,0,2534504,0,110706,10,8,32,32,29444.56,420,54,0,0,3747520,792030,0,0,18,554421,10018280,20,1026024,0,0,4bwt0GoOh3,RO12,taul,1K8T,487l,iJzviRg,AnFl2Mwxzd,Mp67,9_Y1,C7DI,VpdQ,G_zk,7M47J5GA0pTYIFxg5uy,kIsH,uKAI,L84s,4kVnq_T26xq1p,TDc7Gfd,OzLd,cJvF,FzaX,ch2oGfM,zCkv,P6pu4Vl,M_8D,Qu4f,ZI9m,R4y5gQQWY8OodqDV
0,3619,7,6436,1076,1345,688,200,0,2987322,0,3.643452,9,102,329,2095376,0,43221,155,82,216,112,-227788,4100,360,2898,0,3310250,381186,1810,0,18,148071,7622280,74,393006,0,0,qXhrEy7VR2,2Knk1KF,LfvqpCtLOY,1K8T,487l,3d67Duj,CdPgMY1Z52,B41I,9_Y1,X8zP,VpdQ,sYC_,me75fM6ugJ,kIsH,uKAI,L84s,NhsEn4L,beK4AFX,khMo,cJvF,tdJW_Pm,6b1YH7D,oslk,tEkRt2K,bCPvVye,Aoh3,RAYp,55YFVY9
0,896,7,0,144,180,24,153.2,0,7259940,0,5.025422,9,44,0,2073600,0,199884.9,25,2,32,24,129124,540,90,5805,0,3718940,34348,25,0,0,0,10688880,18,67692,0,0,vAsgUHXM47,RO12,taul,1K8T,IGdn,9GJGgoz,N4xbMThNdK,1qtb,9_Y1,STGZ,VpdQ,IYzP,Kxdu,kIsH,uKAI,L84s,FMSzZ91zL2,TDcEYQ6,s9FI,UYBR,Lmli,Tvpip6Z,zCkv,hHJsvbM,M_8D,453m,6fzt,SbOd7O8ky1wGNxp0Arj0Xs
0,31017,7,300,7512,9390,2776,220.08,0,3274632,0,6.943174,9,34,0,2348872,0,3831,900,104,1120,1712,1025936,18175,2832,189,0,3334665,628150,15,0,9,394296,8930760,1226,798954,0,0,uUdt0G8EIb,RO12,taul,1K8T,2Ix5,gwY4NQF,ELRUn57,TKnx,9_Y1,k13i,VpdQ,zm5i,me75fM6ugJ,kIsH,uKAI,L84s,NhsEn4L,kZJtVhC,iKTx,UYBR,FzaX,t5EoLzk,oslk,ag5iNPX,LM8l689qOp,fKCe,RAYp,F2FyR07IdsN7I
0,12313,7,3760,528,660,216,200,0,2844078,0,5.059389,9,182,84,3649336,0,14768.16,65,14,120,96,286544.8,11290,216,34047,0,6436700,259794,900,0,18,370993,10587400,74,414618,0,0,P1WvyxLp3Z,2Knk1KF,taul,1K8T,Xa_z,fhk21Ss,MV4DUjA,skcI,9_Y1,vzJD,VpdQ,y6dw,7M47J5GA0pTYIFxg5uy,kIsH,uKAI,L84s,_5OXC8MSLt,beKj5PX,jgOV,UYBR,FzaX,4UxGlow,oslk,catzS2D,M_8D,xb3V,ZI9m,iyHGyLCEkQ
0,1134,14,2868,296,370,168,166.56,0,15864,0,6.154668,18,86,1232,591152,0,9992.46,5,12,72,104,-609480,1170,18,96201,0,413785,163234,7710,0,9,100863,1003944,60,56622,0,0,DHeq9ayfAo,RO12,taul,1K8T,lK27,creaF5r,hOpMh7dRpW,h7KG,9_Y1,QBpP,sJzTlal,sYC_,me75fM6ugJ,kIsH,uKAI,Mtgm,NhsEn4L,beK4AFX,Augw,UYBR,FzaX,PhzfR8o,oslk,JEtAgOW,LM8l689qOp,7P5s,RAYp,F2FyR07IdsN7I
0,770,0,0,276,345,104,166.56,0,2652840,0,1.707968,9,18,0,2981432,0,61620.9,45,22,88,80,233664.8,1500,30,0,0,5113300,786060,0,0,0,0,10035760,42,340962,0,0,etYt0G8EIb,RO12,taul,1K8T,2Ix5,b8EwNvo,r83_sZi,_piL,9_Y1,e7QV,VpdQ,IYzP,me75fM6ugJ,kIsH,uKAI,L84s,NhsEn4L,mAja5EA,RZa5,cJvF,FzaX,0OMR98m,oslk,BRhRmrT,LM8l689qOp,fKCe,RAYp,F2FyR07IdsN7I
0,147,0,0,40,50,24,321.84,0,10886520,0,1.497116,9,16,0,0,0,305424,5,2,0,0,540064,360,24,0,0,600,923404,0,0,0,0,13439520,2,2872986,0,0,npOBcmzkzH,RO12,taul,1K8T,OTVu,GUg88LT,LJF4fPp,7ZK0,9_Y1,WGOH,VpdQ,IYzP,me75fM6ugJ,kIsH,uKAI,L84s,NhsEn4L,NGZxnJM,qoVH,cJvF,FzaX,AuG6jyF,oslk,64B7j0h,LM8l689qOp,Qcbd,RAYp,F2FyR07IdsN7I
0,1932,21,1848,260,325,96,193.28,5,466158,0,5.090365,54,182,406,2210208,0,53745,5,10,72,192,48466.4,865,12,720,8,2802095,498294,900,0,27,615671,5011240,42,509178,0,0,xearjIX0Db,rEUOq2QD1qfkRr6qpua,taul,1K8T,EPHy,fhk21Ss,nQUBcBcErl,ZIy_,9_Y1,xQ2A,VpdQ,y6dw,7M47J5GA0pTYIFxg5uy,kIsH,uKAI,L84s,_5OXC8MSLt,LxWMvcL,XntA,cJvF,FzaX,4UxGlow,oslk,catzS2D,LM8l689qOp,5Acm,ZI9m,ib5G6X1eUxUn6
0,791,7,2088,144,180,16,226.72,0,2068362,0,5.9859,9,76,35,4147200,0,208788.3,5,2,24,48,72446,575,24,25605,0,8100250,50352,6270,0,18,0,10379840,44,1200,0,0,py5rEyXktW,RO12,taul,1K8T,fhwd,MErO9Nm,glRBFJT8NN,6Zh4,9_Y1,SkZj,VpdQ,haYg,me75fM6ugJ,kIsH,uKAI,L84s,XfqtO3UdzaXh_,11p4mKe,LN7H,cJvF,AU8pNoi,1nA68SY,oslk,mhe7j0h,LM8l689qOp,Aoh3,RAYp,F2FyR07IdsN7I
0,3465,0,0,152,190,56,286.96,0,2405712,0,2.073488,9,64,0,1549424,0,21234.21,30,2,40,40,288883.6,655,48,10620,0,1405665,443636,0,0,0,751464,6373960,22,155856,0,0,TfiBcmzkzH,RO12,taul,1K8T,uErj,sVNG5Z3,9YuYZx0Xsm,mGVU,9_Y1,yrDU,VpdQ,sYC_,me75fM6ugJ,kIsH,uKAI,L84s,NhsEn4L,kq0n8Bj,vvvE,cJvF,FzaX,KnzD5lR,oslk,mNURYX6,LM8l689qOp,Qcbd,RAYp,F2FyR07IdsN7I
0,1603,7,148,256,320,104,290.96,0,646044,0,4.361461,9,52,21,5069088,0,113364.6,25,12,64,64,-9750.44,975,48,101061,0,8461550,186392,1220,0,0,0,10677440,48,451938,0,0,HYTvyx7ejg,RO12,taul,1K8T,kNzO,SkIcgy7,k10MzgT,osyY,9_Y1,xSqs,VpdQ,IYzP,me75fM6ugJ,kIsH,uKAI,Mtgm,NhsEn4L,NGZXfGp,5VRX,cJvF,FzaX,54pYWu3,oslk,uBq7qqc,LM8l689qOp,szEZ,RAYp,F2FyR07IdsN7I
0,882,7,464,180,225,120,166.56,0,2752536,0,5.946166,18,56,0,882536,0,50676.6,30,10,40,32,303950.4,900,72,26172,0,458285,366284,1970,0,0,77,5438520,6,519618,0,0,1GdOj1KXzC,RO12,taul,1K8T,z32l,A_yBboK,yiXKNUCbD1,f4Ws,9_Y1,ID5l,VpdQ,IYzP,me75fM6ugJ,kIsH,uKAI,L84s,NhsEn4L,mAjbk_S,PiFA,cJvF,FzaX,3Jmmfvd,oslk,JD1lw9w,LM8l689qOp,kwS7,RAYp,F2FyR07IdsN7I
0,448,0,0,128,160,8,186.64,0,0,0,6.536424,9,28,0,6220800,0,195098.7,0,0,32,72,915120,540,0,0,0,9504000,26548,0,0,18,0,10766680,44,0,0,0,5_lq9aXt5a,RO12,taul,1K8T,L80O,koxwXf5,qj0C1w9Jb2VDSdpC,K9Xw,9_Y1,Y9Bl,09_Q,IYzP,me75fM6ugJ,kIsH,uKAI,L84s,NhsEn4L,mAja5EA,Q675,UYBR,FzaX,ifWA6IW,oslk,2deKSaP,LM8l689qOp,uWr3,RAYp,F2FyR07IdsN7I
0,1022,7,2048,160,200,80,255.44,0,896400,0,2.323435,9,98,336,941376,0,101086.5,0,12,24,24,-45717.2,675,24,48618,0,2177170,913230,875,0,9,934325,5360280,34,1085664,0,0,TfiWq69R_D,AERks4l,taul,1K8T,xgSF,PHNvXy8,MV4DUjA,xklU,9_Y1,RVjC,VpdQ,IYzP,NKv3VA1BpP,kIsH,uKAI,Mtgm,Ie_5MZs,IoI9Yg3,H3p7,UYBR,FzaX,UF16siJ,zCkv,APgdzOv,M_8D,FSa2,6fzt,xwM2aC7IdeMC0
0,637,14,244,100,125,72,133.12,0,1296,0,5.115573,18,92,7,186888,0,10208.94,0,10,72,64,-3161.144,360,6,41373,0,17870,127842,650,0,9,24528,411376,4,70632,0,0,m9SrEy7Rm6,RO12,taul,1K8T,Cnh8,ezgR5DT,Tg7jjBB,EXX4,9_Y1,X8zP,VpdQ,sYC_,me75fM6ugJ,kIsH,uKAI,L84s,NhsEn4L,beK4AFX,E7oK,cJvF,FzaX,O308iqZ,oslk,eyvTy9x,LM8l689qOp,Aoh3,RAYp,F2FyR07IdsN7I
0,2688,7,684,408,510,128,254.72,0,4749438,0,0.891049,9,146,7,2839728,0,56555.7,30,10,40,104,212348.4,1850,96,16272,8,4411100,288382,10,0,9,35609,10444640,92,528804,0,7,_v2TmBftjz,2Knk1KF,taul,1K8T,JLbT,dIOhurh,aXPHXVS,lj2z,9_Y1,4N0K,09_Q,6JmL,me75fM6ugJ,kIsH,uKAI,Mtgm,XfqtO3UdzaXh_,11p4mKe,FvjV,cJvF,FzaX,Oy_mS85,oslk,HatCjym,LM8l689qOp,Qu4f,RAYp,55YFVY9
0,4256,14,132,244,305,48,286.96,0,5476776,0,6.08417,27,34,14,3261392,0,41758.5,20,8,64,64,143396,690,102,6489,0,4564970,173826,885,0,9,259259,10392560,44,790026,0,0,GcUBcmz45j,AERks4l,taul,1K8T,0Xwj,5CFXD9A,zA2IZno2NK,M6St,HLqf,4nnx,VpdQ,zm5i,7M47J5GA0pTYIFxg5uy,sBgB,uKAI,Mtgm,NhsEn4L,kZJtVhC,_Qcc,UYBR,FzaX,MmsL3hM,oslk,XdARPDh,LM8l689qOp,Qcbd,ZI9m,F2FcTt7IdMT_v
0,1190,7,104,176,220,120,0,0,0,0,0.1102329,9,34,7,321904,3,32143.2,0,10,80,56,93903.6,600,0,225,8,549325,136310,115,0,9,217378,1010092,34,205590,0,0,51rt0G8rTN,RO12,taul,1K8T,0LaQ,Tgq4xPh,LIH3TPf,V4Dl,9_Y1,k13i,09_Q,IYzP,me75fM6ugJ,kIsH,uKAI,L84s,NhsEn4L,mAjcfkM,eVjN,UYBR,FzaX,P2Hv_hX,oslk,gB6jELi,LM8l689qOp,fKCe,RAYp,F2FyR07IdsN7I
0,1029,21,4440,300,375,184,0,20,2063532,0,1.825037,27,112,147,3586464,0,118429.5,10,12,56,104,148051.6,1305,36,20160,32,5858800,767648,580,0,27,84,10645200,50,1080096,0,0,v0Nt0Go8Lb,2Knk1KF,taul,1K8T,TyGl,15Ol91c,J_sb4dmQwP,B5DQ,9_Y1,t_4G,VpdQ,sYC_,me75fM6ugJ,kIsH,uKAI,L84s,NhsEn4L,cUQBu6y,XJ_K,UYBR,FzaX,3PrRoKG,oslk,8dbaXbj,LM8l689qOp,Qu4f,RAYp,55YFVY9
0,735,7,6572,144,180,152,166.56,0,21846,0,0.4167913,9,52,56,37920,0,12742.44,5,10,40,8,-23727.72,525,6,51255,0,95430,190938,1260,0,9,84224,611632,18,169518,0,0,l7Fq9ayE15,RO12,taul,1K8T,z32l,2a37BoT,7ruFuE4,fUt8,9_Y1,vm5R,VpdQ,43pnToF,me75fM6ugJ,kIsH,uKAI,L84s,NhsEn4L,mAjbk_S,DRjN,UYBR,FzaX,Zcz6V3V,oslk,MmHzF_Q,LM8l689qOp,7P5s,RAYp,F2FyR07IdsN7I
0,1407,7,36,152,190,80,351.76,0,5171970,0,2.522965,27,34,7,823376,0,136361.4,15,10,32,24,117999.6,900,66,3816,0,1560710,1534716,1145,0,9,604800,10640480,12,2139018,0,0,vAsgUHXM47,RO12,taul,1K8T,h3JW,mBr7wZ4,bGUqwlz,iADd,9_Y1,LqKm,VpdQ,zm5i,me75fM6ugJ,kIsH,uKAI,L84s,NhsEn4L,kZJyVg2,vI4G,cJvF,FzaX,_oSv10k,oslk,kK6wBif,LM8l689qOp,453m,RAYp,F2FyR07IdsN7I
0,98,0,0,192,240,80,220.08,0,3367512,0,6.093143,9,16,0,1606848,0,162671.7,10,10,48,32,-500888,305,60,0,0,4012070,1001190,0,0,0,604800,10450280,34,2334222,0,0,8Iqt0G8rTN,RO12,taul,1K8T,487l,q9gARMl,bGUqwlz,k7fH,9_Y1,k13i,VpdQ,IYzP,me75fM6ugJ,kIsH,uKAI,L84s,NhsEn4L,kZJtVhC,Y87k,UYBR,wwPEXoilkr,zQ_4jrS,oslk,3L2y2B0,LM8l689qOp,fKCe,RAYp,F2FyR07IdsN7I
0,630,7,1824,136,170,64,271.12,0,4887024,0,5.488998,9,74,133,2670864,0,171267,10,4,32,32,1144880,445,60,6255,0,2907720,1134982,5115,0,36,604800,10572000,16,1036800,0,0,ZSNrjIX0Db,LrdVolaSGUfkVeWC,taul,1K8T,lK27,RPKu5tB,P9HTde2,dQJF,9_Y1,nr0d,VpdQ,giwq,me75fM6ugJ,kIsH,uKAI,L84s,h0lfDKh52u4GP,ORM0Mzs,BSGy,cJvF,FzaX,WdP1WU5,oslk,05j67Xw,LM8l689qOp,5Acm,RAYp,R4y5gQQWY8OodqDV
0,6594,7,752,556,695,88,557.84,0,3119124,0,2.62038,36,154,14,699424,0,20646.6,485,8,872,96,51494.4,8800,54,7587,0,2201085,1779882,80,0,9,0,9944080,12,1869996,0,0,LDPvyx7IEC,2Knk1KF,taul,1K8T,7wJ6,ml5cNhj,LJF4fPp,Ef1y,9_Y1,RcM7,VpdQ,wMei,me75fM6ugJ,kIsH,uKAI,Mtgm,h0lfDKh52u4GP,IoI4mKe,A1VJ,UYBR,FzaX,XbZfrxM,oslk,QfJz_Kt,jySVZNlOJy,szEZ,RAYp,TCU50_Yjmm6GIBZ0lL_
0,938,7,232,76,95,32,220.08,0,0,0,5.184576,9,36,0,221592,0,25283.61,0,8,40,32,-589836,200,0,6903,0,50295,13004,1030,0,9,54194,212432,14,53088,0,0,uGLq9ayE15,RO12,taul,1K8T,LZs_,lCpbiah,koda1Jh,Jdmi,9_Y1,000J,VpdQ,zm5i,me75fM6ugJ,kIsH,uKAI,Mtgm,NhsEn4L,kZJtVhC,8TIK,cJvF,OFWH,SppOZ4E,oslk,HDq79_c,jySVZNlOJy,7P5s,RAYp,F2FyR07IdsN7I
0,945,21,4456,168,210,104,166.56,0,518400,0,1.220466,27,154,329,1538376,0,36326.1,0,12,40,64,376265.6,490,6,45954,0,2457930,224478,1065,0,18,788487,4231480,28,1052070,0,0,zcROj17IEC,2Knk1KF,taul,1K8T,oXaB,fhk21Ss,zhvSTtf,nzzf,9_Y1,zfpA,VpdQ,haYg,7M47J5GA0pTYIFxg5uy,kIsH,uKAI,L84s,Ie_5MZs,CWNY2py,ub8D,cJvF,FzaX,4UxGlow,zCkv,catzS2D,LM8l689qOp,7aLG,ZI9m,TCU50_Yjmm6GIBZ0lL_
0,329,7,0,56,70,40,220.08,0,0,0,6.209998,9,38,0,111480,0,54223.5,0,2,24,24,-16466.16,235,0,23274,0,70425,44126,90,0,9,9478,240912,10,60870,0,0,J9Vr4RQZiT,RO12,taul,1K8T,EJC9,faywyM5,bGUqwlz,tddR,9_Y1,z5Ry,VpdQ,zm5i,DHn_WUyBhW_whjA88g9bvA64_,kIsH,uKAI,L84s,CrNX,mAjbq_f,rR2u,UYBR,FzaX,3s41NKZ,d0EEeJi,aD3P7LR,LM8l689qOp,FSa2,nIGXDli,F2FyR07IdsN7I
0,7000,35,4272,600,750,104,211.12,5,820860,0,0.3407392,126,76,504,301536,0,3526.98,65,22,192,184,-15802.72,2455,306,1062,8,264560,19068,5905,0,9,57015,1185468,78,48030,0,0,1PnOj1KVEH,RO12,taul,1K8T,ZNsX,iMR_WUr,_03xtaMIkZsn1,DnfT,9_Y1,_KXv,VpdQ,IYzP,me75fM6ugJ,kIsH,uKAI,L84s,NhsEn4L,mAjbk_S,XpCD,UYBR,FzaX,Oa93REx,oslk,j1EhgR7,LM8l689qOp,kwS7,RAYp,F2FyR07IdsN7I
0,2828,7,864,88,110,64,228.24,0,239670,0,6.227302,9,34,0,3073032,0,39617.7,0,4,24,40,-132140.8,455,6,8334,0,2592000,1382400,135,0,9,0,7225880,12,1036800,0,0,RzPqrQKzJV,RO12,taul,1K8T,AnrR,eIfMukw,NW71mrodGH,K946,9_Y1,15m3,VpdQ,zm5i,me75fM6ugJ,kIsH,uKAI,Mtgm,NhsEn4L,kZJtVhC,jsGz,UYBR,FzaX,ue3v1FD,oslk,E11ObSS,LM8l689qOp,FSa2,RAYp,F2FyR07IdsN7I
0,1484,7,892,360,450,112,133.12,0,24504,0,4.414655,9,50,42,163400,0,5997.81,5,24,64,112,9537.16,1035,60,26055,0,287715,44126,3900,0,0,9793,513420,78,140778,0,0,npOBcmzkzH,RO12,taul,1K8T,_8YK,GUgO9Nm,V4EEkD4AAZ,GiT4,9_Y1,KubS,09_Q,IYzP,me75fM6ugJ,kIsH,uKAI,L84s,NhsEn4L,TDcECyH,o3JO,cJvF,FzaX,AuG68SY,oslk,KWm7j0h,LM8l689qOp,Qcbd,RAYp,F2FyR07IdsN7I
0,1071,21,1084,28,35,16,275.92,0,1128648,0,5.491348,45,58,14,1800808,0,176386.8,5,0,8,8,144926,1015,6,70587,0,6048000,27432,2680,0,9,0,8965320,4,0,0,0,ZSNq9aX0Db,RO12,taul,1K8T,TLkP,ryQJDqx,KhDb8PW,lOcC,9_Y1,Y9Bl,VpdQ,IYzP,me75fM6ugJ,kIsH,uKAI,L84s,NhsEn4L,mAjbk_S,604y,UYBR,FzaX,tCbv48t,oslk,Exf7DIf,M_8D,uWr3,RAYp,F2FyR07IdsN7I
0,945,7,604,160,200,96,233.44,0,0,0,3.431959,9,140,28,123168,0,2519.592,0,8,72,112,14010,645,0,5058,0,31640,15376,2070,0,18,25732,119888,20,3360,0,0,tr0gUH7ejg,AERks4l,taul,1K8T,vSNn,fhk21Ss,n1zVHpT8NN,q7YS,9_Y1,m_h1,sJzTlal,haYg,7M47J5GA0pTYIFxg5uy,kIsH,uKAI,L84s,leSl,teA09W3,IBSm,UYBR,FzaX,4UxGlow,QKW8DRm,catzS2D,LM8l689qOp,WqMG,ZI9m,ib5G6X1eUxUn6
0,987,7,196,124,155,104,253.52,0,0,0,2.497757,9,70,0,2764800,0,150869.4,0,8,32,32,111798.8,480,0,891,0,4122575,2102060,840,0,9,1209600,10267000,20,2073600,0,0,g5dmfo875g,RO12,taul,1K8T,AKN1,25Ax0bI,6uerj6GG35,qpm5,9_Y1,7pVf,VpdQ,IYzP,me75fM6ugJ,kIsH,uKAI,L84s,NhsEn4L,mAjbk_S,DoSd,cJvF,FzaX,8c868SY,oslk,PQROEra,LM8l689qOp,wX53,RAYp,F2FyR07IdsN7I
0,2758,7,1744,532,665,360,200,0,576684,0,0.1183508,9,68,7,338824,0,6177.72,25,28,160,168,-21256.72,1710,102,31914,0,267265,215568,1355,0,0,101990,1447184,62,130944,0,0,Foxt0Go8Lb,RO12,taul,1K8T,ffXs,FtSxJVj,r83_sZi,UYif,9_Y1,rGJy,VpdQ,IYzP,me75fM6ugJ,kIsH,uKAI,L84s,NhsEn4L,beK4AFX,VNGB,UYBR,FzaX,dMze4eD,oslk,xBs5Ui8,LM8l689qOp,Qu4f,RAYp,F2FyR07IdsN7I
0,679,7,0,164,205,32,166.56,0,390,0,3.617603,9,40,0,6592,0,6500.16,0,2,8,16,-13796.84,565,6,1755,0,231100,8426,45,0,18,13272,212872,66,11376,0,0,l7Fq9ayE15,RO12,taul,1K8T,487l,faywyM5,GxcywEY,gGmb,9_Y1,kJJ7,VpdQ,Tkho,DHn_WUyBhW_whjA88g9bvA64_,kIsH,uKAI,L84s,CrNX,y5FOAoI,_1K4,cJvF,FzaX,3s41NKZ,d0EEeJi,aD3P7LR,LM8l689qOp,7P5s,nIGXDli,F2FyR07IdsN7I
0,693,7,240,124,155,0,253.52,0,3110400,0,2.397137,9,34,21,4147200,0,215835,10,0,32,48,388717.2,505,36,36783,0,7117000,0,1595,0,9,1814400,10532000,34,0,0,0,LDPq9ayfAo,RO12,taul,1K8T,z32l,KiMpAK4,DKUDUftgA7,EMJP,9_Y1,000J,VpdQ,zm5i,DHn_WUyBhW_whjA88g9bvA64_,kIsH,uKAI,L84s,CrNX,y5FewfI,GwqS,cJvF,FzaX,agO_GwW,d0EEeJi,GwOyLgb,LM8l689qOp,7P5s,nIGXDli,F2FyR07IdsN7I
0,427,0,0,104,130,96,166.56,0,0,0,1.676992,18,26,0,156824,0,4768.38,0,12,24,40,-31351.84,535,0,0,0,21085,21218,0,0,0,10360,161732,6,36024,0,0,dRaTmBfHUn,RO12,taul,1K8T,TyGl,B5nvbUP,7ruFuE4,KzJO,9_Y1,Gx0B,VpdQ,IYzP,me75fM6ugJ,kIsH,uKAI,L84s,NhsEn4L,mAja5EA,xUyv,cJvF,FzaX,MQ0v4zN,oslk,7DzqFbB,LM8l689qOp,Qu4f,RAYp,F2FyR07IdsN7I
0,2842,7,1948,128,160,80,253.52,0,6100020,0,1.648579,9,178,189,0,0,9631.68,15,10,24,0,91933.6,875,72,792,0,104560,1728000,660,0,18,0,10244640,4,2592000,0,0,xddq9ayfAo,2Knk1KF,taul,z3mO,z32l,fhk21Ss,MSmOHlx,mZTw,9_Y1,000J,09_Q,haYg,7M47J5GA0pTYIFxg5uy,kIsH,uKAI,L84s,E1aAZ0x7vd,OFqBrhD,SD9H,UYBR,FzaX,4UxGlow,QKW8DRm,catzS2D,LM8l689qOp,7P5s,ZI9m,ib5G6X1eUxUn6
0,588,0,0,112,140,160,186.64,0,0,0,4.914762,9,28,0,258616,0,14108.7,0,8,24,24,-91532.4,560,0,0,8,36950,397642,0,0,9,198905,1137608,2,275184,0,7,xOXr4RXktW,RO12,taul,1K8T,ChAX,2cBcOqO,glRbITbnHQ,nozi,9_Y1,Zazx,VpdQ,zm5i,me75fM6ugJ,kIsH,uKAI,L84s,NhsEn4L,mAja5EA,216U,cJvF,FzaX,IJRYlW4,oslk,_vt7kpB,LM8l689qOp,Xa3G,RAYp,F2FyR07IdsN7I
0,413,0,0,112,140,136,486.96,0,74334,0,5.989318,9,26,0,0,0,225831.9,0,12,24,0,138489.6,400,18,0,0,682890,2937600,0,0,9,0,8544680,4,3110400,0,0,1YVvyx7IEC,RO12,taul,1K8T,Fq5T,idWJKO_,ElQylxy,ToxV,9_Y1,xSqs,09_Q,zm5i,me75fM6ugJ,kIsH,uKAI,L84s,NhsEn4L,kZJtVhC,1cQR,cJvF,FzaX,z0TYlW4,oslk,9mKTE6Y,LM8l689qOp,szEZ,RAYp,F2FyR07IdsN7I
0,728,7,728,124,155,8,206.72,0,5702418,0,0.3706473,9,116,42,2764800,0,205089,20,0,32,32,3015.284,495,66,48393,0,4598750,107764,1495,0,18,1209600,10460960,22,0,0,0,Y3tqrQKzJV,2Knk1KF,taul,1K8T,EJC9,wGQJeCE,3cO76t0,Gt1c,9_Y1,15m3,VpdQ,kxE9,me75fM6ugJ,kIsH,uKAI,Mtgm,XfqtO3UdzaXh_,11p4mKe,8zcO,UYBR,FzaX,dpuv1FD,oslk,o6f7A2G,LM8l689qOp,FSa2,RAYp,55YFVY9
0,511,7,56,136,170,48,166.56,0,0,0,3.434095,9,66,0,101224,0,9203.64,0,0,16,40,20925.72,380,0,7308,0,361660,24140,855,0,0,32648,388220,46,0,0,0,YddTmBtueT,RO12,taul,1K8T,hAOr,ckoNVBU,6UEVDe9,leRH,9_Y1,47ra,VpdQ,IYzP,me75fM6ugJ,kIsH,uKAI,L84s,NhsEn4L,mAjbk_S,vEpo,cJvF,FzaX,6VLNqhB,oslk,6YSocsg,LM8l689qOp,rgKb,RAYp,F2FyR07IdsN7I
0,826,7,0,224,280,112,218.88,0,0,0,0.9472335,9,34,0,79912,0,4233.84,0,16,16,64,-1300552,895,0,720,0,234980,47016,165,0,0,13230,366216,52,66366,0,0,gOyq9ayE15,RO12,taul,1K8T,z32l,UsSOoyT,k10MzgT,jrUy,9_Y1,vm5R,VpdQ,IYzP,me75fM6ugJ,kIsH,uKAI,Mtgm,NhsEn4L,mAjR0Ac,9eg8,UYBR,FzaX,_Pu6s0w,oslk,Ha_79_c,LM8l689qOp,7P5s,RAYp,F2FyR07IdsN7I
0,518,7,52,116,145,56,186.64,0,5702400,0,0.9803461,9,30,147,296888,0,63396.9,20,8,24,16,-421684,410,66,5463,0,118805,98516,75,0,9,167580,5551760,2,338976,0,0,avkq9ayfAo,RO12,taul,1K8T,LZs_,q47T9kY,n1zVHpT8NN,QPuB,9_Y1,000J,09_Q,43pnToF,DHn_WUyBhW_whjA88g9bvA64_,kIsH,uKAI,L84s,CrNX,mAjbq_f,o0Xu,cJvF,FzaX,2LwA8s7,d0EEeJi,6JsEMS9,LM8l689qOp,7P5s,nIGXDli,F2FyR07IdsN7I
0,1022,14,1028,60,75,40,0,0,0,0,0.7880794,18,88,49,101112,15,12989.73,0,6,32,16,27347.44,395,0,26082,48,99820,72452,1515,0,9,32025,339072,10,95634,0,7,l7Fq9ayE15,RO12,taul,1K8T,TyGl,qmrkGPa,L1rz70R,EMYI,9_Y1,kJJ7,09_Q,haYg,me75fM6ugJ,kIsH,uKAI,L84s,XfqtO3UdzaXh_,XTbPUYD,hMYH,cJvF,FzaX,Lu8m0jM,oslk,f4rs3yQ,jySVZNlOJy,7P5s,RAYp,F2FyR07IdsN7I
0,1120,7,404,216,270,40,186.64,0,372,0,3.662038,18,56,112,2754256,0,35220.9,0,12,64,96,-629740,1140,6,24858,0,4472810,42600,450,0,9,120393,5113240,60,108624,0,0,Tfit0G8EIb,RO12,taul,1K8T,2Ix5,Rc6y83A,Iibp4Nm3uQ,rcWo,9_Y1,k13i,09_Q,IYzP,DHn_WUyBhW_whjA88g9bvA64_,kIsH,uKAI,L84s,CrNX,mAjbq_f,UXJb,UYBR,FzaX,l3K2hwl,d0EEeJi,0YaePR_,LM8l689qOp,fKCe,nIGXDli,F2FyR07IdsN7I
0,952,7,24,140,175,24,286.96,0,11404800,0,4.432173,18,38,0,0,0,170364.3,40,0,24,0,112267.6,635,132,495,0,95720,20282,60,0,9,0,10485160,4,0,0,0,J9Vr4RQZiT,RO12,taul,1K8T,JLbT,_ybO0dd,Kx8Bdum,MMa_,9_Y1,z5Ry,09_Q,zm5i,me75fM6ugJ,kIsH,uKAI,Mtgm,NhsEn4L,kZJyVg2,Cuc3,UYBR,FzaX,L91KIiz,oslk,CE7uk3u,LM8l689qOp,FSa2,RAYp,F2FyR07IdsN7I
0,875,14,5560,128,160,16,220.08,5,2694576,0,2.753472,18,50,70,4608208,0,217340.1,5,2,32,56,97584.4,500,36,18450,8,6207300,316828,4785,0,0,0,10240360,30,335352,0,0,Foxt0Go8Lb,RO12,taul,1K8T,TyGl,9GJGgoz,yEFIHeU,GUi9,9_Y1,C7DI,VpdQ,IYzP,Kxdu,kIsH,uKAI,L84s,FMSzZ91zL2,kq067VR,glY0,cJvF,FzaX,Tvpip6Z,zCkv,hHJsvbM,LM8l689qOp,Qu4f,6fzt,SbOd7O8ky1wGNxp0Arj0Xs
0,231,0,0,24,30,0,261.92,0,9313560,0,3.800256,9,22,0,0,0,295849.2,0,0,0,0,-187196.4,290,24,0,0,1548945,0,0,0,9,0,7448200,4,0,0,0,JMGq9aXt5a,RO12,taul,1K8T,TLkP,xUTqnbN,glRBFJT8NN,Asx5,9_Y1,Y9Bl,VpdQ,IYzP,me75fM6ugJ,kIsH,uKAI,Mtgm,NhsEn4L,uZLuNea,BCds,UYBR,FzaX,LwGVino,oslk,xYH_Q4n,LM8l689qOp,uWr3,RAYp,F2FyR07IdsN7I
0,1575,7,256,524,655,208,139.2,0,422238,0,0.8872036,9,62,77,282392,0,5523.63,15,28,176,160,-13852.28,1570,180,15777,0,327550,89734,3215,0,9,220206,973972,76,147492,0,0,qFpmfo8zhV,RO12,taul,1K8T,lK27,iJzviRg,k10MzgT,ROCF,9_Y1,7pVf,VpdQ,wMei,7M47J5GA0pTYIFxg5uy,kIsH,uKAI,L84s,9fipLB8rlL,mAjSWv6,BKzU,cJvF,FzaX,ch2oGfM,zCkv,P6pu4Vl,LM8l689qOp,wX53,ZI9m,R4y5gQQWY8OodqDV
0,1400,28,10712,340,425,136,361.12,0,6388200,0,6.31254,45,136,973,1924112,0,59696.7,30,10,104,88,-104270,810,114,20799,0,2530185,140462,4105,0,9,131068,9259280,54,137286,0,0,O8Zr4Rdc_a,2Knk1KF,taul,1K8T,0LaQ,cJ1SNLr,qTS0anrsrN,irG7,9_Y1,em8I,sJzTlal,6JmL,me75fM6ugJ,kIsH,g5HH,L84s,XfqtO3UdzaXh_,11p4mKe,1VOg,cJvF,FzaX,nRi9sBz,oslk,s4VYw04,LM8l689qOp,me1d,RAYp,55YFVY9
0,1764,7,852,272,340,192,200,0,0,0,2.447554,9,50,49,2194920,0,34791.6,0,6,88,120,-55066,1095,0,72180,0,1122480,478124,355,0,9,658525,3142228,52,285804,0,0,Qu0qrQKzJV,RO12,taul,1K8T,JLbT,B9C_VFS,yLQX8HOoy1,T1iE,9_Y1,15m3,VpdQ,IYzP,me75fM6ugJ,kIsH,uKAI,L84s,NhsEn4L,mAjbk_S,wZRj,cJvF,FzaX,ylC3DH0,oslk,kiBhOcm,LM8l689qOp,FSa2,RAYp,F2FyR07IdsN7I
0,945,28,4136,124,155,8,166.56,5,5705556,0,5.851741,45,154,168,1382400,0,204521.1,30,0,32,16,146516.8,495,72,32868,8,4132205,64584,1950,0,18,0,10003440,20,0,0,0,m9SrEy7Rm6,AERks4l,taul,1K8T,JLbT,fhk21Ss,ELqaUgs,31Fv,9_Y1,H9GL,09_Q,hAFG,7M47J5GA0pTYIFxg5uy,kIsH,uKAI,L84s,4kVnq_T26xq1p,teAaNR4,HLFM,cJvF,FzaX,4UxGlow,zCkv,catzS2D,LM8l689qOp,Aoh3,ZI9m,ib5G6X1eUxUn6
0,224,0,0,120,150,0,186.64,0,0,0,1.847682,9,24,0,5529600,0,215163.6,0,0,32,64,143166,150,0,0,0,9482250,0,0,0,9,2419200,10350600,44,0,0,0,51rBcmz45j,RO12,taul,1K8T,lK27,6CXYbuk,8w0EIykfbK,GiT4,9_Y1,KubS,VpdQ,zm5i,Kxdu,kIsH,uKAI,Mtgm,9pUnzWLbztKTo,kq0DF8a,o3JO,cJvF,AU8_WTd,ROeipLp,zCkv,K2SqEo9,jySVZNlOJy,Qcbd,6fzt,am14IcfM7tWLrUmRT52KtA
0,1631,7,612,168,210,40,220.08,0,6092460,0,0.9352703,9,128,315,0,0,89863.8,45,2,40,0,92764.4,585,102,2520,0,3208830,234994,460,0,36,0,10252920,20,65742,0,0,HrWq9aXt5a,2Knk1KF,taul,1K8T,TLkP,zN9sz2a,9YuuPSz3BI,qHxn,9_Y1,6TCl,VpdQ,haYg,me75fM6ugJ,kIsH,uKAI,L84s,XfqtO3UdzaXh_,11p4mKe,dO2_,cJvF,FzaX,gSt6V3V,oslk,Tn9Rusu,LM8l689qOp,uWr3,RAYp,55YFVY9
0,14,0,0,40,50,8,239.84,0,2592000,0,4.55031,9,12,0,0,0,211405.5,10,0,8,0,-695264,50,30,0,0,376475,49180,0,0,0,0,2818740,4,0,0,0,C2Dvyx875g,RO12,taul,1K8T,YVv3,2Aed0DS,7ruFuE4,tWpZ,9_Y1,MBhA,VpdQ,IYzP,me75fM6ugJ,kIsH,uKAI,L84s,NhsEn4L,kZJtVhC,moTy,cJvF,FzaX,OjxOhQy,oslk,c4PT3Cb,LM8l689qOp,WqMG,RAYp,F2FyR07IdsN7I
0,17710,28,1552,5304,6630,1584,303.92,0,3368574,0,2.680837,45,80,154,1930832,0,8691.689,515,200,1528,1152,-147795.6,14955,1614,33120,0,3118025,625622,14805,0,0,257691,8561960,1024,553020,0,0,xearjIX0Db,RO12,taul,1K8T,0Xwj,vK5pXKQ,e1XhvTunuD,LkO9,HLqf,xQ2A,VpdQ,IYzP,me75fM6ugJ,sBgB,uKAI,L84s,NhsEn4L,mAjbk_S,vlNp,cJvF,FzaX,3xM68SY,oslk,ZbRqhZX,LM8l689qOp,5Acm,RAYp,F2FyR07IdsN7I
0,1176,0,0,544,680,312,353.52,5,6350940,0,4.164495,9,18,0,2845936,0,59970.3,30,18,128,152,111634.4,1890,138,0,8,3584805,185418,0,0,0,276871,10360600,80,285924,0,0,NQ5vyxLkBI,RO12,taul,1K8T,ZEGa,f_onF0C,jcoxzxoL4i,jzzw,9_Y1,_r21,09_Q,IYzP,me75fM6ugJ,kIsH,uKAI,L84s,NhsEn4L,kZJtVhC,l3yX,cJvF,FzaX,8_rYWu3,oslk,rT1Esaq,LM8l689qOp,xb3V,RAYp,F2FyR07IdsN7I
0,2884,7,3068,512,640,336,166.56,0,0,0,6.380688,9,172,203,1265640,0,10893.36,0,34,152,176,86977.6,1760,0,666,0,538540,423196,170,0,9,479269,2241568,94,497286,0,0,0vimfo8zhV,2Knk1KF,taul,1K8T,tXti,fqeOwLG,msIt6GyI91,gLfY,9_Y1,iZJp,VpdQ,hAFG,7M47J5GA0pTYIFxg5uy,kIsH,uKAI,L84s,XfqtO3UdzaXh_,XTbPUYD,u9Wp,cJvF,FzaX,fxJmel6,oslk,WfsWw2A,LM8l689qOp,3Cy4,ZI9m,iyHGyLCEkQ
0,532,0,0,192,240,48,287.6,5,9835860,0,2.205939,18,24,0,617600,0,91173.59,40,0,40,32,138634.4,900,150,0,8,636555,352948,0,0,9,0,10677800,10,0,0,0,2jirEyXktW,RO12,taul,1K8T,487l,T7cp9gW,0ZlStaN,aZiX,9_Y1,SkZj,VpdQ,zm5i,me75fM6ugJ,kIsH,uKAI,L84s,NhsEn4L,NGZxnJM,3aLW,cJvF,FzaX,9Hi6hzI,oslk,93cqqb8,jySVZNlOJy,Aoh3,RAYp,F2FyR07IdsN7I
0,2604,14,6928,76,95,56,196.64,0,31638,0,2.930998,18,134,434,289272,0,24288.36,0,0,0,8,-440404,540,18,20844,0,1278820,120714,520,0,27,0,1430212,16,0,0,0,zKnr4RXktW,2Knk1KF,taul,1K8T,pE9z,PHNvXy8,lL9c3pxXdL,I5HI,9_Y1,TFSW,VpdQ,haYg,NKv3VA1BpP,kIsH,uKAI,L84s,Ie_5MZs,OFqdri0,tYlJ,cJvF,OFWH,UF16siJ,zCkv,APgdzOv,jySVZNlOJy,Xa3G,6fzt,Zy3gnGM
0,945,7,572,140,175,24,253.52,0,3326526,0,6.630421,9,60,0,1267616,0,200647.8,25,8,48,24,523268,520,42,50022,0,4475505,475218,60,0,18,554421,10174000,26,1900872,0,0,V8lt0G8rTN,RO12,taul,1K8T,PbOJ,cmPnuwV,77iJmpaB0e,UJyv,9_Y1,k13i,09_Q,IYzP,me75fM6ugJ,kIsH,uKAI,L84s,NhsEn4L,mAjcfkM,FcAJ,cJvF,FzaX,efg87dl,oslk,_JxAGfT,jySVZNlOJy,fKCe,RAYp,F2FyR07IdsN7I
0,882,0,260,124,155,16,166.56,0,9329820,0,2.761803,18,172,154,5800,0,137585.1,40,0,24,16,283232.4,420,108,98631,0,89040,345600,0,0,27,0,9747400,2,0,0,0,0vimfo8zhV,2Knk1KF,taul,1K8T,LloI,fhk21Ss,ThrHXVS,kmOL,9_Y1,Bw19,09_Q,y6dw,7M47J5GA0pTYIFxg5uy,kIsH,uKAI,L84s,E1aAZ0x7vd,OFqBrhD,77h5,cJvF,qxDb,4UxGlow,QKW8DRm,catzS2D,LM8l689qOp,wX53,ZI9m,ib5G6X1eUxUn6
0,917,7,944,128,160,120,253.52,0,88692,0,2.174108,27,156,35,1324832,0,171842.4,5,12,32,16,69666.8,515,6,14013,0,2916065,2592000,5675,0,36,1814400,10389800,14,3110400,0,0,LDPq9ayfAo,RO12,taul,1K8T,tzKK,er99haC,nJy8d8N5V7yiy,Ub0p,9_Y1,kJJ7,VpdQ,kxE9,DHn_WUyBhW_whjA88g9bvA64_,kIsH,uKAI,Mtgm,H4p93_uThXwSG,teAEa95,cp38,UYBR,FzaX,_vd9BDs,Al6ZaUT,RZ4iST9,LM8l689qOp,7P5s,02N6s8f,iyHGyLCEkQ
0,560,7,88,132,165,184,166.56,0,208782,0,2.197607,9,120,49,163344,0,24843.78,5,10,40,8,-19015.56,415,12,21627,0,15885,303236,1685,0,9,237636,1354992,2,254028,0,0,8Iqt0G8rTN,2Knk1KF,taul,1K8T,JLbT,PHNvXy8,I1s81Dlb7R,NXso,9_Y1,k13i,09_Q,hAFG,NKv3VA1BpP,kIsH,uKAI,L84s,Ie_5MZs,OFqdri0,rVRa,UYBR,FzaX,UF16siJ,zCkv,APgdzOv,LM8l689qOp,fKCe,6fzt,Zy3gnGM
0,805,21,2508,136,170,56,220.08,0,2797794,0,0.1125828,45,202,357,2764800,0,226016.4,15,4,32,32,131853.6,505,42,4752,0,4247090,1091652,1765,0,27,1814400,10556560,22,1036800,0,0,IXSgUHShse,2Knk1KF,CiJDdr4TQ0rGERIS,1K8T,4fje,fhk21Ss,_jTP8ioIlJ,Mx5G,9_Y1,RVjC,VpdQ,y6dw,7M47J5GA0pTYIFxg5uy,kIsH,uKAI,L84s,FMSzZ91zL2,LxWqkdS,9haV,UYBR,FzaX,4UxGlow,zCkv,catzS2D,jySVZNlOJy,FSa2,ZI9m,VjDE
0,784,7,1004,124,155,16,326.8,0,0,0,6.948301,9,154,112,3347104,0,38848.8,0,0,32,72,30500.28,475,0,41400,0,4654700,45294,1390,0,27,893312,5487920,40,0,0,0,uUdt0G8EIb,2Knk1KF,taul,1K8T,wOc1,yz3CY5T,nQUveAzAF7,5Y_G,9_Y1,e7QV,VpdQ,kxE9,me75fM6ugJ,kIsH,uKAI,L84s,XfqtO3UdzaXh_,XTbPUYD,7P_c,cJvF,FzaX,wdF8XLE,oslk,judEVaf,LM8l689qOp,fKCe,RAYp,TCU50_Yjmm6GIBZ0lL_
0,1190,7,936,232,290,176,166.56,0,87138,0,1.659902,9,42,7,388184,0,11350.08,0,10,64,80,-814432,830,30,23895,0,658260,346356,1405,0,0,22890,1653884,32,273570,0,0,NQ5vyxLkBI,RO12,taul,1K8T,ssAy,Pvu4X3H,J1MZ1kd,2Xu6,9_Y1,vzJD,sJzTlal,IYzP,me75fM6ugJ,kIsH,uKAI,Mtgm,NhsEn4L,mAja5EA,Oklt,cJvF,FzaX,95r8hdx,oslk,Pk67qqc,LM8l689qOp,xb3V,RAYp,F2FyR07IdsN7I
0,889,14,2716,360,450,112,220.08,0,5127330,0,2.314036,18,102,406,3570944,0,136492.8,25,2,56,48,174358,810,150,26802,0,4971435,43874,625,0,9,125048,10749440,78,20976,0,0,C2Dvyx875g,RO12,taul,1K8T,Guv5,ojHCYcI,nQUxgtZEqo,THfD,9_Y1,MBhA,VpdQ,sYC_,me75fM6ugJ,kIsH,uKAI,L84s,NhsEn4L,beK4AFX,56Wd,cJvF,FzaX,KtBOw16,oslk,NKvz4Af,jySVZNlOJy,WqMG,RAYp,F2FyR07IdsN7I
0,3024,7,380,944,1180,488,166.56,0,511440,0,3.284982,9,34,49,2705144,0,32350.5,60,34,112,168,88515.6,2730,138,19008,0,3850830,520116,1710,0,0,294133,6657040,204,801006,0,0,YddTmBtueT,RO12,taul,1K8T,IGdn,faywyM5,EXpWEXgaYpMJ7,EUt5,9_Y1,C6Eu,VpdQ,IYzP,DHn_WUyBhW_whjA88g9bvA64_,kIsH,uKAI,L84s,CrNX,kq0Ng6w,3BGI,cJvF,FzaX,3s41NKZ,d0EEeJi,aD3P7LR,jySVZNlOJy,rgKb,nIGXDli,F2FyR07IdsN7I
0,658,7,0,136,170,0,186.64,5,12253500,0,5.097201,9,30,0,0,0,216555.6,35,4,24,0,138279.6,550,144,279,8,2105,0,40,0,0,0,10627560,2,56532,0,0,dRarjIK12c,RO12,taul,1K8T,YVv3,aqcp_2L,hOpRIhsUSP,NnfT,9_Y1,7WNq,09_Q,IYzP,me75fM6ugJ,kIsH,uKAI,L84s,NhsEn4L,mAjbk_S,uIKk,UYBR,FzaX,fOgDSPW,oslk,mehDnag,LM8l689qOp,WqMG,RAYp,F2FyR07IdsN7I
0,1050,7,224,192,240,104,223.92,5,10886400,0,3.381329,9,136,28,1384168,0,155203.2,35,2,48,24,110256.4,775,126,30015,8,49055,11220,130,0,27,4914,10344600,6,2886,0,0,puvq9aX0Db,AERks4l,taul,1K8T,L80O,fhk21Ss,lWEr7ZCRdM,lOcC,9_Y1,Y9Bl,VpdQ,itlM,7M47J5GA0pTYIFxg5uy,kIsH,uKAI,L84s,leSl,teA09W3,604y,UYBR,OFWH,4UxGlow,QKW8DRm,catzS2D,LM8l689qOp,uWr3,ZI9m,ib5G6X1eUxUn6
0,98,0,0,132,165,0,233.44,0,11404800,0,4.21598,9,16,0,238408,0,226193.4,35,0,40,24,128920,220,132,0,0,95335,0,0,0,0,116277,10217880,2,0,0,0,_v2gUHXZeb,RO12,taul,1K8T,pE9z,J_sljA5,MXlhT5l,upEj,9_Y1,STGZ,sJzTlal,IYzP,DHn_WUyBhW_whjA88g9bvA64_,kIsH,uKAI,L84s,PWD40mS,y5F4t8Z,Caho,UYBR,FzaX,Khlumvx,Al6ZaUT,l8EHCkC,LM8l689qOp,453m,02N6s8f,F2FyR07IdsN7I
0,651,0,0,172,215,56,166.56,0,147210,0,0.5765862,27,30,0,2439704,0,116068.5,0,4,56,88,440004,595,18,0,0,3892580,149378,0,0,0,590492,4749680,40,28272,0,0,N_vrjIXt5a,RO12,taul,1K8T,wOc1,ClIoukx,75HH_hi,MB3D,9_Y1,xQ2A,VpdQ,IYzP,me75fM6ugJ,kIsH,uKAI,L84s,NhsEn4L,mAjbk_S,gvA6,UYBR,FzaX,KjR6w_1,oslk,nKcTL5Q,LM8l689qOp,5Acm,RAYp,F2FyR07IdsN7I
0,182,0,0,128,160,16,301.6,0,1732908,0,0.8453322,9,18,0,4147200,0,224389.2,0,0,24,48,-237434,505,36,0,0,7219950,207370,0,0,9,0,9419560,36,0,0,0,Iskvyx875g,RO12,taul,1K8T,YVv3,ojHCYcI,L4dcmFl6ed,o7t0,9_Y1,MBhA,VpdQ,zm5i,me75fM6ugJ,kIsH,uKAI,L84s,NhsEn4L,kq0ncmx,B5tG,UYBR,FzaX,KtBOw16,oslk,NKvz4Af,LM8l689qOp,WqMG,RAYp,F2FyR07IdsN7I
0,672,7,16,144,180,64,322.64,0,381480,0,1.277505,9,56,0,571776,3,65348.7,0,2,32,40,-52492.8,395,6,387,16,1536535,104290,430,0,27,46963,2004852,42,40254,0,7,BQavyxLp3Z,RO12,taul,1K8T,lK27,32pCIek,JQFeOYK,YqMO,9_Y1,_r21,VpdQ,kxE9,me75fM6ugJ,kIsH,uKAI,L84s,XfqtO3UdzaXh_,XTbPUYD,dvCm,UYBR,FzaX,FB4YlW4,oslk,0p8OTZB,LM8l689qOp,xb3V,RAYp,F2FyR07IdsN7I
0,1092,7,264,148,185,24,286.96,0,10305480,0,0.2666097,18,40,7,331016,0,182892.3,35,0,48,48,91479.2,590,120,11205,0,125640,518400,95,0,9,0,10416080,2,0,0,0,JMGq9aXt5a,RO12,taul,1K8T,487l,8K14q6X,ThrHXVS,wmjt,9_Y1,Y9Bl,09_Q,zm5i,me75fM6ugJ,kIsH,uKAI,L84s,NhsEn4L,kZJtVhC,U1jJ,UYBR,FzaX,HrlK5YS,oslk,fs3nhll,LM8l689qOp,uWr3,RAYp,F2FyR07IdsN7I
0,791,7,44,140,175,56,441.36,0,1656870,0,1.860073,9,46,0,4147200,3,220685.4,0,4,32,48,119599.2,505,30,459,8,6239400,864660,45,0,9,1814400,10590200,30,1036800,0,0,639qrQK2Mx,RO12,taul,1K8T,EJC9,zBUVCna,LH0kFz12FM,Z0pw,9_Y1,15m3,09_Q,43pnToF,me75fM6ugJ,kIsH,uKAI,L84s,NhsEn4L,mAja5EA,WQO7,UYBR,FzaX,Y2C3PT5,oslk,OIZcOcw,jySVZNlOJy,FSa2,RAYp,F2FyR07IdsN7I
0,3094,7,428,340,425,192,166.56,0,67134,0,0.2920316,9,30,469,925216,0,5454.72,10,18,64,144,-115852.4,2325,48,14769,0,366850,611532,345,0,0,273245,2283768,48,381126,0,0,crIt0Go8Lb,RO12,taul,1K8T,7gSz,wGQ47iP,CdPgMY1Z52,SSYN,9_Y1,Z5OU,VpdQ,IYzP,me75fM6ugJ,kIsH,uKAI,L84s,NhsEn4L,mAjbk_S,F26M,UYBR,FzaX,GOYABPr,oslk,huSQguc,LM8l689qOp,Qu4f,RAYp,F2FyR07IdsN7I
0,1015,7,164,96,120,8,253.52,0,5821062,0,1.917966,9,44,28,3002240,0,42405.6,15,2,24,40,560216,460,36,10404,0,2903450,485366,25,0,9,0,10337600,16,108192,0,0,0vimfo8zhV,RO12,taul,1K8T,QQSE,mxsbiah,8xqsKsAwUv,GPGG,9_Y1,Bw19,09_Q,IYzP,me75fM6ugJ,kIsH,uKAI,L84s,NhsEn4L,TDcECyH,N46O,cJvF,FzaX,PtLoLzk,oslk,LJOa8ZG,LM8l689qOp,wX53,RAYp,F2FyR07IdsN7I
0,3654,7,140,152,190,80,220.08,0,3192018,0,2.774621,9,56,7,1704008,0,47210.4,20,10,48,24,1087488,850,42,18333,0,2807675,1559500,50,0,0,0,10590960,18,1566570,0,0,FAJgUH7ejg,RO12,taul,1K8T,lK27,0Vr7wZ4,mzDZadGIEhIBI,7pIw,9_Y1,m_h1,sJzTlal,IYzP,Kxdu,kIsH,uKAI,L84s,FMSzZ91zL2,TDcfmHS,jCmU,UYBR,FzaX,XbZitea,zCkv,DHPNgqU,LM8l689qOp,WqMG,6fzt,SbOd7O8ky1wGNxp0Arj0Xs
0,7,0,0,40,50,40,462.4,0,261852,18,6.198675,9,12,0,1257256,6,264065.1,0,0,0,8,-783264,50,12,0,40,1103680,917364,0,0,0,0,3520868,4,0,0,7,a4vrEy7Rm6,RO12,taul,1K8T,IvdZ,ezgR5DT,y2LuFUfSEo,mURy,9_Y1,H9GL,VpdQ,IYzP,me75fM6ugJ,kIsH,uKAI,L84s,NhsEn4L,kZJyVg2,onru,cJvF,FzaX,O308iqZ,oslk,eyvTy9x,LM8l689qOp,Aoh3,RAYp,F2FyR07IdsN7I
0,1771,7,1996,76,95,24,200,0,0,0,4.791284,9,224,35,71584,0,6051.09,0,2,32,56,62142.4,805,0,4437,0,170500,14152,1355,0,18,11788,201104,16,912,0,0,hSogUHXZeb,TW8dXluYzKpktZjuY8kSPBaZa,CiJDdr4TQ0rGERIS,1K8T,0Xwj,fhk21Ss,k10MzgT,8H1C,HLqf,STGZ,VpdQ,haYg,7M47J5GA0pTYIFxg5uy,sBgB,uKAI,L84s,_5OXC8MSLt,LxWMK5e,s9FI,UYBR,FzaX,4UxGlow,oslk,catzS2D,LM8l689qOp,453m,ZI9m,NoEd
0,924,7,72,132,165,40,258.24,0,3801876,0,5.695792,9,62,35,1900944,0,201595.2,35,2,40,24,128659.2,530,48,7902,0,3308400,792056,1095,0,18,0,10250480,18,475230,0,0,crIt0Go8Lb,RO12,taul,1K8T,TyGl,V2og2A0,LJF4fPp,QWao,9_Y1,MGOA,VpdQ,hAFG,me75fM6ugJ,kIsH,uKAI,L84s,XfqtO3UdzaXh_,11p4mKe,yo0A,cJvF,AU8pNoi,UjGuLpj,oslk,3QPw991,LM8l689qOp,Qu4f,RAYp,F2FyR07IdsN7I
0,2212,14,6524,180,225,16,200,0,6982800,0,6.196753,18,108,133,1382400,0,81800.7,25,4,32,16,485644,2595,138,4383,0,3090330,345600,480,0,9,604800,10747600,22,1036800,0,0,m9SrEy7Rm6,2Knk1KF,taul,1K8T,YFAj,ezgR5DT,9YuT4s0Bqf,ui3n,9_Y1,X8zP,VpdQ,sYC_,me75fM6ugJ,kIsH,uKAI,L84s,NhsEn4L,kq0aHkC,mij0,UYBR,FzaX,O308iqZ,oslk,eyvTy9x,jySVZNlOJy,Aoh3,RAYp,55YFVY9
0,651,7,12,56,70,0,166.56,0,2405382,0,5.316813,9,54,0,1610672,0,154281,0,2,8,8,-226389.2,270,24,2286,0,6555800,0,70,0,9,3178,7655360,16,2724,0,0,4e7gUH7IEC,RO12,taul,1K8T,72yt,jEtdEo6,J1MZ1kd,r4ud,9_Y1,LqKm,09_Q,IYzP,DHn_WUyBhW_whjA88g9bvA64_,kIsH,uKAI,Mtgm,CrNX,mAjbq_f,PZnj,cJvF,FzaX,b0vwELT,d0EEeJi,1gu2ag4,LM8l689qOp,453m,nIGXDli,F2FyR07IdsN7I
0,882,7,3048,152,190,16,286.96,0,8151420,0,6.887845,9,42,21,1384448,0,195540.3,30,6,40,24,-52318.8,555,96,16272,0,1146320,70400,1310,0,9,0,9696080,16,1065804,0,0,dRavyx7ejg,RO12,taul,1K8T,JLbT,9GJGgoz,76jk_MXMyd,FDCZ,9_Y1,YGOC,VpdQ,zm5i,Kxdu,kIsH,7A3j,L84s,FMSzZ91zL2,TDcBfr2,ziun,cJvF,FzaX,Tvpip6Z,zCkv,hHJsvbM,LM8l689qOp,szEZ,6fzt,SbOd7O8ky1wGNxp0Arj0Xs
0,777,7,3444,180,225,40,286.96,0,5889120,0,2.037385,9,46,14,1157760,0,207094.8,45,2,56,16,120398.4,610,96,27594,0,3279625,289724,15,0,9,159278,9916480,24,136524,0,0,qXhPe2ftjz,RO12,taul,1K8T,WkTj,rXH4Eny,Tg7jjBB,pzvA,9_Y1,mTeA,VpdQ,sYC_,me75fM6ugJ,kIsH,uKAI,L84s,XfqtO3UdzaXh_,11p4mKe,upnW,UYBR,FzaX,MgW0FxM,oslk,yktAIRG,LM8l689qOp,FSa2,RAYp,F2FyR07IdsN7I
0,861,7,552,184,230,88,315.04,0,2765478,0,2.723777,18,54,77,1214304,0,208945.8,35,6,48,32,267646.4,640,54,6552,0,3098800,1287860,980,0,27,0,10512600,24,1426614,0,0,xearjIX0Db,RO12,taul,1K8T,Cnh8,Xkt4wFk,itSGh3t,2Ueo,9_Y1,WIr3,VpdQ,IYzP,me75fM6ugJ,kIsH,uKAI,L84s,NhsEn4L,kZJtVhC,YD6S,UYBR,FzaX,ZCE8XLE,oslk,dxB79_c,LM8l689qOp,5Acm,RAYp,F2FyR07IdsN7I
0,840,0,0,384,480,80,373.36,0,5615064,0,1.389874,27,26,0,270848,9,84586.8,30,8,40,32,-171964,1495,90,0,32,1366310,441988,0,0,9,5264,8459000,114,1041312,0,7,0vimfo8zhV,RO12,taul,1K8T,487l,HPUhM2I,zA2IZno2NK,NYVW,9_Y1,6Kw9,VpdQ,zm5i,me75fM6ugJ,kIsH,uKAI,L84s,NhsEn4L,NGZxnJM,pM3d,cJvF,FzaX,hP0Q2YB,oslk,ioNa5gA,LM8l689qOp,3Cy4,RAYp,F2FyR07IdsN7I
0,2583,7,152,700,875,144,200,5,5495262,0,1.907071,9,36,63,2478056,0,48817.2,35,98,592,336,676420,1860,216,441252,8,2263810,1286520,1980,0,0,119637,10170160,46,1176330,0,0,4e7gUH7IEC,AERks4l,taul,1K8T,7ALb,0BobfVI,76j2P_OLn0,r4ud,9_Y1,LqKm,VpdQ,IYzP,GjJ35utlTa_GNSvxxpb9ju,kIsH,uKAI,Mtgm,JBfYVit4g8,TDctq2l,PZnj,cJvF,FzaX,TvpaoKL,Al6ZaUT,neGCz7F,LM8l689qOp,453m,02N6s8f,xwM2aC7IdeMC0
0,546,0,0,136,170,144,220.08,0,475554,0,2.227943,18,26,0,1382400,0,192946.8,0,12,32,16,157361.6,685,24,0,0,1602840,3096000,0,0,9,1814400,10556120,8,3110400,0,0,crIgUHSK8h,RO12,taul,1K8T,lK27,qMlD1gf,koda1Jh,Mx5G,9_Y1,RVjC,VpdQ,zm5i,me75fM6ugJ,kIsH,uKAI,L84s,NhsEn4L,kZJtVhC,9haV,UYBR,FzaX,U8IVcJ1,oslk,8xSqDjb,LM8l689qOp,FSa2,RAYp,F2FyR07IdsN7I
0,2569,7,1672,56,70,16,253.52,5,3286290,0,2.372143,9,100,203,0,0,54067.2,0,2,0,0,754856,395,18,16587,8,6292450,1266340,610,0,27,0,9800760,16,64896,0,0,75lr4RXktW,RO12,taul,1K8T,AkfA,XvJdiSi,CdPgMY1Z52,grOX,9_Y1,Cgc3,VpdQ,sYC_,me75fM6ugJ,kIsH,uKAI,L84s,NhsEn4L,beK4AFX,yaJB,cJvF,FzaX,nEyOVQC,oslk,DenTzYj,LM8l689qOp,Xa3G,RAYp,F2FyR07IdsN7I
0,1127,14,428,220,275,128,220.08,0,1573608,0,5.368725,18,128,21,1540368,0,114109.5,10,12,32,32,179618.8,835,42,20295,0,3389780,621534,2340,0,36,436814,7498480,40,1549710,0,0,AUUt0GoOh3,bYmQ4nc,taul,1K8T,lK27,fhk21Ss,II0S8f9,2bDW,9_Y1,YePk,VpdQ,haYg,7M47J5GA0pTYIFxg5uy,kIsH,uKAI,L84s,4kVnq_T26xq1p,cUQ4ya6,kpsL,cJvF,FzaX,4UxGlow,zCkv,catzS2D,LM8l689qOp,Qu4f,ZI9m,ib5G6X1eUxUn6
0,735,7,88,136,170,24,287.04,0,5227248,0,3.820765,9,40,14,2583384,0,214836,10,4,40,40,82596.8,550,66,4698,0,4328550,475204,420,0,9,597254,10457000,22,950412,0,0,DHegUHXZeb,RO12,taul,1K8T,YFAj,AKbblEW,_jTP8ioIlJ,L29Q,9_Y1,LqKm,VpdQ,zm5i,me75fM6ugJ,kIsH,uKAI,L84s,NhsEn4L,NGZXfGp,GNN7,UYBR,FzaX,bYA18fN,oslk,aFcwIB5,LM8l689qOp,453m,RAYp,F2FyR07IdsN7I
0,1337,7,0,288,360,312,253.52,0,45150,0,1.171972,27,74,0,1264656,0,31574.1,5,14,64,96,101261.2,970,12,378,0,544560,710268,5,0,18,682871,3156592,22,931338,0,0,oBXrjIQq3d,RO12,taul,1K8T,487l,bw44Lhq,qj0L03D6U2VDXkkp,YBGC,9_Y1,RVjC,09_Q,hAFG,me75fM6ugJ,kIsH,uKAI,Mtgm,XfqtO3UdzaXh_,XTbPUYD,1Zzr,UYBR,FzaX,iVs8yXf,oslk,Ubjnhll,LM8l689qOp,FSa2,RAYp,F2FyR07IdsN7I
0,2695,7,0,444,555,344,216.72,0,79482,0,1.865413,9,34,0,581728,0,12672.51,10,26,120,144,-1440668,1730,30,324,0,611980,370076,165,0,9,87577,1893728,60,398964,0,0,u6tWq6edh4,RO12,taul,1K8T,EJC9,iMR_WUr,qj0X1JD6U2VDfcVe,zYk5,9_Y1,_xpN,09_Q,43pnToF,me75fM6ugJ,kIsH,uKAI,Mtgm,NhsEn4L,mAjbk_S,zouZ,UYBR,FzaX,Oa93REx,oslk,j1EhgR7,LM8l689qOp,FSa2,RAYp,F2FyR07IdsN7I
0,434,0,0,188,235,224,166.56,0,0,0,3.255287,9,20,0,825504,0,130488,5,10,64,72,-60960.4,595,0,0,0,117290,514272,0,0,9,201635,1808920,8,374952,0,0,Tfit0G8EIb,RO12,taul,1K8T,NF63,B884X3H,n2YfB05aPZ,IRSB,9_Y1,e7QV,sJzTlal,zm5i,me75fM6ugJ,kIsH,uKAI,L84s,NhsEn4L,mAja5EA,P8vu,cJvF,FzaX,Fon8hdx,oslk,bTV7qqc,LM8l689qOp,fKCe,RAYp,F2FyR07IdsN7I
0,483,7,368,180,225,56,186.64,0,0,0,0.6287118,9,56,14,63064,0,9912.42,5,4,8,24,87552,525,0,25380,0,1194280,85676,65,0,18,0,1180352,64,32070,0,0,HAoOj1KXzC,RO12,taul,1K8T,0Y9G,mfjR5DT,7vJz3tk,LyxK,9_Y1,jdbz,VpdQ,haYg,me75fM6ugJ,kIsH,uKAI,L84s,XfqtO3UdzaXh_,11p4mKe,FPOj,cJvF,qxDb,vh98iqZ,oslk,5R7Ty9x,LM8l689qOp,kwS7,RAYp,F2FyR07IdsN7I
0,931,7,460,184,230,112,166.56,0,0,0,6.773552,9,52,49,86824,0,12233.25,0,20,88,24,-26499.84,455,0,10143,0,381235,164372,170,0,9,56791,724560,38,71124,0,0,dRavyx7ejg,RO12,taul,1K8T,hM6W,ZBOJeCE,6uerj6GG35,PU3f,9_Y1,xSqs,VpdQ,hAFG,me75fM6ugJ,kIsH,uKAI,L84s,XfqtO3UdzaXh_,XTbPUYD,ZoZh,cJvF,FzaX,SppPaRp,oslk,kklH6zW,LM8l689qOp,szEZ,RAYp,F2FyR07IdsN7I
0,882,7,12,164,205,160,200,0,32322,0,1.621235,9,90,21,1849944,0,43871.4,15,4,32,32,54658,575,6,32220,0,681395,731874,450,0,9,746396,3116288,22,191622,0,0,wx50AqAqGL,RO12,taul,1K8T,PGNs,F0DwkuM,V6XUlxabJ4VaD,nyZz,9_Y1,RVjC,VpdQ,sYC_,me75fM6ugJ,kIsH,uKAI,L84s,NhsEn4L,beK4AFX,bru6,UYBR,FzaX,FmXv4zN,oslk,WJO2Oqu,LM8l689qOp,FSa2,RAYp,F2FyR07IdsN7I
0,28,0,0,12,15,24,66.88,0,0,0,6.117282,9,26,0,0,0,2641.5,0,0,0,0,1903.384,70,0,0,0,0,3700,0,0,0,0,7400,0,0,0,0,vNEvyxLp3Z,RO12,taul,1K8T,R4_H,_t7Mbg2,FsDMvLF,F99S,9_Y1,FbIm,09_Q,IYzP,me75fM6ugJ,kIsH,uKAI,L84s,NhsEn4L,mAjR0Ac,H0vE,cJvF,FzaX,uIoKu_a,oslk,j32r3XO,LM8l689qOp,xb3V,RAYp,F2FyR07IdsN7I
0,63,0,0,68,85,72,233.44,0,448782,0,5.375134,9,22,0,9676800,0,318120,0,2,24,16,-64785.6,165,6,0,0,275710,2636,0,0,9,0,7574920,8,3317214,0,0,oyGrjIXt5a,RO12,taul,1K8T,sKnY,JVFLDAi,zA2IZno2NK,ZBNx,9_Y1,xQ2A,VpdQ,zm5i,me75fM6ugJ,kIsH,uKAI,Mtgm,NhsEn4L,7WwuNea,gvA6,UYBR,FzaX,YTCRPlm,oslk,nXK9h3w,LM8l689qOp,5Acm,RAYp,F2FyR07IdsN7I
0,1330,7,256,244,305,216,166.56,0,0,0,5.455885,9,84,0,198496,0,40042.2,0,4,24,48,-105762,895,0,4500,0,1578120,456744,15,0,18,0,2378248,52,154524,0,0,75lq9ayfAo,RO12,taul,1K8T,hAOr,t1FzMzM,9YuYZx0Xsm,gzjv,9_Y1,F_Lu,VpdQ,lVqb,me75fM6ugJ,kIsH,uKAI,L84s,XfqtO3UdzaXh_,11p4mKe,AbMb,cJvF,FzaX,ue3lefp,oslk,E11cLGo,LM8l689qOp,TNEC,RAYp,F2FyR07IdsN7I
0,497,0,0,132,165,8,286.96,0,2433378,0,3.443922,9,28,0,4147200,0,201179.7,10,0,32,48,240273.2,495,36,0,0,7718300,36858,0,0,9,0,10635400,36,0,0,0,py5gUH7ejg,RO12,taul,1K8T,dm89,ho_bxgw,ciouBopk3_rhK,IOnb,9_Y1,DmlN,VpdQ,zm5i,me75fM6ugJ,kIsH,uKAI,L84s,NhsEn4L,mAjbk_S,9vx1mvZ,cJvF,FzaX,AvcOVQC,oslk,r757j0h,LM8l689qOp,w_Ub,RAYp,F2FyR07IdsN7I
0,763,7,3504,128,160,184,286.96,0,0,0,0.9465926,18,84,112,0,0,213580.2,0,16,32,0,657192,505,0,33309,0,203050,3801840,10560,0,18,2419200,10530920,2,4147200,0,0,1PnZptzip9,AERks4l,taul,1K8T,wGW5,PHNvXy8,76j2P_OLn0,N88q,9_Y1,t_4G,VpdQ,hAFG,NKv3VA1BpP,kIsH,uKAI,Mtgm,Ie_5MZs,OFqdri0,S_qz,cJvF,FzaX,UF16siJ,zCkv,APgdzOv,LM8l689qOp,Qu4f,6fzt,xwM2aC7IdeMC0
0,2282,7,556,1088,1360,384,286.96,0,7242120,0,5.632343,9,110,0,1633264,0,68453.09,40,42,192,424,211991.6,2830,126,73368,0,2071810,219876,210,0,27,452697,9722520,242,398688,0,0,LDPvyx7IEC,2Knk1KF,taul,1K8T,Bxva,PHNvXy8,Gai9lEF2Fr,h5AG,9_Y1,YGOC,VpdQ,haYg,NKv3VA1BpP,kIsH,uKAI,L84s,Ie_5MZs,teAjUwW,Isio,cJvF,FzaX,UF16siJ,zCkv,APgdzOv,LM8l689qOp,szEZ,6fzt,Zy3gnGM
0,525,0,0,244,305,160,166.56,0,942,0,2.803247,27,16,0,1590584,0,15734.67,0,16,80,96,190284.4,855,6,0,0,392075,369282,0,0,0,351589,2098860,40,376074,0,0,LDPq9ayfAo,RO12,taul,1K8T,PJLW,86dToXU,LJF4fPp,Tg3l,9_Y1,vm5R,VpdQ,IYzP,me75fM6ugJ,kIsH,uKAI,L84s,NhsEn4L,mAja5EA,QIxO,UYBR,FzaX,QMaRwBA,oslk,0D0gQ7h,LM8l689qOp,7P5s,RAYp,F2FyR07IdsN7I
0,889,14,2652,128,160,56,220.08,0,4384746,0,0.6425977,36,82,301,1382400,0,209058.3,20,6,32,16,202412,485,54,110277,0,2781905,1050950,2530,0,27,857745,10159960,14,1253610,0,0,dukmfo8zhV,RO12,taul,1K8T,QQSE,25Ax0bI,o5WT5gy7iu,70T2,9_Y1,wGwL,VpdQ,sYC_,me75fM6ugJ,kIsH,uKAI,Mtgm,NhsEn4L,beK4AFX,5R06,cJvF,FzaX,8c868SY,oslk,PQROEra,jySVZNlOJy,wX53,RAYp,F2FyR07IdsN7I
0,560,7,8,136,170,32,240.56,0,139224,0,3.453536,9,32,0,5529600,0,182185.8,0,0,32,64,184144.4,590,24,180,0,7533500,691200,10,0,9,604800,10266800,36,0,0,0,9rAq9at_88,RO12,taul,1K8T,0Xwj,SkIJ4lp,Gai9lEF2Fr,qqlk,F3hy,KfYH,09_Q,wMei,me75fM6ugJ,kIsH,g5HH,L84s,NhsEn4L,TDc4Td_,7mgE,cJvF,FzaX,wIf0IU9,oslk,atnQv5o,LM8l689qOp,me1d,RAYp,F2FyR07IdsN7I
0,483,7,2468,88,110,8,133.12,0,0,0,2.051057,9,192,294,24648,0,1232.226,0,0,0,40,-261.5716,335,0,10521,0,50290,1248,105,0,9,0,55052,32,0,0,0,a4vPe2fHUn,2Knk1KF,taul,1K8T,TyGl,fhk21Ss,BBhiudN5VdgIL,NPMY,9_Y1,mTeA,VpdQ,y6dw,7M47J5GA0pTYIFxg5uy,kIsH,uKAI,L84s,H4p93_uThXwSG,CWNAhVm,Juwm,UYBR,FzaX,4UxGlow,Al6ZaUT,catzS2D,LM8l689qOp,FSa2,ZI9m,iyHGyLCEkQ
0,1078,7,1428,148,185,72,270.8,0,2063658,0,3.279641,45,60,42,1285096,0,197583.9,30,4,32,24,132018.8,575,30,17244,0,4012675,1425716,2310,0,18,554442,10343280,24,950466,0,0,DQlgUH7IEC,RO12,taul,1K8T,USOt,DVqAQJk,_H1o1j_0IT,wNw1,9_Y1,m_h1,09_Q,43pnToF,me75fM6ugJ,kIsH,uKAI,Mtgm,NhsEn4L,mAjbk_S,ElCB,UYBR,FzaX,t0rm0jM,oslk,rUj52Lp,LM8l689qOp,WqMG,RAYp,F2FyR07IdsN7I
0,777,7,3480,120,150,104,461.76,5,4147200,0,6.241188,9,154,14,37624,0,226340.7,15,10,40,8,-9978.56,465,48,104904,8,0,2246400,2905,0,36,0,10041200,0,2592000,0,0,CxSr4RXktW,2Knk1KF,taul,1K8T,487l,fhk21Ss,q2tfFQq,Phiv,9_Y1,TFSW,VpdQ,hzlB,7M47J5GA0pTYIFxg5uy,kIsH,uKAI,L84s,Ie_5MZs,CWNY2py,uAgP,UYBR,FzaX,4UxGlow,zCkv,catzS2D,M_8D,Xa3G,ZI9m,TCU50_Yjmm6GIBZ0lL_
0,812,7,2380,140,175,48,133.12,0,642,0,3.541124,18,206,21,219240,0,5221.29,0,2,48,88,-17928.72,440,6,7884,0,105670,28622,165,0,18,53025,263376,32,17322,0,0,hSovyx7IEC,_7J0OGNN8s6gFzbM,CiJDdr4TQ0rGERIS,z3mO,Epqo,fhk21Ss,8Rta2LC,vdii,9_Y1,qaiO,VpdQ,y6dw,7M47J5GA0pTYIFxg5uy,kIsH,uKAI,L84s,MeOIHRG3F9,EknepHi,kwH0,cJvF,FzaX,4UxGlow,zCkv,catzS2D,LM8l689qOp,szEZ,ZI9m,ZeaF
0,826,14,2416,136,170,40,301.12,0,3326484,0,6.595599,27,82,140,2534464,0,218694.9,20,4,32,32,156004.4,530,42,39402,0,4788110,717174,2940,0,27,0,10650560,24,950424,0,0,a4v9tYsGvO,RO12,taul,z3mO,0Xwj,H5fu_5h,BBhiudN5VwCx3,rtvn,HLqf,YULl,VpdQ,sYC_,me75fM6ugJ,sBgB,uKAI,L84s,NhsEn4L,beK4AFX,fHEd,UYBR,FzaX,xtR45vq,oslk,LiU3odP,LM8l689qOp,FSa2,RAYp,F2FyR07IdsN7I
0,1449,14,308,132,165,24,381.12,0,5363034,0,3.011322,18,36,0,2604168,0,118639.2,30,0,32,32,141818.4,755,66,22410,0,3839765,383566,90,0,9,0,10532040,18,0,0,0,dTGmfo8zhV,RO12,taul,1K8T,AKN1,gRinF0C,Yi49a6G,6wK7,9_Y1,7pVf,VpdQ,zm5i,me75fM6ugJ,kIsH,7A3j,L84s,NhsEn4L,kZJaHc_,f4ku,cJvF,FzaX,SCnYWu3,oslk,WC7Esaq,LM8l689qOp,wX53,RAYp,F2FyR07IdsN7I
0,672,7,324,144,180,64,286.96,0,1813458,0,1.860073,36,192,161,4838400,0,201837.9,0,4,32,56,151151.2,530,24,8082,0,5372000,974548,60,0,27,0,10566080,30,1036800,0,0,AUUt0GoOh3,LrdZy8QqgUfkVShG,taul,1K8T,ssAy,fhk21Ss,bGUqwlz,D04C,9_Y1,MGOA,VpdQ,y6dw,7M47J5GA0pTYIFxg5uy,kIsH,uKAI,L84s,QsQAxv5,KqjecMy,vh7U,cJvF,FzaX,4UxGlow,QKW8DRm,catzS2D,LM8l689qOp,Qu4f,ZI9m,ib5G6X1eUxUn6
0,3332,7,1736,264,330,168,220,0,2837880,0,2.905149,18,144,0,1964768,0,31654.2,15,18,72,88,-417752,1110,72,6615,0,1516795,801918,2100,0,27,389795,6400800,20,218628,0,0,npOBcmzkzH,LrdZy8QqgUfkVShG,taul,1K8T,KqYs,fhk21Ss,wHfQYg4FYPyudCQ6,ieuq,9_Y1,4nnx,VpdQ,6JmL,7M47J5GA0pTYIFxg5uy,kIsH,uKAI,L84s,IZwBHOJhfS,OFqBvPq,kD5i,cJvF,FzaX,4UxGlow,zCkv,catzS2D,LM8l689qOp,Qcbd,ZI9m,ib5G6X1eUxUn6
0,3717,7,28,656,820,328,166.56,0,886938,0,6.430463,9,34,7,1037368,0,21594.3,55,46,232,232,-1095960,2080,114,32481,0,2042665,603698,200,0,0,381157,4589880,82,563190,0,0,64nWq69R_D,RO12,taul,z3mO,ssAy,6KF0k8W,ELRUn57,0wEL,9_Y1,Px52,VpdQ,IYzP,me75fM6ugJ,kIsH,uKAI,Mtgm,NhsEn4L,uZL60aU,di_0,UYBR,FzaX,ot6oLzk,oslk,IIvC99a,LM8l689qOp,PM2D,RAYp,F2FyR07IdsN7I
0,1736,14,2576,136,170,64,329.12,0,4381602,0,6.48323,18,174,119,3168176,0,101665.8,10,4,32,40,121151.6,555,60,51120,0,2772155,1267274,5665,0,27,1108856,10524680,14,950448,0,0,gOyvyx7ejg,2Knk1KF,I9xt3GDRhUK7p,1K8T,z32l,fhk21Ss,y4g9XoZ,VVNl,9_Y1,RcM7,VpdQ,kxE9,7M47J5GA0pTYIFxg5uy,kIsH,uKAI,L84s,TVE1uh4F_wOi_,CWNdri0,xS3O,cJvF,FzaX,4UxGlow,zCkv,catzS2D,LM8l689qOp,szEZ,ZI9m,iyHGyLCEkQ
0,1337,7,2184,160,200,40,223.44,0,7499640,0,5.601795,9,74,0,0,0,131684.7,35,6,40,0,166483.2,985,114,88938,0,686010,863640,2470,0,27,1209600,10573440,12,1555200,0,0,oUPBcmzkzH,RO12,taul,1K8T,487l,xziqMKD,IG_G867,mHE5,9_Y1,KubS,VpdQ,haYg,me75fM6ugJ,kIsH,uKAI,L84s,XfqtO3UdzaXh_,XTbPUYD,Nbly,cJvF,OFWH,KX868SY,oslk,Mkb2C8o,jySVZNlOJy,Qcbd,RAYp,F2FyR07IdsN7I
0,1330,0,0,432,540,112,322.64,0,604170,0,3.605426,9,80,0,289192,0,102937.2,35,38,136,8,-313206.4,1115,228,342,0,3016550,131212,0,0,18,92400,4130360,58,529380,0,0,M5vt0Gdc_a,RO12,taul,1K8T,NbV4,V2oexR5,Iibp4Nm3uQ,x68u,9_Y1,cyKH,sJzTlal,G_zk,DHn_WUyBhW_whjA88g9bvA64_,kIsH,g5HH,L84s,CrNX,AuSPDRg,IrHX,cJvF,FzaX,UjGpNvz,d0EEeJi,PRsUW3b,LM8l689qOp,me1d,nIGXDli,F2FyR07IdsN7I
0,5173,28,276,524,655,368,133.12,0,118740,0,1.929289,72,92,49,801432,0,4481.58,0,60,224,216,-31110,2085,66,1260,0,272670,206368,3140,0,18,252854,1318088,34,311010,0,0,TfiBcmzkzH,RO12,taul,1K8T,AHrt,Q9R7qwL,9YuuPSz3BI,YADB,9_Y1,rzbc,VpdQ,hAFG,me75fM6ugJ,kIsH,uKAI,L84s,XfqtO3UdzaXh_,XTbPUYD,T8l8,cJvF,OFWH,Zc06pd1,oslk,SiXzrB7,LM8l689qOp,Qcbd,RAYp,F2FyR07IdsN7I
0,763,7,212,148,185,16,429.28,0,6025260,0,0.7712027,9,136,280,1382400,0,183645,35,0,32,16,157660.4,545,72,83403,0,4255450,86868,1740,0,9,0,10565720,28,0,0,0,LDPq9ayfAo,2Knk1KF,taul,1K8T,z32l,47W4ewH,V4E_TU9097,OEXX,9_Y1,000J,09_Q,haYg,me75fM6ugJ,kIsH,uKAI,L84s,XfqtO3UdzaXh_,XTbPUYD,f8A5,UYBR,FzaX,Eu2Ow16,oslk,TRNQv5o,LM8l689qOp,7P5s,RAYp,55YFVY9
0,147,0,0,184,230,8,333.28,5,6155820,0,6.120487,9,14,0,744816,0,170669.1,30,6,48,96,100878,240,84,0,8,3855620,135216,0,0,0,554421,10575440,20,1138728,0,0,4e7gUH7IEC,RO12,taul,1K8T,USOt,UsS0iwa,GxcywEY,S9Xm,9_Y1,m_h1,VpdQ,IYzP,me75fM6ugJ,kIsH,uKAI,Mtgm,NhsEn4L,mAj3FSW,uIMq,UYBR,FzaX,UF1OtFs,oslk,O45qCcD,LM8l689qOp,WqMG,RAYp,F2FyR07IdsN7I
0,1218,0,8,312,390,96,295.92,0,8772120,0,6.44969,9,108,0,703472,0,138993.3,40,16,72,48,529716,910,126,3096,0,1760415,260372,0,0,9,86723,10556400,46,160050,0,0,m9SvyxLkBI,2Knk1KF,taul,1K8T,0Xwj,ka_ns41,Hz673939hSRjL,lVrQ,HLqf,FbIm,VpdQ,sYC_,me75fM6ugJ,sBgB,uKAI,L84s,NhsEn4L,beK4AFX,fpbg,UYBR,FzaX,1YVfGrO,oslk,fXVEsaq,M_8D,xb3V,RAYp,55YFVY9
0,336,7,0,40,50,32,166.56,0,0,0,0.7203589,9,58,0,0,0,5121.66,0,4,8,0,-424736,250,0,297,0,41335,12720,40,0,9,12523,70392,8,17826,0,0,dRavyx7ejg,RO12,taul,1K8T,dWQK,cJKfmkh,CdPgMY1Z52,H7X1,9_Y1,xSqs,VpdQ,sYC_,me75fM6ugJ,kIsH,uKAI,L84s,NhsEn4L,kq0n8Bj,u6a4,cJvF,AU8pNoi,HJNVoxc,oslk,qlCDnag,LM8l689qOp,szEZ,RAYp,F2FyR07IdsN7I
0,763,7,2484,224,280,56,133.12,0,0,0,0.07968383,9,124,448,103208,0,2684.358,0,8,32,128,111.1428,590,0,6597,0,122320,8188,3400,0,9,2450,170700,58,7296,0,0,xddq9ayfAo,2Knk1KF,taul,1K8T,487l,6SycSKu,qy25z0K,nxFi,9_Y1,QBpP,09_Q,hAFG,me75fM6ugJ,kIsH,uKAI,L84s,XfqtO3UdzaXh_,XTbPUYD,TsJP,cJvF,FzaX,vz9fSEp,oslk,CW6RDbC,LM8l689qOp,7P5s,RAYp,55YFVY9
0,1351,7,628,460,575,432,287.12,0,1174536,0,1.413587,9,82,119,414104,0,40084.8,10,14,96,72,-203491.2,1490,18,6453,8,3587495,262750,470,0,9,440622,5230880,80,283764,0,7,1qmr4RQxul,RO12,taul,1K8T,0Xwj,PccCPws,Gai9lEF2Fr,kJs5,HLqf,z5Ry,09_Q,kxE9,me75fM6ugJ,sBgB,uKAI,L84s,XfqtO3UdzaXh_,11p4mKe,GTnh,UYBR,FzaX,aoBY_02,oslk,aSuOEra,jySVZNlOJy,FSa2,RAYp,F2FyR07IdsN7I
0,763,7,32,176,220,40,133.12,0,0,0,4.603504,9,58,0,190792,0,3670.41,0,12,192,216,3711.856,395,0,32103,0,34620,18802,1100,0,0,142240,186612,12,38874,0,0,vAsvyx7ejg,RO12,taul,1K8T,hM6W,WkHngaa,MSmOHlx,YkxN,9_Y1,xSqs,VpdQ,IYzP,me75fM6ugJ,kIsH,uKAI,L84s,NhsEn4L,kq0FLbb,eHdu,cJvF,FzaX,gg7Y_02,oslk,tzhEVJ2,LM8l689qOp,szEZ,RAYp,F2FyR07IdsN7I
0,5278,7,1916,976,1220,400,166.56,0,483474,0,3.158086,27,64,63,1638688,0,11221.11,20,42,264,304,-33690.44,3965,126,39942,0,1286820,233234,2585,0,18,259917,3350520,220,263070,0,0,1GdOj1KXzC,RO12,taul,1K8T,xgSF,voXPV0c,9YuuPSz3BI,WLJj,9_Y1,jdbz,VpdQ,hAFG,me75fM6ugJ,kIsH,uKAI,L84s,XfqtO3UdzaXh_,11p4mKe,ZwYL,cJvF,FzaX,5Zxfc8E,oslk,7wLqhZX,LM8l689qOp,kwS7,RAYp,F2FyR07IdsN7I
0,322,0,0,164,205,128,250.64,0,4986474,0,3.157445,9,18,0,437672,0,85198.5,5,12,24,64,408416,660,18,0,0,169010,156082,0,0,0,0,4160720,14,216504,0,0,75lTmBtFkL,RO12,taul,1K8T,0Xwj,39Um6ec,I1sqWRxUAv,VkoA,HLqf,c2JP,VpdQ,IYzP,DHn_WUyBhW_whjA88g9bvA64_,sBgB,uKAI,L84s,CrNX,NGZ_12K,vc_V,cJvF,FzaX,Z6VwCIm,d0EEeJi,MPToCOD,LM8l689qOp,rgKb,02N6s8f,F2FyR07IdsN7I
0,35,0,0,20,25,8,186.64,0,0,0,6.491562,18,14,0,0,0,880320,15,0,0,0,6146.56,70,0,0,0,128210,1209600,0,0,0,0,9779360,2,0,0,0,dRavyx7ejg,RO12,taul,1K8T,0Xwj,G2zwXf5,bGUqwlz,tyay,F3hy,f4dr,VpdQ,IYzP,me75fM6ugJ,sBgB,uKAI,L84s,NhsEn4L,mAja5EA,FaHP,UYBR,FzaX,KhWfR8o,oslk,0MpQv5o,LM8l689qOp,szEZ,RAYp,F2FyR07IdsN7I
0,518,7,96,112,140,16,210,0,20598,0,6.96881,9,76,14,155480,0,3336.12,0,2,24,24,-24168.28,480,6,2322,0,291710,14464,765,0,9,23940,354784,42,1524,0,0,oUPBcmzkzH,RO12,taul,1K8T,0WHw,iJzviRg,r83_sZi,XqRY,9_Y1,EwzD,VpdQ,wMei,7M47J5GA0pTYIFxg5uy,sBgB,uKAI,L84s,4kVnq_T26xq1p,kZJ_MnG,4pJW,cJvF,FzaX,ch2oGfM,zCkv,P6pu4Vl,LM8l689qOp,Qcbd,ZI9m,R4y5gQQWY8OodqDV
0,3115,7,3808,368,460,168,220.08,0,2725770,0,3.719504,18,60,7,1843400,0,61271.4,30,44,80,48,154779.2,1050,78,35352,0,3007835,1370278,1270,0,0,60081,9932640,48,1507662,0,0,Ie5gUH7IEC,AERks4l,taul,1K8T,0Xwj,PHNvXy8,Ttt1Pf7,3mh4,F3hy,DmlN,VpdQ,IYzP,NKv3VA1BpP,kIsH,uKAI,L84s,Ie_5MZs,y5FEvJ5,VxdHlX9,cJvF,FzaX,UF16siJ,zCkv,APgdzOv,M_8D,w_Ub,6fzt,xwM2aC7IdeMC0
0,1645,14,340,300,375,64,200,0,121398,0,3.227729,18,82,21,524600,0,7525.92,10,8,48,120,-1712852,1035,24,15075,0,567545,60654,3795,0,0,0,1362008,84,4500,0,0,vAsvyx7ejg,RO12,taul,1K8T,7M9D,jlzcpQc,77iN0JezpF,tyay,9_Y1,f4dr,09_Q,IYzP,me75fM6ugJ,kIsH,uKAI,Mtgm,NhsEn4L,mAjbk_S,FaHP,UYBR,FzaX,OgVfql_,oslk,BXGzrB7,LM8l689qOp,szEZ,RAYp,F2FyR07IdsN7I
0,91,0,0,76,95,8,186.64,0,2045478,0,1.47853,9,14,0,4999816,0,254580.6,5,2,24,32,-164752.4,175,18,0,0,2906910,672618,0,0,0,4000360,8637440,18,1638048,0,0,5_lq9aXt5a,RO12,taul,1K8T,TLkP,gRirkF8,wLOHP_YhcL,vWkf,9_Y1,6TCl,09_Q,IYzP,me75fM6ugJ,kIsH,uKAI,L84s,NhsEn4L,mAja5EA,0gtL,cJvF,FzaX,vcuv48t,oslk,OTXAgOW,LM8l689qOp,uWr3,RAYp,F2FyR07IdsN7I
0,2303,7,60,184,230,72,176.56,0,0,0,3.883785,18,108,0,3083424,0,29955.9,5,4,56,88,459604,575,0,10980,0,5487600,140716,1615,0,18,262031,6362880,46,219954,0,0,1KSr4RK2Mx,2Knk1KF,taul,1K8T,JLbT,vfNGyn_,k10MzgT,oQ0L,9_Y1,DtNL,VpdQ,hAFG,me75fM6ugJ,kIsH,uKAI,L84s,XfqtO3UdzaXh_,XTbPUYD,nM47,UYBR,FzaX,Xei0nTz,oslk,4sF7qqc,LM8l689qOp,FSa2,RAYp,55YFVY9
0,280,7,12,116,145,0,223.44,0,0,0,3.061953,9,142,7,14216,0,15335.01,0,0,0,8,67319.6,410,0,27,0,470455,0,40,0,9,0,383472,56,0,0,0,tr0gUH7ejg,GpoBynXzkxADI7bZBtqvX2IPV5t7o2QCPE,taul,1K8T,TyGl,G_1Muhr,Tg7jjBB,irEM,9_Y1,m_h1,VpdQ,haYg,GjJ35utlTa_GNSvxxpb9ju,kIsH,uKAI,L84s,UbxQ8lZ,ORMRote,BIXf,UYBR,OFWH,urwPuZ6,Al6ZaUT,IsUufMw,M_8D,WqMG,02N6s8f,iyHGyLCEkQ
0,567,14,76,136,170,112,166.56,0,2276376,0,4.964965,27,34,56,156280,0,184124.7,10,14,40,16,34963.72,170,36,12924,0,249695,2419200,150,0,0,0,9573760,6,3628800,0,0,Yn7t0Go8Lb,AERks4l,taul,1K8T,ssAy,Tz1t4gC,IRt2GzX,GgCV,9_Y1,rGJy,09_Q,IYzP,GjJ35utlTa_GNSvxxpb9ju,kIsH,uKAI,L84s,JBfYVit4g8,TDctq2l,eAWe,UYBR,FzaX,UGoFyVq,Al6ZaUT,Bw_NSJM,LM8l689qOp,Qu4f,02N6s8f,xwM2aC7IdeMC0
0,833,7,128,128,160,8,289.68,0,4665642,0,1.493057,9,54,56,2764848,0,216441.6,25,0,32,32,-93375.6,490,54,25272,0,5616150,30046,2730,0,0,0,10773880,26,0,0,0,8Iqt0G8rTN,RO12,taul,1K8T,2Ix5,4rXn9NE,NW71gM15FR,agam,9_Y1,e7QV,VpdQ,IYzP,me75fM6ugJ,kIsH,uKAI,Mtgm,NhsEn4L,kq0n8Bj,HEX_,UYBR,FzaX,dqL8hdx,oslk,MnYAKIt,jySVZNlOJy,fKCe,RAYp,F2FyR07IdsN7I
0,1974,7,0,652,815,256,233.44,0,159816,0,4.37727,9,76,0,163664,0,7019.37,20,14,64,104,14430.16,2055,120,3033,0,1119080,103888,35,0,9,9338,1330356,174,47796,0,0,oBXrjIQq3d,RO12,taul,1K8T,iJ4u,kJ1JA2C,MV4DUjA,P9KQ,9_Y1,RVjC,VpdQ,lVqb,me75fM6ugJ,kIsH,uKAI,L84s,XfqtO3UdzaXh_,XTbPUYD,4a9J,UYBR,FzaX,MMTv4zN,oslk,GfSQowC,LM8l689qOp,FSa2,RAYp,F2FyR07IdsN7I
0,1183,7,340,124,155,0,220.08,0,0,0,6.799402,9,72,280,6220800,0,51145.5,0,0,32,72,202763.2,310,0,70407,0,9504000,0,1575,0,9,0,10713600,44,0,0,0,Qu0TmBQZiT,RO12,taul,1K8T,PGNs,sByYfhR,76j2P_OLn0,DSAx,9_Y1,TjV7,VpdQ,43pnToF,me75fM6ugJ,kIsH,uKAI,L84s,NhsEn4L,mAja5EA,E3av,UYBR,FzaX,jbW3slO,oslk,hCeC7lX,LM8l689qOp,FSa2,RAYp,F2FyR07IdsN7I
0,1708,7,8320,204,255,56,286.96,0,1522044,0,2.040803,9,86,434,4517792,0,104856.9,15,2,40,96,133738.4,765,24,34353,0,7921000,157056,2185,0,9,0,10666160,48,88746,0,0,75lTmBtFkL,RO12,taul,1K8T,lK27,b9lODwF,itSGh3t,7OaB,9_Y1,c2JP,VpdQ,IYzP,me75fM6ugJ,kIsH,uKAI,L84s,NhsEn4L,mAjbk_S,FUMw,cJvF,FzaX,gboeT2p,oslk,LnLaK89,LM8l689qOp,rgKb,RAYp,F2FyR07IdsN7I
0,1757,7,76,364,455,224,166.56,0,16680,0,4.834865,9,54,0,1251440,0,21685.59,0,20,72,104,121464.8,1625,12,1656,0,1876680,585894,280,0,0,311549,3761172,76,676800,0,0,1YVvyx7IEC,RO12,taul,1K8T,487l,b4AnqNs,Pkku4gO,tyQn,9_Y1,RcM7,VpdQ,IYzP,me75fM6ugJ,kIsH,uKAI,L84s,NhsEn4L,TDceha3,ZmtI,UYBR,FzaX,8c8Ku_a,oslk,OyG9qc9,LM8l689qOp,szEZ,RAYp,F2FyR07IdsN7I
0,777,14,700,28,35,8,253.52,0,3894666,0,6.241188,18,30,7,0,0,209045.7,15,0,24,0,197478,290,12,1764,0,1757975,75432,415,0,9,0,11411280,2,0,0,0,GcUt0G8rTN,RO12,taul,1K8T,2Ix5,B884X3H,bGUqwlz,7ioK,9_Y1,e7QV,VpdQ,IYzP,me75fM6ugJ,kIsH,uKAI,Mtgm,NhsEn4L,NGZXfGp,EHsf,UYBR,FzaX,Fon8hdx,oslk,bTV7qqc,LM8l689qOp,fKCe,RAYp,F2FyR07IdsN7I
0,525,21,128,124,155,0,186.64,0,7257600,0,1.215339,27,40,0,2719552,0,194503.2,25,0,32,32,82336,415,84,60264,0,3456000,0,2950,0,9,0,10552120,16,0,0,0,tr0rEyXktW,RO12,taul,1K8T,fhwd,T7cp9gW,FoJylxy,YMPo,9_Y1,SkZj,VpdQ,zm5i,me75fM6ugJ,kIsH,uKAI,L84s,NhsEn4L,mAjbk_S,Xzba,UYBR,FzaX,9Hi6hzI,oslk,93cqqb8,jySVZNlOJy,Aoh3,RAYp,F2FyR07IdsN7I
0,1932,0,168,132,165,80,166.56,0,9468,0,5.786584,9,154,0,66712,0,10973.22,0,4,8,48,-1202124,995,6,16443,0,98165,38160,0,0,27,0,203836,28,13974,0,0,1GdOj1KXzC,2Knk1KF,taul,1K8T,ZNsX,_gMnuwV,hOpMh7dRpW,U_8b,9_Y1,jdbz,sJzTlal,haYg,me75fM6ugJ,kIsH,uKAI,Mtgm,XfqtO3UdzaXh_,_JdcICD,NwRz,UYBR,FzaX,CBA87dl,oslk,TX2AGfT,LM8l689qOp,kwS7,RAYp,TCU50_Yjmm6GIBZ0lL_
0,630,0,36,32,40,8,286.96,0,0,0,6.451186,9,148,0,0,0,273282.9,15,2,16,0,-339294,185,0,199215,0,818620,1131722,0,0,18,0,8032680,6,3234,0,0,oBXq9ayfAo,2Knk1KF,taul,1K8T,R4_H,7z8V8VT,PAsv0xf,rlx_,9_Y1,F_Lu,09_Q,hAFG,me75fM6ugJ,kIsH,uKAI,L84s,XfqtO3UdzaXh_,XTbPUYD,TddH,UYBR,FzaX,h72fSEp,oslk,e7bTQlu,LM8l689qOp,TNEC,RAYp,55YFVY9
0,427,14,3080,32,40,16,200,0,3292968,0,6.579363,27,64,7,142632,0,318585,5,0,16,8,79037.6,80,12,4635,0,2024620,991564,1075,0,9,124803,7566640,4,0,0,0,Y3tqrQKzJV,RO12,taul,1K8T,AnrR,NUXZNDF,NfN9Bz6HFx,ZsAu,9_Y1,15m3,VpdQ,IYzP,me75fM6ugJ,kIsH,uKAI,L84s,NhsEn4L,mAjbk_S,h1l9,UYBR,FzaX,ALC3PT5,oslk,LsdxH6H,jySVZNlOJy,FSa2,RAYp,F2FyR07IdsN7I
0,812,7,36,136,170,56,253.52,0,3801822,0,4.437513,9,38,0,2534544,0,228844.8,20,4,40,32,185088.4,510,48,14868,0,3243115,1108864,110,0,9,554435,10514960,18,950448,0,0,eOQgUHShse,RO12,taul,1K8T,TyGl,B9C_VFS,nQUHwv83X4,Mx5G,9_Y1,RVjC,sJzTlal,zm5i,me75fM6ugJ,kIsH,uKAI,L84s,NhsEn4L,mAjbk_S,9haV,UYBR,FzaX,ylC3DH0,oslk,kiBhOcm,LM8l689qOp,FSa2,RAYp,F2FyR07IdsN7I
0,1309,0,0,432,540,136,166.56,0,8012220,0,5.007904,18,28,0,984008,0,81314.09,45,22,128,224,248078,1370,120,0,0,1793190,296140,0,0,0,393526,10522760,46,886980,0,0,6VLvyx7IEC,RO12,taul,1K8T,dWQK,eYPcFZv,Tg7jjBB,q69B,9_Y1,xSqs,VpdQ,IYzP,me75fM6ugJ,kIsH,uKAI,L84s,NhsEn4L,mAja5EA,5jFL,cJvF,FzaX,95rRJ5l,oslk,aQw6TM2,LM8l689qOp,szEZ,RAYp,F2FyR07IdsN7I
0,1057,7,136,144,180,16,166.56,0,4836570,0,4.219825,9,64,42,1675560,0,123601.8,25,2,32,32,-21768.44,615,60,4149,0,4736740,120376,175,0,0,0,9839040,28,143952,0,0,FAJWq69cTy,RO12,taul,1K8T,ssAy,0Vr7wZ4,XpZBOej,D1Er,9_Y1,Px52,VpdQ,IYzP,Kxdu,kIsH,uKAI,L84s,FMSzZ91zL2,TDcEYQ6,WxAt,UYBR,FzaX,XbZitea,zCkv,DHPNgqU,LM8l689qOp,PM2D,6fzt,JnGLH58smNxIYcGK39k
0,3143,7,1084,260,325,112,0,0,3055140,0,5.577868,9,34,14,4023768,3,47450.1,15,6,40,64,1737728,2195,48,225,8,6528450,219124,870,0,0,43029,10666520,58,138252,0,0,dRagUHXM47,AERks4l,taul,1K8T,h3JW,RJLwXf5,_jTP8ioIlJ,oR0A,9_Y1,LqKm,VpdQ,IYzP,GjJ35utlTa_GNSvxxpb9ju,kIsH,uKAI,L84s,JBfYVit4g8,TDctq2l,HHqM,cJvF,FzaX,ifW_67M,Al6ZaUT,2deVLoM,LM8l689qOp,453m,02N6s8f,xwM2aC7IdeMC0
0,245,0,0,196,245,64,323.92,5,4180932,0,2.708609,9,16,0,1267232,0,136968.6,20,8,32,16,110893.6,730,66,0,8,2897335,1108948,0,0,0,554414,10455120,40,1900848,0,0,T1hBcmzkzH,RO12,taul,1K8T,TyGl,w9kwuGt,vW6mSEW,vwCR,9_Y1,WGOH,09_Q,IYzP,me75fM6ugJ,kIsH,uKAI,L84s,NhsEn4L,kZJyVg2,oMOZ,cJvF,FzaX,K9Bfc8E,oslk,017QQMs,LM8l689qOp,Qcbd,RAYp,F2FyR07IdsN7I
0,7,0,0,16,20,0,166.56,0,0,0,6.174749,9,14,0,0,0,1195254,0,0,0,0,18726.72,50,0,0,0,12096000,0,0,0,0,0,9676800,8,0,0,0,E3dr4RQxul,RO12,taul,1K8T,JLbT,CCtTn7V,PaagavI,9BLB,9_Y1,z5Ry,sJzTlal,IYzP,me75fM6ugJ,kIsH,uKAI,L84s,NhsEn4L,mAja5EA,cNcr,UYBR,FzaX,5Zx3Kho,oslk,SPyOJ79,LM8l689qOp,FSa2,RAYp,F2FyR07IdsN7I
0,623,7,1176,56,70,8,166.56,0,0,0,6.108951,18,126,14,0,0,14329.77,0,4,16,0,-4788.84,255,0,9531,0,112675,11490,850,0,27,7966,122820,22,14550,0,0,1KSr4RK2Mx,2Knk1KF,taul,1K8T,TyGl,0v27GMk,glRBFJT8NN,ApjS,9_Y1,DtNL,VpdQ,hAFG,me75fM6ugJ,kIsH,uKAI,L84s,XfqtO3UdzaXh_,OFqmdNV,6Y4u,UYBR,FzaX,YBh0nTz,oslk,J_tzF_Q,LM8l689qOp,FSa2,RAYp,55YFVY9
0,1827,7,2284,172,215,64,253.52,0,4822938,0,0.4526811,9,154,14,616704,0,71629.5,35,8,72,24,141454,1570,78,18360,0,1732335,1349084,1370,0,27,210287,10414880,16,1275222,0,0,Qu0r4RKzJV,2Knk1KF,taul,1K8T,PGNs,LJSr6D8,IbcsUQk,Vp67,9_Y1,DtNL,VpdQ,haYg,me75fM6ugJ,kIsH,uKAI,L84s,XfqtO3UdzaXh_,XTbPUYD,jWzL,cJvF,qxDb,4My0FxM,oslk,7UtED8N,LM8l689qOp,FSa2,RAYp,TCU50_Yjmm6GIBZ0lL_
0,791,7,384,132,165,16,258.4,0,5572470,0,6.794488,9,172,280,3456000,0,221949.9,20,0,32,40,157152.8,515,66,720,0,4639985,23092,135,0,18,0,10580880,22,0,0,0,vAsgUHXM47,2Knk1KF,taul,1K8T,lK27,fhk21Ss,Ba1KYcE,qyCs,9_Y1,LqKm,VpdQ,giwq,7M47J5GA0pTYIFxg5uy,kIsH,uKAI,L84s,E1aAZ0x7vd,OFqVH0t,4_kv,UYBR,qxDb,4UxGlow,QKW8DRm,catzS2D,LM8l689qOp,453m,ZI9m,ib5G6X1eUxUn6
0,1596,0,0,24,30,8,153.2,0,0,0,2.667806,9,82,0,1016,0,6829.32,0,0,0,8,-31683.44,815,0,4248,0,22995,506,0,0,9,0,19916,8,0,0,0,ZSNrjIX0Db,RO12,taul,1K8T,dTod,GRl7qwL,N0A0NE0,MB3D,9_Y1,xQ2A,09_Q,6JmL,me75fM6ugJ,kIsH,uKAI,L84s,XfqtO3UdzaXh_,y5FELEt,gvA6,UYBR,FzaX,xDj6pd1,oslk,VQZzrB7,LM8l689qOp,5Acm,RAYp,F2FyR07IdsN7I
0,84,7,8,40,50,0,166.56,0,0,0,2.069857,9,38,0,21288,0,3679.8,0,0,0,56,-8880.84,80,0,657,0,17440,0,10,0,9,0,24596,6,0,0,0,HrWq9aXt5a,RO12,taul,1K8T,Uk76,dRqgqKR,fzYu9l3,nTtg,9_Y1,Y9Bl,09_Q,sYC_,me75fM6ugJ,kIsH,uKAI,L84s,NhsEn4L,mAjR0Ac,ZANc,UYBR,FzaX,PXbv1FD,oslk,2Yrz_Kt,LM8l689qOp,uWr3,RAYp,F2FyR07IdsN7I
0,21,0,0,80,100,48,310.24,0,2171610,0,5.511216,9,12,0,1258136,3,168969.9,10,0,16,8,68452,100,18,0,24,356695,96332,0,0,0,1100869,4505880,16,0,0,14,ypNt0Go8Lb,e6CkoqApVR,taul,1K8T,TyGl,9GJGgoz,_jTP8ioIlJ,b54S,9_Y1,MGOA,VpdQ,IYzP,Kxdu,kIsH,uKAI,L84s,FMSzZ91zL2,kq0IHVu,uYYI,cJvF,FzaX,Tvpip6Z,zCkv,hHJsvbM,LM8l689qOp,Qu4f,6fzt,F2FcTt7IdMT_v
0,1463,7,564,276,345,48,186.64,0,2991852,0,1.415082,9,36,42,3138040,3,7843.8,35,6,64,80,-345522,930,84,22797,8,1878490,103628,7580,0,27,824145,6173480,58,259290,0,0,m9SvyxLkBI,RO12,taul,1K8T,GYbZ,a4DGW5V,q2tfFQq,_9ol,9_Y1,FbIm,VpdQ,IYzP,DHn_WUyBhW_whjA88g9bvA64_,kIsH,uKAI,L84s,CrNX,NGZ_12K,H4an,UYBR,FzaX,srG3Dfm,d0EEeJi,77ylB55,jySVZNlOJy,xb3V,nIGXDli,F2FyR07IdsN7I
0,413,7,176,20,25,16,420.96,0,3628800,0,6.275369,9,30,168,0,0,245553.9,5,0,8,0,-91607.2,165,6,396,0,1177975,2419200,340,0,18,0,9088440,2,0,0,0,J9Vr4RQZiT,RO12,taul,1K8T,EJC9,xRePyOH,IMbnnzlLVO,9tuc,9_Y1,mTeA,sJzTlal,IYzP,me75fM6ugJ,kIsH,uKAI,L84s,NhsEn4L,mAjbk_S,k1WY,UYBR,FzaX,jE90Azj,oslk,QhgRt72,LM8l689qOp,FSa2,RAYp,F2FyR07IdsN7I
0,2429,7,420,28,35,24,220.08,0,0,0,3.148045,9,34,28,6776,0,37164,0,2,32,24,-903052,305,0,42588,0,0,518400,2770,0,9,0,1385788,0,518400,0,0,2AAWq69R_D,RO12,taul,1K8T,ssAy,uoZk2Zj,bGUqwlz,0V01,9_Y1,Px52,VpdQ,zm5i,me75fM6ugJ,kIsH,uKAI,L84s,NhsEn4L,kZJtVhC,9_gc,cJvF,FzaX,ylCK5YS,oslk,e4lqvY0,LM8l689qOp,PM2D,RAYp,F2FyR07IdsN7I
0,721,0,0,196,245,80,200,0,6349380,0,1.043153,9,26,0,2175576,0,133125.3,10,12,24,40,-9910.56,765,96,0,0,2393915,240048,0,0,0,0,8497200,20,351408,0,0,6m0t0G8rTN,RO12,taul,1K8T,JLbT,cmPnuwV,oI3dOfoZBD,8A2d,9_Y1,k13i,09_Q,IYzP,me75fM6ugJ,kIsH,uKAI,L84s,NhsEn4L,mAja5EA,M0Ix,UYBR,FzaX,efg87dl,oslk,_JxAGfT,LM8l689qOp,fKCe,RAYp,F2FyR07IdsN7I
0,1519,7,8,136,170,32,286.96,0,742878,0,4.688742,9,88,7,4838400,0,102971.4,10,0,32,56,86104.4,520,24,3456,8,7126550,555664,10,0,18,0,10418200,34,0,0,7,1YVvyx7IEC,RO12,taul,1K8T,FgS1,J7Knr2P,o64y9zI,iMPo,9_Y1,RcM7,VpdQ,43pnToF,me75fM6ugJ,kIsH,uKAI,L84s,NhsEn4L,mAjbk_S,YKnZ,UYBR,FzaX,Fpzfql_,oslk,mfC2Oqu,LM8l689qOp,szEZ,RAYp,F2FyR07IdsN7I
0,791,7,2524,144,180,64,166.56,0,71502,0,5.066012,9,148,0,22144,0,2308.026,0,8,32,40,-21716.72,455,66,77625,0,29930,10074,2025,0,45,0,118640,16,23712,0,0,75lTmBtFkL,2Knk1KF,taul,1K8T,lK27,nLJVdmm,1kxr72C,SOkz,9_Y1,C6Eu,VpdQ,6JmL,me75fM6ugJ,kIsH,uKAI,L84s,XfqtO3UdzaXh_,XTbPUYD,qLRt,UYBR,FzaX,sy7fR8o,oslk,QPHTy9x,LM8l689qOp,rgKb,RAYp,55YFVY9
0,1687,28,3816,204,255,224,220.08,0,6048,0,3.67806,54,76,168,200616,0,9661.561,5,16,40,80,-173360.8,745,12,5787,0,42005,266020,6405,0,27,112259,821920,4,219546,0,0,GcUt0G8rTN,RO12,taul,1K8T,2Ix5,F0DSdMg,VqnbMThC8i,xklo,9_Y1,e7QV,sJzTlal,69fI,me75fM6ugJ,kIsH,uKAI,L84s,XfqtO3UdzaXh_,11p4mKe,p2M1,UYBR,FzaX,1Fq88FJ,oslk,XByOEra,LM8l689qOp,fKCe,RAYp,F2FyR07IdsN7I
0,1358,14,144,116,145,56,265.76,0,774906,0,0.9386883,18,152,0,0,6,92596.8,10,10,24,0,-232727.6,580,18,53955,16,4410765,1725538,295,0,27,0,9142920,24,1519524,0,0,64nWq69R_D,g62hiBSaKg,taul,1K8T,0Xwj,fhk21Ss,I1sqWRxUAv,Fxzz,HLqf,Px52,VpdQ,haYg,7M47J5GA0pTYIFxg5uy,sBgB,uKAI,L84s,XfqtO3UdzaXh_,XTbPUYD,QFXd,UYBR,FzaX,4UxGlow,oslk,catzS2D,LM8l689qOp,PM2D,ZI9m,ib5G6X1eUxUn6
0,2730,7,4756,432,540,280,166.56,0,576,0,0.62978,9,70,105,684304,0,6177.36,5,30,104,176,60122.8,1540,6,11799,0,338220,252084,860,0,9,97237,1223372,68,150138,0,0,uUdt0G8EIb,eSGpMwS8zSGgq_trOpckZ5,taul,1K8T,YmZp,b9P4Eny,76jk_MXMyd,UuL_,9_Y1,e7QV,VpdQ,sYC_,GjJ35utlTa_GNSvxxpb9ju,kIsH,uKAI,L84s,DmYOBF5GfjJxb,uZLJBR1,d3pI,UYBR,FzaX,4Uxtvnz,Al6ZaUT,iwd4IB0,LM8l689qOp,fKCe,02N6s8f,R4y5gQQWY8OodqDV
0,1547,14,176,40,50,16,463.2,0,0,0,3.078829,18,64,21,1382400,0,93654.3,0,0,8,16,-741532,410,0,558,8,1957990,7900,240,6,0,0,2273392,12,0,0,0,mzKvyx8zhV,RO12,taul,1K8T,pGTb,wppdCrr,truNmwM_O14sKdstn_K,sbhw,9_Y1,MBhA,09_Q,IYzP,me75fM6ugJ,kIsH,uKAI,L84s,NhsEn4L,TDceha3,5smi,UYBR,FzaX,7JxoOXS,oslk,3ykshbG,LM8l689qOp,WqMG,RAYp,F2FyR07IdsN7I
0,469,0,0,136,170,32,220.08,0,6107460,0,1.182012,9,26,0,1254224,0,214550.1,25,4,32,16,86533.6,570,78,0,0,2405470,676810,0,0,18,492646,10395960,16,1036800,0,0,Ie5gUH7IEC,RO12,taul,1K8T,7ALb,UsS0iwa,fXexTA9,5OV_,9_Y1,m_h1,VpdQ,zm5i,me75fM6ugJ,kIsH,uKAI,Mtgm,NhsEn4L,mAja5EA,GbiX,UYBR,FzaX,UF1OtFs,oslk,O45qCcD,LM8l689qOp,WqMG,RAYp,F2FyR07IdsN7I
0,791,7,3228,136,170,40,306.48,0,5227356,0,2.97821,9,158,238,404128,0,213656.4,40,0,32,8,102981.2,560,66,34047,0,3392030,739780,4315,0,27,0,10414680,18,0,0,0,E3dr4RQxul,2Knk1KF,taul,1K8T,yMvB,vHHY4q6,HKFGqS8,eJPt,9_Y1,z5Ry,sJzTlal,hAFG,me75fM6ugJ,kIsH,uKAI,L84s,XfqtO3UdzaXh_,XTbPUYD,lSf_,UYBR,FzaX,R4hm94s,oslk,oSyMpgG,LM8l689qOp,FSa2,RAYp,TCU50_Yjmm6GIBZ0lL_
0,714,7,136,124,155,0,186.64,0,2344284,0,1.283486,9,40,14,4147200,3,229220.4,10,0,32,48,24148.84,500,30,216,8,7776000,0,185,0,9,0,10548480,36,0,0,0,DQlrEyXXnK,RO12,taul,1K8T,YFAj,iXH8HPr,NFeIdppttuZ9yxh1,Osk9,9_Y1,SkZj,VpdQ,zm5i,me75fM6ugJ,kIsH,uKAI,L84s,NhsEn4L,NGZxnJM,gJp0,UYBR,FzaX,TIBmS85,oslk,eu1AaaM,LM8l689qOp,Aoh3,RAYp,F2FyR07IdsN7I
0,609,7,2220,48,60,24,300.72,5,13272540,0,5.567827,18,94,105,2941536,0,227532.6,0,0,8,8,372202.8,420,48,35658,16,0,4678,4465,0,18,2573844,10328480,0,0,0,7,vAsTmBfHUn,RO12,taul,1K8T,LFM_,65yJUS7,hCdK,B_mN,9_Y1,4N0K,VpdQ,sYC_,me75fM6ugJ,kIsH,uKAI,Mtgm,NhsEn4L,beK4AFX,oAZr,UYBR,FzaX,qcEvOIl,oslk,INp7j0h,jySVZNlOJy,Qu4f,RAYp,F2FyR07IdsN7I
0,1204,7,428,200,250,136,274.08,0,477942,0,3.330271,9,48,0,651360,0,93362.7,5,14,48,24,-536960,770,18,7371,0,2193070,1229862,1410,0,0,1068893,5978480,38,1610190,0,0,HAoOj1KXzC,RO12,taul,1K8T,ZNsX,2aYMQeW,_03xtaMIkk68B,VeZb,9_Y1,jdbz,VpdQ,IYzP,DHn_WUyBhW_whjA88g9bvA64_,kIsH,uKAI,L84s,CrNX,mAjbq_f,AWny,cJvF,FzaX,6VJ7k0_,d0EEeJi,aLp7nTQ,LM8l689qOp,kwS7,nIGXDli,F2FyR07IdsN7I
0,1085,7,24,192,240,80,133.12,0,37194,0,2.882931,9,60,0,1583816,0,40751.4,0,8,64,72,122383.6,695,6,1161,0,3277000,221012,20,0,0,351372,4081120,48,301176,0,0,dRaq9ayE15,RO12,taul,1K8T,lK27,Fnlw8DQ,I1sqWRxUAv,LAvZ,9_Y1,vm5R,sJzTlal,IYzP,me75fM6ugJ,kIsH,uKAI,L84s,NhsEn4L,mAjbk_S,8OSE,cJvF,FzaX,wIfAM23,oslk,dwbKSUK,LM8l689qOp,7P5s,RAYp,F2FyR07IdsN7I
0,791,7,84,132,165,16,320.4,0,9312780,0,5.770989,9,54,21,0,0,216189.3,45,0,32,0,126723.2,515,114,10224,0,763930,345600,60,0,9,0,10621280,6,0,0,0,1GdOj1KXzC,RO12,taul,1K8T,0Y9G,N455JqQ,WN2wUb0T0UKRa,knUC,9_Y1,jdbz,09_Q,Tkho,me75fM6ugJ,kIsH,uKAI,L84s,NhsEn4L,kq0n8Bj,YOBH,UYBR,FzaX,gfM8XLE,oslk,knDz20V,LM8l689qOp,kwS7,RAYp,F2FyR07IdsN7I
0,5579,14,2300,364,455,248,233.44,0,484548,0,0.02520829,18,138,0,1438696,0,9166.38,10,16,120,168,40993.2,2940,72,8379,0,740180,388592,1530,0,36,275380,2664624,34,257886,0,0,wRXmfo875g,2Knk1KF,taul,1K8T,lK27,fhk21Ss,msIFlLyI91,ezLV,9_Y1,gnEy,VpdQ,hzlB,7M47J5GA0pTYIFxg5uy,kIsH,uKAI,Mtgm,E1aAZ0x7vd,pMWz16o,PB6z,cJvF,qxDb,4UxGlow,QKW8DRm,catzS2D,LM8l689qOp,3Cy4,ZI9m,ib5G6X1eUxUn6
0,406,7,32,188,235,48,166.56,0,0,0,3.374706,9,110,77,13104,3,8987.79,0,10,24,8,29438.84,520,0,24129,16,358320,24538,1350,0,0,40383,394092,70,77712,0,7,Yn7t0Go8Lb,2Knk1KF,taul,1K8T,G6s_,8RVBmIU,P9HTde2,IpEj,9_Y1,MGOA,VpdQ,IYzP,me75fM6ugJ,kIsH,uKAI,L84s,NhsEn4L,beK4AFX,d6mF,UYBR,FzaX,HlomS85,oslk,MMuldxq,LM8l689qOp,Qu4f,RAYp,55YFVY9
0,560,0,0,208,260,88,253.52,0,7934880,0,4.410596,9,16,0,1659488,3,71998.2,30,2,40,48,9095.28,1275,108,0,16,1399735,587560,0,0,0,728525,10616000,20,475224,0,7,LDPgUHXZeb,RO12,taul,1K8T,h3JW,PFW3ud5,k10MzgT,szHs,9_Y1,STGZ,VpdQ,IYzP,me75fM6ugJ,kIsH,uKAI,L84s,NhsEn4L,NGZxnJM,wCEI,cJvF,FzaX,OVz6pd1,oslk,AT9E4Qn,LM8l689qOp,453m,RAYp,F2FyR07IdsN7I
0,2072,14,3024,352,440,184,233.44,0,3827310,0,0.3853877,18,86,231,4208720,0,85957.2,10,12,40,56,138654.4,1685,144,139365,0,5585050,237156,22425,0,9,28105,10037880,52,553986,0,0,DHegUHXZeb,RO12,taul,1K8T,xgSF,9aJo7aV,yFUiudN5VL6tw,AgVB,9_Y1,LqKm,VpdQ,sYC_,DHn_WUyBhW_whjA88g9bvA64_,kIsH,uKAI,L84s,CrNX,kZJigPo,wAtz,cJvF,FzaX,YTCE3jb,d0EEeJi,55QdJOM,jySVZNlOJy,453m,nIGXDli,F2FyR07IdsN7I
0,1393,7,2552,188,235,104,166.56,0,1431522,0,5.955993,18,114,35,1441344,0,85831.8,5,6,40,48,-1060592,695,30,43407,0,2633675,844662,4330,0,9,1024590,6019160,38,767844,0,0,51rt0G8rTN,2Knk1KF,taul,1K8T,sZmP,mgrg0iR,FoJylxy,lBH5,9_Y1,k13i,VpdQ,wMei,me75fM6ugJ,kIsH,uKAI,Mtgm,h0lfDKh52u4GP,IoI4mKe,LiV4,UYBR,FzaX,68RDGtr,oslk,HCuodIn,LM8l689qOp,fKCe,RAYp,55YFVY9
0,1568,0,196,312,390,184,166.56,0,215928,0,3.194403,9,58,0,156696,0,23661.57,10,12,40,64,-90775.2,1225,78,15615,0,877590,522198,0,0,9,228662,2466648,52,661614,0,0,etYt0G8EIb,RO12,taul,1K8T,2Ix5,q9gARMl,dQF2OgQzup,KBdR,9_Y1,k13i,VpdQ,IYzP,me75fM6ugJ,kIsH,uKAI,L84s,NhsEn4L,mAjcfkM,alQY,UYBR,FzaX,zQ_4jrS,oslk,3L2y2B0,LM8l689qOp,fKCe,RAYp,F2FyR07IdsN7I
0,1624,14,1676,212,265,176,299.92,0,312,0,5.193548,27,74,14,321616,9,44174.7,25,18,40,32,-21091,1120,6,16983,40,694455,921306,435,0,9,1001392,3901524,24,1885626,0,14,qXhvyxLp3Z,eSGpMwS8zSGgq_trOpckZ5,taul,1K8T,Xa_z,R8P4jEC,byFNzV_,wElB,9_Y1,FbIm,VpdQ,hAFG,GjJ35utlTa_GNSvxxpb9ju,kIsH,uKAI,L84s,UbxQ8lZ,ORMRote,RJuf,UYBR,FzaX,ZnoC0Tt,Al6ZaUT,DXc3T2a,LM8l689qOp,xb3V,02N6s8f,R4y5gQQWY8OodqDV
0,1428,7,1176,356,445,208,220.48,0,218076,0,2.563555,9,124,168,279992,0,15295.44,25,8,104,88,-194782,450,78,51669,8,266465,102960,7745,0,0,134498,937728,60,292986,0,7,vNEOj1dtN_,2Knk1KF,taul,1K8T,lK27,UsSY9Q6,76j2P_OLn0,jKAR,9_Y1,DFSe,VpdQ,IYzP,me75fM6ugJ,kIsH,g5HH,L84s,XfqtO3UdzaXh_,XTbPUYD,tvJS,cJvF,qxDb,UF10FxM,oslk,BlJqCcD,jySVZNlOJy,me1d,RAYp,55YFVY9
0,1183,7,2880,216,270,88,200,0,0,0,2.747276,9,84,637,232624,0,5690.94,0,4,56,96,-433524,1245,0,15372,0,353295,66648,145,0,9,38115,556136,58,35838,0,0,DHeq9ayfAo,RO12,taul,1K8T,aD1X,z8FO0dd,6YQCfes,l0SA,9_Y1,QBpP,sJzTlal,haYg,me75fM6ugJ,kIsH,uKAI,L84s,XfqtO3UdzaXh_,XTbPUYD,wGBY,cJvF,FzaX,ZoXfR8o,oslk,IKPOtEt,LM8l689qOp,7P5s,RAYp,F2FyR07IdsN7I
0,1631,0,0,132,165,8,220.08,0,5881584,0,3.082034,9,96,0,2589488,0,18902.85,25,4,40,40,-286989.2,690,72,3456,0,2809860,51180,0,0,9,604800,9213080,16,96906,0,0,vNEvyxLp3Z,RO12,taul,1K8T,lK27,_t7Mbg2,nQUveAzAF7,eRfW,9_Y1,_r21,VpdQ,6JmL,me75fM6ugJ,kIsH,uKAI,L84s,XfqtO3UdzaXh_,XTb10lF,f6ki,cJvF,AU8_WTd,uIoKu_a,oslk,j32r3XO,jySVZNlOJy,xb3V,RAYp,F2FyR07IdsN7I
0,1274,14,3024,232,290,88,234.72,0,1389930,0,4.94467,18,46,7,3095112,0,112199.4,25,6,56,80,394720,690,72,7803,0,5586650,924934,9590,0,18,303730,10157360,34,701742,0,0,HYTrjIK12c,RO12,taul,1K8T,YVv3,BMnJ89M,zA2IZno2NK,mauT,9_Y1,7WNq,VpdQ,IYzP,me75fM6ugJ,kIsH,uKAI,L84s,NhsEn4L,kZJtVhC,RTJq,cJvF,FzaX,8d5YWu3,oslk,sXbT3Cb,LM8l689qOp,WqMG,RAYp,F2FyR07IdsN7I
0,693,7,404,124,155,176,223.44,0,45930,0,6.122196,9,32,42,0,0,227227.2,0,16,32,0,81816.4,490,6,32436,0,0,3801600,630,0,9,2419200,10398640,0,4147200,0,0,YddrjIQ5Ph,RO12,taul,1K8T,kNzO,f_orkF8,q2tfFQq,kWfE,9_Y1,RVjC,VpdQ,zm5i,me75fM6ugJ,kIsH,uKAI,L84s,NhsEn4L,kZJtVhC,4a9J,UYBR,FzaX,tHIv48t,oslk,WCNAgOW,jySVZNlOJy,FSa2,RAYp,F2FyR07IdsN7I
0,280,0,0,88,110,16,220.08,0,6890220,0,0.09741508,9,18,0,2628816,0,237781.5,25,0,32,32,180188.8,480,36,0,0,3070240,217582,0,0,9,0,10591640,10,0,0,0,vAsvyx7ejg,RO12,taul,1K8T,0Xwj,tGK44U8,HKFGqS8,et0n,HLqf,qaiO,09_Q,zm5i,me75fM6ugJ,sBgB,uKAI,L84s,NhsEn4L,mAja5EA,FbT7,UYBR,FzaX,_Pu9sBz,oslk,5il6P29,LM8l689qOp,szEZ,RAYp,F2FyR07IdsN7I
0,56,0,0,128,160,56,353.68,0,2541912,0,2.021577,9,14,0,1177520,0,216503.1,10,8,32,16,-5142.16,160,42,0,0,3685605,1040446,0,0,0,1030330,9237480,20,1987272,0,0,eOQgUHShse,RO12,taul,1K8T,Bxva,WkHrLeh,gG7Uh_O5Ag,Mx5G,9_Y1,RVjC,sJzTlal,IYzP,me75fM6ugJ,kIsH,uKAI,L84s,NhsEn4L,kq0ncmx,9haV,UYBR,FzaX,MPav4zN,oslk,kEYAGfT,LM8l689qOp,FSa2,RAYp,F2FyR07IdsN7I
0,931,7,1356,40,50,24,186.64,0,950454,0,2.576373,9,72,168,8346640,0,171644.4,5,0,16,24,300080,400,12,100359,0,3024000,675806,825,0,27,59262,9694320,2,0,0,0,g5dmfo875g,RO12,taul,1K8T,FPxv,cwyCreM,lL9c3pxXdL,IoAF,9_Y1,Ew1Q,VpdQ,hAFG,me75fM6ugJ,kIsH,uKAI,L84s,XfqtO3UdzaXh_,11p4mKe,_Gpq,UYBR,FzaX,stpDZvv,oslk,1bwwFs9,LM8l689qOp,wX53,RAYp,F2FyR07IdsN7I
0,1393,7,1544,144,180,32,166.56,0,914874,0,3.55266,9,62,77,91840,0,34121.4,30,6,72,32,-1533660,930,96,62478,0,145880,129842,2980,0,0,0,1431188,6,214314,0,0,8I1TmBtueT,RO12,taul,1K8T,ZNsX,4e3k2Zj,YmZmFZu,ztbK,9_Y1,47ra,VpdQ,IYzP,me75fM6ugJ,kIsH,uKAI,Mtgm,NhsEn4L,mAja5EA,BdSA,cJvF,FzaX,IGMAWQ7,oslk,XCFTE6Y,LM8l689qOp,rgKb,RAYp,F2FyR07IdsN7I
0,1393,28,3064,560,700,240,176.56,5,27048,0,5.954925,45,50,161,2464784,0,51967.5,5,28,80,152,46342,1360,24,1071,8,3223600,674092,2575,0,18,906780,5460840,144,379758,0,0,dRagUHXM47,RO12,taul,1K8T,rXTS,_RmnZSn,nQU2P_OLn0,PlUZ,9_Y1,8BBI,VpdQ,69fI,me75fM6ugJ,kIsH,uKAI,L84s,XfqtO3UdzaXh_,11p4mKe,sIh3,cJvF,FzaX,dRiNT4W,oslk,4XQyovK,jySVZNlOJy,453m,RAYp,F2FyR07IdsN7I
0,1204,35,600,408,510,208,518.48,0,3761502,0,3.569536,63,48,21,634704,9,78287.09,45,0,48,168,-689572,1245,78,23787,24,2270035,268874,6050,0,9,0,7565320,66,0,0,0,1KSqrQK2Mx,RO12,taul,1K8T,487l,7kA47iP,WUWoZ7C,J3UK,9_Y1,15m3,09_Q,IYzP,me75fM6ugJ,kIsH,uKAI,L84s,NhsEn4L,TDcECyH,MATH,UYBR,FzaX,7CPQ2YB,oslk,hxsKvPi,LM8l689qOp,FSa2,RAYp,F2FyR07IdsN7I
0,3332,7,92,744,930,608,429.12,0,0,9,5.029267,9,72,7,569120,3,9568.11,0,36,184,360,-61046,2875,0,34218,16,373260,231526,920,0,9,145173,1144768,94,147822,0,0,NESt0G8EIb,RO12,taul,1K8T,0Xwj,gwY4NQF,UnPVrhYT1Y,9Ywd,HLqf,e7QV,sJzTlal,sYC_,me75fM6ugJ,sBgB,uKAI,L84s,NhsEn4L,y5FCfxT,VK0Z,UYBR,OFWH,t5EoLzk,oslk,ag5iNPX,LM8l689qOp,fKCe,RAYp,F2FyR07IdsN7I
0,0,0,0,16,20,8,209.68,5,3628800,0,2.585131,18,14,0,0,0,1064274,0,0,0,0,6838,45,6,0,8,6048000,601942,0,0,0,0,8461480,4,0,0,0,C2Dvyx875g,RO12,taul,1K8T,ujBx,31DgrxB,UnPEkD6Pex,EGIK,9_Y1,QMes,09_Q,IYzP,me75fM6ugJ,kIsH,uKAI,L84s,NhsEn4L,mAja5EA,OJkH,UYBR,FzaX,SkQOhQy,oslk,DJMEsaq,LM8l689qOp,WqMG,RAYp,F2FyR07IdsN7I
0,70,0,0,112,140,0,233.36,0,311904,0,4.047426,9,16,0,4147200,0,207950.1,0,0,24,48,-58330,245,12,0,0,8008100,0,0,0,0,0,8688000,40,0,0,0,tr0rEyXktW,RO12,taul,1K8T,487l,OnikTQ1,Hz6CKEGgV0Vbb,mAEA,9_Y1,SkZj,09_Q,IYzP,me75fM6ugJ,kIsH,uKAI,L84s,NhsEn4L,kZJtVhC,aINY,UYBR,FzaX,O30mFX7,oslk,IhKskzO,LM8l689qOp,Aoh3,RAYp,F2FyR07IdsN7I
0,3178,7,2784,148,185,40,253.52,0,5898750,0,1.972442,9,56,14,2934448,0,42034.5,20,0,32,56,158760,600,72,1431,0,2969035,653408,675,0,27,0,10375320,18,0,0,0,oBXTmBtFkL,RO12,taul,1K8T,hAOr,X7nM3I9,_UtlxbJ,Cdxs,9_Y1,47ra,VpdQ,itlM,me75fM6ugJ,kIsH,uKAI,Mtgm,XfqtO3UdzaXh_,11p4mKe,wLXy,UYBR,FzaX,RnYQ_Zs,oslk,4Iey5oW,LM8l689qOp,rgKb,RAYp,F2FyR07IdsN7I
0,2499,7,2036,436,545,304,166.56,0,0,0,4.990814,9,224,147,190592,0,10731.54,5,20,160,128,112779.6,1725,0,24660,0,1706260,71256,2620,0,27,69370,2004144,88,48312,0,0,0vimfo8zhV,NRCqczK,CiJDdr4TQ0rGERIS,1K8T,JLbT,fhk21Ss,V_KR_LD,JNfC,9_Y1,iZJp,VpdQ,y6dw,7M47J5GA0pTYIFxg5uy,kIsH,uKAI,L84s,MeOIHRG3F9,LQciOXI,WSMT,cJvF,FzaX,4UxGlow,zCkv,catzS2D,LM8l689qOp,3Cy4,ZI9m,NoEd
0,1134,7,1172,204,255,104,166.56,0,2648700,0,6.125401,9,34,1484,670912,0,99503.09,25,8,56,64,91513.6,750,54,21600,0,2178980,1636724,990,0,0,0,9284080,24,1442652,0,0,GcUt0G8rTN,RO12,taul,1K8T,Uk76,LrukueW,LJF4fPp,NvGS,9_Y1,k13i,VpdQ,IYzP,me75fM6ugJ,kIsH,uKAI,L84s,NhsEn4L,uZL60aU,WVOn,UYBR,FzaX,meW8iqZ,oslk,1VXQv5o,LM8l689qOp,fKCe,RAYp,F2FyR07IdsN7I
0,742,7,192,100,125,24,193.28,0,0,0,6.240974,18,56,0,313600,0,90912,5,8,56,40,111649.6,415,0,2313,0,819035,190876,345,0,9,95235,1658692,24,576348,0,0,EsYq9aX0Db,eSGpMwS8zSGgq_trOpckZ5,taul,1K8T,OTVu,sjdASYT,yXa3HtI,1bhW,9_Y1,Y9Bl,09_Q,6JmL,GjJ35utlTa_GNSvxxpb9ju,kIsH,uKAI,L84s,UbxQ8lZ,ORMRote,evU9,cJvF,FzaX,a_gSYVh,Al6ZaUT,oSypZje,LM8l689qOp,uWr3,02N6s8f,R4y5gQQWY8OodqDV
0,728,7,3568,128,160,8,220.08,0,57966,0,5.127537,9,152,343,4838400,0,209513.7,0,0,32,56,65426,510,18,22833,0,9012950,111858,75,0,45,1814400,9891920,42,0,0,0,vAsvyx7ejg,2Knk1KF,taul,1K8T,FgS1,J7Knr2P,tru3GNC3u14shA_jA7L,iMPo,9_Y1,RcM7,09_Q,haYg,me75fM6ugJ,kIsH,uKAI,Mtgm,XfqtO3UdzaXh_,_JdcICD,YKnZ,UYBR,FzaX,Fpzfql_,oslk,mfC2Oqu,LM8l689qOp,szEZ,RAYp,55YFVY9
0,938,14,536,132,165,160,328.48,0,170304,0,4.1536,18,40,119,281968,0,175753.8,0,14,24,16,16208.44,700,6,49203,0,323260,3445680,4060,0,9,1209600,9576360,6,3257784,0,0,gE8Wq6edh4,RO12,taul,1K8T,AHgj,LnrlJRo,r83_sZi,FoZY,9_Y1,_xpN,VpdQ,zm5i,me75fM6ugJ,kIsH,uKAI,L84s,NhsEn4L,mAjbk_S,G9tf,UYBR,FzaX,TVjYWu3,oslk,MU1qI2t,LM8l689qOp,FSa2,RAYp,F2FyR07IdsN7I
0,252,0,0,92,115,24,220.08,5,2376132,0,0.9901731,9,20,0,1751224,0,227706.3,15,2,24,24,-197301.2,480,30,0,8,5796150,475226,0,0,9,423465,9314360,16,475230,0,0,a4v9tYsGvO,RO12,taul,1K8T,0Xwj,MN_dFkQ,Tg7jjBB,ZNIX,HLqf,YULl,VpdQ,IYzP,DHn_WUyBhW_whjA88g9bvA64_,sBgB,uKAI,L84s,CrNX,y5FU_7t,qQof,UYBR,FzaX,cfcpNvz,d0EEeJi,KnypVAO,LM8l689qOp,FSa2,nIGXDli,F2FyR07IdsN7I
0,5425,28,5716,28,35,16,187.76,0,3628800,0,6.371288,54,194,1183,0,0,18987.18,0,4,8,0,156656.8,395,6,19557,0,1842500,1406154,7435,0,45,0,9370800,4,3997944,0,0,1KSr4RK2Mx,g62hiBSaKg,taul,1K8T,0Xwj,fhk21Ss,yEFIHeU,yfpF,HLqf,DtNL,VpdQ,y6dw,7M47J5GA0pTYIFxg5uy,sBgB,uKAI,L84s,QsQAxv5,KqjecMy,BY9S,UYBR,FzaX,4UxGlow,QKW8DRm,catzS2D,LM8l689qOp,FSa2,ZI9m,ib5G6X1eUxUn6
0,98,7,2428,132,165,72,253.52,0,6130620,0,6.553728,18,108,315,1279736,0,162519.9,20,6,40,24,-116389.6,210,72,17055,0,686035,1430998,30,0,18,0,10264920,4,1117122,0,0,BQa9tYsdof,2Knk1KF,taul,1K8T,WkTj,PHNvXy8,vW6mSEW,3UB4,9_Y1,YULl,09_Q,sYC_,NKv3VA1BpP,kIsH,uKAI,L84s,Ie_5MZs,ORMZZWh,P_G6,cJvF,FzaX,UF16siJ,zCkv,APgdzOv,LM8l689qOp,FSa2,6fzt,Zy3gnGM
0,798,14,5044,136,170,40,340.48,0,4469676,0,6.785302,36,220,21,1900920,0,221323.5,20,6,32,24,110993.2,520,60,39636,0,3424370,792070,165,0,36,554435,10471640,18,1425690,0,0,Qu0r4RKzJV,AERks4l,CiJDdr4TQ0rGERIS,1K8T,JLbT,fhk21Ss,9YuYZx0Xsm,IPea,9_Y1,DtNL,VpdQ,haYg,7M47J5GA0pTYIFxg5uy,kIsH,uKAI,L84s,ZtujLmj9uJdIkLfg,y5FG8XI,qJKz,UYBR,FzaX,4UxGlow,QKW8DRm,catzS2D,M_8D,FSa2,ZI9m,NoEd
0,259,7,1620,128,160,0,220.08,0,846,0,2.445204,9,84,91,8592,0,2121.141,0,0,8,32,-627.716,430,6,3861,0,73600,0,130,0,0,0,63740,54,0,0,0,zC_Wq6e2Rv,RO12,taul,1K8T,TyGl,r6oXgvp,ThrnFOQ,Omgy,9_Y1,_xpN,09_Q,IYzP,me75fM6ugJ,kIsH,uKAI,L84s,NhsEn4L,beK4AFX,EUu7,UYBR,FzaX,8UAYE38,oslk,rJxz_Kt,LM8l689qOp,FSa2,RAYp,F2FyR07IdsN7I
0,504,7,1192,80,100,56,166.56,0,0,0,1.671224,18,60,63,301480,0,19589.01,0,2,16,24,31763,300,0,2745,0,464070,55522,275,0,9,252280,636728,18,5532,0,0,puvq9aX0Db,RO12,taul,1K8T,JLbT,kJ1ERUT,FoJylxy,TAfE,9_Y1,Y9Bl,VpdQ,wMei,7M47J5GA0pTYIFxg5uy,kIsH,uKAI,L84s,leSl,CWNHJ27,SYOk,UYBR,FzaX,MMTJrCp,QKW8DRm,Rkj9jvX,LM8l689qOp,uWr3,vJ_w8kB,WfJ2BB2SFSqauljlfOB
0,735,7,9952,140,175,176,166.56,0,48396,0,0.3490707,36,176,119,0,0,212649.6,0,16,32,0,183513.6,485,6,4221,0,5835,3793120,140,0,18,2419200,10388000,8,4147200,0,0,639r4RK2Mx,AERks4l,taul,1K8T,TyGl,fhk21Ss,V6XUlxabJ4VaD,M4Oj,9_Y1,DtNL,VpdQ,hAFG,7M47J5GA0pTYIFxg5uy,kIsH,uKAI,L84s,XfqtO3UdzaXh_,_JdH8mF,KLhH,cJvF,FzaX,4UxGlow,oslk,catzS2D,jySVZNlOJy,FSa2,ZI9m,ib5G6X1eUxUn6
0,777,7,96,128,160,0,186.64,0,10800000,0,0.7235633,9,80,7,7704,0,219183.3,40,0,32,8,103671.2,510,126,43164,0,175935,0,645,0,27,0,10075400,4,0,0,0,yIjq9aX0Db,RO12,taul,1K8T,nCqp,dRqgqKR,5uYKnBN5VuRkJ,nTtg,9_Y1,Y9Bl,VpdQ,giwq,me75fM6ugJ,kIsH,uKAI,L84s,h0lfDKh52u4GP,IoI4mKe,ZANc,UYBR,FzaX,PXbv1FD,oslk,2Yrz_Kt,LM8l689qOp,uWr3,RAYp,F2FyR07IdsN7I
0,735,7,1188,136,170,24,253.52,0,2851626,0,3.858364,9,60,84,3974832,0,228237.6,10,2,32,48,114529.2,505,36,44550,0,6212250,475478,2175,0,0,554736,10601240,32,237294,0,0,AKDr4RXktW,RO12,ev6I,1K8T,PGNs,FJDupBg,ELRUn57,AItK,9_Y1,TFSW,VpdQ,IYzP,7M47J5GA0pTYIFxg5uy,kIsH,uKAI,L84s,E1aAZ0x7vd,beKMbmK,FjrU,cJvF,FzaX,OYHoGfM,QKW8DRm,RlTh9x_,jySVZNlOJy,Xa3G,vJ_w8kB,WfJYmPMksSqa1pajvfG
0,931,14,840,216,270,40,424.64,0,5775150,0,1.884213,18,64,0,2202688,0,190017.3,30,20,80,32,158227.6,675,90,999,0,4080700,275964,260,0,9,789341,10667280,28,1320438,0,0,m9SvyxLkBI,RO12,taul,1K8T,TyGl,f_onF0C,wLOHP_YhcL,j4x1,9_Y1,_r21,09_Q,43pnToF,me75fM6ugJ,kIsH,uKAI,L84s,NhsEn4L,mAjbk_S,ImvH,cJvF,FzaX,8_rYWu3,oslk,rT1Esaq,LM8l689qOp,xb3V,RAYp,F2FyR07IdsN7I
0,1421,14,1820,272,340,104,166.56,0,1534944,0,2.527238,27,74,14,3028784,0,67061.09,25,10,56,88,96118.8,900,54,12438,0,6910500,306806,12130,0,0,339458,10093880,50,795204,0,0,dTGmfo8zhV,RO12,taul,1K8T,ssAy,inNvHAP,CdPgMY1Z52,J38u,9_Y1,wGwL,VpdQ,IYzP,me75fM6ugJ,kIsH,uKAI,L84s,NhsEn4L,TDceha3,Q3wX,cJvF,FzaX,_amoI0_,oslk,ZFsMjkj,jySVZNlOJy,wX53,RAYp,F2FyR07IdsN7I
0,1414,14,3588,516,645,256,166.56,0,51882,0,0.4405042,18,190,574,974744,0,41163,20,14,160,168,-29772,1245,24,20439,0,1814110,327834,900,0,54,186249,2828036,122,255144,0,0,xOXTmBtFkL,g62hiBSaKg,taul,1K8T,4fje,fhk21Ss,0IWZqtp,cd6W,9_Y1,47ra,VpdQ,y6dw,7M47J5GA0pTYIFxg5uy,kIsH,uKAI,L84s,4kVnq_T26xq1p,CWNi0ob,9kd9,cJvF,FzaX,4UxGlow,zCkv,catzS2D,LM8l689qOp,rgKb,ZI9m,ib5G6X1eUxUn6
0,735,7,116,224,280,168,230.08,0,0,0,3.979491,18,34,105,125632,0,6433.95,0,6,80,128,20475.28,545,0,63,0,191780,74650,615,0,9,99281,383912,32,27558,0,0,tr0rEyXktW,RO12,taul,1K8T,YFAj,I0Kp6vu,r83_sZi,taKF,9_Y1,SkZj,VpdQ,43pnToF,me75fM6ugJ,kIsH,uKAI,L84s,NhsEn4L,mAjbk_S,aINY,UYBR,FzaX,3t16s0w,oslk,4htqjwa,LM8l689qOp,Aoh3,RAYp,F2FyR07IdsN7I
0,91,0,0,36,45,0,186.64,5,0,0,4.210853,9,16,0,0,0,275422.8,5,0,0,0,-80053.6,280,0,0,8,11338200,0,0,0,0,0,9120800,16,0,0,0,npOBcmzkzH,RO12,taul,1K8T,tXti,coSu1hQ,pbNgbi2,Xoh1,9_Y1,WGOH,VpdQ,IYzP,me75fM6ugJ,kIsH,uKAI,L84s,NhsEn4L,TDcwKda,rdgs,UYBR,FzaX,x6S871e,oslk,v_KPLfR,LM8l689qOp,Qcbd,RAYp,F2FyR07IdsN7I
0,1484,7,256,248,310,200,166.56,0,13296,0,5.032899,9,66,42,468872,0,7475.13,5,20,72,88,74085.6,800,12,17793,0,103185,166928,1135,0,0,104839,751800,26,118236,0,0,AUUt0GoOh3,RO12,taul,1K8T,0Xwj,6LkJ26Z,Cy0RhGn,Hfs5,HLqf,rGJy,VpdQ,IYzP,me75fM6ugJ,sBgB,uKAI,L84s,NhsEn4L,mAjbk_S,EH3H,cJvF,FzaX,OTguLpj,oslk,lv86Kfh,LM8l689qOp,Qu4f,RAYp,F2FyR07IdsN7I
0,602,7,452,152,190,16,166.56,0,0,0,6.375561,9,178,0,613144,0,29963.88,0,2,24,56,55536,630,0,42390,0,1207310,3828,10,0,27,264418,1283012,56,4404,0,0,DHeq9ayfAo,bYmQ4nc,taul,1K8T,3PdN,fhk21Ss,2TwXCiT,5uIy,9_Y1,kJJ7,VpdQ,y6dw,7M47J5GA0pTYIFxg5uy,kIsH,uKAI,L84s,4kVnq_T26xq1p,ORMkI2z,S9AY,cJvF,FzaX,4UxGlow,zCkv,catzS2D,LM8l689qOp,7P5s,ZI9m,ib5G6X1eUxUn6
0,2450,21,1316,156,195,48,184.8,0,2641170,0,2.632771,36,56,224,1777304,0,40303.8,20,10,56,48,216518.4,430,30,24291,0,2115460,230680,1795,0,9,575288,6569280,26,575628,0,0,51rt0G8rTN,RO12,taul,1K8T,487l,BaLg0iR,bGUqwlz,Ztar,9_Y1,k13i,VpdQ,IYzP,me75fM6ugJ,kIsH,uKAI,L84s,NhsEn4L,mAjbk_S,fL6b,UYBR,FzaX,6XEDGtr,oslk,bSgodIn,jySVZNlOJy,fKCe,RAYp,F2FyR07IdsN7I
0,560,7,32,136,170,8,253.52,0,11362920,0,1.431745,9,30,7,0,0,226120.5,45,0,32,0,150095.6,480,138,42858,0,900,42140,25,0,0,0,10770680,2,0,0,0,tr0Wq69cTy,RO12,taul,1K8T,ssAy,vLtMhNR,glRBFJT8NN,9emW,9_Y1,0A_v,VpdQ,IYzP,me75fM6ugJ,kIsH,uKAI,L84s,NhsEn4L,mAjbk_S,YxDZ,UYBR,FzaX,ie38iqZ,oslk,35GRt2K,LM8l689qOp,PM2D,RAYp,F2FyR07IdsN7I
0,21,0,0,28,35,0,552.4,0,2073672,0,3.701132,9,14,0,0,0,148514.1,0,6,24,0,-824264,35,24,0,0,0,0,0,0,0,6447,1386132,0,5526,0,0,qFpmfo8zhV,RO12,taul,1K8T,ssAy,pNV_5rr,KO10Jlp,qpm5,9_Y1,7pVf,VpdQ,IYzP,me75fM6ugJ,kIsH,uKAI,Mtgm,NhsEn4L,kq06Fec,DoSd,cJvF,FzaX,tS138SL,oslk,N98hcb8,LM8l689qOp,wX53,RAYp,F2FyR07IdsN7I
0,483,0,0,132,165,48,220.08,0,4139994,0,3.715232,9,24,0,2764800,0,178058.1,10,4,32,32,94435.2,515,54,0,0,3671130,1036800,0,0,9,604800,10535320,20,1036800,0,0,HYTrjIK12c,RO12,taul,1K8T,487l,2BY_6Iq,BBhiudN5VdgIL,qbvZ,9_Y1,7WNq,VpdQ,zm5i,DHn_WUyBhW_whjA88g9bvA64_,kIsH,uKAI,L84s,CrNX,y5FewfI,ejsS,UYBR,FzaX,3YkcOku,d0EEeJi,7bhyLgb,LM8l689qOp,WqMG,nIGXDli,F2FyR07IdsN7I
0,581,7,220,52,65,48,166.56,0,28080,0,1.530442,9,86,0,209968,0,10195.89,0,6,8,16,46400.8,215,6,114615,0,9920,66916,570,0,9,0,342084,2,114918,0,0,oBXTmBtFkL,RO12,taul,1K8T,wOc1,au1CPws,Z8ZAV8jDl3,et5n,9_Y1,c2JP,VpdQ,sYC_,me75fM6ugJ,kIsH,uKAI,L84s,NhsEn4L,kq0aHkC,pv4R,UYBR,AU8_WTd,_PxY_02,oslk,r7xOEra,jySVZNlOJy,rgKb,RAYp,F2FyR07IdsN7I
0,1169,7,2672,124,155,32,341.04,0,856158,0,0.5838496,18,68,203,208912,0,22438.47,20,4,24,40,34356.56,605,96,22824,0,0,161182,1770,0,0,53284,1520524,0,241104,0,0,25_t0Gdncc,RO12,taul,1K8T,0Xwj,SY4EQZQ,FhJkDiJcKC,Bp6l,HLqf,cyKH,VpdQ,IYzP,me75fM6ugJ,sBgB,g5HH,L84s,NhsEn4L,mAjk2hr,bCpn,cJvF,FzaX,vU6NT4W,oslk,Oh06Kfh,LM8l689qOp,me1d,RAYp,F2FyR07IdsN7I
0,3073,7,456,140,175,32,253.52,0,2717364,0,0.5206153,9,136,7,1267288,0,78929.41,20,10,32,16,115680,535,36,12447,0,4915745,633640,1555,0,27,1108877,10250440,28,2376156,0,0,0vimfo8zhV,2Knk1KF,taul,1K8T,QQSE,PHNvXy8,n2YfB05aPZ,VQgc,9_Y1,7pVf,VpdQ,itlM,NKv3VA1BpP,kIsH,uKAI,L84s,Ie_5MZs,CWNY2py,ti2F,cJvF,FzaX,UF16siJ,zCkv,APgdzOv,LM8l689qOp,wX53,6fzt,Zy3gnGM
0,399,7,400,116,145,48,331.04,0,613926,0,3.10126,27,50,49,270488,0,11196.87,20,0,24,32,-201695.6,565,66,92205,0,211845,57972,755,0,0,112168,885084,8,0,0,0,O8Zr4Rdc_a,RO12,taul,1K8T,4fje,GYqMgvV,n2YfB05aPZ,poJj,9_Y1,em8I,09_Q,IYzP,me75fM6ugJ,kIsH,g5HH,L84s,NhsEn4L,mAjk2hr,ipbg,cJvF,FzaX,Z6VDnJ7,oslk,Bzj0Joi,LM8l689qOp,me1d,RAYp,F2FyR07IdsN7I
0,1743,7,1240,248,310,96,233.44,0,3810,0,4.43965,18,100,21,482048,0,10094.97,0,24,72,56,-1343472,1125,6,13230,0,1051855,159460,830,0,9,268870,1781012,60,565566,0,0,JMGq9aXt5a,RO12,taul,1K8T,Uk76,pt5nqNs,V6XUlxabJ4VaD,Y47A,9_Y1,Y9Bl,VpdQ,6JmL,me75fM6ugJ,kIsH,uKAI,Mtgm,XfqtO3UdzaXh_,11p4mKe,BCds,UYBR,FzaX,1Fqm0jM,oslk,6NrDSFl,LM8l689qOp,uWr3,RAYp,F2FyR07IdsN7I
0,812,7,192,124,155,0,253.52,0,8294400,0,5.296518,18,76,7,1382400,0,194902.8,35,0,32,16,148668.8,425,96,16416,0,2367030,0,50,0,9,0,10533640,12,0,0,0,v0Nt0Go8Lb,RO12,taul,1K8T,AHgj,kJ1ERUT,etM739XNbCmUu,gqB4,9_Y1,rGJy,VpdQ,hAFG,7M47J5GA0pTYIFxg5uy,kIsH,uKAI,L84s,leSl,teA09W3,5mMR,UYBR,FzaX,MMTJrCp,QKW8DRm,Rkj9jvX,LM8l689qOp,Qu4f,vJ_w8kB,WfJ2BB2SFSqauljlfOB
0,1764,7,284,144,180,56,253.52,0,5286396,0,3.960052,9,126,0,1382400,0,101307,25,4,32,16,195510.4,530,66,3285,0,2913495,917934,315,0,27,604800,10801320,18,1036800,0,0,l7Fq9ayE15,LrdZy8QqgUfkVShG,taul,1K8T,kNzO,fhk21Ss,pCsFbvQJcF,Pey_,9_Y1,kJJ7,09_Q,itlM,7M47J5GA0pTYIFxg5uy,kIsH,uKAI,L84s,9fipLB8rlL,kZJjzeN,V27q,cJvF,FzaX,4UxGlow,zCkv,catzS2D,LM8l689qOp,7P5s,ZI9m,ib5G6X1eUxUn6
0,119,0,0,268,335,136,272.08,0,0,0,3.203803,9,12,0,110480,6,2999.82,0,6,40,112,53180,335,0,0,24,190915,25090,0,0,0,0,267984,66,14748,0,7,jg69tYsGvO,RO12,taul,1K8T,TyGl,qlhYaP0,CdPgMY1Z52,UdO_,9_Y1,YULl,VpdQ,IYzP,me75fM6ugJ,kIsH,uKAI,L84s,NhsEn4L,mAja5EA,yOOA,UYBR,FzaX,mTPRwBA,oslk,utQDN1n,LM8l689qOp,FSa2,RAYp,F2FyR07IdsN7I
0,833,7,1900,136,170,0,260.16,0,9599400,0,6.605213,9,130,217,0,0,172934.1,45,0,32,0,142687.2,565,114,2790,0,1427325,0,1615,0,18,0,10651880,12,0,0,0,HYTrjIK12c,2Knk1KF,taul,1K8T,487l,PHNvXy8,yLQyIih7V8,43ip,9_Y1,7WNq,09_Q,haYg,NKv3VA1BpP,kIsH,uKAI,Mtgm,Ie_5MZs,CWNY2py,CiWj,UYBR,FzaX,UF16siJ,zCkv,APgdzOv,LM8l689qOp,WqMG,6fzt,Zy3gnGM
0,1260,7,108,228,285,128,166.56,0,0,0,6.758385,9,50,105,130296,0,3087.6,0,6,56,72,113261.2,860,0,2052,0,397615,89978,1465,0,9,0,576592,58,20094,0,0,gOyvyx7ejg,RO12,taul,1K8T,lK27,J7Knr2P,k10MzgT,G_BA,9_Y1,RcM7,VpdQ,43pnToF,me75fM6ugJ,kIsH,uKAI,L84s,NhsEn4L,mAjbk_S,4tjd,UYBR,FzaX,Fpzfql_,oslk,mfC2Oqu,LM8l689qOp,szEZ,RAYp,F2FyR07IdsN7I
0,938,7,160,144,180,56,220.08,0,4128516,0,4.969024,9,38,7,1399840,0,186126.9,15,12,40,24,91982.4,660,54,20439,0,3064405,1051210,120,0,9,604800,10362640,16,2176176,0,0,GcUBcmz45j,RO12,taul,1K8T,kwI9,0LPEqH4,hOpRIhsUSP,eEh1,9_Y1,WGOH,VpdQ,zm5i,me75fM6ugJ,kIsH,uKAI,Mtgm,NhsEn4L,kZJtVhC,8t3L,UYBR,FzaX,azMDSPW,oslk,Qt5zAyO,LM8l689qOp,Qcbd,RAYp,F2FyR07IdsN7I
0,2107,14,3744,128,160,8,253.52,0,490248,0,4.367229,18,58,77,6220808,0,18370.11,0,0,32,72,103456.8,650,12,83898,0,8565200,42344,330,0,18,0,10374080,40,0,0,0,NESt0G8EIb,AERks4l,taul,1K8T,2Ix5,qsgYDSI,DKUDUftgA7,8A2d,9_Y1,k13i,VpdQ,IYzP,GjJ35utlTa_GNSvxxpb9ju,kIsH,uKAI,L84s,JBfYVit4g8,NGZTVtA,nDq3,UYBR,FzaX,vjPtxWD,Al6ZaUT,7CnSoTa,LM8l689qOp,fKCe,02N6s8f,xwM2aC7IdeMC0
0,931,7,180,224,280,152,203.36,0,0,0,0.3960692,9,132,0,1419848,0,41576.4,0,6,48,56,-29517.28,810,0,80037,0,2788955,375314,1755,0,36,285292,3936504,54,367182,0,0,avkq9ayfAo,2Knk1KF,taul,1K8T,z32l,MvUxJVj,FoJylxy,JM4Q,9_Y1,kJJ7,VpdQ,kxE9,me75fM6ugJ,kIsH,uKAI,L84s,XfqtO3UdzaXh_,XTbPUYD,HYhW,cJvF,AU8pNoi,cXse4eD,oslk,qWj5Ui8,LM8l689qOp,7P5s,RAYp,55YFVY9
0,749,7,2896,140,175,24,133.12,0,5076,0,4.393292,9,56,1505,1692544,0,64387.5,0,6,24,40,36802.56,675,6,71001,0,4214235,113982,16135,0,0,570731,4520560,46,107328,0,0,LDPq9ayfAo,RO12,taul,1K8T,PJLW,UsSOoyT,LIH3TPf,jrUy,9_Y1,vm5R,09_Q,IYzP,me75fM6ugJ,kIsH,uKAI,L84s,NhsEn4L,TDceha3,9eg8,UYBR,FzaX,_Pu6s0w,oslk,Ha_79_c,jySVZNlOJy,7P5s,RAYp,F2FyR07IdsN7I
0,294,0,0,136,170,48,220.08,0,1978848,0,1.506302,9,22,0,2764800,0,231794.1,10,4,32,32,271103.6,495,42,0,0,5451000,924926,0,0,9,0,10294680,26,1036800,0,0,4bwt0GoOh3,RO12,taul,1K8T,TyGl,rsmctTK,5ceZURzkJpQI4,aFB2,9_Y1,t_4G,sJzTlal,zm5i,me75fM6ugJ,kIsH,uKAI,Mtgm,NhsEn4L,kZJtVhC,4ls8,cJvF,FzaX,Kgofc8E,oslk,S46Rt72,LM8l689qOp,Qu4f,RAYp,F2FyR07IdsN7I
0,875,7,360,124,155,8,186.64,0,4665600,0,2.043367,9,64,0,2764800,0,211584.9,25,0,32,32,107465.6,485,54,95697,0,5184000,64280,905,0,0,0,10496560,24,0,0,0,puvq9aX0Db,RO12,taul,1K8T,0Xwj,ryQJDqx,FoJylxy,xzph,HLqf,Y9Bl,VpdQ,IYzP,me75fM6ugJ,sBgB,uKAI,L84s,NhsEn4L,mAjbk_S,tU_W,UYBR,FzaX,tCbv48t,oslk,Exf7DIf,LM8l689qOp,uWr3,RAYp,F2FyR07IdsN7I
0,630,7,0,64,80,8,133.12,0,0,0,6.050844,9,44,0,0,0,8775.96,0,2,8,0,-138955.2,260,0,639,0,245855,6202,35,0,0,10913,215324,28,9354,0,0,etYt0G8EIb,RO12,taul,1K8T,YmZp,TSdnxCu,LByewuNzAX,xklo,9_Y1,e7QV,09_Q,IYzP,me75fM6ugJ,kIsH,uKAI,L84s,NhsEn4L,cUQmao5,p2M1,UYBR,FzaX,3Pr87dl,oslk,cVyqFbB,LM8l689qOp,fKCe,RAYp,F2FyR07IdsN7I
0,938,7,1356,152,190,160,406.16,0,2103036,0,1.16129,9,178,7,268008,0,208879.5,5,16,32,32,116281.2,590,30,11394,0,0,3261980,90,0,27,0,10484840,0,3118878,0,0,AKDq9ayfAo,2Knk1KF,taul,1K8T,ssAy,fhk21Ss,76j2P_OLn0,3klS,9_Y1,AKLO,VpdQ,kxE9,7M47J5GA0pTYIFxg5uy,kIsH,uKAI,L84s,XfqtO3UdzaXh_,_JdH8mF,bPOR,UYBR,FzaX,4UxGlow,oslk,catzS2D,jySVZNlOJy,TNEC,ZI9m,iyHGyLCEkQ
0,1526,7,4932,368,460,104,173.92,35,23022,0,6.998505,9,200,182,1178296,3,5062.74,0,22,144,144,-1217176,925,6,29493,64,1241410,101270,3560,0,18,248927,1842304,98,63210,0,0,1PnOj1KVEH,2Knk1KF,CiJDdr4TQ0rGERIS,1K8T,sj_R,fhk21Ss,r83_sZi,HAf7,9_Y1,ID5l,VpdQ,y6dw,7M47J5GA0pTYIFxg5uy,kIsH,uKAI,Mtgm,TW8UhnX,_Jd5pUp,B4wp,UYBR,FzaX,4UxGlow,QKW8DRm,catzS2D,LM8l689qOp,kwS7,ZI9m,VjDE
0,1099,14,3652,144,180,80,187.36,0,3729414,0,3.829096,45,56,1155,691208,0,132592.5,15,10,32,8,126568,520,54,4446,0,2175825,1728000,8240,0,18,0,10400080,16,2164146,0,0,xOXrjIQq3d,RO12,LfvqpCtLOY,1K8T,vsvk,fmObfVI,3cO76t0,VNjO,9_Y1,RVjC,VpdQ,IYzP,me75fM6ugJ,kIsH,uKAI,L84s,NhsEn4L,jawtVhC,p8c0,UYBR,FzaX,OTg4K41,oslk,N9WHLT9,jySVZNlOJy,FSa2,RAYp,F2FyR07IdsN7I
0,2772,0,0,132,165,16,220.08,0,324,0,4.427259,9,18,0,4838400,0,16031.94,5,0,32,56,-797812,4930,6,0,0,8208700,176,0,0,9,0,9125000,44,0,0,0,dRaTmBfHUn,e6CkoqApVR,taul,1K8T,lK27,0Vr7wZ4,glRBFJT8NN,W0Cp,9_Y1,4N0K,VpdQ,zm5i,Kxdu,kIsH,uKAI,L84s,FMSzZ91zL2,mAjj1AH,VI_5,cJvF,FzaX,XbZitea,zCkv,DHPNgqU,LM8l689qOp,Qu4f,6fzt,F2FcTt7IdMT_v
0,2772,7,4,184,230,88,176.56,5,3213174,0,2.345653,9,96,0,1567768,6,50997.6,20,8,56,40,-358535.6,980,54,6030,40,2431425,786566,295,0,9,0,8692960,26,1480032,0,14,UCDvyx8zhV,RO12,taul,1K8T,JLbT,eQgnKxT,I1sqWRxUAv,6CMh,9_Y1,MBhA,09_Q,sYC_,me75fM6ugJ,kIsH,uKAI,L84s,NhsEn4L,beK4AFX,_yT9,cJvF,FzaX,GpvRJ5l,oslk,i06ocsg,LM8l689qOp,WqMG,RAYp,F2FyR07IdsN7I
0,189,7,352,8,10,8,206.72,0,0,0,0.1508225,18,84,0,0,0,18445.56,0,2,8,0,14755.28,105,0,47259,0,0,6724,10,0,0,0,19196,0,8622,0,0,TfiBcmzkzH,RO12,taul,1K8T,uErj,M8_8pHi,r83_sZi,uwwf,9_Y1,yrDU,VpdQ,IYzP,me75fM6ugJ,kIsH,uKAI,L84s,NhsEn4L,kq0aHkC,ykzL,UYBR,FzaX,KVXmFX7,oslk,fuAAyp5,LM8l689qOp,Qcbd,RAYp,F2FyR07IdsN7I
0,539,7,28,44,55,0,180.56,0,0,0,6.757103,9,52,0,14688,0,6990.06,0,0,0,8,30201.8,285,0,4995,0,169785,0,55,0,0,0,143172,20,0,0,0,9rAq9at_88,RO12,taul,1K8T,5B99,0BLnYyd,WHyLgm8,c1rY,9_Y1,KfYH,sJzTlal,IYzP,me75fM6ugJ,kIsH,g5HH,L84s,XfqtO3UdzaXh_,mAjKef6,HsUK,cJvF,FzaX,vM89sBz,oslk,tByjPJU,LM8l689qOp,me1d,RAYp,F2FyR07IdsN7I
0,98,0,0,152,190,64,86.96,5,4107204,0,2.271523,18,14,0,691200,0,147468.6,25,10,24,8,-150260.8,315,66,0,8,1585040,728196,0,0,0,0,8437160,16,1426026,0,0,zcRZptzip9,RO12,taul,1K8T,USOt,pro8v8X,CsjH_hi,rUBc,9_Y1,t_4G,VpdQ,IYzP,me75fM6ugJ,sBgB,uKAI,L84s,NhsEn4L,mAjDcoz,xYrN,cJvF,FzaX,meWVy8V,oslk,DQ3u3MC,LM8l689qOp,Qu4f,RAYp,F2FyR07IdsN7I
0,462,0,0,132,165,8,253.52,0,1109766,0,3.354412,9,24,0,6220800,0,147144.9,0,0,32,72,135890,490,24,0,0,8208000,41176,0,0,9,0,10499000,38,0,0,0,HrWq9aXt5a,RO12,taul,1K8T,487l,eYPcFZv,DKUDUftgA7,6PqM,9_Y1,6TCl,VpdQ,zm5i,me75fM6ugJ,kIsH,uKAI,L84s,NhsEn4L,7Ww66JZ,GVNc,UYBR,FzaX,95rRJ5l,oslk,aQw6TM2,LM8l689qOp,uWr3,RAYp,F2FyR07IdsN7I
0,1995,14,4408,180,225,104,220.08,0,3416592,0,2.102542,18,48,112,2296960,0,75646.8,15,6,40,32,202450.4,780,54,56025,0,4031390,1225436,8235,0,9,0,10762880,26,1555200,0,0,Qu0qrQKzJV,RO12,taul,1K8T,kNzO,NxdYjTW,zA2IZno2NK,2TeA,9_Y1,15m3,VpdQ,sYC_,me75fM6ugJ,kIsH,uKAI,L84s,NhsEn4L,jawF83H,vMQp,UYBR,FzaX,cS20nTz,oslk,gsLqI2t,LM8l689qOp,FSa2,RAYp,F2FyR07IdsN7I
0,343,0,0,36,45,8,257.6,0,645012,0,1.079257,18,22,0,0,0,231510.3,0,2,8,0,438464,425,6,0,0,11616450,8666,0,0,9,2238222,11019480,12,1918476,0,0,uGLq9ayE15,RO12,taul,1K8T,uErj,x8bo8ot,o5WT5gy7iu,8kgd,9_Y1,vm5R,VpdQ,zm5i,me75fM6ugJ,kIsH,uKAI,Mtgm,NhsEn4L,mAja5EA,fLyt,UYBR,FzaX,tS16hzI,oslk,vHkTy9x,LM8l689qOp,7P5s,RAYp,F2FyR07IdsN7I
0,707,7,24,28,35,0,253.52,0,11072340,0,1.723563,9,34,0,0,0,220775.4,0,2,8,0,157908.4,335,30,144,0,106555,0,50,0,18,3987473,9745360,2,3417834,0,0,Qu0qrQKzJV,RO12,taul,1K8T,TyGl,Z4GY4Me,9YuYZx0Xsm,xf26,9_Y1,15m3,VpdQ,zm5i,me75fM6ugJ,kIsH,uKAI,L84s,NhsEn4L,mAjbk_S,iWAf,UYBR,FzaX,V8hvbB7,oslk,NWMaF5M,LM8l689qOp,FSa2,RAYp,F2FyR07IdsN7I
0,6419,7,32,460,575,272,176.56,0,0,0,5.54796,9,58,49,525632,0,6961.74,0,18,120,192,-55852.8,2035,0,88623,0,434590,392044,1980,0,0,99680,1614604,96,330042,0,0,YddTmBtueT,RO12,taul,1K8T,F9g8,A4fnQZj,_jTP8ioIlJ,QGDQ,9_Y1,47ra,VpdQ,IYzP,me75fM6ugJ,kIsH,uKAI,L84s,NhsEn4L,TDceha3,eX7m,cJvF,FzaX,9qlAWQ7,oslk,ERuOTZB,LM8l689qOp,rgKb,RAYp,F2FyR07IdsN7I
0,56,0,0,44,55,16,99.68,0,0,0,5.025849,9,62,0,0,0,4710.48,0,0,0,0,6859.84,155,0,981,0,76980,3430,0,0,0,0,68444,18,0,0,0,xOXr4RXktW,RO12,taul,1K8T,lK27,dpLnqNs,bAywtrKYgR,oAnL,9_Y1,jakt,09_Q,IYzP,me75fM6ugJ,kIsH,uKAI,L84s,NhsEn4L,kZJ4Oht,VNIv,UYBR,qxDb,9F7m0jM,oslk,jrbDSFl,LM8l689qOp,7FJQ,RAYp,F2FyR07IdsN7I
0,280,0,0,136,170,16,220.08,0,7620240,0,3.041017,9,18,0,1382408,0,129787.8,35,0,32,16,440416,845,90,0,0,3062400,41906,0,0,0,0,10724280,16,0,0,0,4e7Wq69R_D,RO12,taul,1K8T,ssAy,dRqZbf3,9UgkRNa9Jb,X72I,9_Y1,0A_v,VpdQ,IYzP,DHn_WUyBhW_whjA88g9bvA64_,kIsH,uKAI,L84s,PWD40mS,y5F4t8Z,oUgQ,cJvF,FzaX,PXbNQjO,Al6ZaUT,ren1WxF,LM8l689qOp,PM2D,02N6s8f,F2FyR07IdsN7I
0,917,21,2504,152,190,0,186.64,0,6879840,0,0.1976074,27,152,0,2764800,0,198292.8,25,2,32,32,936172,540,96,48105,0,3689055,0,985,0,18,0,10743840,24,143454,0,0,dRaq9ayE15,2Knk1KF,taul,1K8T,z32l,lCpbiah,bGUqwlz,CpYR,9_Y1,000J,VpdQ,hAFG,me75fM6ugJ,kIsH,uKAI,Mtgm,XfqtO3UdzaXh_,_JdcICD,wdl3,cJvF,qxDb,SppOZ4E,oslk,HDq79_c,LM8l689qOp,7P5s,RAYp,55YFVY9
0,980,7,1896,224,280,176,153.2,0,0,0,1.125401,9,130,21,220296,0,101340.3,5,18,72,104,-1754640,800,0,12834,0,67805,68008,35,0,9,58051,360508,22,80538,0,0,dRaq9ayE15,2Knk1KF,taul,1K8T,yYar,creaF5r,_jTP8ioIlJ,QdCv,9_Y1,QBpP,VpdQ,haYg,me75fM6ugJ,kIsH,uKAI,L84s,XfqtO3UdzaXh_,XTbPUYD,YJIM,cJvF,FzaX,PhzfR8o,oslk,JEtAgOW,M_8D,7P5s,RAYp,55YFVY9
0,56,7,44,16,20,0,233.44,0,245898,0,4.925657,9,108,7,41232,0,15805.83,0,2,16,8,-1148956,45,12,46350,0,0,0,10,0,9,36078,199964,0,23124,0,0,oBXrjIQq3d,2Knk1KF,taul,1K8T,uNkU,ZuqCdxD,o64y9zI,kWfE,9_Y1,RVjC,VpdQ,IYzP,me75fM6ugJ,kIsH,uKAI,Mtgm,NhsEn4L,kq0aHkC,4a9J,UYBR,FzaX,UjG4K41,oslk,PRsuLAH,LM8l689qOp,FSa2,RAYp,55YFVY9
0,469,0,12,120,150,24,166.56,0,12198,0,4.597308,9,100,0,2032,0,7807.29,0,0,8,8,-3679.284,400,6,558,0,1603695,18442,0,0,9,0,1328988,50,0,0,0,DHegUHXZeb,RO12,taul,1K8T,0Xwj,liIoJmL,g_7_LOv,PX9I,HLqf,LqKm,VpdQ,wMei,me75fM6ugJ,sBgB,uKAI,L84s,h0lfDKh52u4GP,IoI4mKe,APTn,cJvF,FzaX,rHB68SY,oslk,ZMfTzYj,jySVZNlOJy,453m,RAYp,F2FyR07IdsN7I
0,3262,14,816,544,680,560,356.16,0,1232514,0,3.516556,18,146,35,5210048,0,74258.09,10,4,56,96,132510,1275,18,3078,0,8380600,7494,235,0,18,134470,10649760,94,228882,0,0,1GdOj1KXzC,onTuEhrJJQy_H3IHkZku5AFczhYGqxJ890,taul,1K8T,0Y9G,fqeOwLG,glRBFJT8NN,hbE4,9_Y1,jdbz,VpdQ,kxE9,7M47J5GA0pTYIFxg5uy,kIsH,uKAI,L84s,QsQAxv5,beKaAAV,_9zL,cJvF,FzaX,fxJmel6,QKW8DRm,WfsWw2A,LM8l689qOp,kwS7,ZI9m,iyHGyLCEkQ
0,252,0,0,36,45,0,166.56,5,0,0,1.365093,9,14,0,0,0,1843.746,0,0,0,0,-123584.4,515,0,0,8,4720,0,0,0,0,0,3776,18,0,0,0,BQavyxLp3Z,e6CkoqApVR,taul,1K8T,lK27,LFsq5o9,3X0xOLn,0GFs,9_Y1,lXxA,09_Q,IYzP,Kxdu,kIsH,uKAI,L84s,FMSzZ91zL2,NGZzHLz,yNBK,cJvF,FzaX,EPIVHK6,zCkv,MI8iYHE,LM8l689qOp,xb3V,6fzt,F2FcTt7IdMT_v
0,756,14,228,140,175,24,186.64,0,5384730,0,3.564196,18,42,28,2764800,0,219255.9,25,0,32,32,276851.2,475,66,1008,0,4701670,69798,75,0,18,0,10601160,24,0,0,0,V8lt0G8rTN,RO12,taul,1K8T,NF63,pNVtJoj,msIzzNai_Z,69VP,9_Y1,k13i,VpdQ,IYzP,DHn_WUyBhW_whjA88g9bvA64_,kIsH,uKAI,Mtgm,CrNX,mAjbq_f,mA0l,UYBR,FzaX,Ik2BCHI,d0EEeJi,U7uppvf,LM8l689qOp,fKCe,nIGXDli,F2FyR07IdsN7I
0,1176,7,800,240,300,48,99.68,0,528,0,2.414228,9,102,7,65704,0,2572.461,5,8,64,80,-2023968,620,6,11997,0,209795,27302,2950,0,18,32158,267800,76,13764,0,0,uUdt0G8EIb,RO12,taul,1K8T,2Ix5,E3lg0iR,r83_sZi,Ksk9,9_Y1,k13i,VpdQ,haYg,me75fM6ugJ,kIsH,uKAI,Mtgm,XfqtO3UdzaXh_,XTbPUYD,tdSs,UYBR,FzaX,OXxoYtn,oslk,AiMlfsX,LM8l689qOp,fKCe,RAYp,F2FyR07IdsN7I
0,35714,7,4544,204,255,48,200,0,12042,9,4.984405,9,184,98,2658720,3,3859.89,0,10,128,128,86768.4,740,18,41607,24,5529100,100142,605,0,36,715638,6082800,42,182760,0,7,KXMgUH7IEC,2Knk1KF,taul,1K8T,JLbT,fhk21Ss,_03xtaMIkZsn1,M3EA,9_Y1,m_h1,VpdQ,G_zk,7M47J5GA0pTYIFxg5uy,kIsH,uKAI,L84s,QsQAxv5,KqjecMy,pqIQ,UYBR,FzaX,4UxGlow,QKW8DRm,catzS2D,jySVZNlOJy,WqMG,ZI9m,iyHGyLCEkQ
0,210,0,0,48,60,16,186.64,0,5089140,0,0.3687246,9,22,0,5189984,0,276265.5,0,0,8,48,1794008,350,18,0,0,1380450,1072962,0,0,9,0,9238040,2,0,0,0,tr0gUH7ejg,e6CkoqApVR,taul,1K8T,JLbT,AIO9x15,BBhiudN5VdgIL,e8Ig,9_Y1,m_h1,VpdQ,zm5i,Kxdu,kIsH,uKAI,L84s,FMSzZ91zL2,kq0IHVu,Ew1T,UYBR,FzaX,iokiSQE,zCkv,hYsWQhn,LM8l689qOp,WqMG,6fzt,F2FcTt7IdMT_v
0,455,0,0,136,170,0,233.44,0,280122,0,5.13416,9,28,0,5529600,0,209575.2,0,0,32,64,373449.2,500,30,0,0,8845400,0,0,0,18,0,10027840,42,0,0,0,u6tWq6edh4,RO12,taul,1K8T,PGNs,JgGZJjN,ThrnFOQ,wKNN,9_Y1,_xpN,sJzTlal,IYzP,me75fM6ugJ,kIsH,uKAI,Mtgm,NhsEn4L,jawtVhC,Bk2P,UYBR,FzaX,WZAR98m,oslk,_Yxzv5f,LM8l689qOp,FSa2,RAYp,F2FyR07IdsN7I
0,1106,21,1908,152,190,32,289.2,0,4404036,0,3.937834,45,64,238,14560,0,52745.7,15,0,16,24,109220.4,655,126,702,0,456505,53090,1120,0,0,0,3904220,14,0,0,0,zcRZptzip9,RO12,taul,1K8T,0Xwj,PvuPLzH,8obduPI,XYVW,HLqf,t_4G,VpdQ,sYC_,me75fM6ugJ,sBgB,uKAI,L84s,NhsEn4L,kq0n8Bj,6P_g,cJvF,FzaX,EFkfR8o,oslk,tBKqqb8,LM8l689qOp,Qu4f,RAYp,F2FyR07IdsN7I
0,357,0,0,136,170,64,253.52,0,4933782,0,0.9241614,9,22,0,72360,0,206081.4,25,6,40,8,130557.2,550,66,0,0,2147715,1376158,0,0,9,604800,10503120,12,1555200,0,0,KXMgUH7IEC,RO12,taul,1K8T,0Xwj,tc74lx4,glRbITbnHQ,S4KB,HLqf,m_h1,VpdQ,zm5i,me75fM6ugJ,sBgB,uKAI,L84s,NhsEn4L,kZJtVhC,Kd4u,cJvF,FzaX,EncOVQC,oslk,8AGQQMs,LM8l689qOp,WqMG,RAYp,F2FyR07IdsN7I
0,735,7,540,128,160,104,143.12,0,0,0,4.618031,9,56,0,32808,0,3144.3,0,4,24,24,-1146.284,745,0,720,0,83525,26804,120,0,0,10738,146884,28,15078,0,0,ZSNq9aX0Db,RO12,taul,1K8T,487l,AAScNhj,_jTP8ioIlJ,oOBU,9_Y1,6TCl,VpdQ,IYzP,me75fM6ugJ,kIsH,uKAI,L84s,NhsEn4L,TDceha3,Gk0J,cJvF,FzaX,CjQAfvB,oslk,JaZwBif,LM8l689qOp,uWr3,RAYp,F2FyR07IdsN7I
0,714,7,4208,24,30,0,186.64,0,0,0,5.757103,18,210,49,4024816,3,13860.78,5,0,0,16,-178019.2,175,0,5913,8,4693735,0,185,0,54,0,6014480,6,0,0,0,2jigUH7ejg,TW8dXluYzKpktZjuY8kSPBaZa,CiJDdr4TQ0rGERIS,1K8T,JLbT,fhk21Ss,EXpWEXgaYpMJ7,NDxW,9_Y1,m_h1,VpdQ,y6dw,7M47J5GA0pTYIFxg5uy,kIsH,uKAI,L84s,dGiN9qj1jEYX9,y5FDfSp,jaio,UYBR,FzaX,4UxGlow,Al6ZaUT,catzS2D,jySVZNlOJy,WqMG,ZI9m,NoEd
0,770,14,7628,136,170,16,306.4,0,1555206,0,2.735313,36,146,84,4729152,0,195868.5,5,4,40,56,-499324,585,18,23472,0,8208000,25042,8835,0,9,0,10403040,38,59358,0,0,LDPq9ayfAo,bYmQ4nc,taul,1K8T,PJLW,fhk21Ss,48w2DrL6cCrW1,Oj8D,9_Y1,vm5R,VpdQ,kxE9,7M47J5GA0pTYIFxg5uy,kIsH,uKAI,L84s,WsRVNrF85oPU_,IoIBhvj,0CqK,cJvF,FzaX,4UxGlow,zCkv,catzS2D,LM8l689qOp,7P5s,ZI9m,ib5G6X1eUxUn6
0,189,7,88,72,90,32,133.12,0,0,0,0.6752831,9,128,49,31296,0,55545,0,2,8,16,68558.4,215,0,12339,0,1522600,87100,210,0,9,0,1448360,22,60648,0,0,oBXrjIQq3d,2Knk1KF,taul,1K8T,WkTj,fVhJr0F,IoHEIyTRj9,o5H_,9_Y1,RVjC,09_Q,kxE9,me75fM6ugJ,kIsH,uKAI,L84s,XfqtO3UdzaXh_,XTbPUYD,TQqY,UYBR,FzaX,yMCvEWW,oslk,cwU7qqc,LM8l689qOp,FSa2,RAYp,55YFVY9
0,994,7,2312,48,60,16,230.56,0,3484692,0,4.167272,9,82,665,9695120,0,38980.8,0,0,24,24,193294,435,36,5967,0,3024000,527980,390,0,27,383936,10645840,2,0,0,0,LDPvyx7IEC,RO12,taul,1K8T,lK27,q5ZViyY,5q1hF23,FRAm,9_Y1,qaiO,sJzTlal,6JmL,me75fM6ugJ,kIsH,uKAI,Mtgm,XfqtO3UdzaXh_,11p4mKe,550g,UYBR,FzaX,wvSfql_,oslk,pfUTE6Y,LM8l689qOp,szEZ,RAYp,F2FyR07IdsN7I
0,245,0,0,56,70,48,231.76,5,4593138,0,2.743217,9,22,0,0,0,243336.6,15,0,8,0,-34771,365,18,0,8,79245,25230,0,0,9,0,8205920,4,0,0,0,TfiWq69R_D,RO12,taul,1K8T,JLbT,jfPn1fB,V6XUlxabJ4VaD,93co,9_Y1,RVjC,VpdQ,zm5i,me75fM6ugJ,kIsH,uKAI,Mtgm,NhsEn4L,7WwuNea,Ioib,UYBR,FzaX,WPf93Yc,oslk,853aRTx,LM8l689qOp,FSa2,RAYp,F2FyR07IdsN7I
0,203,0,0,180,225,48,289.68,0,5216304,0,5.90408,9,16,0,1990064,0,177378.3,15,12,40,32,296097.2,445,84,0,0,3318380,489610,0,0,0,554442,10665520,24,2788356,0,0,CxSr4RXktW,RO12,taul,1K8T,TyGl,XvJdiSi,LH076SiAyW,H9uJ,9_Y1,Cgc3,09_Q,IYzP,me75fM6ugJ,kIsH,uKAI,L84s,NhsEn4L,cUQXfGp,6IZm,cJvF,FzaX,nEyOVQC,oslk,DenTzYj,LM8l689qOp,Xa3G,RAYp,F2FyR07IdsN7I
0,469,7,144,16,20,0,0,0,10886400,0,1.236915,9,40,0,0,0,287485.8,0,2,8,0,-324603.2,85,18,10773,0,0,0,45,0,18,4233600,9676800,0,3628800,0,0,1GdOj1KXzC,RO12,taul,1K8T,2Ix5,_gMnuwV,1lFJzqR,U_8b,9_Y1,jdbz,VpdQ,IYzP,me75fM6ugJ,kIsH,uKAI,L84s,NhsEn4L,jaw7f1S,NwRz,UYBR,FzaX,CBA87dl,oslk,TX2AGfT,LM8l689qOp,kwS7,RAYp,F2FyR07IdsN7I
0,2625,7,3204,680,850,296,166.56,0,2910,0,3.904935,9,96,644,604344,0,3437.34,5,22,200,272,-64180.4,2625,6,5508,0,683100,115702,1090,0,18,204134,1178060,172,141744,0,0,1YVgUHXZeb,RO12,taul,1K8T,7ALb,5Jbbxgw,PG4qaVA,414b,9_Y1,fTh6,VpdQ,kxE9,me75fM6ugJ,kIsH,uKAI,L84s,XfqtO3UdzaXh_,XTbPUYD,C7G9,cJvF,FzaX,Knz8krz,oslk,BB0s5Yy,LM8l689qOp,453m,RAYp,F2FyR07IdsN7I
0,1120,7,124,284,355,96,209.92,0,53952,0,3.217902,18,62,14,598760,0,18711.51,0,20,128,304,17960.56,650,36,17406,0,60515,95440,2345,0,9,131922,780784,10,309216,0,0,tr0gUH7ejg,RO12,taul,1K8T,487l,awTld0s,IoHM2QgSEI,CeDO,9_Y1,m_h1,VpdQ,sYC_,me75fM6ugJ,kIsH,uKAI,L84s,NhsEn4L,kq0n8Bj,iWSK,UYBR,OFWH,rSNC8W8,oslk,hW4IaOz,LM8l689qOp,WqMG,RAYp,F2FyR07IdsN7I
0,7469,0,0,2848,3560,2208,289.84,0,6134340,0,6.848964,27,22,0,1901472,0,11531.34,45,264,1048,888,40752,10470,150,0,0,2701205,523282,0,0,9,370797,9954600,318,664002,0,0,crIgUHSK8h,RO12,taul,1K8T,0Xwj,eQgxutV,7dpY5ydotD,gMVu,F3hy,RVjC,sJzTlal,zm5i,me75fM6ugJ,kIsH,uKAI,L84s,NhsEn4L,kZJyVg2,YihF,UYBR,FzaX,nJQDBnE,oslk,p1jgRjy,LM8l689qOp,FSa2,RAYp,F2FyR07IdsN7I
0,896,7,4088,120,150,0,240.56,0,0,0,2.186071,18,214,154,5529600,0,151410.9,0,0,32,64,-4039.28,485,0,49221,0,9504000,0,2285,0,18,0,10368000,44,0,0,0,9rAq9at_88,vuPfq6YcbX,CiJDdr4TQ0rGERIS,1K8T,sbZD,fhk21Ss,VFlFfnFuV2VDH7Ma,tjo7,9_Y1,KfYH,VpdQ,haYg,7M47J5GA0pTYIFxg5uy,kIsH,g5HH,L84s,_5OXC8MSLt,LxWMK5e,HsUK,cJvF,FzaX,4UxGlow,oslk,catzS2D,jySVZNlOJy,me1d,ZI9m,NoEd
0,889,14,3576,140,175,16,200,0,3661386,0,2.098056,27,68,70,4147200,0,131009.7,10,0,32,48,102837.6,530,48,29844,0,6345500,123854,13690,0,9,0,10487240,34,0,0,0,wRXmfo875g,RO12,taul,1K8T,QQSE,creg0bq,BdLTN24,YUbs,9_Y1,6Kw9,VpdQ,sYC_,me75fM6ugJ,kIsH,uKAI,L84s,NhsEn4L,kq0n8Bj,FVou,cJvF,FzaX,VgKv48t,oslk,nRgz4Af,jySVZNlOJy,3Cy4,RAYp,F2FyR07IdsN7I
0,728,7,2096,48,60,8,186.64,0,1160526,0,4.878445,18,104,7,0,0,240349.5,25,2,40,0,470208,395,18,10008,0,742985,158410,1580,0,18,0,9892960,4,475242,0,0,qXhrEy7VR2,w9ygS99Qp_,taul,1K8T,kNzO,MMYKZdo,nQUq7hGe64,02fP,9_Y1,X8zP,VpdQ,wMei,DHn_WUyBhW_whjA88g9bvA64_,kIsH,uKAI,L84s,CrNX,7N7iRy5,sDDq,UYBR,FzaX,q3q051d,d0EEeJi,USARs92,LM8l689qOp,Aoh3,nIGXDli,R4y5gQQWY8OodqDV
0,9492,7,3392,952,1190,128,220.08,0,86154,0,2.022645,9,136,287,429144,0,2607.981,25,18,248,408,-95001.6,4050,90,40374,0,714585,30310,13795,0,18,39151,955800,284,58248,0,0,crIgUHSK8h,2Knk1KF,taul,1K8T,yMvB,WlFnZSn,jXIs0KG,gMVu,9_Y1,RVjC,VpdQ,sYC_,me75fM6ugJ,kIsH,uKAI,Mtgm,NhsEn4L,beK4AFX,YihF,UYBR,OFWH,2DULFbQ,oslk,VpmCBom,LM8l689qOp,FSa2,RAYp,55YFVY9
0,728,7,1884,40,50,16,166.56,0,4994712,0,2.74984,9,34,63,993704,0,190854.9,5,0,16,8,-103344,355,12,116784,0,3310225,11652,4460,0,9,869491,8374440,8,0,0,0,51rt0G8rTN,AERks4l,bsZtYxFjzA,1K8T,lK27,Yao7o9V,CRwkRNVRGo,Av9x,9_Y1,k13i,VpdQ,IYzP,GjJ35utlTa_GNSvxxpb9ju,kIsH,uKAI,L84s,JBfYVit4g8,uZLz8Sc,QhST,cJvF,AU8_WTd,7zPtxWD,Al6ZaUT,v6E3HNj,jySVZNlOJy,fKCe,02N6s8f,xwM2aC7IdeMC0
0,28,0,0,72,90,0,430.96,0,4609206,0,4.414869,9,12,0,0,0,187776.3,20,0,16,0,-490136,90,54,0,8,64280,0,0,0,0,0,4506640,10,0,0,7,E3dr4RQxul,RO12,taul,1K8T,Y2P0,Y6hYfcf,BcWfvpQpoL,3vOP,9_Y1,z5Ry,VpdQ,IYzP,me75fM6ugJ,kIsH,uKAI,L84s,NhsEn4L,kZJyVg2,lVRV,UYBR,FzaX,gwj3_5u,oslk,APgu8Zv,LM8l689qOp,FSa2,RAYp,F2FyR07IdsN7I
0,658,0,996,124,155,8,266.88,0,10339980,0,4.868618,18,132,0,0,0,264152.1,40,2,24,0,149438.4,740,120,79272,0,6915,160666,0,0,18,0,10192320,2,518400,0,0,0vimfo8zhV,gGvYE2F8JHtPlbzkGbl,taul,1K8T,0Xwj,fhk21Ss,9YuYZx0Xsm,GyLz,HLqf,Bw19,VpdQ,hzlB,7M47J5GA0pTYIFxg5uy,sBgB,uKAI,L84s,CrNX,11piGKz,_WJ4,cJvF,OFWH,4UxGlow,d0EEeJi,catzS2D,jySVZNlOJy,wX53,ZI9m,DU8B
0,70,0,0,128,160,32,186.64,0,7164720,0,3.067507,18,14,0,1476568,0,201997.5,20,0,32,48,295027.2,160,84,0,0,1328960,329118,0,0,0,0,8618560,8,0,0,0,gOyvyx7ejg,RO12,taul,1K8T,FgS1,ml5cNhj,h3WsUQk,DBov,9_Y1,RcM7,sJzTlal,IYzP,me75fM6ugJ,kIsH,uKAI,L84s,NhsEn4L,kZJtVhC,IIhP,UYBR,FzaX,XbZfrxM,oslk,QfJz_Kt,LM8l689qOp,szEZ,RAYp,F2FyR07IdsN7I
0,364,0,0,64,80,0,206.56,0,3960126,0,4.827815,27,22,0,1850968,0,235294.5,10,0,24,16,-66588.4,425,30,0,0,4818180,0,0,0,9,0,9666480,14,0,0,0,64ngUH7IEC,RO12,taul,1K8T,TyGl,cGQ0k8W,S85OeCBjSz,iO_y,9_Y1,bJXB,09_Q,zm5i,me75fM6ugJ,kIsH,uKAI,L84s,NhsEn4L,mAja5EA,yiE0Ssq,cJvF,FzaX,7HOOZ4E,oslk,964qjwa,LM8l689qOp,w_Ub,RAYp,F2FyR07IdsN7I
0,1596,7,284,128,160,0,148.56,0,2123442,0,1.78103,9,34,0,4838400,9,95321.09,5,0,32,56,159192,530,30,344277,24,8107650,0,815,0,9,1209600,10472200,38,0,0,0,4e7Wq69R_D,RO12,taul,1K8T,0Xwj,6SyRSUd,sLarhXg,W0Nx,HLqf,0A_v,VpdQ,zm5i,me75fM6ugJ,sBgB,uKAI,L84s,NhsEn4L,kZJyVg2,Yk_D,cJvF,FzaX,I0k8jNM,oslk,nmYTL5Q,LM8l689qOp,PM2D,RAYp,F2FyR07IdsN7I
0,644,7,76,112,140,24,166.56,0,840216,0,3.359111,9,30,21,632208,0,24130.89,0,8,16,104,-14381.56,265,12,117126,0,281830,4764,1580,0,0,147518,1143588,12,48522,0,0,etYt0G8EIb,RO12,taul,1K8T,2Ix5,B884X3H,hCdK,3uva,9_Y1,e7QV,VpdQ,IYzP,me75fM6ugJ,kIsH,uKAI,L84s,NhsEn4L,mAjbk_S,zUQ_,cJvF,FzaX,Fon8hdx,oslk,bTV7qqc,LM8l689qOp,fKCe,RAYp,F2FyR07IdsN7I
0,784,7,0,160,200,72,200,0,4008960,0,2.463576,9,56,0,322488,0,214123.2,25,6,32,8,48110.8,400,48,7146,0,2334650,1519890,145,0,0,282177,10366720,28,1544826,0,0,EsYq9aX0Db,e6CkoqApVR,taul,1K8T,L80O,jE1dmQ4,76MiCML,9n6A,9_Y1,Y9Bl,sJzTlal,sYC_,GjJ35utlTa_GNSvxxpb9ju,kIsH,uKAI,L84s,JBfYVit4g8,7WwYlML,GX7G,cJvF,FzaX,nfAS0VG,Al6ZaUT,X7FCort,M_8D,uWr3,02N6s8f,xwM2aC7IdeMC0
0,1967,21,4132,260,325,208,154.72,0,0,0,1.846614,27,104,196,83400,0,4836.42,0,36,80,96,-161284.4,750,0,21582,0,65300,89652,5740,0,18,38052,327712,18,81702,0,0,LFvrjIX0Db,RO12,taul,1K8T,lK27,9GJGgoz,hCdK,T8UP,9_Y1,xQ2A,VpdQ,wMei,Kxdu,kIsH,uKAI,L84s,FMSzZ91zL2,11pMkO_,aT8y,cJvF,FzaX,Tvpip6Z,zCkv,hHJsvbM,LM8l689qOp,5Acm,6fzt,SbOd7O8ky1wGNxp0Arj0Xs
0,875,7,0,172,215,64,433.92,0,4342956,0,2.988678,9,64,0,3087672,0,201303.9,20,6,40,40,145470,605,60,837,0,2926960,1043344,30,0,18,554442,10630640,26,1425684,0,0,639r4RK2Mx,RO12,taul,1K8T,JLbT,7kAl2XU,XoF7,K0pi,9_Y1,DtNL,VpdQ,IYzP,me75fM6ugJ,kIsH,uKAI,L84s,NhsEn4L,mAja5EA,N_Ry,UYBR,FzaX,7CPRCiV,oslk,CTlKvPi,M_8D,FSa2,RAYp,F2FyR07IdsN7I
0,21,0,0,148,185,128,0,0,1476,0,6.758171,9,14,0,0,0,17379.81,0,6,24,0,-917332,300,6,0,0,919855,211368,0,0,0,0,1319236,34,239448,0,0,LDPvyx7IEC,RO12,taul,1K8T,lK27,T2ennDZ,C_u8_AlBK7,mvdE,9_Y1,qaiO,sJzTlal,IYzP,me75fM6ugJ,kIsH,uKAI,Mtgm,NhsEn4L,TDcwKda,550g,UYBR,FzaX,8EdfrxM,oslk,VNj2_Lp,LM8l689qOp,szEZ,RAYp,F2FyR07IdsN7I
0,1498,21,3476,156,195,32,200,0,108426,0,0.1587268,36,146,1365,3521336,0,64122,5,0,32,64,22106.28,715,18,23553,0,5976050,171400,2275,0,18,1602307,6976600,46,0,0,0,dRarjIK12c,2Knk1KF,taul,1K8T,pGTb,miuXVr0,75H7ltG,VvmD,9_Y1,7WNq,09_Q,hAFG,me75fM6ugJ,kIsH,uKAI,L84s,XfqtO3UdzaXh_,11p4mKe,tXvE,cJvF,FzaX,bYAYWu3,oslk,hT0zF_Q,LM8l689qOp,WqMG,RAYp,55YFVY9
0,2142,7,4824,508,635,176,220.08,0,1584876,0,1.868404,9,124,35,2964336,0,48347.7,35,26,176,248,229982.4,1705,66,10233,0,7573100,226432,5280,0,72,263739,10494120,86,424446,0,0,DQlgUH7IEC,2Knk1KF,taul,1K8T,dm89,UsS0iwa,zA2IZno2NK,c2KK,9_Y1,m_h1,VpdQ,kxE9,me75fM6ugJ,kIsH,uKAI,L84s,XfqtO3UdzaXh_,XTbPUYD,BfEk,UYBR,FzaX,UF1OtFs,oslk,O45qCcD,M_8D,WqMG,RAYp,55YFVY9
0,77,0,0,112,140,104,305.76,5,2695518,0,2.510575,36,14,0,1370488,0,258854.1,10,4,40,24,-202161.2,220,30,0,8,2884175,2427980,0,0,0,645442,10501200,6,435120,0,0,1JGr4RKzJV,RO12,taul,1K8T,lK27,0v27GMk,_jTP8ioIlJ,g7ag,9_Y1,DtNL,VpdQ,IYzP,me75fM6ugJ,sBgB,uKAI,L84s,NhsEn4L,NGZxnJM,ipbN,UYBR,FzaX,YBh0nTz,oslk,J_tzF_Q,LM8l689qOp,FSa2,RAYp,F2FyR07IdsN7I
0,847,7,36,84,105,48,166.56,0,650892,0,2.048707,9,38,0,1557504,0,48905.4,5,4,40,64,335360.4,450,12,315,0,257040,95358,25,0,9,55251,1638228,4,43440,0,0,dRaq9ayE15,RO12,taul,1K8T,OTVu,YMfAHbp,3cOC7qZ,8jDy,9_Y1,kJJ7,VpdQ,IYzP,me75fM6ugJ,kIsH,uKAI,L84s,NhsEn4L,mAjbk_S,kpzP,UYBR,FzaX,ZxrKsQe,oslk,xhoRP71,LM8l689qOp,7P5s,RAYp,F2FyR07IdsN7I
0,14,0,0,44,55,40,308.16,0,169410,0,5.258278,9,12,0,0,0,164618.7,0,4,8,0,-748908,55,6,0,8,203490,723738,0,0,0,0,2414408,6,1036800,0,7,NESt0G8EIb,RO12,taul,1K8T,2Ix5,RZHR5DT,8o3WlGR,lbjH,9_Y1,k13i,09_Q,IYzP,me75fM6ugJ,kIsH,uKAI,L84s,NhsEn4L,kZJtVhC,Yj0S,cJvF,FzaX,rLf8iqZ,oslk,bIUTy9x,LM8l689qOp,fKCe,RAYp,F2FyR07IdsN7I
0,1113,7,168,92,115,24,186.64,0,4840440,0,6.061312,9,96,0,1440544,0,96622.5,25,0,32,40,64972.4,345,24,414,0,4843545,724808,2505,0,18,0,9689120,12,0,0,0,HrWq9aXt5a,RO12,taul,1K8T,TLkP,iJzviRg,V6XUlxabJ4VaD,Mn2e,9_Y1,6TCl,VpdQ,haYg,7M47J5GA0pTYIFxg5uy,kIsH,uKAI,L84s,oOT00mkwDoEFW,mAjkd_U,OxkH,cJvF,FzaX,ch2oGfM,zCkv,P6pu4Vl,LM8l689qOp,uWr3,ZI9m,R4y5gQQWY8OodqDV
0,1323,14,3628,364,455,144,166.56,0,10788,0,3.277505,18,94,7,586496,0,4336.17,0,52,256,296,31405.72,675,6,5787,0,104545,41734,155,0,0,213108,565920,18,147564,0,0,EsYrjIX0Db,RO12,taul,1K8T,TyGl,pKHsKl9,RuVy67M,ZBNx,9_Y1,xQ2A,VpdQ,sYC_,me75fM6ugJ,kIsH,uKAI,L84s,NhsEn4L,kq0aHkC,gvA6,UYBR,OFWH,8Qv6hzI,oslk,2O2Rt2K,LM8l689qOp,5Acm,RAYp,F2FyR07IdsN7I
0,1946,14,5208,304,380,80,289.04,0,2211648,0,0.1785943,27,200,560,4210848,0,70501.2,15,10,64,56,111154.4,1020,126,15885,0,6392200,529824,645,0,54,315812,10410240,60,701736,0,0,LDPvyx7IEC,_7J0OGNN8s6gFzbM,CiJDdr4TQ0rGERIS,1K8T,FgS1,fhk21Ss,o5WT5gy7iu,fysa,9_Y1,RcM7,VpdQ,y6dw,7M47J5GA0pTYIFxg5uy,kIsH,uKAI,Mtgm,MeOIHRG3F9,EknepHi,d0RC,cJvF,OFWH,4UxGlow,zCkv,catzS2D,jySVZNlOJy,szEZ,ZI9m,ZeaF
0,735,0,48,144,180,152,133.12,0,56568,0,2.572741,18,86,0,996752,0,30402,0,16,40,40,34922.56,660,6,117153,0,338165,723060,0,0,0,1006705,3187940,6,1402800,0,0,tr0rEyXktW,RO12,taul,1K8T,Cnh8,LKy47iP,t0z2syy,ZpqQ,9_Y1,SkZj,sJzTlal,sYC_,me75fM6ugJ,kIsH,uKAI,L84s,NhsEn4L,kq0aHkC,O_oy,UYBR,FzaX,ZLrmfvd,oslk,khtiNPX,LM8l689qOp,Aoh3,RAYp,F2FyR07IdsN7I
0,952,7,1088,132,165,0,186.64,0,9288720,0,3.646016,9,36,56,192912,0,182858.4,40,2,32,8,118112,530,114,1926,0,1547215,0,135,0,9,0,10342600,8,518400,0,0,zcRZptzip9,RO12,taul,1K8T,wGW5,bbJMPAv,puVN1KTszPHt3,kAN_,9_Y1,Gx0B,09_Q,zm5i,me75fM6ugJ,kIsH,uKAI,L84s,NhsEn4L,mAjbk_S,kuCo,cJvF,FzaX,J9KmS85,oslk,kqrML05,LM8l689qOp,Qu4f,RAYp,F2FyR07IdsN7I
0,2513,7,264,204,255,32,220.08,0,5868222,0,3.442,9,32,294,4250384,0,47952.6,35,0,48,96,-1256.572,1030,78,1566,0,4268215,80302,370,0,9,0,10594080,30,0,0,0,NQ5vyxLkBI,RO12,taul,1K8T,pdks,BKLANjt,NFeIdppttuZ9yxh1,SAaL,9_Y1,_r21,VpdQ,zm5i,me75fM6ugJ,kIsH,uKAI,L84s,NhsEn4L,kZJtVhC,RYv4,cJvF,FzaX,07mmFX7,oslk,8Vy5Ui8,LM8l689qOp,xb3V,RAYp,F2FyR07IdsN7I
0,735,7,24,136,170,32,286.96,0,3347760,0,4.497543,9,30,0,1900904,0,185686.2,25,4,32,24,116334.4,510,54,333,0,4291035,633638,115,0,9,0,10100120,22,950466,0,0,gOyvyx7ejg,RO12,taul,1K8T,7wJ6,cJKfmkh,PaagavI,Ge28,9_Y1,RcM7,sJzTlal,zm5i,me75fM6ugJ,kIsH,uKAI,L84s,NhsEn4L,jawB6UP,6Qtk,cJvF,FzaX,HJNVoxc,oslk,qlCDnag,LM8l689qOp,szEZ,RAYp,F2FyR07IdsN7I
0,1057,14,4716,192,240,104,133.12,0,0,0,5.431531,18,198,140,13616,0,2162.538,0,2,16,24,-305.4284,640,0,7479,0,122500,13234,2170,0,18,15855,140336,62,13590,0,0,J9Vr4RQZiT,g62hiBSaKg,taul,1K8T,PGNs,fhk21Ss,glRBFJT8NN,i4KB,9_Y1,z5Ry,VpdQ,y6dw,7M47J5GA0pTYIFxg5uy,kIsH,uKAI,L84s,tbewxY_YSo,CWNQBqF,r7yD,UYBR,FzaX,4UxGlow,JIiEFBU,catzS2D,LM8l689qOp,FSa2,ZI9m,ib5G6X1eUxUn6
0,8701,7,160,616,770,216,220.08,0,4728450,0,1.611194,9,32,56,1993576,0,14833.05,80,22,144,192,497600,4815,198,140157,0,3388280,460028,3625,0,0,871962,9434400,86,457830,0,0,V8lt0G8rTN,RO12,taul,1K8T,487l,UsKnCPt,oyKdtjAtFN,vN1U,9_Y1,k13i,VpdQ,IYzP,me75fM6ugJ,kIsH,uKAI,L84s,NhsEn4L,kZJtVhC,HApP,cJvF,FzaX,hNj88FJ,oslk,VKYAwsZ,LM8l689qOp,fKCe,RAYp,F2FyR07IdsN7I
0,182,0,0,136,170,24,373.92,0,6177780,0,1.790429,9,18,0,633616,0,215430.3,15,10,32,8,79062,460,78,0,0,3173950,475212,0,0,0,1108828,10336160,18,2376060,0,0,oBXTmBtFkL,RO12,taul,1K8T,0Xwj,Nn3SLMn,S85OeCBjSz,83Vt,F3hy,C6Eu,09_Q,IYzP,me75fM6ugJ,kIsH,uKAI,L84s,NhsEn4L,cUQdHad,EYeO,cJvF,FzaX,3OJ8hdx,oslk,nezO_7b,LM8l689qOp,rgKb,RAYp,F2FyR07IdsN7I
0,665,7,200,124,155,0,200,0,11248140,0,4.825037,36,150,0,0,0,249138.3,40,0,24,0,356733.6,455,132,87102,0,15110,0,560,0,9,0,10275640,2,0,0,0,2jiWq69cTy,AERks4l,taul,1K8T,pdks,fhk21Ss,_jTP8ioIlJ,CEXe,9_Y1,Px52,VpdQ,6JmL,7M47J5GA0pTYIFxg5uy,kIsH,uKAI,L84s,WsRVNrF85oPU_,teAXTlL,mgmy,UYBR,FzaX,4UxGlow,zCkv,catzS2D,M_8D,PM2D,ZI9m,ib5G6X1eUxUn6
0,2065,7,340,452,565,240,166.56,0,74760,0,1.829951,18,34,147,377608,0,11900.55,5,14,144,240,7162.72,1565,30,891,0,358690,139176,230,0,0,70959,977996,80,196554,0,0,crIgUHSK8h,RO12,taul,1K8T,EJC9,OKQ4Lhq,98kUPa9,85IW,9_Y1,RVjC,09_Q,IYzP,me75fM6ugJ,kIsH,uKAI,L84s,NhsEn4L,mAjbk_S,ETNp,UYBR,FzaX,K9B4K41,oslk,L8yRgaQ,LM8l689qOp,FSa2,RAYp,F2FyR07IdsN7I
0,245,7,320,272,340,144,253.52,0,2628030,0,6.77868,9,118,42,615952,3,40818,30,14,56,8,137565.6,400,42,68616,16,1906955,293740,2210,0,27,0,8448280,58,407940,0,7,CEaBcmz45j,LrdVolaSGUfkVeWC,taul,1K8T,YPhp,fhk21Ss,8nstQ62E0C,VBUU,9_Y1,yrDU,VpdQ,wMei,7M47J5GA0pTYIFxg5uy,kIsH,uKAI,Mtgm,h0lfDKh52u4GP,ORM0Mzs,AFiH,UYBR,FzaX,4UxGlow,oslk,catzS2D,LM8l689qOp,Qcbd,ZI9m,R4y5gQQWY8OodqDV
0,1120,7,2360,152,190,40,656.64,5,8311680,0,4.024781,27,52,63,691200,0,162987.3,30,8,32,8,172662.8,785,108,54693,8,696995,693692,2585,0,9,604800,10526440,8,1429968,0,0,DHevyx7IEC,RO12,taul,1K8T,FgS1,GLcYYlr,o0q8tiE,k_OA,9_Y1,RcM7,VpdQ,giwq,me75fM6ugJ,kIsH,uKAI,L84s,NhsEn4L,TDcECyH,0yqJ,cJvF,FzaX,eNCmIK9,oslk,xhoMnus,LM8l689qOp,szEZ,RAYp,F2FyR07IdsN7I
0,987,7,1560,148,185,32,253.52,0,4545996,0,0.2708823,9,50,112,2678928,0,189425.4,10,6,40,56,562680,550,60,66663,0,4356165,633624,2475,0,0,686525,10465040,22,1063668,0,0,639r4RK2Mx,RO12,taul,1K8T,PGNs,7kAZyzC,zA2IZno2NK,FtGg,9_Y1,DtNL,VpdQ,IYzP,me75fM6ugJ,kIsH,uKAI,Mtgm,NhsEn4L,NGZXfGp,8tio,UYBR,FzaX,7CPRwBA,oslk,pyZznPS,M_8D,FSa2,RAYp,F2FyR07IdsN7I
0,1484,14,2888,224,280,304,133.12,0,13326,0,1.947447,18,132,231,76528,0,14643.39,0,0,8,48,18093,885,36,38403,0,30440,89398,13205,0,9,0,250296,12,0,0,0,DHeTmBftjz,2Knk1KF,taul,1K8T,LFM_,0v2rDRY,GHfL3MpXAX,OFW9,9_Y1,Gx0B,VpdQ,kxE9,me75fM6ugJ,kIsH,uKAI,L84s,XfqtO3UdzaXh_,XTbPUYD,osyI,cJvF,AU8pNoi,0AJvEWW,oslk,6qfAKIt,LM8l689qOp,Qu4f,RAYp,55YFVY9
0,1190,14,356,136,170,56,296.96,0,7412580,0,4.954497,27,40,14,293792,0,136604.4,35,2,32,8,115360.4,545,90,1836,0,179395,1209600,4415,0,0,0,10184160,6,518400,0,0,1nlTmBtueT,RO12,taul,1K8T,hAOr,MPSM0nx,y2LIM01bE1,ypnP,9_Y1,47ra,09_Q,IYzP,me75fM6ugJ,kIsH,uKAI,L84s,NhsEn4L,mAjbk_S,GZpz,cJvF,FzaX,UDVAAox,oslk,uOV2fT4,LM8l689qOp,rgKb,RAYp,F2FyR07IdsN7I
0,4494,28,13924,6608,8260,4008,200,5,2442792,0,5.629566,45,160,1232,1275672,0,18876.33,485,550,2432,352,-114086.4,8720,3882,27018,24,2591910,351308,1365,0,27,185220,8365400,176,233556,0,14,639TmBQxul,RO12,taul,1K8T,ssAy,fhk21Ss,yiXKNUCbD1,LJAR,9_Y1,TjV7,VpdQ,6JmL,7M47J5GA0pTYIFxg5uy,kIsH,uKAI,L84s,9pUnzWLbztKTo,OFqP47g,L_60,UYBR,FzaX,4UxGlow,zCkv,catzS2D,jySVZNlOJy,FSa2,ZI9m,iyHGyLCEkQ
0,700,7,96,128,160,8,333.76,0,6418020,0,3.159581,27,36,14,2764800,0,206809.5,20,0,32,32,191405.6,560,78,1917,0,4320000,85920,310,0,18,0,10671320,20,0,0,0,crIt0Go8Lb,RO12,taul,1K8T,lK27,kozdzR5,q2tfFQq,YZrs,9_Y1,rGJy,VpdQ,zm5i,me75fM6ugJ,kIsH,uKAI,Mtgm,NhsEn4L,NGZ7K5L,zsL4,UYBR,FzaX,sd2OZ4E,oslk,spyTQlu,LM8l689qOp,Qu4f,RAYp,F2FyR07IdsN7I
0,896,28,1240,196,245,104,193.36,0,495066,0,1.193976,45,200,56,1389576,6,40429.5,10,22,80,64,-1041732,645,18,40995,24,767520,382608,1050,0,18,382375,2700584,24,345312,0,7,DHeTmBftjz,NRCqczK,CiJDdr4TQ0rGERIS,z3mO,OY2L,fhk21Ss,ARvzJXx,KzJO,9_Y1,Gx0B,VpdQ,y6dw,7M47J5GA0pTYIFxg5uy,kIsH,uKAI,L84s,WsRVNrF85oPU_,IoIL0mp,xUyv,cJvF,FzaX,4UxGlow,zCkv,catzS2D,LM8l689qOp,Qu4f,ZI9m,NoEd
0,1092,14,3604,132,165,24,166.56,0,591930,0,0.7893612,18,220,133,2573048,3,68659.2,0,2,32,56,7130.84,525,12,35199,16,4347105,175078,4555,0,18,0,5854600,40,518400,0,7,HAoOj1KXzC,2Knk1KF,CiJDdr4TQ0rGERIS,1K8T,0Y9G,fhk21Ss,etM739XNbCmUu,FTH1,9_Y1,jdbz,VpdQ,y6dw,7M47J5GA0pTYIFxg5uy,kIsH,uKAI,L84s,_5OXC8MSLt,kZJMFCG,1Uyc,cJvF,FzaX,4UxGlow,oslk,catzS2D,jySVZNlOJy,kwS7,ZI9m,NoEd
0,938,14,652,140,175,48,325.04,0,2565714,0,0.6919461,18,58,126,2799360,0,153132,10,4,32,56,343640,470,36,17532,0,4971405,1036800,10575,0,9,0,10528360,24,1036800,0,0,1GdOj1KXzC,RO12,taul,1K8T,lK27,N455JqQ,jt3xMpI_cxIIW,ZcTu,9_Y1,jdbz,09_Q,sYC_,me75fM6ugJ,kIsH,7A3j,L84s,NhsEn4L,kq0n8Bj,sXkl,UYBR,FzaX,gfM8XLE,oslk,knDz20V,LM8l689qOp,kwS7,RAYp,F2FyR07IdsN7I
0,861,7,2504,112,140,48,186.64,0,4744872,0,4.80752,9,106,14,0,0,210031.8,25,6,32,0,-10140.56,465,60,2313,0,1413995,955532,260,0,18,0,8856120,8,1383912,0,0,DHevyx7IEC,2Knk1KF,taul,1K8T,Bxva,G2zwXf5,I1s81Dlb7R,Kyvk,9_Y1,f4dr,09_Q,sYC_,me75fM6ugJ,kIsH,uKAI,L84s,NhsEn4L,beK4AFX,eTUw,cJvF,wwPEXoilkr,KhWfR8o,oslk,0MpQv5o,LM8l689qOp,szEZ,RAYp,55YFVY9
0,1631,7,56,220,275,112,253.52,0,0,0,5.186285,9,48,0,99152,0,39830.7,5,0,8,40,-619176,910,0,1080,0,628330,10532,450,0,9,0,748052,70,0,0,0,75lq9ayfAo,RO12,ev6I,1K8T,hAOr,FJDupBg,9g4oaYjoL0,E_sw,9_Y1,F_Lu,VpdQ,lVqb,7M47J5GA0pTYIFxg5uy,kIsH,uKAI,Mtgm,E1aAZ0x7vd,teAfWtZ,hw6m,UYBR,FzaX,OYHoGfM,QKW8DRm,RlTh9x_,LM8l689qOp,TNEC,vJ_w8kB,WfJYmPMksSqa1pajvfG
0,427,0,52,136,170,88,166.56,0,0,0,4.954497,18,82,0,86384,0,3838.98,0,2,24,72,-6313.84,535,0,234,0,67525,21632,0,0,9,32914,143436,26,4440,0,0,HYTrjIK12c,RO12,taul,1K8T,lK27,F0DwkuM,pHRZBG0NR6KGK,QIyn,9_Y1,7WNq,sJzTlal,wMei,me75fM6ugJ,kIsH,uKAI,L84s,h0lfDKh52u4GP,IoI4mKe,75lY,cJvF,FzaX,FmXv4zN,oslk,WJO2Oqu,LM8l689qOp,WqMG,RAYp,F2FyR07IdsN7I
0,1442,7,324,348,435,144,220.08,0,6782220,0,3.264901,9,74,14,1859328,0,106797.6,40,4,40,72,130486.4,1045,102,1764,0,2941085,430790,250,0,27,0,10717280,66,98892,0,0,wRXmfo875g,eSGpMwS8zSGgq_trOpckZ5,taul,1K8T,7gSz,yQOMkpB,n8FHjepuG1QYcA5C,XYM6,9_Y1,_48V,VpdQ,hAFG,GjJ35utlTa_GNSvxxpb9ju,kIsH,uKAI,L84s,UbxQ8lZ,beKAhVm,S2FA,cJvF,FzaX,_KnsZjL,Al6ZaUT,k0gDtG0,LM8l689qOp,3Cy4,02N6s8f,R4y5gQQWY8OodqDV
0,1218,28,768,128,160,72,289.04,0,652110,0,5.934202,45,172,84,1382400,0,141045.9,10,10,32,16,453972,610,12,351,8,5051900,1555200,350,6,36,0,10121520,24,2246022,0,0,N_vrjIXt5a,2Knk1KF,taul,1K8T,lK27,fhk21Ss,FoJylxy,zVVc,9_Y1,nr0d,VpdQ,kxE9,7M47J5GA0pTYIFxg5uy,sBgB,uKAI,Mtgm,Ie_5MZs,CWNY2py,PygT,cJvF,AU8_WTd,4UxGlow,zCkv,catzS2D,jySVZNlOJy,5Acm,ZI9m,TCU50_Yjmm6GIBZ0lL_
0,245,7,8,124,155,16,166.56,0,0,0,6.236915,9,86,0,131728,0,14951.76,0,0,0,64,66368.8,435,0,36,0,249200,24148,10,0,9,0,313520,42,0,0,0,xddq9ayfAo,w9ygS99Qp_,taul,1K8T,LZs_,J78BdMb,MSmOHlx,3Ko1,9_Y1,000J,09_Q,6JmL,DHn_WUyBhW_whjA88g9bvA64_,kIsH,uKAI,L84s,CrNX,AuSBTw7,3pP7,cJvF,FzaX,gg7TiDD,d0EEeJi,5tpYJyE,LM8l689qOp,7P5s,nIGXDli,R4y5gQQWY8OodqDV
0,2177,7,252,248,310,80,200,0,279348,0,4.745995,9,92,0,1858216,0,52512.3,5,18,96,152,9483.72,880,24,6426,0,3197625,387776,4055,0,18,417914,4863520,38,599550,0,0,NQ5vyxLkBI,RO12,taul,1K8T,ssAy,Qa9MXsf,9YuuPSz3BI,qSok,9_Y1,vzJD,VpdQ,sYC_,DHn_WUyBhW_whjA88g9bvA64_,kIsH,uKAI,L84s,CrNX,kZJigPo,OaNK,UYBR,FzaX,ie2q2w3,d0EEeJi,xwypdTw,LM8l689qOp,xb3V,nIGXDli,F2FyR07IdsN7I
0,903,7,240,128,160,120,253.52,0,3533382,0,0.8229011,9,64,84,0,0,90006,10,12,32,0,255073.6,505,42,549,0,114705,2592000,90,0,27,0,10396160,4,3110400,0,0,HAoOj1KXzC,AERks4l,taul,1K8T,AHgj,PHNvXy8,I1s81Dlb7R,3RpI,9_Y1,vYXv,09_Q,hAFG,NKv3VA1BpP,sBgB,uKAI,L84s,I6KzrtUCei,kZJjZTD,O7Nb,cJvF,FzaX,UF16siJ,zCkv,APgdzOv,LM8l689qOp,kwS7,6fzt,xwM2aC7IdeMC0
0,567,0,0,144,180,24,269.92,0,524418,0,3.388165,9,24,0,2782480,0,91526.41,5,6,40,56,-196005.2,655,12,0,0,4975355,273996,0,0,9,1799994,7119760,40,1229130,0,0,zcRZptzip9,e6CkoqApVR,taul,1K8T,0Xwj,wbhFBmn,oI3ipGOikJ,cSte,HLqf,t_4G,VpdQ,zm5i,Kxdu,sBgB,uKAI,L84s,FMSzZ91zL2,kq0jANs,t89X,UYBR,FzaX,Ik2M6_B,zCkv,U7u_44J,LM8l689qOp,Qu4f,6fzt,F2FcTt7IdMT_v
0,105,0,0,84,105,88,186.64,0,590412,0,3.659261,9,16,0,1561216,0,208803.6,0,2,24,40,119675.2,275,6,0,0,459130,564226,0,0,0,513975,2715760,6,68682,0,0,KXMrEyXXnK,RO12,taul,1K8T,yYar,fqedTJr,ThrnFOQ,ndT0,9_Y1,H1uM,sJzTlal,IYzP,me75fM6ugJ,kIsH,uKAI,L84s,NhsEn4L,TDcwKda,2lkY,UYBR,FzaX,fxJ68SY,oslk,SyxQQMs,LM8l689qOp,Aoh3,RAYp,F2FyR07IdsN7I
0,630,14,836,80,100,72,220.08,0,0,0,5.741295,27,88,105,115312,0,21768.78,0,2,16,16,21161.44,420,0,38871,0,330375,191112,1785,0,18,63889,738836,16,51984,0,0,2jiWq69cTy,RO12,taul,1K8T,0Xwj,vLtMhNR,VFlvsegZb2VDaHa4,6wCR,F3hy,0A_v,09_Q,6JmL,me75fM6ugJ,kIsH,uKAI,L84s,XfqtO3UdzaXh_,XTbPUYD,iZsV,cJvF,FzaX,ie38iqZ,oslk,35GRt2K,LM8l689qOp,PM2D,RAYp,F2FyR07IdsN7I
0,343,0,0,16,20,16,133.12,0,0,0,4.936979,9,92,0,0,0,244513.8,0,0,0,0,-1178704,70,0,1773,0,582235,12476,0,0,9,0,490740,4,0,0,0,_v2TmBftjz,RO12,taul,1K8T,LFM_,65yJUS7,Rhz2qFSy4RHcxpwU,bNKa,9_Y1,4N0K,VpdQ,6JmL,me75fM6ugJ,kIsH,uKAI,L84s,XfqtO3UdzaXh_,XTbPUYD,SiTa,cJvF,FzaX,qcEvOIl,oslk,INp7j0h,jySVZNlOJy,Qu4f,RAYp,F2FyR07IdsN7I
0,1141,7,780,732,915,392,283.44,0,2759226,0,1.680624,9,150,175,645896,0,166545.3,35,38,280,240,-103740,1255,228,23625,0,2627545,1654148,130,0,18,620277,9555600,80,1580430,0,0,AhzZptzip9,2Knk1KF,b_3Q,1K8T,487l,fhk21Ss,pCsFbvQJcF,Ghmd,9_Y1,t_4G,09_Q,giwq,7M47J5GA0pTYIFxg5uy,kIsH,uKAI,L84s,E1aAZ0x7vd,_JdsQN0,Vi98,UYBR,qxDb,4UxGlow,QKW8DRm,catzS2D,LM8l689qOp,Qu4f,ZI9m,ib5G6X1eUxUn6
0,266,7,0,220,275,104,200,0,1008,0,4.387951,9,64,7,550952,0,6471.66,0,8,48,152,62084,465,6,7911,0,138065,53784,5,0,9,36897,526284,36,48174,0,0,AUUt0GoOh3,RO12,taul,1K8T,ffXs,AA1duRc,hOpMh7dRpW,BGAR,9_Y1,m_h1,09_Q,IYzP,me75fM6ugJ,kIsH,uKAI,L84s,NhsEn4L,mAjbk_S,8JTE,UYBR,FzaX,9Udm94s,oslk,hxTaK89,LM8l689qOp,WqMG,RAYp,F2FyR07IdsN7I
0,350,0,0,128,160,0,253.52,0,10258920,0,3.335826,18,22,0,0,0,220753.8,45,0,32,0,233173.6,500,120,0,0,726835,0,0,0,9,0,10531120,6,0,0,0,2jiWq69cTy,RO12,taul,1K8T,0Xwj,wEJSdMg,wXYgzHf,tyKd,F3hy,Px52,VpdQ,zm5i,me75fM6ugJ,kIsH,uKAI,L84s,NhsEn4L,kZJtVhC,ukNq,UYBR,FzaX,aMa88FJ,oslk,tM4OEra,LM8l689qOp,PM2D,RAYp,F2FyR07IdsN7I
0,1029,14,4316,132,165,32,220.48,0,8812800,0,0.2187567,27,138,224,0,0,150302.7,35,4,32,0,178161.2,485,102,23526,0,132850,691200,100,0,36,0,10473720,6,1035984,0,0,9rAq9at_88,RO12,taul,1K8T,0Xwj,QiwK0yW,QsrL14o,tjo7,HLqf,KfYH,sJzTlal,6JmL,Kxdu,sBgB,g5HH,L84s,FMSzZ91zL2,11pG9ir,HsUK,cJvF,FzaX,Fpzip6Z,zCkv,YAqrS2Y,jySVZNlOJy,me1d,6fzt,4rd_
0,938,14,4748,112,140,48,529.04,0,981258,0,6.814569,18,44,112,1267216,3,173972.4,0,4,16,16,265629.2,585,18,68193,8,5806300,382414,2505,0,18,2267097,10173080,30,5213148,0,0,9hRmfo875g,AERks4l,taul,1K8T,487l,zNYdbhC,y2LIM01bE1,EQvt,9_Y1,_48V,sJzTlal,IYzP,7M47J5GA0pTYIFxg5uy,kIsH,uKAI,Mtgm,NhsEn4L,7WwgClh,xmJn,cJvF,FzaX,ZMN1a9D,oslk,JCZS9jj,LM8l689qOp,3Cy4,ZI9m,F2FcTt7IdMT_v
0,6664,7,436,132,165,0,246.16,0,840006,0,2.318522,9,144,77,3317752,0,21946.38,10,4,40,88,-917100,2645,30,10278,0,4557960,0,720,0,45,1069222,6827720,26,792018,0,0,C2Dvyx875g,2Knk1KF,taul,1K8T,kNzO,fhk21Ss,tru3GNC3u14shA_jA7L,Z4w0,9_Y1,MBhA,09_Q,itlM,7M47J5GA0pTYIFxg5uy,kIsH,uKAI,Mtgm,XfqtO3UdzaXh_,11p4mKe,_AeM,UYBR,FzaX,4UxGlow,oslk,catzS2D,LM8l689qOp,WqMG,ZI9m,55YFVY9
0,784,14,384,124,155,176,153.2,0,0,0,1.527451,27,152,28,0,0,232887.6,0,16,32,0,140242.4,485,0,30087,0,69650,3777460,200,0,18,0,10375440,2,4147200,0,0,S8dr4RQxul,onTuEhrJJQy_H3IHkZku5AFczhYGqxJ890,taul,1K8T,kwI9,fqeOwLG,JQFeOYK,i4KB,9_Y1,z5Ry,VpdQ,kxE9,7M47J5GA0pTYIFxg5uy,kIsH,uKAI,L84s,a3CcPDe,11p_E1H,r7yD,UYBR,FzaX,fxJmel6,QKW8DRm,WfsWw2A,M_8D,FSa2,ZI9m,iyHGyLCEkQ
0,525,7,300,144,180,96,166.56,0,0,0,0.7227088,9,34,63,273128,0,28536.57,0,20,48,32,145175.2,315,0,34812,0,974075,41762,2655,0,0,23646,1051744,20,78594,0,0,DHevyx7IEC,RO12,taul,1K8T,dWQK,Hzhr3WP,0ZlStaN,czHw,9_Y1,xSqs,VpdQ,IYzP,DHn_WUyBhW_whjA88g9bvA64_,kIsH,uKAI,L84s,CrNX,mAjbq_f,_MlB,cJvF,FzaX,nNRLPmi,d0EEeJi,VJQtUQ1,LM8l689qOp,szEZ,nIGXDli,F2FyR07IdsN7I
0,2149,7,444,488,610,296,166.56,0,185976,0,5.685537,9,106,21,1964640,0,19899.63,30,12,128,160,-422832,1615,36,42876,8,3752215,457318,2420,0,27,234213,5369760,94,319860,0,7,jg69tYsGvO,RO12,taul,1K8T,D68y,7kAl2XU,3cO76t0,FnId,9_Y1,DtNL,VpdQ,hAFG,me75fM6ugJ,kIsH,uKAI,L84s,XfqtO3UdzaXh_,XTbPUYD,g62Q,cJvF,FzaX,7CPRCiV,oslk,CTlKvPi,LM8l689qOp,FSa2,RAYp,F2FyR07IdsN7I
0,777,7,184,16,20,0,253.52,0,0,0,4.690023,18,40,0,2284424,0,198789.3,0,0,8,8,-93873.2,350,0,21411,0,8820000,0,520,0,27,0,8198200,6,0,0,0,xddq9ayfAo,RO12,taul,z3mO,IGdn,oKsWccX,9HOPNsJ,51nD,9_Y1,000J,sJzTlal,itlM,me75fM6ugJ,kIsH,uKAI,L84s,XfqtO3UdzaXh_,XTb10lF,A4TP,cJvF,FzaX,_Px1UQz,oslk,35dYyXX,LM8l689qOp,7P5s,RAYp,F2FyR07IdsN7I
0,875,7,996,144,180,8,442.08,0,10191960,0,3.563341,9,38,0,7608,0,96679.8,45,0,32,8,87648.8,555,120,61668,0,282345,85080,830,0,18,0,10295440,10,0,0,0,2jiWq69cTy,RO12,taul,1K8T,ssAy,creCyD5,Ed78w47kJM,F1zq,9_Y1,0A_v,sJzTlal,43pnToF,me75fM6ugJ,kIsH,uKAI,L84s,NhsEn4L,mAjbk_S,dO2z,cJvF,FzaX,Hlo8hdx,oslk,kYwEsaq,LM8l689qOp,PM2D,RAYp,F2FyR07IdsN7I
0,1113,7,1268,136,170,24,442.4,0,9829800,0,3.935911,9,130,98,0,0,99084.59,45,0,32,0,241849.2,585,126,89415,0,560,452222,1715,0,0,0,10568480,2,0,0,0,9rAq9at_88,2Knk1KF,taul,1K8T,4fje,WkH7nZN,NBVUlxabJhR17,hcvQ,9_Y1,KfYH,09_Q,IYzP,me75fM6ugJ,kIsH,g5HH,L84s,NhsEn4L,teAyFc5,y8W_,cJvF,FzaX,scZ0Q3K,oslk,zmvzrB7,jySVZNlOJy,me1d,RAYp,55YFVY9
0,882,7,124,248,310,144,277.2,0,28086,0,6.574664,9,32,7,83288,6,48850.8,25,14,72,48,37089.72,630,18,1413,16,227015,47994,205,0,9,113484,456596,46,108462,0,0,DHegUHXZeb,RO12,taul,1K8T,7ALb,qbzATNu,NBVUlxabJhR17,g5AI,9_Y1,LqKm,09_Q,IYzP,me75fM6ugJ,kIsH,uKAI,L84s,NhsEn4L,mAjbk_S,yvgv,cJvF,qxDb,Oj69oV7,oslk,7IeAGfT,LM8l689qOp,453m,RAYp,F2FyR07IdsN7I
0,847,0,0,308,385,112,233.44,0,8076,0,4.219611,9,48,0,296992,0,4244.85,0,2,56,112,34379.28,810,6,0,0,455995,60350,0,0,0,22617,643852,94,6714,0,0,_v2TmBftjz,RO12,taul,1K8T,ssAy,Nn3wY8e,_jTP8ioIlJ,FLMD,9_Y1,4N0K,VpdQ,IYzP,me75fM6ugJ,kIsH,uKAI,L84s,NhsEn4L,kq0n8Bj,y9po,cJvF,FzaX,75wv48t,oslk,xKQ2fT4,LM8l689qOp,Qu4f,RAYp,F2FyR07IdsN7I
0,1673,14,92,168,210,168,176.56,0,200346,0,1.66802,45,132,35,3285952,0,57364.5,5,2,48,80,-30135.72,780,24,423,0,192555,1119708,70,0,9,1132173,4342360,10,202776,0,0,qXhPe2ftjz,2Knk1KF,taul,1K8T,PGNs,SqbCPGE,ZkibjLN5VdYQ7,sOYL,9_Y1,mTeA,VpdQ,sYC_,me75fM6ugJ,kIsH,uKAI,L84s,NhsEn4L,beK4AFX,upnW,UYBR,FzaX,mXL38SL,oslk,6zMjbRT,jySVZNlOJy,FSa2,RAYp,55YFVY9
0,623,7,4212,68,85,24,338.56,0,1062462,0,4.525102,9,92,462,4003816,0,157829.7,5,2,8,8,-104550.4,340,24,22410,0,3111925,199238,510,0,27,0,9326560,14,1992210,0,0,py5gUH7ejg,RO12,taul,1K8T,dm89,GRl7qwL,6JhQ5n9,nEZf,9_Y1,bJXB,09_Q,6JmL,me75fM6ugJ,kIsH,uKAI,L84s,XfqtO3UdzaXh_,11p4mKe,uLAtAVt,cJvF,FzaX,xDj6pd1,oslk,VQZzrB7,jySVZNlOJy,w_Ub,RAYp,F2FyR07IdsN7I
0,826,7,224,112,140,0,120.4,0,2892,0,6.50972,27,46,7,40840,0,4923.87,0,0,16,32,-1783832,780,6,693,0,176585,0,75,0,0,12628,163616,46,0,0,0,9rAq9at_88,RO12,taul,1K8T,4fje,OENRWXF,Steei1gxQJ,_N6D,9_Y1,KfYH,09_Q,IYzP,me75fM6ugJ,kIsH,g5HH,L84s,XfqtO3UdzaXh_,mAjKef6,CO8K,cJvF,FzaX,rHB9eoy,oslk,1j2Q5_S,LM8l689qOp,me1d,RAYp,F2FyR07IdsN7I
0,357,7,160,96,120,104,200,0,1266648,0,2.353557,9,42,42,682784,0,140805,5,0,0,16,496676,365,18,66195,0,759005,2246400,3550,0,0,0,6513560,10,0,0,0,m9SvyxLkBI,RO12,taul,1K8T,0Xwj,I6B7C3_,9UgO4AFTtt,q6E_,HLqf,_r21,VpdQ,IYzP,me75fM6ugJ,sBgB,uKAI,L84s,NhsEn4L,mAja5EA,TB6C,cJvF,FzaX,AI5YWu3,oslk,H2lRusu,LM8l689qOp,xb3V,RAYp,F2FyR07IdsN7I
0,4599,0,0,2644,3305,1032,220.08,0,3713016,0,4.981841,18,26,0,1970744,0,13386.27,100,90,208,888,106554,9005,384,0,0,3325135,637000,0,0,9,189007,8921400,584,609972,0,0,hSogUHXZeb,RO12,taul,1K8T,yMvB,cSPqFuv,VzEBo7uipWwSl,1qtb,9_Y1,STGZ,VpdQ,wMei,me75fM6ugJ,kIsH,uKAI,L84s,NhsEn4L,7WwwAA_,s9FI,UYBR,FzaX,joS6pd1,oslk,AYu2Oqu,jySVZNlOJy,453m,RAYp,F2FyR07IdsN7I
0,840,0,0,204,255,24,257.76,0,7115100,0,5.926511,27,26,0,444456,0,161304.9,45,12,72,48,116135.2,845,108,0,0,2680680,360290,0,0,9,0,10544720,18,1130112,0,0,xearjIX0Db,RO12,taul,1K8T,JLbT,BE7r3WP,itSGh3t,aZo2,9_Y1,EKFb,VpdQ,zm5i,me75fM6ugJ,kIsH,uKAI,L84s,NhsEn4L,kZJtVhC,_Ybn,cJvF,FzaX,rulD5lR,oslk,kufqPCU,LM8l689qOp,5Acm,RAYp,F2FyR07IdsN7I
0,1099,7,5372,204,255,72,166.56,0,0,0,3.955565,9,54,91,2100896,0,54972.3,0,2,48,120,-263220.4,615,0,47502,0,1802785,162188,2125,0,9,285523,2822848,52,8694,0,0,xearjIX0Db,RO12,taul,1K8T,80HR,Xkt4wFk,Oe4E7cR6Kt,9XhW,9_Y1,WIr3,VpdQ,43pnToF,me75fM6ugJ,kIsH,uKAI,L84s,NhsEn4L,mAjbk_S,TzTu,cJvF,FzaX,ZCE8XLE,oslk,dxB79_c,LM8l689qOp,5Acm,RAYp,F2FyR07IdsN7I
0,1442,7,252,240,300,144,429.28,5,5491902,0,0.5110019,9,58,63,1094416,0,34151.1,30,6,40,40,163434.8,830,90,149679,8,2033730,1019164,2240,0,9,176540,10134760,26,804702,0,0,vAsTmBfHUn,RO12,taul,1K8T,LFM_,5uocKWM,NFeIdppttuZ9yxh1,IEDl,9_Y1,4N0K,VpdQ,haYg,me75fM6ugJ,kIsH,uKAI,L84s,XfqtO3UdzaXh_,XTbPUYD,7CKw,cJvF,FzaX,l5bAe72,oslk,r3oreV4,LM8l689qOp,Qu4f,RAYp,F2FyR07IdsN7I
0,658,14,3948,20,25,32,236.8,5,0,0,2.989105,18,58,98,0,0,18276.39,0,0,0,0,-190235.2,275,0,51264,8,2685,3779380,6345,0,18,0,7560880,2,0,0,0,8I1q9ayE15,RO12,taul,1K8T,2Ix5,iJzviRg,Qj_RuBBLPJ,rlx_,9_Y1,F_Lu,VpdQ,haYg,7M47J5GA0pTYIFxg5uy,kIsH,uKAI,Mtgm,4kVnq_T26xq1p,NGZN1JG,TddH,UYBR,AU8pNoi,ch2oGfM,zCkv,P6pu4Vl,LM8l689qOp,TNEC,ZI9m,R4y5gQQWY8OodqDV
0,196,7,28,40,50,40,133.12,0,0,0,3.900876,9,82,7,0,0,4471.14,0,4,16,0,2398,175,0,2079,0,13065,10054,350,0,0,0,48132,6,26358,0,0,FAJWq69cTy,RO12,taul,1K8T,487l,GdzFZs5,S85uPSDwkC,eKTQ,9_Y1,Px52,09_Q,sYC_,me75fM6ugJ,kIsH,uKAI,L84s,NhsEn4L,kq0aHkC,JEC4,UYBR,AU8pNoi,Xsg8XLE,oslk,eIi2qo0,LM8l689qOp,PM2D,RAYp,F2FyR07IdsN7I
0,805,7,1024,124,155,0,320.4,0,11404800,0,6.058748,9,128,189,0,0,221541.9,40,0,32,0,94059.2,545,132,1386,0,107605,0,615,0,18,0,10425320,2,0,0,0,639TmBQxul,AERks4l,taul,1K8T,JLbT,fhk21Ss,CdPgMY1Z52,JoKa,9_Y1,mTeA,VpdQ,wMei,7M47J5GA0pTYIFxg5uy,kIsH,7A3j,L84s,h0lfDKh52u4GP,ORM0Mzs,mcPg,UYBR,FzaX,4UxGlow,oslk,catzS2D,LM8l689qOp,FSa2,ZI9m,ib5G6X1eUxUn6
0,441,0,0,36,45,24,220.08,0,6202740,0,3.071139,9,26,0,0,0,202643.4,10,0,0,0,297959.2,375,12,0,0,475295,870562,0,0,9,0,9953360,4,0,0,0,npOBcmzkzH,RO12,taul,1K8T,0WHw,oKsne2L,C_u8_AlBK7,Ols2,9_Y1,EwzD,09_Q,zm5i,me75fM6ugJ,kIsH,uKAI,L84s,NhsEn4L,mAjAVZm,CmvH,cJvF,FzaX,iEXADXQ,oslk,xWWynIC,jySVZNlOJy,Qcbd,RAYp,F2FyR07IdsN7I
0,1337,7,2184,584,730,272,53.52,0,4520274,0,6.072634,27,134,98,670128,0,85377,35,8,64,40,-191283.2,1175,294,11412,8,5568200,179968,280,0,36,215740,10123320,94,1017858,0,7,BQa9tYsdof,AERks4l,taul,1K8T,PGNs,fhk21Ss,KhDb8PW,3lei,9_Y1,YULl,VpdQ,wMei,7M47J5GA0pTYIFxg5uy,kIsH,uKAI,L84s,ZtujLmj9uJdIkLfg,kZJ2ZbD,TR24,cJvF,FzaX,4UxGlow,QKW8DRm,catzS2D,LM8l689qOp,FSa2,ZI9m,ib5G6X1eUxUn6
0,1995,7,1048,248,310,272,133.12,0,0,0,1.917539,9,144,56,324256,0,11359.41,5,22,112,88,-105676,945,0,143532,0,53415,224536,200,0,36,242473,794696,10,161424,0,0,2jiWq69cTy,2Knk1KF,taul,1K8T,0Xwj,fhk21Ss,KSPgGPC,YI3u,HLqf,0A_v,09_Q,hAFG,7M47J5GA0pTYIFxg5uy,sBgB,uKAI,L84s,XfqtO3UdzaXh_,XTbPUYD,78GU,cJvF,FzaX,4UxGlow,oslk,catzS2D,LM8l689qOp,PM2D,ZI9m,55YFVY9
0,826,7,5504,156,195,80,244.72,0,3855312,0,1.819269,9,208,189,2375480,0,188536.5,20,0,64,72,109946.4,550,48,39096,0,2926960,1543968,3600,0,54,5698,10511080,16,0,0,0,a4v9tYsGvO,vuPfq6YcbX,CiJDdr4TQ0rGERIS,1K8T,Y2P0,fhk21Ss,1lFJzqR,exqa,9_Y1,YULl,VpdQ,y6dw,7M47J5GA0pTYIFxg5uy,kIsH,uKAI,L84s,TW8UhnX,X1B5ceq,rQxu,UYBR,FzaX,4UxGlow,QKW8DRm,catzS2D,LM8l689qOp,FSa2,ZI9m,NoEd
0,1981,7,1028,568,710,256,166.56,0,325644,0,1.431105,18,42,14,246256,0,6926.64,35,16,48,128,26672.16,1790,258,621,0,406145,150926,195,0,0,51821,1187776,72,98094,0,0,vAsgUHXM47,RO12,taul,1K8T,h3JW,RJE7qGc,DKUDUftgA7,GbwL,9_Y1,LqKm,VpdQ,IYzP,me75fM6ugJ,kIsH,uKAI,L84s,NhsEn4L,uZL60aU,Lz3e,cJvF,FzaX,bYAAQQR,oslk,hT0WUSq,LM8l689qOp,453m,RAYp,F2FyR07IdsN7I
0,392,0,0,48,60,16,166.56,0,2361702,0,5.810297,9,18,0,4838400,0,112578.6,20,0,16,8,598080,950,12,0,0,1947520,727802,0,0,0,0,10109920,6,0,0,0,LDPvyx7IEC,RO12,taul,1K8T,487l,86dToXU,YmZmFZu,bQDw,9_Y1,qaiO,VpdQ,IYzP,me75fM6ugJ,kIsH,uKAI,L84s,NhsEn4L,mAja5EA,P87U,UYBR,FzaX,QMaRwBA,oslk,0D0gQ7h,LM8l689qOp,szEZ,RAYp,F2FyR07IdsN7I
0,707,7,2544,140,175,8,286.96,0,1450062,0,1.754326,9,180,21,5386456,0,176492.4,0,0,32,64,135846.8,510,30,13680,0,8550350,87968,130,0,45,0,10676160,42,0,0,0,wRXmfo875g,2Knk1KF,taul,1K8T,LloI,fhk21Ss,T5wrwDN,ITft,9_Y1,6Kw9,09_Q,y6dw,7M47J5GA0pTYIFxg5uy,kIsH,7A3j,L84s,9pUnzWLbztKTo,IoIisla,LJRr,UYBR,FzaX,4UxGlow,zCkv,catzS2D,LM8l689qOp,3Cy4,ZI9m,iyHGyLCEkQ
0,861,7,4,144,180,104,223.2,0,3379350,0,5.110874,9,40,7,42864,0,214905.3,20,10,48,8,121732.4,510,54,158913,0,1221385,2150980,240,0,9,0,10433160,8,2365332,0,0,qFpmfo8zhV,RO12,taul,1K8T,487l,LFKACyb,JlBPeqq,5tEs,9_Y1,wGwL,sJzTlal,zm5i,me75fM6ugJ,kIsH,uKAI,L84s,NhsEn4L,mAja5EA,MWXY,cJvF,FzaX,RnYsGWp,oslk,IBLXWyT,LM8l689qOp,wX53,RAYp,F2FyR07IdsN7I
0,1715,7,488,236,295,104,166.56,0,4633992,0,2.419141,9,40,35,970728,0,46651.5,20,2,32,64,296156.4,925,102,82575,0,1214980,236616,800,0,0,0,6115280,32,191892,0,0,75lr4RXktW,RO12,taul,1K8T,1TqK,ojHnF0C,6UEVDe9,EfZu,9_Y1,Zazx,VpdQ,IYzP,me75fM6ugJ,kIsH,uKAI,L84s,NhsEn4L,mAja5EA,HDKZ,cJvF,FzaX,KhlYWu3,oslk,83UEsaq,LM8l689qOp,Xa3G,RAYp,F2FyR07IdsN7I
0,168,0,0,176,220,8,166.56,0,0,0,5.014313,9,30,0,2280,0,27422.58,0,8,0,16,-36477.28,700,0,0,0,2032625,12434,0,0,0,0,1667804,74,23544,0,0,mzKvyx8zhV,RO12,taul,1K8T,TyGl,wppdCrr,MXlhT5l,PFwG,9_Y1,MBhA,09_Q,IYzP,me75fM6ugJ,kIsH,uKAI,L84s,NhsEn4L,mAjbk_S,D_Jh,UYBR,FzaX,7JxoOXS,oslk,3ykshbG,LM8l689qOp,WqMG,RAYp,F2FyR07IdsN7I
0,245,0,0,144,180,56,311.12,0,1839588,0,6.135655,9,18,0,1437496,0,185374.2,30,4,40,32,66834.4,575,24,0,0,4621805,1108842,0,0,0,935802,9482360,26,802116,0,0,xddq9ayfAo,RO12,taul,1K8T,z32l,x8bo8ot,9xA3TJW,5X9C,9_Y1,vm5R,09_Q,IYzP,me75fM6ugJ,kIsH,uKAI,L84s,NhsEn4L,NGZxnJM,x30h,cJvF,FzaX,tS16hzI,oslk,vHkTy9x,LM8l689qOp,7P5s,RAYp,F2FyR07IdsN7I
0,2366,14,1680,372,465,200,200,0,2025216,0,6.803888,18,150,175,2717768,0,66076.2,40,20,112,80,215328.8,2095,66,8253,0,5623000,266472,550,0,9,45038,9075360,58,521628,0,0,75lq9ayfAo,2Knk1KF,taul,1K8T,0Xwj,mhknt93,0IWZqtp,E_sw,F3hy,F_Lu,VpdQ,hAFG,me75fM6ugJ,kIsH,uKAI,L84s,XfqtO3UdzaXh_,XTbPUYD,hw6m,UYBR,FzaX,WWmfR8o,oslk,c4R2fT4,LM8l689qOp,TNEC,RAYp,55YFVY9
0,588,21,2004,52,65,32,166.56,0,0,0,4.329417,27,106,259,236168,0,14463.12,0,0,16,40,-3128.144,215,0,9720,0,56900,45936,2775,0,18,0,255476,8,0,0,0,oUPBcmzkzH,eSGpMwS8zSGgq_trOpckZ5,taul,1K8T,YPhp,NldASpP,LH0kFz12FM,uwwf,9_Y1,yrDU,sJzTlal,6JmL,DHn_WUyBhW_whjA88g9bvA64_,kIsH,uKAI,L84s,UbxQ8lZ,ORMRote,ykzL,UYBR,FzaX,JFM1BiF,Al6ZaUT,NKv4yOc,LM8l689qOp,Qcbd,02N6s8f,R4y5gQQWY8OodqDV
0,546,0,0,128,160,72,367.04,0,1871856,0,0.151677,9,28,0,2651840,0,212025.6,15,6,40,32,96255.6,530,24,0,0,3618210,1555200,0,0,9,0,10445120,18,1555200,0,0,hSovyx7IEC,RO12,taul,1K8T,SzjZ,83i7lnx,_jTP8ioIlJ,mVRE,9_Y1,RcM7,VpdQ,IYzP,me75fM6ugJ,kIsH,uKAI,L84s,NhsEn4L,mAjbk_S,VCfE,cJvF,OFWH,kH5sbNi,oslk,dc9N6gM,LM8l689qOp,szEZ,RAYp,F2FyR07IdsN7I
0,1365,7,1228,204,255,72,220.08,0,7737540,0,1.971801,27,184,532,35392,0,42413.1,45,2,56,24,160180,585,120,124083,0,1945185,282774,6500,0,27,46837,10304160,18,28782,0,0,Mtpt0G8EIb,RO12,taul,1K8T,0LaQ,fhk21Ss,MUfoaYh45q,Ms7L,9_Y1,k13i,VpdQ,y6dw,7M47J5GA0pTYIFxg5uy,kIsH,uKAI,Mtgm,_5OXC8MSLt,LxWMK5e,1L8A,cJvF,FzaX,4UxGlow,oslk,catzS2D,LM8l689qOp,fKCe,ZI9m,iyHGyLCEkQ
0,1295,14,1964,408,510,96,330.4,0,3691116,0,5.438368,27,196,42,1039136,0,91157.41,85,6,192,208,160072,1195,84,6768,0,1407115,1144882,2795,0,81,0,7385320,60,253230,0,0,9hRmfo875g,2Knk1KF,taul,1K8T,42Cy,fhk21Ss,P9HTde2,fmby,9_Y1,gnEy,VpdQ,y6dw,7M47J5GA0pTYIFxg5uy,kIsH,uKAI,L84s,MeOIHRG3F9,EknepHi,fmxR,UYBR,FzaX,4UxGlow,zCkv,catzS2D,LM8l689qOp,3Cy4,ZI9m,b9qbUNk0dML_Mvi2
0,987,7,2604,88,110,40,331.04,0,79866,0,4.616962,9,158,28,516672,0,25839.99,5,0,24,40,97121.2,500,12,75744,0,718980,117854,1295,0,36,217084,1173848,18,0,0,0,EsYq9atbb6,2Knk1KF,taul,1K8T,4fje,M8_d0DS,8ob0Cb2,5hez,9_Y1,KfYH,sJzTlal,hAFG,me75fM6ugJ,kIsH,g5HH,L84s,XfqtO3UdzaXh_,XTbPUYD,y8W_,cJvF,FzaX,vjPo2f2,oslk,wzps5nE,LM8l689qOp,me1d,RAYp,TCU50_Yjmm6GIBZ0lL_
0,4025,35,6916,148,185,24,313.12,0,1557168,0,0.9692374,45,88,1029,6182432,0,27202.71,15,0,56,72,100586.4,570,30,63792,0,6999950,250636,6665,0,18,0,10252880,34,0,0,0,qXh9tYsdof,RO12,taul,1K8T,TyGl,DW3heVi,e1XhvTunuD,aKDg,9_Y1,YULl,VpdQ,sYC_,me75fM6ugJ,kIsH,uKAI,Mtgm,NhsEn4L,beK4AFX,9A3X,UYBR,FzaX,THMQrGj,oslk,cObaF5M,LM8l689qOp,FSa2,RAYp,F2FyR07IdsN7I
0,7,0,0,8,10,0,108.16,0,0,0,5.952788,18,16,0,0,0,1098012,0,2,0,0,-783892,10,0,0,8,1804300,0,0,0,0,0,2928032,2,2226888,0,7,ZSNrjIX0Db,RO12,taul,1K8T,vsvk,6CXYbuk,n1zVHpT8NN,6MIe,9_Y1,EKFb,sJzTlal,IYzP,Kxdu,kIsH,uKAI,L84s,FMSzZ91zL2,y5Fva17,RGeW,UYBR,FzaX,ROeipLp,zCkv,K2SqEo9,LM8l689qOp,5Acm,6fzt,SbOd7O8ky1wGNxp0Arj0Xs
0,2317,14,2296,312,390,104,133.12,0,26076,0,1.691092,27,98,441,259440,0,5837.01,25,14,64,120,-56264,1470,18,28791,0,367915,28720,2320,0,9,69930,608316,70,76188,0,0,puvq9aX0Db,RO12,taul,1K8T,L80O,jJ_J26Z,glRBFJT8NN,Y47A,9_Y1,Y9Bl,VpdQ,wMei,me75fM6ugJ,kIsH,uKAI,L84s,h0lfDKh52u4GP,IoI4mKe,BCds,UYBR,FzaX,EMvv4zN,oslk,RDY7kpB,jySVZNlOJy,uWr3,RAYp,F2FyR07IdsN7I
0,2527,0,0,28,35,8,518.8,0,7658760,0,3.01175,9,24,0,0,0,34044,5,0,0,0,-39080.72,730,18,0,0,2768215,246644,0,0,18,0,8855720,4,0,0,0,P1WvyxLp3Z,RO12,taul,1K8T,ssAy,8Nsn57c,qj0X1JD6U2VDfcVe,shzC,9_Y1,vzJD,09_Q,zm5i,me75fM6ugJ,kIsH,uKAI,L84s,NhsEn4L,kZJtVhC,u2cs,UYBR,FzaX,07m8iqZ,oslk,VjJAgOW,LM8l689qOp,xb3V,RAYp,F2FyR07IdsN7I
0,35,0,0,32,40,0,267.52,0,0,9,3.995727,9,14,0,0,0,799923,15,2,8,0,167306.8,60,0,0,8,1379365,0,0,0,0,0,8998040,8,2969070,0,0,DQlgUH7IEC,RO12,taul,1K8T,0YIT,w7C4iqB,SCF_a2icdl,HS4S,9_Y1,bJXB,VpdQ,IYzP,me75fM6ugJ,kIsH,uKAI,Mtgm,NhsEn4L,mAja5EA,S0Htr5I,cJvF,FzaX,ifWOhQy,oslk,FNJQZmh,LM8l689qOp,w_Ub,RAYp,F2FyR07IdsN7I
0,693,7,424,44,55,16,198.88,0,653856,0,6.685751,9,54,70,0,3,222618.9,10,0,8,0,143994.8,375,12,75636,8,3835635,1302006,700,0,0,0,9319880,10,0,0,0,TfiWq69R_D,RO12,taul,1K8T,487l,YUVtIjH,WBw600ffjZ,nyZz,9_Y1,RVjC,09_Q,IYzP,me75fM6ugJ,kIsH,uKAI,L84s,NhsEn4L,mAja5EA,bru6,UYBR,FzaX,mTDLfvc,oslk,MHVQJQm,jySVZNlOJy,FSa2,RAYp,F2FyR07IdsN7I
0,1533,7,724,444,555,328,192.64,0,1250226,0,4.83636,18,40,28,1177080,0,17684.13,10,18,168,176,-296035.2,1850,54,729,16,515990,406770,335,0,18,474712,3001768,56,519444,0,14,jg69tYsGvO,eSGpMwS8zSGgq_trOpckZ5,taul,1K8T,0Xwj,sfEYk2K,dKVcCg86LtMusXvD1Yx,P4dE,F3hy,YULl,sJzTlal,lVqb,GjJ35utlTa_GNSvxxpb9ju,kIsH,uKAI,L84s,UbxQ8lZ,beKAhVm,A5Ab,cJvF,FzaX,hYtS0VG,Al6ZaUT,1mUCTje,LM8l689qOp,FSa2,02N6s8f,R4y5gQQWY8OodqDV
0,721,7,40,396,495,192,200,0,0,0,0.2856227,9,156,84,21376,0,3852.06,5,6,16,40,78164,985,0,1683,0,578160,104152,135,0,18,4949,720628,132,58404,0,0,m9SrEydncc,2Knk1KF,taul,1K8T,D68y,fhk21Ss,76j2P_OLn0,02fP,9_Y1,X8zP,VpdQ,haYg,7M47J5GA0pTYIFxg5uy,kIsH,g5HH,L84s,Ie_5MZs,CWNY2py,V84L,cJvF,FzaX,4UxGlow,zCkv,catzS2D,LM8l689qOp,Aoh3,ZI9m,TCU50_Yjmm6GIBZ0lL_
0,1582,0,0,644,805,464,166.56,0,894,0,2.795557,9,20,0,740120,0,4965.3,0,58,240,272,-56254,2415,6,0,0,310875,214072,0,0,9,261576,1223176,78,263514,0,0,npOBcmzkzH,RO12,taul,1K8T,tXti,m_GlsVK,q2tfFQq,d9rt,9_Y1,4nnx,VpdQ,zm5i,DHn_WUyBhW_whjA88g9bvA64_,kIsH,uKAI,L84s,CrNX,NGZ_12K,bqQt,cJvF,FzaX,GUFkXlz,d0EEeJi,NQxcJdh,LM8l689qOp,Qcbd,nIGXDli,F2FyR07IdsN7I
0,854,21,308,124,155,0,200,0,0,0,6.955992,36,130,294,6220800,0,231712.2,0,0,32,72,185774,480,0,5400,0,9504000,0,69785,0,9,0,10713600,44,0,0,0,qXh9tYsdof,GpoBynXzkxADI7bZBtqvX2IPV5t7o2QCPE,taul,1K8T,TyGl,ZuqCdxD,nQUxgtZEqo,uGJd,9_Y1,YULl,VpdQ,sYC_,me75fM6ugJ,kIsH,uKAI,L84s,NhsEn4L,beK4AFX,Ri0b,UYBR,FzaX,UjG4K41,oslk,PRsuLAH,jySVZNlOJy,FSa2,RAYp,iyHGyLCEkQ
0,1519,7,40,200,250,80,166.56,0,0,0,6.479812,9,156,0,400632,3,10913.37,0,10,56,64,15998.56,660,0,153,8,495385,78412,950,0,27,108374,814540,54,91638,0,0,xearjIX0Db,2Knk1KF,taul,1K8T,IvdZ,w9kODwF,7ruFuE4,8yvO,9_Y1,VILw,VpdQ,wMei,me75fM6ugJ,kIsH,uKAI,L84s,h0lfDKh52u4GP,IoI4mKe,ObGN,cJvF,FzaX,fBw6pd1,oslk,0G87kpB,LM8l689qOp,5Acm,RAYp,TCU50_Yjmm6GIBZ0lL_
0,175,0,0,108,135,8,240.56,0,4139250,0,4.94702,9,16,0,2073464,0,159369.9,20,0,16,24,-281907.2,575,54,0,0,3897450,21370,0,0,0,0,8339240,20,0,0,0,vNEOj1dtN_,RO12,taul,1K8T,SzjZ,UsSY9Q6,_03xtaMIkk68B,jKAR,9_Y1,DFSe,VpdQ,IYzP,me75fM6ugJ,kIsH,g5HH,L84s,NhsEn4L,TDc4Td_,tvJS,cJvF,FzaX,UF10FxM,oslk,BlJqCcD,LM8l689qOp,me1d,RAYp,F2FyR07IdsN7I
0,812,7,196,124,155,0,200,0,3355092,0,0.2170476,9,52,63,4147200,0,225117,10,0,32,48,88827.2,490,42,370458,0,6912000,0,4070,0,0,1814400,10531120,32,0,0,0,dRavyx7ejg,RO12,taul,1K8T,hM6W,ckoxY95,Vxueejji0f,tgzr,9_Y1,RcM7,VpdQ,IYzP,me75fM6ugJ,kIsH,uKAI,Mtgm,NhsEn4L,mAja5EA,opJC,cJvF,FzaX,cXsjB1v,oslk,qWjjxQb,M_8D,szEZ,RAYp,F2FyR07IdsN7I
0,3374,0,0,936,1170,744,233.44,0,1404,0,2.279427,9,28,0,1592784,0,12566.01,0,36,360,528,-108978,3015,12,0,0,462770,327306,0,0,0,331429,2138348,110,474288,0,0,DHeTmBftjz,e6CkoqApVR,taul,1K8T,LFM_,9GJGgoz,ZkibjLN5VwJ2V,0dqF,9_Y1,Gx0B,VpdQ,IYzP,Kxdu,kIsH,uKAI,L84s,FMSzZ91zL2,mAjj1AH,0MIm,cJvF,FzaX,Tvpip6Z,zCkv,hHJsvbM,LM8l689qOp,Qu4f,6fzt,F2FcTt7IdMT_v
0,357,0,0,204,255,128,166.56,0,1981128,0,6.516984,9,22,0,1396688,0,110895.3,15,6,64,64,-544776,590,30,0,0,774655,158634,0,0,0,344680,3574016,32,338508,0,0,1JGTmBQZiT,RO12,taul,1K8T,TyGl,Y6hYfcf,epjK8S4,YDCZ,9_Y1,TjV7,09_Q,IYzP,me75fM6ugJ,kIsH,uKAI,L84s,NhsEn4L,mAja5EA,VOon,UYBR,FzaX,gwj3_5u,oslk,APgu8Zv,LM8l689qOp,FSa2,RAYp,F2FyR07IdsN7I
0,3738,7,16,916,1145,440,320.4,0,5234268,0,1.610553,9,38,0,4911920,0,38039.4,40,26,224,136,164588.8,2515,174,1260,0,3085475,478000,5,0,9,634214,9900320,214,198042,0,0,uGLq9ayE15,RO12,taul,1K8T,487l,Te2s8CN,_03xtaMIkZsn1,kVZt,9_Y1,vm5R,VpdQ,zm5i,me75fM6ugJ,kIsH,7A3j,L84s,NhsEn4L,kZJyVg2,XqfQ,UYBR,FzaX,rDm6pd1,oslk,Q53Rkup,LM8l689qOp,7P5s,RAYp,F2FyR07IdsN7I
0,525,0,0,52,65,24,256.72,0,6259200,0,0.1683401,18,28,0,1200,0,161181.3,5,0,8,8,-1060740,255,24,0,0,1052515,140840,0,0,27,1050,6385240,8,0,0,0,_v2rjIKQ76,RO12,taul,1K8T,TyGl,Ilq7JO2,nQUq7hGe64,ndEQ,9_Y1,7WNq,09_Q,zm5i,me75fM6ugJ,kIsH,uKAI,L84s,NhsEn4L,NGZxnJM,eY5z,cJvF,FzaX,3OJs6v_,oslk,nezNyBY,LM8l689qOp,WqMG,RAYp,F2FyR07IdsN7I
0,224,0,0,28,35,16,257.84,0,730362,0,6.873745,9,20,0,16954080,0,261485.4,0,0,0,32,332236,285,6,0,0,0,590,0,0,9,0,8965120,0,0,0,0,C2Dvyx875g,RO12,taul,1K8T,TyGl,jCepSrJ,iDskMGe,sKj_,9_Y1,MBhA,09_Q,zm5i,me75fM6ugJ,kIsH,uKAI,Mtgm,NhsEn4L,7WwuNea,nPjI,cJvF,FzaX,Oy_RPEi,oslk,FS4qjNq,LM8l689qOp,WqMG,RAYp,F2FyR07IdsN7I
0,301,0,0,88,110,96,113.36,0,1488,0,2.029908,9,22,0,46056,0,3224.61,0,8,40,16,-1672528,580,6,0,0,10515,36544,0,0,0,15841,114572,6,13578,0,0,HYTvyx7ejg,RO12,taul,1K8T,0Xwj,ka3eV8O,LWyxgtXeJL,dIbZ,HLqf,qaiO,VpdQ,IYzP,DHn_WUyBhW_whjA88g9bvA64_,sBgB,uKAI,Mtgm,CrNX,y5FOAoI,gty9,cJvF,wwPEXoilkr,UvL_w6z,d0EEeJi,nuwugiB,LM8l689qOp,szEZ,nIGXDli,F2FyR07IdsN7I
0,868,14,1224,92,115,64,223.36,0,8958,0,5.828028,18,184,105,142416,0,5585.82,0,8,48,56,-22641.28,350,6,105264,0,51655,24874,2790,0,36,158907,249288,6,121554,0,0,Ylct0GoOh3,g62hiBSaKg,taul,1K8T,7gSz,fhk21Ss,I1sqWRxUAv,Taoo,9_Y1,Z5OU,09_Q,y6dw,7M47J5GA0pTYIFxg5uy,kIsH,uKAI,L84s,_5OXC8MSLt,LxWMK5e,PrZW,UYBR,FzaX,4UxGlow,oslk,catzS2D,LM8l689qOp,Qu4f,ZI9m,ib5G6X1eUxUn6
0,1071,7,1620,180,225,64,253.52,0,7298520,0,1.649861,9,132,77,676728,0,127252.8,40,6,56,48,306108.4,820,90,26766,0,1330835,763052,1265,0,27,198464,10538560,10,1158762,0,0,xearjIX0Db,2Knk1KF,taul,1K8T,JLbT,UsKXtaU,nQUveAzAF7,svOP,9_Y1,EKFb,VpdQ,giwq,me75fM6ugJ,kIsH,uKAI,L84s,h0lfDKh52u4GP,IoI4mKe,sQPJ,UYBR,FzaX,eTkY_02,oslk,flKzgmc,LM8l689qOp,5Acm,RAYp,55YFVY9
0,1148,7,104,124,155,80,253.52,10,1093038,0,2.757317,18,80,14,505464,0,78309.3,25,4,40,32,766160,580,30,26820,16,387450,1077260,10,0,9,0,4392360,10,81858,0,0,KXMrEyXXnK,RO12,taul,1K8T,GYbZ,esxkA1P,XPzgwMv,j8N7,9_Y1,SkZj,VpdQ,IYzP,me75fM6ugJ,kIsH,uKAI,L84s,NhsEn4L,mAjbk_S,f0k3,UYBR,FzaX,EPImS85,oslk,MI8s5nE,LM8l689qOp,Aoh3,RAYp,F2FyR07IdsN7I
0,2177,0,0,304,380,128,166.56,0,54204,0,0.06772057,18,74,0,390848,0,5444.01,25,28,216,200,-1681136,1535,48,117,0,83995,83896,0,0,9,161413,617316,16,187122,0,0,1fZWq6e2Rv,eSGpMwS8zSGgq_trOpckZ5,taul,1K8T,EJC9,4e3MQeW,hOpF13sUSP,b0ro,9_Y1,_xpN,VpdQ,6JmL,GjJ35utlTa_GNSvxxpb9ju,kIsH,uKAI,L84s,UbxQ8lZ,ORMRote,OTg6,UYBR,FzaX,kC8JbH2,Al6ZaUT,H8tnSON,LM8l689qOp,FSa2,02N6s8f,R4y5gQQWY8OodqDV
0,245,7,160,108,135,104,253.52,0,0,0,0.6483657,9,40,56,0,0,33521.4,0,10,40,0,80158.4,395,0,5859,0,792900,190376,135,0,9,291536,1200212,18,277710,0,0,V8lt0G8rTN,RO12,taul,1K8T,wOc1,B884X3H,Vxu_jOIy4u,ID43,9_Y1,k13i,sJzTlal,wMei,me75fM6ugJ,kIsH,uKAI,L84s,NhsEn4L,7Ww_Xqy,g2AX,UYBR,FzaX,Fon8hdx,oslk,bTV7qqc,LM8l689qOp,fKCe,RAYp,F2FyR07IdsN7I
0,2352,7,36,124,155,8,286.96,0,10368000,0,2.369366,9,68,21,576,0,65746.5,40,0,32,8,519060,520,120,20133,0,78760,63114,420,0,0,504,9866360,2,0,0,0,KXMgUH7IEC,RO12,taul,1K8T,72yt,ml5AEa8,XpZBOej,7pIw,9_Y1,m_h1,VpdQ,IYzP,me75fM6ugJ,kIsH,uKAI,Mtgm,NhsEn4L,mAjbk_S,jCmU,UYBR,FzaX,XMrOtFs,oslk,3W_AIRG,LM8l689qOp,WqMG,RAYp,F2FyR07IdsN7I
0,560,0,0,688,860,136,240.56,0,3860316,0,0.192053,9,16,0,794560,0,55787.4,125,16,136,288,70562.8,1250,174,0,0,1913955,476778,0,0,0,542010,7160760,114,1010016,0,0,O8Zr4Rdc_a,RO12,taul,1K8T,4fje,tkbYYlr,r83_sZi,DoK8,9_Y1,em8I,VpdQ,IYzP,me75fM6ugJ,kIsH,g5HH,L84s,NhsEn4L,TDc4Td_,AMFx,cJvF,FzaX,5KqzVUs,oslk,nCi34g5,LM8l689qOp,me1d,RAYp,F2FyR07IdsN7I
0,980,21,5464,188,235,64,299.68,0,5304906,0,6.285409,27,40,392,2790816,0,137251.8,25,6,48,40,361092,615,90,8523,0,2915070,908442,1085,0,18,1477,10372680,22,505212,0,0,py5gUH7ejg,RO12,taul,1K8T,lK27,PAgnV1D,8nstQ62E0C,nEZf,9_Y1,bJXB,VpdQ,zm5i,me75fM6ugJ,kIsH,uKAI,Mtgm,NhsEn4L,mAjbk_S,uLAtAVt,cJvF,FzaX,aR2NN3u,oslk,DpHynIC,jySVZNlOJy,w_Ub,RAYp,F2FyR07IdsN7I
0,1197,7,20,224,280,112,253.52,0,2100468,0,3.596667,9,50,0,3134216,0,109741.8,15,12,48,72,201035.2,965,54,1665,0,4017820,1370718,435,0,9,1814400,10193600,30,1083588,0,0,P1WvyxLp3Z,RO12,taul,1K8T,0Xwj,a5zFpID,6uerj6GG35,7zMI,HLqf,vzJD,VpdQ,43pnToF,me75fM6ugJ,sBgB,uKAI,Mtgm,NhsEn4L,mAjbk_S,wpxr,UYBR,FzaX,aTW8jNM,oslk,au82_Lp,LM8l689qOp,xb3V,RAYp,F2FyR07IdsN7I
0,686,0,32,116,145,24,186.64,0,2652042,0,1.235633,9,48,0,2764800,0,189250.2,0,0,16,32,-38532.56,470,48,137061,0,4538295,28200,0,0,0,0,6837480,28,0,0,0,Iskvyx875g,RO12,taul,1K8T,pGTb,WBE7_nh,glRbITbnHQ,Db3P,9_Y1,MBhA,VpdQ,sYC_,me75fM6ugJ,kIsH,uKAI,L84s,NhsEn4L,kq0n8Bj,1qkI,UYBR,FzaX,Nh_lI5k,oslk,MKErUdI,M_8D,WqMG,RAYp,F2FyR07IdsN7I
0,2282,7,380,32,40,0,255.36,0,2012412,0,2.45204,9,58,112,3446672,0,145825.5,0,0,8,8,-31371.84,1465,18,12033,0,9548650,0,85,0,9,0,10703840,8,0,0,0,dRavyx7ejg,RO12,taul,1K8T,Bxva,cMjcTxR,76jqNoyhdg,Z1hR,9_Y1,qaiO,09_Q,IYzP,me75fM6ugJ,kIsH,uKAI,L84s,NhsEn4L,mAjbk_S,ZwmL,UYBR,FzaX,fabfGrO,oslk,TT_zF_Q,jySVZNlOJy,szEZ,RAYp,F2FyR07IdsN7I
0,2415,14,3800,504,630,176,243.44,0,21486,0,4.092502,36,136,280,875136,0,5189.04,5,38,144,240,-50272,1400,24,19089,0,830725,166546,145,0,9,247982,1986120,100,431682,0,0,YddTmBtueT,2Knk1KF,taul,1K8T,F9g8,47WdmQ4,76j2P_OLn0,ghdu,9_Y1,47ra,VpdQ,hAFG,me75fM6ugJ,kIsH,uKAI,L84s,XfqtO3UdzaXh_,XTbPUYD,4PUX,cJvF,FzaX,w97ARL_,oslk,hqk7qqc,LM8l689qOp,rgKb,RAYp,55YFVY9
0,805,14,3936,132,165,112,253.52,0,1062120,0,5.835292,36,58,245,2385752,0,222827.1,0,8,32,32,200505.2,520,18,34317,0,3175165,2419200,2525,0,9,0,10661880,16,2073600,0,0,m9SvyxLkBI,RO12,taul,1K8T,lK27,ka_ns41,e1XhvTunuD,ALt8,9_Y1,FbIm,VpdQ,Tkho,me75fM6ugJ,kIsH,uKAI,L84s,NhsEn4L,kq0n8Bj,sDWe,cJvF,AU8pNoi,1YVfGrO,oslk,fXVEsaq,LM8l689qOp,xb3V,RAYp,F2FyR07IdsN7I
0,686,7,160,16,20,32,233.44,0,0,0,6.789148,9,126,0,0,0,254689.8,0,0,0,0,-214213.6,270,0,362484,0,0,4838400,2495,0,27,0,9676800,0,0,0,0,EsYrjIX0Db,AERks4l,taul,1K8T,lK27,fhk21Ss,msIFlLyI91,kioH,9_Y1,xQ2A,VpdQ,haYg,7M47J5GA0pTYIFxg5uy,kIsH,uKAI,Mtgm,4kVnq_T26xq1p,uZLPpJd,jEsj,cJvF,FzaX,4UxGlow,zCkv,catzS2D,jySVZNlOJy,5Acm,ZI9m,ib5G6X1eUxUn6
0,266,7,48,56,70,8,133.12,0,185946,0,1.16834,9,240,0,0,0,8503.949,5,0,8,0,5474.84,135,72,162252,0,0,10560,755,0,18,0,161044,0,0,0,0,LDPvyx7IEC,z3s4Ji522ZB1FauqOOqbkl,CiJDdr4TQ0rGERIS,1K8T,JLbT,fhk21Ss,msIqHk8toE,S67e,9_Y1,f4dr,VpdQ,y6dw,7M47J5GA0pTYIFxg5uy,kIsH,uKAI,L84s,MeOIHRG3F9,11pFugQ,OfAx,cJvF,FzaX,4UxGlow,zCkv,catzS2D,LM8l689qOp,szEZ,ZI9m,VjDE
0,763,14,1768,128,160,0,153.2,0,2685192,0,1.809015,18,170,105,4838400,0,223878,10,0,32,56,153822,485,36,18693,0,7173750,0,7845,0,18,0,10639520,34,0,0,0,GcUt0G8rTN,AERks4l,taul,1K8T,2Ix5,fhk21Ss,r83_sZi,lPZt,9_Y1,k13i,VpdQ,hAFG,7M47J5GA0pTYIFxg5uy,kIsH,uKAI,L84s,dGiN9qj1jEYX9,ORM4cJh,EPJr,cJvF,FzaX,4UxGlow,Al6ZaUT,catzS2D,M_8D,fKCe,ZI9m,ib5G6X1eUxUn6
0,476,7,28,104,130,16,253.52,0,2851380,0,5.833156,9,74,0,1267320,0,32545.8,5,4,16,16,-355051.6,175,36,9144,0,2328445,140490,35,0,36,0,5628760,26,950448,0,0,vAsgUHXM47,RO12,taul,1K8T,487l,QWnq5m3,I1s81Dlb7R,BGFs,9_Y1,LqKm,09_Q,kxE9,me75fM6ugJ,kIsH,uKAI,Mtgm,XfqtO3UdzaXh_,XTbPUYD,lL9d,cJvF,FzaX,mPS6hzI,oslk,bLV2fT4,LM8l689qOp,453m,RAYp,F2FyR07IdsN7I
0,1596,7,1492,216,270,208,166.56,0,0,0,1.626362,9,78,133,205000,0,12562.53,0,4,56,88,-6833.44,1110,0,28233,0,124450,104876,2265,0,0,41321,423536,30,17586,0,0,5_lq9aXt5a,RO12,taul,1K8T,TLkP,wEJwkuM,WtEghthlaX,pgGD,9_Y1,Y9Bl,09_Q,IYzP,me75fM6ugJ,kIsH,uKAI,L84s,NhsEn4L,mAjbk_S,hPS8,cJvF,FzaX,1E1v4zN,oslk,LHq2Oqu,LM8l689qOp,uWr3,RAYp,F2FyR07IdsN7I
0,1554,7,564,216,270,224,99.68,0,354,0,0.4477676,9,112,42,30640,0,1576.356,0,16,80,48,-22258.84,975,12,17379,0,11630,24934,195,0,18,11165,88672,20,20916,0,0,ZSNq9aX0Db,eSGpMwS8zSGgq_trOpckZ5,taul,1K8T,JLbT,F2bnt93,VFlHWjvF92VDZUoi,9YJT,9_Y1,6TCl,09_Q,haYg,DHn_WUyBhW_whjA88g9bvA64_,kIsH,uKAI,L84s,UbxQ8lZ,ORMRote,3zFe,cJvF,FzaX,AxA_67M,Al6ZaUT,wU43vW6,LM8l689qOp,uWr3,02N6s8f,R4y5gQQWY8OodqDV
0,1239,0,564,168,210,88,253.68,0,551184,0,1.923307,36,80,0,1868864,0,118984.5,40,6,64,32,-276355.6,810,24,82440,0,3405635,466186,0,0,18,429310,7070680,24,462366,0,0,1KSr4RK2Mx,eSGpMwS8zSGgq_trOpckZ5,taul,1K8T,487l,751aA9U,V_KvNzO,NYjM,9_Y1,DtNL,VpdQ,TIA9,GjJ35utlTa_GNSvxxpb9ju,kIsH,uKAI,L84s,UbxQ8lZ,ORMRote,r8Br,cJvF,FzaX,0AJ_H4Q,Al6ZaUT,9ozp8xg,jySVZNlOJy,FSa2,02N6s8f,R4y5gQQWY8OodqDV
0,861,7,2816,244,305,72,233.44,0,0,0,3.420209,9,150,133,373192,0,19002.48,10,6,64,104,-1595020,930,0,17379,0,2189945,60968,2840,0,9,108451,2144776,68,22254,0,0,tr0gUH7ejg,2Knk1KF,taul,1K8T,dm89,_QtPU77,yiXTc3CbD1,Dvzl,9_Y1,m_h1,VpdQ,IYzP,me75fM6ugJ,kIsH,uKAI,Mtgm,NhsEn4L,beK4AFX,f1uV,cJvF,FzaX,6VJ0Q3K,oslk,aLpRkup,LM8l689qOp,WqMG,RAYp,55YFVY9
0,1582,14,2532,212,265,184,166.56,0,44532,0,6.503952,18,154,91,777176,0,28397.64,5,18,48,40,-1274832,725,12,3294,0,992195,567126,560,0,9,168763,2835020,26,717018,0,0,P1WvyxLp3Z,2Knk1KF,taul,1K8T,ssAy,fhk21Ss,e1XhvTunuD,tkUW,9_Y1,vzJD,VpdQ,haYg,7M47J5GA0pTYIFxg5uy,kIsH,uKAI,Mtgm,Ie_5MZs,CWNY2py,l4CA,UYBR,FzaX,4UxGlow,zCkv,catzS2D,LM8l689qOp,xb3V,ZI9m,TCU50_Yjmm6GIBZ0lL_
0,2079,7,3212,288,360,168,166.56,0,0,0,3.233284,9,42,301,1882368,0,51127.5,5,20,112,96,-989668,1170,0,28773,0,3245125,635264,655,0,9,411467,5350440,56,363438,0,0,yaKt0Go8Lb,RO12,taul,1K8T,487l,abwcTxR,r83_sZi,rtZO,9_Y1,MGOA,VpdQ,zm5i,me75fM6ugJ,kIsH,uKAI,Mtgm,NhsEn4L,mAjbk_S,rfjS,UYBR,FzaX,YbZfGrO,oslk,E8SzF_Q,LM8l689qOp,Qu4f,RAYp,F2FyR07IdsN7I
0,42,0,0,80,100,40,459.28,5,1060416,0,6.124119,9,14,0,1924448,0,304041,5,2,16,32,-271470.4,100,18,0,8,4616770,1111886,0,0,0,0,8107760,12,306870,0,0,_v2TmBftjz,RO12,taul,1K8T,EWYi,77fJ9iC,KlOa2n0,Kgwb,9_Y1,4N0K,09_Q,IYzP,me75fM6ugJ,kIsH,uKAI,L84s,NhsEn4L,mAja5EA,lvFk,UYBR,FzaX,t5EvdH_,oslk,E2dQguc,LM8l689qOp,Qu4f,RAYp,F2FyR07IdsN7I
0,742,28,46068,300,375,88,588.88,0,5652576,0,2.133091,45,214,644,530296,0,196815.6,35,2,40,40,79965.2,840,114,27324,0,2562495,970658,20410,0,36,0,9945040,64,732,0,0,J9Vr4RQZiT,TW8dXluYzKpktZjuY8kSPBaZa,taul,1K8T,PGNs,fhk21Ss,FoJylxy,qLkx,9_Y1,z5Ry,VpdQ,y6dw,7M47J5GA0pTYIFxg5uy,kIsH,uKAI,L84s,_5OXC8MSLt,LxWMK5e,ZWZt,UYBR,FzaX,4UxGlow,oslk,catzS2D,LM8l689qOp,FSa2,ZI9m,NoEd
0,35,0,0,72,90,16,347.68,0,3222330,0,0.1367229,9,14,0,2493640,0,370386,0,2,16,32,66165.2,90,24,0,0,5613400,456,0,0,0,0,8889280,14,1503900,0,0,1KSqrQK2Mx,AERks4l,taul,1K8T,GYbZ,H9TGiDY,Wi2y67M,Z0pw,9_Y1,15m3,VpdQ,IYzP,Kxdu,kIsH,uKAI,L84s,FMSzZ91zL2,kq0IHVu,t60G,UYBR,FzaX,rSNKYdx,zCkv,O8sb4Lm,LM8l689qOp,FSa2,6fzt,F2FcTt7IdMT_v
0,903,0,60,120,150,0,220.08,0,9331200,0,3.723563,9,64,0,691200,0,183125.1,40,0,32,8,173062,595,108,168354,0,1296000,0,0,0,0,0,10368000,6,0,0,0,HAoOj1KXzC,RO12,taul,1K8T,ZNsX,A_yBboK,9g4oaYjoL0,U_8b,9_Y1,jdbz,VpdQ,IYzP,me75fM6ugJ,kIsH,uKAI,Mtgm,NhsEn4L,mAja5EA,NwRz,UYBR,FzaX,3Jmmfvd,oslk,JD1lw9w,jySVZNlOJy,kwS7,RAYp,F2FyR07IdsN7I
0,1393,7,160,152,190,24,286.96,0,6276420,0,2.934416,9,158,42,3543352,0,43265.4,20,2,40,48,148106,620,84,4338,0,3347835,141974,210,0,18,0,10502240,20,475218,0,0,l7Fq9ayE15,2Knk1KF,taul,1K8T,TyGl,4JE9Df6,8nstQ62E0C,saaH,9_Y1,vm5R,VpdQ,wMei,me75fM6ugJ,kIsH,uKAI,L84s,h0lfDKh52u4GP,IoI4mKe,edVs,cJvF,FzaX,Nh_v4zN,oslk,MKETE6Y,jySVZNlOJy,7P5s,RAYp,TCU50_Yjmm6GIBZ0lL_
0,1666,0,12,156,195,56,166.56,0,0,0,3.448195,9,52,0,1596552,0,41889,0,0,0,56,122995.2,580,0,11268,0,4145985,103610,0,0,0,0,4322280,50,0,0,0,4bwt0GoOh3,RO12,taul,1K8T,xgSF,xclx0bI,S85uPSDwkC,4bTR,9_Y1,MGOA,09_Q,IYzP,me75fM6ugJ,kIsH,uKAI,L84s,NhsEn4L,mAjbk_S,bHR7,UYBR,AU8pNoi,uwhen4L,oslk,Lv9DSFl,M_8D,Qu4f,RAYp,F2FyR07IdsN7I
0,679,7,2200,96,120,32,189.92,0,24348,0,6.125187,9,62,21,14592,0,10886.37,0,0,0,16,15060,335,18,28053,0,81585,6310,615,0,18,0,101416,30,0,0,0,8I1TmBtueT,RO12,taul,1K8T,kNzO,qJShE4b,hOpRIhsUSP,eoUz,9_Y1,C6Eu,VpdQ,IYzP,me75fM6ugJ,kIsH,uKAI,L84s,NhsEn4L,mAjbk_S,lMW9,cJvF,FzaX,Y2CKu_a,oslk,aIqdPAm,LM8l689qOp,rgKb,RAYp,F2FyR07IdsN7I
0,973,7,2280,164,205,56,260.16,0,3186,0,2.397778,9,106,378,1031968,0,68791.2,0,4,40,64,-69991.2,690,6,2538,0,3598245,246984,1655,0,9,257908,3996608,46,158904,0,0,TfiWq69R_D,2Knk1KF,LfvqpCtLOY,1K8T,JLbT,3Eh9x15,8nstQ62E0C,Pkzj,9_Y1,RVjC,VpdQ,IYzP,me75fM6ugJ,kIsH,uKAI,L84s,NhsEn4L,beK4AFX,wVfc,UYBR,tdJW_Pm,82JLVmS,oslk,3pbcJdh,bCPvVye,FSa2,RAYp,55YFVY9
0,1085,14,1404,40,50,0,269.12,5,245880,0,6.126682,18,52,203,4520072,0,208943.4,5,8,0,16,4596.56,345,6,41409,8,1707585,0,20100,0,27,0,8948800,4,7262940,0,0,vNEvyxLp3Z,RO12,taul,1K8T,Xa_z,rsmRWXF,r83_sZi,xFTz,9_Y1,vzJD,VpdQ,hAFG,me75fM6ugJ,kIsH,uKAI,Mtgm,XfqtO3UdzaXh_,jawoH6T,wpxr,UYBR,FzaX,FhT87dl,oslk,og8TE6Y,LM8l689qOp,xb3V,RAYp,F2FyR07IdsN7I
0,742,7,376,192,240,8,286.96,0,1122282,0,3.473617,9,62,14,4838400,0,214752.3,10,0,32,56,137310,570,114,774,0,8038400,121074,160,0,18,604800,10469480,38,0,0,0,1PnZptzip9,RO12,taul,1K8T,USOt,wEY7Jcz,Tg7jjBB,sgXV,9_Y1,t_4G,VpdQ,haYg,me75fM6ugJ,kIsH,7A3j,L84s,XfqtO3UdzaXh_,XTbPUYD,PtFA,cJvF,FzaX,ncuRoKG,oslk,aK_wS9i,LM8l689qOp,Qu4f,RAYp,F2FyR07IdsN7I
0,728,7,56,128,160,88,166.56,0,0,0,2.593677,9,54,56,23568,0,3504.72,0,6,32,32,-53377.6,625,0,1647,0,133610,35032,70,0,9,1113,192800,28,6096,0,0,voArjIXt5a,RO12,taul,1K8T,sKnY,iJzviRg,ARvzJXx,8yvO,9_Y1,VILw,VpdQ,wMei,7M47J5GA0pTYIFxg5uy,kIsH,uKAI,L84s,WsRVNrF85oPU_,uZL8Go2,ObGN,cJvF,FzaX,ch2oGfM,zCkv,P6pu4Vl,jySVZNlOJy,5Acm,ZI9m,R4y5gQQWY8OodqDV
0,1232,0,0,308,385,304,166.56,15,888828,0,2.288186,9,72,0,575552,0,33916.5,20,14,80,64,172542.4,1335,48,2178,24,805725,255658,0,0,18,172207,2166728,24,150162,0,0,a4vrEy7Rm6,w9ygS99Qp_,taul,1K8T,IvdZ,Li3bvIY,JBPs3iVJqP,Pn_u,9_Y1,X8zP,VpdQ,hAFG,DHn_WUyBhW_whjA88g9bvA64_,kIsH,uKAI,L84s,CrNX,AuSBTw7,Paj_,cJvF,FzaX,I3faYvT,d0EEeJi,MnYCN5L,LM8l689qOp,Aoh3,nIGXDli,R4y5gQQWY8OodqDV
0,231,0,0,268,335,168,288.08,0,520668,0,4.811579,9,18,0,1404568,0,49015.2,0,20,72,120,-297853.6,415,12,0,0,1475725,607578,0,0,9,462203,4097640,38,978786,0,0,l7Fq9ayE15,RO12,taul,1K8T,LZs_,IMI3Naj,_03xtaMIkk68B,jv4s,9_Y1,000J,VpdQ,zm5i,me75fM6ugJ,kIsH,uKAI,L84s,NhsEn4L,kZJyVg2,RYCi,cJvF,FzaX,NI568SY,oslk,kWFEVJ2,LM8l689qOp,7P5s,RAYp,F2FyR07IdsN7I
0,1008,7,1824,140,175,32,287.68,0,4276908,0,5.026063,9,64,0,1908016,0,108741.6,25,6,40,24,191296.8,560,54,35271,0,4178060,480388,120,0,0,554414,10643000,22,1425660,0,0,Qu0qrQKzJV,RO12,taul,1K8T,yYar,0Sn_9E2,IoHY5yI9pU,t65Y,9_Y1,15m3,09_Q,sYC_,me75fM6ugJ,kIsH,uKAI,L84s,NhsEn4L,kq0n8Bj,oWky,UYBR,Lmli,rHB3PT5,oslk,Nzzhnk3,jySVZNlOJy,FSa2,RAYp,F2FyR07IdsN7I
0,119,0,0,220,275,96,263.52,0,6859560,0,5.697287,9,16,0,2338608,0,112811.4,15,0,32,48,87965.6,465,132,0,0,1783690,1047640,0,0,0,162883,10301400,24,0,0,0,FAJgUH7ejg,RO12,taul,1K8T,vSNn,TSdlkJq,MypvvoIQqc,ddzD,9_Y1,1Bp0,09_Q,IYzP,me75fM6ugJ,kIsH,uKAI,L84s,NhsEn4L,uZL60aU,ndl1,cJvF,FzaX,ALJYlW4,oslk,8dbQowC,LM8l689qOp,WqMG,RAYp,F2FyR07IdsN7I
0,714,7,88,20,25,0,286.96,0,14515200,0,2.39906,9,34,0,0,0,164985.6,0,0,0,0,277593.2,305,24,1809,0,1614350,0,2445,0,18,0,10968280,2,0,0,0,bZk9tYsGvO,RO12,taul,1K8T,487l,eDdnaaX,V4Em6qVbjg,Fb9u,9_Y1,YULl,09_Q,IYzP,me75fM6ugJ,kIsH,uKAI,L84s,NhsEn4L,mAjbk_S,0PeI,UYBR,FzaX,Dw7YjZW,oslk,oCzEVaf,LM8l689qOp,FSa2,RAYp,F2FyR07IdsN7I
0,588,0,0,116,145,16,253.52,10,2592000,0,2.654561,9,28,0,2781168,0,186940.5,20,0,24,48,36209.72,495,30,0,16,5078750,64128,0,0,18,0,8692240,24,0,0,0,6VLvyx7IEC,RO12,taul,1K8T,TyGl,wcYOuZM,LH076SiAyW,yZ2t,9_Y1,RcM7,sJzTlal,IYzP,me75fM6ugJ,kIsH,uKAI,L84s,NhsEn4L,NGZxnJM,0OUP,cJvF,FzaX,3aBfc8E,oslk,aXcOEra,jySVZNlOJy,szEZ,RAYp,F2FyR07IdsN7I
0,1036,7,388,140,175,64,186.64,0,350418,0,5.54091,9,64,35,1177072,0,72171.91,10,4,48,48,148806.4,515,12,38799,0,3407340,803238,3880,0,9,648795,5930560,30,584508,0,0,a4vrEy7Rm6,RO12,taul,1K8T,YFAj,AKGnmrh,V_KR_LD,niey,9_Y1,H9GL,VpdQ,43pnToF,me75fM6ugJ,kIsH,uKAI,L84s,NhsEn4L,mAjbk_S,JZCq,cJvF,AU8pNoi,9Z9fc8E,oslk,GDJEVJ2,LM8l689qOp,Aoh3,RAYp,F2FyR07IdsN7I
0,1218,7,116,152,190,88,253.52,0,1914552,0,5.978423,9,32,7,3475096,0,127019.1,10,4,48,56,182270.8,715,30,1080,0,3841310,1659070,140,0,9,567896,10573320,22,950424,0,0,V8lBcmz45j,RO12,taul,1K8T,kwI9,GUg88LT,r83_sZi,Sj0V,9_Y1,WGOH,VpdQ,IYzP,me75fM6ugJ,kIsH,uKAI,L84s,NhsEn4L,mAjbk_S,gRYm,cJvF,FzaX,AuG6jyF,oslk,64B7j0h,LM8l689qOp,Qcbd,RAYp,F2FyR07IdsN7I
0,518,7,20,60,75,0,220.08,0,6220800,0,0.8513138,9,42,56,355776,0,222127.8,10,0,8,8,-381812,295,72,603,0,0,0,865,0,9,0,5016280,0,0,0,0,_v2TmBftjz,RO12,taul,1K8T,lK27,sByYfhR,S85OeCBjSz,5wCW,9_Y1,4N0K,09_Q,zm5i,me75fM6ugJ,kIsH,uKAI,L84s,NhsEn4L,mAja5EA,8m6c,cJvF,qxDb,jbW3slO,oslk,hCeC7lX,LM8l689qOp,Qu4f,RAYp,F2FyR07IdsN7I
0,686,0,0,228,285,128,166.56,0,50790,0,2.21363,9,108,0,98136,0,9805.17,0,2,24,56,72151.2,810,36,1422,0,203710,193544,0,0,0,0,650024,54,25560,0,0,a4vPe2fHUn,2Knk1KF,taul,1K8T,PGNs,rXH4Eny,Tg7jjBB,pzvA,9_Y1,mTeA,VpdQ,sYC_,me75fM6ugJ,kIsH,uKAI,L84s,NhsEn4L,kq0aHkC,upnW,UYBR,FzaX,MgW0FxM,oslk,yktAIRG,LM8l689qOp,FSa2,RAYp,55YFVY9
0,798,0,0,164,205,56,313.04,0,3191796,0,5.116855,9,38,0,2534568,0,217988.4,20,4,32,32,-55798,580,54,5436,0,4371095,865570,0,0,18,0,10524120,30,950472,0,0,1YVgUHXZeb,RO12,taul,1K8T,lK27,d4z7BoT,VFlX1JD6U2VDfcVe,1qtb,9_Y1,STGZ,VpdQ,zm5i,me75fM6ugJ,kIsH,uKAI,L84s,NhsEn4L,NGZrD3j,s9FI,UYBR,FzaX,hYt6V3V,oslk,S76zF_Q,LM8l689qOp,453m,RAYp,F2FyR07IdsN7I
0,1589,7,2968,152,190,32,315.28,0,8068320,0,6.707541,9,126,490,1382400,0,115047.9,25,2,32,16,-38397.44,610,108,189765,0,2417555,286546,11845,0,36,985208,10522600,16,326064,0,0,Y3tqrQKzJV,2Knk1KF,taul,1K8T,0Xwj,pNV_5rr,msIqHk8toE,t65Y,HLqf,15m3,VpdQ,Tkho,me75fM6ugJ,sBgB,uKAI,L84s,NhsEn4L,teAyFc5,oWky,UYBR,FzaX,tS138SL,oslk,N98hcb8,LM8l689qOp,FSa2,RAYp,55YFVY9
0,1365,7,0,224,280,96,297.52,0,5076252,0,3.374279,9,30,0,1486080,0,95677.2,5,8,40,32,126528.8,920,90,2142,0,1953275,1539888,5,0,0,644644,10466400,40,2026818,0,0,MlYvyx875g,RO12,taul,1K8T,pGTb,2iJuMXJ,V_KvNzO,XqdY,9_Y1,MBhA,VpdQ,IYzP,me75fM6ugJ,kIsH,uKAI,L84s,NhsEn4L,kZJyVg2,Xpz5,UYBR,FzaX,IvCCvHT,oslk,FjXjKAP,jySVZNlOJy,WqMG,RAYp,F2FyR07IdsN7I
0,1001,7,332,124,155,80,286.96,0,197214,0,1.572314,9,36,63,2764800,0,188673.6,0,8,32,32,145241.2,510,6,297,0,5184000,1728000,345,0,9,0,10499480,24,2073600,0,0,bt0mfo875g,RO12,taul,1K8T,j_M3,G2z0yiU,DKUDUftgA7,gEiT,9_Y1,gnEy,VpdQ,zm5i,me75fM6ugJ,kIsH,uKAI,Mtgm,NhsEn4L,kZJtVhC,1Tbw,UYBR,FzaX,ShVOw16,oslk,DHWqqb8,LM8l689qOp,3Cy4,RAYp,F2FyR07IdsN7I
0,861,7,40,132,165,40,286.96,0,4276962,0,4.95642,9,76,0,3168120,0,204607.8,20,2,32,40,104752.4,510,54,122886,0,3507735,792030,5,0,9,554421,10409680,18,475218,0,0,51rt0G8rTN,RO12,taul,1K8T,wOc1,tsKMUDL,GV4wipOBza9vR1zj,gSkj,9_Y1,k13i,VpdQ,IYzP,me75fM6ugJ,kIsH,uKAI,L84s,NhsEn4L,TDcECyH,RrDT,UYBR,FzaX,lbr8hdx,oslk,eiyRusu,jySVZNlOJy,fKCe,RAYp,F2FyR07IdsN7I
0,4165,35,2196,876,1095,408,133.12,0,1548,0,4.735527,45,148,77,477552,0,5369.85,0,48,296,296,-1485776,2830,18,486,0,829145,187124,985,0,18,201740,1474100,208,295092,0,0,Yddq9ayE15,AERks4l,taul,1K8T,AnrR,fhk21Ss,msIqHk8toE,NIp3,9_Y1,AKLO,VpdQ,hAFG,7M47J5GA0pTYIFxg5uy,kIsH,uKAI,Mtgm,UbxQ8lZ,ORMRote,PIS8,cJvF,FzaX,4UxGlow,Al6ZaUT,catzS2D,LM8l689qOp,TNEC,ZI9m,ib5G6X1eUxUn6
0,588,7,528,144,180,88,166.56,0,1220328,0,1.738304,9,38,35,49712,3,82816.5,0,0,32,48,-353538.8,535,30,279,8,1901045,372480,180,0,0,34230,3104204,28,0,0,0,CEaBcmz45j,RO12,taul,1K8T,0Xwj,yz3abdC,aXPHXVS,KAnL,F3hy,WGOH,sJzTlal,IYzP,me75fM6ugJ,kIsH,uKAI,L84s,NhsEn4L,7Ww_Xqy,NPgN,cJvF,FzaX,zQ_frxM,oslk,B0WAIRG,LM8l689qOp,Qcbd,RAYp,F2FyR07IdsN7I
0,490,7,224,112,140,40,206.64,0,2376528,0,6.631275,18,80,0,0,0,103548,15,10,16,0,900140,235,36,4221,0,1668475,87126,465,0,18,13139,3831224,18,37212,0,0,DHevyx7IEC,RO12,taul,1K8T,SzjZ,5JbheVi,LH0kFz12FM,gtyJ,9_Y1,RcM7,sJzTlal,lVqb,me75fM6ugJ,kIsH,uKAI,L84s,XfqtO3UdzaXh_,11p4mKe,T2DS,cJvF,FzaX,G4uK5YS,oslk,CBgdxoa,LM8l689qOp,szEZ,RAYp,F2FyR07IdsN7I
0,1183,7,2136,312,390,256,166.56,0,8268,0,3.569323,27,156,0,331088,0,5118.69,5,18,72,80,40497.2,1465,12,4509,0,236325,196710,845,0,9,18018,879956,48,186288,0,0,xOXr4RXktW,2Knk1KF,taul,1K8T,dWQK,ojHnF0C,MXlhT5l,JTjM,9_Y1,Zazx,sJzTlal,wMei,me75fM6ugJ,kIsH,uKAI,L84s,h0lfDKh52u4GP,IoI4mKe,OZEB,cJvF,FzaX,KhlYWu3,oslk,83UEsaq,LM8l689qOp,Xa3G,RAYp,TCU50_Yjmm6GIBZ0lL_
0,105,0,0,12,15,0,232.32,0,0,0,5.412519,9,18,0,0,3,269591.7,0,2,8,0,-281234.8,205,0,0,8,6048000,0,0,0,9,1572396,5736920,4,1347768,0,0,C2Dvyx875g,RO12,taul,1K8T,TyGl,nSCxmC0,wLOHP_YhcL,JM2c,9_Y1,MBhA,sJzTlal,zm5i,me75fM6ugJ,kIsH,uKAI,L84s,NhsEn4L,kq0ncmx,5smi,UYBR,FzaX,VvTetck,oslk,BfxDtG0,jySVZNlOJy,WqMG,RAYp,F2FyR07IdsN7I
0,2835,7,2464,508,635,216,186.64,0,2250174,0,0.8286691,9,188,770,89368,6,8643.21,50,28,168,96,-680444,1620,162,29484,24,495825,333072,1135,0,27,63455,2902148,74,405990,0,7,hSovyx7IEC,RO12,taul,1K8T,dWQK,fhk21Ss,r83_sZi,hjO0,9_Y1,xSqs,VpdQ,oZyB,7M47J5GA0pTYIFxg5uy,kIsH,uKAI,L84s,9pUnzWLbztKTo,beKFu7w,KRWR,cJvF,FzaX,4UxGlow,zCkv,catzS2D,LM8l689qOp,szEZ,ZI9m,iyHGyLCEkQ
0,546,0,0,76,95,32,166.56,0,0,0,0.7722709,9,26,0,140904,0,37325.7,0,2,8,16,-113527.2,445,0,0,0,1717245,149070,0,0,0,0,1747168,24,7170,0,0,dTGmfo8zhV,RO12,taul,1K8T,lK27,ks5z0L0,kuFuWkS,pMap,9_Y1,6Kw9,sJzTlal,IYzP,me75fM6ugJ,kIsH,uKAI,L84s,NhsEn4L,mAja5EA,Sekq,cJvF,FzaX,ASllc3O,oslk,06zcxqP,LM8l689qOp,3Cy4,RAYp,F2FyR07IdsN7I
0,238,7,0,40,50,24,75.44,0,0,0,0.408887,9,30,0,39008,0,1932.324,0,0,32,32,-2908.716,85,0,207,0,13505,1282,115,0,0,16303,32872,6,0,0,0,_v2vyx7IEC,RO12,taul,1K8T,7wJ6,cYcsKl9,V6XUlxabJ4VaD,JBLx,9_Y1,qaiO,VpdQ,IYzP,me75fM6ugJ,kIsH,uKAI,L84s,NhsEn4L,mAjR0Ac,u9sR,cJvF,AU8pNoi,sx5j5jp,oslk,BUAwEWL,LM8l689qOp,szEZ,RAYp,F2FyR07IdsN7I
0,280,0,56,52,65,0,166.56,0,0,0,0.3885922,9,70,0,0,0,8976.21,0,0,0,0,-46066,65,0,184428,0,45455,0,0,0,18,0,36364,26,0,0,0,0vimfo8zhV,RO12,taul,1K8T,QQSE,pxFnmrh,S85OeCBjSz,DWWi,9_Y1,6Kw9,sJzTlal,lVqb,me75fM6ugJ,kIsH,uKAI,L84s,XfqtO3UdzaXh_,XTbPUYD,tWNh,cJvF,FzaX,6XEYiHx,oslk,ScmQhac,LM8l689qOp,3Cy4,RAYp,F2FyR07IdsN7I
0,24318,7,404,192,240,16,315.52,0,4912710,0,6.238197,9,34,273,3396496,3,5985.57,25,2,48,96,172493.2,600,84,1872,8,4836240,193374,380,0,18,1040823,10752160,28,131430,0,0,Y3tqrQKzJV,e6CkoqApVR,taul,1K8T,TyGl,tUuO1hZ,msIzzNai_Z,Gt1c,9_Y1,15m3,VpdQ,zm5i,Kxdu,kIsH,uKAI,L84s,FMSzZ91zL2,mAjdzWk,WFD8,UYBR,FzaX,2JIKlta,zCkv,HI2n4Yj,LM8l689qOp,FSa2,6fzt,F2FcTt7IdMT_v
0,1673,7,388,104,130,56,166.56,0,0,0,6.922025,18,42,0,80456,0,4353.42,0,22,128,64,-2254.572,365,0,76104,0,0,19618,730,0,0,74704,155372,0,113862,0,0,wx50AqAqGL,RO12,taul,1K8T,0Xwj,fVu1v0l,767sa0XN9l,0xFv,HLqf,RVjC,09_Q,IYzP,me75fM6ugJ,sBgB,uKAI,L84s,NhsEn4L,TDcECyH,Kz6e,UYBR,OFWH,B7BvEWW,oslk,XgnRusu,LM8l689qOp,FSa2,RAYp,F2FyR07IdsN7I
0,3892,7,520,680,850,304,166.56,0,54102,0,1.918821,9,34,119,1324088,0,7656.15,0,30,152,216,15445.28,2445,42,369,0,872990,272004,360,0,9,452627,2152620,166,318162,0,0,qFpmfo8zhV,RO12,taul,1K8T,FPxv,xReKaQd,UFIdC8I,HOgy,9_Y1,wGwL,VpdQ,69fI,DHn_WUyBhW_whjA88g9bvA64_,kIsH,uKAI,L84s,CrNX,AuSDRR8,0ctJ,cJvF,qxDb,jE9iuBi,d0EEeJi,Lxueiun,LM8l689qOp,wX53,nIGXDli,F2FyR07IdsN7I
0,777,7,268,116,145,8,213.36,0,0,0,5.22837,9,32,385,386432,0,23405.64,0,4,24,40,75246.4,445,0,31950,0,619560,14166,165,0,0,7567,733824,42,24942,0,0,a4vrEy7Rm6,AERks4l,taul,1K8T,YFAj,i3Cr1U6,Pkku4gO,JjMU,9_Y1,H9GL,VpdQ,IYzP,GjJ35utlTa_GNSvxxpb9ju,kIsH,uKAI,L84s,JBfYVit4g8,uZLz8Sc,T7Eu,cJvF,FzaX,nqSs68J,Al6ZaUT,v5h5_cM,LM8l689qOp,Aoh3,02N6s8f,xwM2aC7IdeMC0
0,1407,7,128,272,340,168,166.56,0,23562,0,2.585986,9,74,21,1723112,0,25496.13,0,16,64,80,-200084,925,84,76257,0,545555,444508,970,0,27,369628,2430516,30,341688,0,0,zC_Wq6e2Rv,RO12,taul,1K8T,AHgj,iJzviRg,tMOsCUf,nNGw,9_Y1,_xpN,sJzTlal,haYg,7M47J5GA0pTYIFxg5uy,kIsH,uKAI,L84s,4kVnq_T26xq1p,NGZZ12x,uTDD,UYBR,FzaX,ch2oGfM,zCkv,P6pu4Vl,LM8l689qOp,FSa2,ZI9m,R4y5gQQWY8OodqDV
0,1092,7,836,164,205,72,133.12,0,0,0,1.8699,9,196,28,113512,0,6852.69,0,4,40,56,-35377.28,665,0,106848,0,271950,43226,4875,0,9,20048,364580,46,5718,0,0,voArjIXt5a,2Knk1KF,taul,1K8T,lK27,fhk21Ss,LIH3TPf,_XhT,9_Y1,Nbbb,09_Q,y6dw,7M47J5GA0pTYIFxg5uy,kIsH,uKAI,L84s,MeOIHRG3F9,OFqA_IZ,AOOA,cJvF,FzaX,4UxGlow,zCkv,catzS2D,LM8l689qOp,5Acm,ZI9m,iyHGyLCEkQ
0,9814,7,480,688,860,16,233.44,0,9491100,0,3.145482,18,94,112,1386352,0,28308.99,45,0,208,424,148182.4,2310,132,41247,0,1532615,1586,5350,0,9,249879,10694880,172,0,0,0,NESWq69R_D,RO12,taul,1K8T,JLbT,uMA4Shd,NC1OAFi,nyZz,9_Y1,RVjC,VpdQ,sYC_,me75fM6ugJ,kIsH,uKAI,L84s,NhsEn4L,beK4AFX,bru6,UYBR,FzaX,meWmFX7,oslk,DQ3iZDY,LM8l689qOp,FSa2,RAYp,F2FyR07IdsN7I
0,4263,28,1396,264,330,56,220.08,0,5637072,0,2.546251,45,206,28,2023048,0,37465.8,20,0,32,72,444476,755,42,873,0,5656100,145698,660,0,54,1340822,10576120,78,0,0,0,KXMrEyXXnK,vuPfq6YcbX,CiJDdr4TQ0rGERIS,1K8T,lK27,fhk21Ss,r83_sZi,j8N7,9_Y1,SkZj,VpdQ,y6dw,7M47J5GA0pTYIFxg5uy,kIsH,uKAI,L84s,_5OXC8MSLt,11pMFCG,f0k3,UYBR,FzaX,4UxGlow,oslk,catzS2D,LM8l689qOp,Aoh3,ZI9m,NoEd
0,840,7,1424,108,135,32,253.52,0,8514060,0,0.988464,9,60,112,1279616,0,206889,5,4,24,32,436200,490,42,28674,0,1486965,1746556,6975,0,18,165620,12317560,18,1407276,0,0,8Knvyx875g,RO12,taul,1K8T,USOt,Ilq7JO2,n1zVHpT8NN,PFwG,9_Y1,MBhA,09_Q,IYzP,me75fM6ugJ,kIsH,uKAI,L84s,NhsEn4L,mAjcfkM,D_Jh,UYBR,FzaX,3OJs6v_,oslk,nezNyBY,LM8l689qOp,WqMG,RAYp,F2FyR07IdsN7I
0,336,7,184,124,155,56,294.08,0,3115092,0,2.758812,18,50,28,75456,0,57385.5,20,4,24,48,-326158,285,42,2529,16,1221765,790000,235,0,18,0,6745480,10,1036800,0,14,LDPgUHXZeb,AERks4l,taul,1K8T,7ALb,DSrMUDL,NFeIdpptt2Styxh1,Ut_1,9_Y1,STGZ,VpdQ,sYC_,GjJ35utlTa_GNSvxxpb9ju,kIsH,uKAI,L84s,JBfYVit4g8,7WwYlML,vJ0N,UYBR,FzaX,8QvF3ei,Al6ZaUT,CCN6RmL,LM8l689qOp,453m,02N6s8f,xwM2aC7IdeMC0
0,2380,0,0,372,465,232,220.08,0,4453176,0,5.950652,18,88,0,2253880,0,36388.5,30,20,64,80,88666.4,1645,114,1035,0,1653880,783664,0,0,27,407701,8549280,38,411882,0,0,1KSTmBQxul,RO12,taul,1K8T,TIPl,zBUVCna,sCqe66l6uB,EudX,9_Y1,TjV7,VpdQ,sYC_,me75fM6ugJ,kIsH,uKAI,L84s,NhsEn4L,beK4AFX,fcKm,UYBR,FzaX,Y2C3PT5,oslk,OIZcOcw,LM8l689qOp,FSa2,RAYp,F2FyR07IdsN7I
0,665,7,2304,24,30,24,460.16,0,2333358,0,1.291604,9,172,245,0,0,184580.4,5,0,8,0,-44416,350,6,60246,0,779980,2421520,9350,0,45,0,8211480,2,0,0,0,uGLq9ayE15,LrdZy8QqgUfkVShG,taul,1K8T,lK27,fhk21Ss,Iibp4Nm3uQ,PEA0,9_Y1,vm5R,VpdQ,y6dw,7M47J5GA0pTYIFxg5uy,kIsH,uKAI,L84s,N7XB,_Jdf9Mz,GAAi,cJvF,FzaX,4UxGlow,QKW8DRm,catzS2D,LM8l689qOp,7P5s,ZI9m,ib5G6X1eUxUn6
0,2002,7,792,476,595,120,220.48,0,329100,0,5.956847,9,40,7,1019984,0,9506.64,35,12,112,176,-33818.72,1745,90,97893,0,987085,180980,2315,0,9,156506,1983208,108,131760,0,0,5_lq9at_88,RO12,taul,1K8T,sbZD,WkH7nZN,BBhiudN5VwCx3,hcvQ,9_Y1,KfYH,VpdQ,6JmL,me75fM6ugJ,kIsH,g5HH,L84s,XfqtO3UdzaXh_,mAjGvmL,y8W_,cJvF,FzaX,scZ0Q3K,oslk,zmvzrB7,LM8l689qOp,me1d,RAYp,F2FyR07IdsN7I
0,1435,7,2648,196,245,200,166.56,0,852,0,5.881222,18,184,490,29688,0,6424.35,0,16,48,48,13260.28,850,6,7614,0,30830,236550,265,0,27,224630,690936,18,266640,0,0,oyGrjIXt5a,g62hiBSaKg,taul,1K8T,lK27,fhk21Ss,q1qZ7zX,XJGq,9_Y1,xQ2A,VpdQ,y6dw,7M47J5GA0pTYIFxg5uy,kIsH,uKAI,L84s,MeOIHRG3F9,_JdKvko,JaCt,cJvF,FzaX,4UxGlow,zCkv,catzS2D,LM8l689qOp,5Acm,ZI9m,ib5G6X1eUxUn6
0,273,0,0,148,185,120,229.92,0,0,0,2.195685,9,28,0,8128,0,4539.45,5,4,16,16,-31844.72,385,0,0,0,94335,16876,0,0,0,0,465560,34,10014,0,0,zKnr4RXktW,RO12,taul,1K8T,OTVu,XX34iqB,Hz673939hbJdw,YUbd,9_Y1,Albh,VpdQ,IYzP,me75fM6ugJ,kIsH,uKAI,L84s,NhsEn4L,mAjbk_S,lCUE,cJvF,FzaX,nf9OhQy,oslk,P6mQZmh,LM8l689qOp,Xa3G,RAYp,F2FyR07IdsN7I
0,2002,7,1228,160,200,40,331.28,25,7672500,0,3.875026,9,52,287,74336,3,7542.96,5,2,48,96,-21079.28,1795,18,77094,48,1024185,9842,9190,0,18,0,8419800,36,14100,0,0,NESWq69R_D,RO12,taul,1K8T,kNzO,_gMxSlj,F4YIAZ3ZEuEZC,nyZz,9_Y1,RVjC,09_Q,IYzP,me75fM6ugJ,kIsH,uKAI,L84s,NhsEn4L,TDcECyH,bru6,UYBR,FzaX,68RvOIl,oslk,GSZEVJ2,LM8l689qOp,FSa2,RAYp,F2FyR07IdsN7I
0,707,7,0,160,200,32,186.64,0,8812800,0,0.3913694,9,54,0,0,0,194637.3,45,0,32,0,100164.8,545,102,8100,0,86625,663164,75,0,27,0,10381240,20,0,0,0,5_lq9aXt5a,RO12,taul,1K8T,yMvB,pt5nqNs,3cO76t0,T0OL,9_Y1,Y9Bl,VpdQ,CoYW,me75fM6ugJ,kIsH,uKAI,L84s,XfqtO3UdzaXh_,XTb10lF,Nz90,cJvF,FzaX,1Fqm0jM,oslk,6NrDSFl,LM8l689qOp,uWr3,RAYp,F2FyR07IdsN7I
0,609,14,1568,88,110,0,99.68,0,2532,0,6.306345,18,134,0,9608,0,1227.684,5,6,32,32,8863.72,235,18,106632,0,83315,0,110,0,9,3927,89784,22,23418,0,0,639qrQK2Mx,2Knk1KF,taul,1K8T,GYbZ,0ks4hIU,LJF4fPp,ra0V,9_Y1,15m3,VpdQ,hAFG,me75fM6ugJ,kIsH,uKAI,L84s,XfqtO3UdzaXh_,OFqmdNV,0ha0,UYBR,FzaX,7CPmIK9,oslk,hxsiuXx,LM8l689qOp,FSa2,RAYp,55YFVY9
0,1022,7,8,132,165,40,253.52,0,8541000,0,5.757317,9,38,42,0,0,189745.5,35,4,32,0,160612,535,102,81,0,574815,691294,80,0,9,0,10635600,4,1036800,0,0,8I1r4RXXnK,RO12,taul,1K8T,dWQK,gmq88LT,inQiOrvq6Y,PvRZ,9_Y1,TFSW,VpdQ,zm5i,me75fM6ugJ,kIsH,uKAI,L84s,NhsEn4L,NGZxnJM,y0lr,cJvF,FzaX,gbo1rOn,oslk,Pml6FsY,LM8l689qOp,Xa3G,RAYp,F2FyR07IdsN7I
0,3997,14,9120,1060,1325,504,167.2,0,312588,0,5.5768,36,74,175,1040568,0,4408.62,85,30,320,400,-900220,3290,126,342,0,1191370,290064,350,0,27,317849,2691040,198,333576,0,0,75lr4RXktW,RO12,taul,1K8T,z32l,iJzviRg,xunBDW1,rzcQ,9_Y1,Cgc3,VpdQ,sYC_,7M47J5GA0pTYIFxg5uy,kIsH,uKAI,L84s,4kVnq_T26xq1p,7WwW1vA,lKVV,UYBR,FzaX,ch2oGfM,zCkv,P6pu4Vl,LM8l689qOp,Xa3G,ZI9m,R4y5gQQWY8OodqDV
0,322,0,0,20,25,8,256.24,0,0,0,6.812433,18,22,0,0,0,250770.9,10,0,16,0,-14521.72,290,0,0,0,2521175,178802,0,0,9,0,7202920,4,0,0,0,8I1q9ayE15,RO12,taul,1K8T,TyGl,GUg04mC,V_KvNzO,TmP2,9_Y1,AKLO,VpdQ,zm5i,me75fM6ugJ,kIsH,uKAI,L84s,NhsEn4L,NGZxnJM,g7yX,UYBR,FzaX,6g5Ojel,oslk,UbjqFbB,LM8l689qOp,TNEC,RAYp,F2FyR07IdsN7I
0,1050,7,596,136,170,128,133.12,0,354,0,6.86285,9,44,0,187168,0,51511.8,15,14,80,40,-304964,480,6,19908,0,22735,228196,3450,0,0,215488,822124,4,375378,0,0,NESt0G8EIb,AERks4l,taul,1K8T,0Xwj,3FCrXBz,n1zVHpT8NN,RK_c,F3hy,k13i,09_Q,IYzP,7M47J5GA0pTYIFxg5uy,kIsH,uKAI,L84s,L_dnxNc,NGZ77KL,6JuY,cJvF,FzaX,oatipLp,QKW8DRm,RsCQLlz,LM8l689qOp,fKCe,vJ_w8kB,xwM2aC7IdeMC0
0,840,7,3652,124,155,0,220.08,0,11404800,0,0.8643453,18,130,112,0,0,225711.3,45,0,32,0,185722,475,132,33192,0,0,0,1805,0,36,0,10713600,0,0,0,0,75lTmBtFkL,g62hiBSaKg,taul,1K8T,AnrR,fhk21Ss,Qj_RuBBLPJ,zSfl,9_Y1,C6Eu,VpdQ,hAFG,7M47J5GA0pTYIFxg5uy,kIsH,uKAI,Mtgm,leSl,teA09W3,6jZ5,UYBR,FzaX,4UxGlow,QKW8DRm,catzS2D,LM8l689qOp,rgKb,ZI9m,ib5G6X1eUxUn6
0,2786,7,520,80,100,80,233.44,0,0,0,0.1559496,9,160,0,0,0,7629.93,5,6,32,0,-222215.6,1025,0,16317,0,59840,45142,495,0,27,14,174348,12,47190,0,0,NESWq69R_D,2Knk1KF,taul,1K8T,kNzO,X2GMuhr,1lFJzqR,0xFv,9_Y1,RVjC,VpdQ,y6dw,me75fM6ugJ,kIsH,uKAI,L84s,XfqtO3UdzaXh_,_JdcICD,Kz6e,UYBR,FzaX,7zmv4zN,oslk,ffvOTZB,LM8l689qOp,FSa2,RAYp,TCU50_Yjmm6GIBZ0lL_
0,1477,7,1788,188,235,96,200,0,4224,0,2.935056,18,80,14,771264,0,16303.53,5,14,64,56,119345.6,725,6,31014,0,1019540,210170,930,0,9,524181,1797436,38,251628,0,0,Mtpt0G8EIb,RO12,taul,1K8T,NF63,tsKMUDL,UFIdC8I,69VP,9_Y1,k13i,VpdQ,IYzP,me75fM6ugJ,kIsH,uKAI,L84s,NhsEn4L,mAjbk_S,mA0l,UYBR,FzaX,lbr8hdx,oslk,eiyRusu,LM8l689qOp,fKCe,RAYp,F2FyR07IdsN7I
0,861,7,2344,128,160,24,296.96,0,7099080,0,3.747704,9,130,42,2073600,0,203196,30,0,32,24,175113.6,530,84,9018,0,2167095,411916,970,0,9,0,10400600,12,0,0,0,1YVgUHXZeb,2Knk1KF,taul,1K8T,Cnh8,ho_dR0M,_03xtaMIkk68B,upEj,9_Y1,STGZ,VpdQ,kxE9,me75fM6ugJ,kIsH,uKAI,L84s,XfqtO3UdzaXh_,XTbPUYD,Caho,UYBR,FzaX,hAX6pd1,oslk,FYyQowC,jySVZNlOJy,453m,RAYp,55YFVY9
0,826,7,8,40,50,16,220.08,0,7346640,0,4.969451,9,68,0,9764240,0,223699.5,0,0,16,24,294121.2,415,18,15606,0,792055,1007858,25,0,27,0,12429200,4,0,0,0,Y3tqrQKzJV,ND3t9Yro9U,taul,1K8T,487l,OfHxuYM,y2LIM01bE1,Rnrq,9_Y1,15m3,sJzTlal,sYC_,DHn_WUyBhW_whjA88g9bvA64_,kIsH,uKAI,L84s,CrNX,pMWQVqj,Gbhz,UYBR,FzaX,ZxreOFF,d0EEeJi,2u6aWsu,LM8l689qOp,FSa2,02N6s8f,F2FcTt7IdMT_v
0,280,7,824,128,160,80,166.56,0,7428,0,3.998718,9,58,56,30464,0,4609.14,5,4,24,16,15988.16,350,6,24489,0,97090,35896,2085,0,0,5299,198812,32,42450,0,0,NESt0G8EIb,RO12,taul,1K8T,2Ix5,voX4XxH,YQcPlrpk3WNO0,dHOn,9_Y1,k13i,VpdQ,IYzP,me75fM6ugJ,kIsH,uKAI,L84s,NhsEn4L,mAjbk_S,fmpb,UYBR,FzaX,_Mc87dl,oslk,Bfv7kpB,LM8l689qOp,fKCe,RAYp,F2FyR07IdsN7I
0,826,7,952,252,315,72,166.56,0,0,0,2.849178,27,108,7,265912,0,6784.95,0,18,56,72,448484,750,0,2025,0,1730165,53994,50,0,18,134778,1737296,72,168330,0,0,gOyq9ayE15,2Knk1KF,taul,1K8T,0Xwj,lCpbiah,GHf4lBZm_z,CpYR,HLqf,000J,sJzTlal,wMei,me75fM6ugJ,sBgB,uKAI,L84s,h0lfDKh52u4GP,IoI4mKe,NzpJ,cJvF,FzaX,SppOZ4E,oslk,HDq79_c,jySVZNlOJy,7P5s,RAYp,55YFVY9
0,847,7,52,152,190,40,166.56,0,28920,0,5.715873,9,84,21,84080,0,7005.81,0,10,40,32,-1834044,470,12,6723,0,356410,35252,600,0,0,9828,502712,44,128640,0,0,Mtpt0G8EIb,RO12,taul,1K8T,Rn7z,Mfhwopy,_UtlxbJ,zF2v,9_Y1,k13i,VpdQ,sYC_,DHn_WUyBhW_whjA88g9bvA64_,kIsH,uKAI,Mtgm,CrNX,kZJigPo,dE73,UYBR,FzaX,dBltAIz,d0EEeJi,n9lNAy1,LM8l689qOp,fKCe,nIGXDli,F2FyR07IdsN7I
0,3332,14,420,716,895,376,356,0,4172826,0,4.054689,27,56,21,1941816,3,30426,70,38,208,192,109200.4,3865,138,5301,8,4508435,591852,1405,0,9,364819,10417840,104,473670,0,0,V8lt0G8rTN,RO12,taul,1K8T,lK27,qEdASpP,mzDZadGIEhIBI,xklo,9_Y1,e7QV,09_Q,sYC_,me75fM6ugJ,kIsH,uKAI,L84s,NhsEn4L,kq0n8Bj,p2M1,UYBR,FzaX,0AJo2f2,oslk,2Kb5FSF,LM8l689qOp,fKCe,RAYp,F2FyR07IdsN7I
0,896,7,0,140,175,24,173.92,0,2609538,0,6.085665,18,142,0,1987256,0,168923.1,20,2,32,48,19476.84,530,42,32670,0,5567750,518400,50,0,18,0,9717520,28,518400,0,0,Mtpt0G8EIb,onTuEhrJJQy_H3IHkZku5AFczhYGqxJ890,taul,1K8T,2Ix5,fqeOwLG,koda1Jh,3gSu,9_Y1,e7QV,VpdQ,haYg,7M47J5GA0pTYIFxg5uy,kIsH,uKAI,L84s,tbewxY_YSo,ORMwa8c,agEO,cJvF,FzaX,fxJmel6,JIiEFBU,WfsWw2A,LM8l689qOp,fKCe,ZI9m,iyHGyLCEkQ
0,735,0,0,128,160,24,253.52,0,2862378,0,0.5492416,9,64,0,3283272,0,222157.2,20,2,32,40,-13192.16,485,48,2214,0,4464120,404848,0,0,0,0,9514960,22,475218,0,0,FoxgUHSK8h,RO12,taul,1K8T,487l,wpp8weI,hOpRIhsUSP,9tuc,9_Y1,mTeA,09_Q,IYzP,me75fM6ugJ,kIsH,uKAI,L84s,NhsEn4L,mAjbk_S,k1WY,UYBR,FzaX,LwGmfvd,oslk,xYHAV0N,jySVZNlOJy,FSa2,RAYp,F2FyR07IdsN7I
0,910,21,8612,136,170,48,334.24,0,3112824,0,6.554582,45,206,2198,3168152,0,201624.9,10,4,32,40,132554,530,42,44523,0,4752180,950542,2915,0,27,554421,10600480,24,950436,0,0,Yn7t0Go8Lb,_7J0OGNN8s6gFzbM,CiJDdr4TQ0rGERIS,1K8T,JLbT,fhk21Ss,Q50Ydp0,6YaA,9_Y1,rGJy,09_Q,y6dw,7M47J5GA0pTYIFxg5uy,sBgB,uKAI,L84s,MeOIHRG3F9,EknepHi,y0AL,cJvF,FzaX,4UxGlow,zCkv,catzS2D,M_8D,Qu4f,ZI9m,ZeaF
0,2814,7,92,704,880,224,256.88,0,5399478,18,5.195898,9,34,0,843224,0,26719.41,50,10,64,64,76481.2,2000,114,144,16,2902450,643290,105,0,18,163842,10324000,212,725658,0,0,bt0mfo875g,RO12,taul,1K8T,ssAy,0PqCYcI,76j2P_OLn0,Etuz,9_Y1,gnEy,VpdQ,lVqb,me75fM6ugJ,kIsH,uKAI,L84s,XfqtO3UdzaXh_,XTbPUYD,mhDy,cJvF,FzaX,fab45vq,oslk,ncJuCmI,LM8l689qOp,3Cy4,RAYp,F2FyR07IdsN7I
0,805,7,60,164,205,64,256.64,0,5132826,0,5.215338,9,38,56,2070856,0,178401.3,15,6,40,32,179897.6,480,72,146115,0,2824315,1183602,830,0,9,735854,10748960,22,1130178,0,0,639r4RK2Mx,RO12,taul,1K8T,TyGl,5HU7nTC,ASj4kgY6phhWK,2u2p,9_Y1,DtNL,09_Q,zm5i,me75fM6ugJ,kIsH,uKAI,L84s,NhsEn4L,mAjbk_S,iNnS,UYBR,FzaX,7Jxlefp,oslk,je1reV4,LM8l689qOp,FSa2,RAYp,F2FyR07IdsN7I
0,378,7,196,36,45,24,33.44,0,0,0,1.124546,9,50,7,21672,0,5823.06,0,2,16,16,-1851640,135,0,2016,0,41840,5278,30,0,0,2240,60768,6,8856,0,0,GcUBcmz45j,RO12,taul,1K8T,YPhp,iJzviRg,itSGh3t,Cpm5,9_Y1,yrDU,VpdQ,IYzP,7M47J5GA0pTYIFxg5uy,kIsH,uKAI,Mtgm,9fipLB8rlL,NGZkG9O,JJCB,UYBR,wwPEXoilkr,ch2oGfM,zCkv,P6pu4Vl,LM8l689qOp,Qcbd,ZI9m,R4y5gQQWY8OodqDV
0,728,7,1960,28,35,8,253.52,0,914886,0,5.950011,9,122,77,1817040,9,232963.5,0,4,0,8,193884,310,6,17676,24,2553890,693814,3155,0,27,0,9787600,4,7257600,0,0,75lr4RXktW,2Knk1KF,taul,1K8T,uErj,WIUl91c,bGUqwlz,qKrq,9_Y1,Albh,VpdQ,sYC_,me75fM6ugJ,kIsH,uKAI,Mtgm,XfqtO3UdzaXh_,11p4mKe,H4vx,cJvF,FzaX,fmKY_02,oslk,lgfqhZX,LM8l689qOp,Xa3G,RAYp,55YFVY9
0,3668,0,0,460,575,208,409.12,0,3946656,0,1.078402,18,26,0,1979816,0,27571.68,50,42,176,48,271706,3200,210,0,0,4388620,489772,0,0,9,789922,10298560,34,642288,0,0,2jirEyXktW,e6CkoqApVR,taul,1K8T,0Xwj,9GJGgoz,II0S8f9,GdOg,F3hy,SkZj,VpdQ,zm5i,Kxdu,kIsH,uKAI,L84s,FMSzZ91zL2,NGZ1wjU,NLkk,cJvF,FzaX,Tvpip6Z,zCkv,hHJsvbM,jySVZNlOJy,Aoh3,6fzt,F2FcTt7IdMT_v
0,679,7,1892,156,195,32,315.6,5,4612476,0,0.04678487,9,180,56,2764800,6,226262.7,25,0,32,32,-32328.84,530,60,297540,32,4306920,56990,2930,0,9,0,9794240,32,0,0,7,xOXTmBtFkL,RO12,taul,1K8T,zcPU,fhk21Ss,AnFl2Mwxzd,83Vt,9_Y1,C6Eu,VpdQ,hAFG,7M47J5GA0pTYIFxg5uy,kIsH,uKAI,L84s,XfqtO3UdzaXh_,beKPUYD,7Aay,cJvF,tdJW_Pm,4UxGlow,oslk,catzS2D,bCPvVye,rgKb,ZI9m,iyHGyLCEkQ
0,1400,7,84,208,260,112,166.56,0,3682830,0,6.951506,9,134,7,2051088,0,117336.6,20,10,56,32,555964,890,60,2583,0,2231490,1187538,245,0,9,26089,9979960,30,1434768,0,0,J9Vr4RQZiT,2Knk1KF,taul,1K8T,kwI9,_ybO0dd,EXpWEXgaYpMJ7,HTi9,9_Y1,z5Ry,VpdQ,sYC_,me75fM6ugJ,kIsH,uKAI,L84s,NhsEn4L,beK4AFX,fVFR,UYBR,FzaX,L91KIiz,oslk,CE7uk3u,jySVZNlOJy,FSa2,RAYp,55YFVY9
0,1141,7,292,412,515,144,276.72,5,1256466,0,3.68511,9,30,91,562936,9,10967.79,20,8,80,88,-591708,1205,90,783,32,1366210,562124,2300,0,0,228998,3608404,102,235980,0,0,1fZWq6e2Rv,RO12,taul,1K8T,kNzO,koz7asP,lL9c3pxXdL,JxMC,9_Y1,_xpN,VpdQ,IYzP,me75fM6ugJ,kIsH,uKAI,L84s,NhsEn4L,mAjbk_S,Mv2B,UYBR,FzaX,3jaYE38,oslk,9tNR6zD,LM8l689qOp,FSa2,RAYp,F2FyR07IdsN7I
0,2086,7,2144,96,120,56,220.48,0,0,0,0.9474471,18,102,0,86304,0,14606.34,5,2,0,32,110777.2,520,0,1917,0,775780,15134,25,0,0,0,723652,22,34686,0,0,ZSNq9atbb6,RO12,taul,1K8T,sbZD,SkIJ4lp,qj0e33WY02VDf2ID,sRth,9_Y1,KfYH,09_Q,IYzP,me75fM6ugJ,kIsH,g5HH,L84s,NhsEn4L,y5FDdKv,yt5k,cJvF,FzaX,wIf0IU9,oslk,atnQv5o,jySVZNlOJy,me1d,RAYp,F2FyR07IdsN7I
0,3913,7,3760,568,710,224,133.12,0,17100,0,6.040803,9,54,336,56232,0,2558.118,0,12,56,128,-71219.6,2405,42,2484,0,308450,41344,490,0,0,10549,390836,170,32808,0,0,vAsTmBfHUn,RO12,taul,1K8T,lK27,LWH6H6T,r83_sZi,w8Au,9_Y1,4N0K,VpdQ,IYzP,DHn_WUyBhW_whjA88g9bvA64_,kIsH,uKAI,L84s,CrNX,7WwM33k,015k,cJvF,FzaX,MmsZadR,d0EEeJi,fjNSTzz,LM8l689qOp,Qu4f,nIGXDli,F2FyR07IdsN7I
0,3703,7,364,852,1065,432,166.56,0,43656,0,5.018799,9,74,42,1432240,0,12025.68,10,34,336,432,156167.6,3330,36,33462,0,1381275,719718,3490,0,0,524958,3830164,160,733494,0,0,V8lBcmz45j,RO12,taul,1K8T,lK27,tNnnr2P,_jTP8ioIlJ,OIrG,9_Y1,WGOH,VpdQ,IYzP,me75fM6ugJ,kIsH,uKAI,L84s,NhsEn4L,TDceha3,uVrs,UYBR,FzaX,ch2Ak0_,oslk,Y6kyovK,LM8l689qOp,Qcbd,RAYp,F2FyR07IdsN7I
0,1526,14,3828,180,225,248,200,0,10260,0,4.139073,18,72,252,7352,0,5097.3,0,10,32,8,-63666,575,24,16092,0,30660,95070,1950,0,18,0,257468,8,48426,0,0,Foxt0Go8Lb,RO12,taul,1K8T,hAOr,nhmdCxx,_jTP8ioIlJ,Taoo,9_Y1,Z5OU,VpdQ,hAFG,me75fM6ugJ,kIsH,uKAI,L84s,XfqtO3UdzaXh_,11p4mKe,PrZW,UYBR,FzaX,M2CKpA1,oslk,ipDsFLG,LM8l689qOp,Qu4f,RAYp,F2FyR07IdsN7I
0,651,7,0,16,20,0,254.72,0,0,0,2.041872,9,34,14,14515200,0,265299.3,5,0,0,24,369685.6,225,0,279,0,0,0,50,0,18,0,9506320,0,0,0,0,Yn7t0Go8Lb,RO12,taul,1K8T,7gSz,xReuqyB,77i2xdu3Aa,rdmX,9_Y1,YePk,09_Q,zm5i,me75fM6ugJ,kIsH,uKAI,L84s,NhsEn4L,mAjbk_S,LePo,cJvF,FzaX,jE9OVQC,oslk,dzQRt72,jySVZNlOJy,Qu4f,RAYp,F2FyR07IdsN7I
0,112,0,0,16,20,0,186.64,0,3246642,0,0.9265114,9,18,0,0,0,290172,0,6,24,0,110551.2,235,6,0,0,0,0,0,0,9,0,9422040,0,10886400,0,0,1YVvyx7IEC,RO12,taul,1K8T,lK27,8ij6Lg8,bAyfFVUl1u,gflG,9_Y1,RcM7,sJzTlal,zm5i,me75fM6ugJ,kIsH,uKAI,L84s,NhsEn4L,mAja5EA,dnlw,cJvF,FzaX,7OmVzos,oslk,76DJixu,LM8l689qOp,szEZ,RAYp,F2FyR07IdsN7I
0,812,7,1508,124,155,0,86.96,10,3739404,0,3.618885,9,46,0,4147200,0,201657,0,0,24,48,104700.4,390,48,19593,16,6823950,0,4775,0,18,1209600,10025680,34,0,0,0,4e7gUH7IEC,RO12,taul,1K8T,lK27,uqsq_S5,MUm5lMM,5HEu,9_Y1,m_h1,VpdQ,IYzP,me75fM6ugJ,kIsH,uKAI,L84s,NhsEn4L,kZJtVhC,ktRU,UYBR,FzaX,pIAmJge,oslk,f76ryQi,M_8D,WqMG,RAYp,F2FyR07IdsN7I
0,707,0,24,16,20,0,253.52,0,1349436,0,1.204657,9,32,0,0,0,223661.1,15,0,0,0,184792.4,320,6,7470,0,0,0,0,0,18,0,8157240,0,0,0,0,xddq9ayfAo,RO12,taul,1K8T,JLbT,t6TtIjH,75HH_hi,JM4Q,9_Y1,kJJ7,VpdQ,zm5i,me75fM6ugJ,kIsH,uKAI,L84s,NhsEn4L,NGZXfGp,j1LB,cJvF,FzaX,YBhNqhB,oslk,xKMwIB5,LM8l689qOp,7P5s,RAYp,F2FyR07IdsN7I
0,0,0,0,16,20,32,334.4,0,0,0,6.993378,9,12,0,0,0,3458.25,0,0,0,0,-689008,20,0,0,8,0,9222,0,0,0,0,18444,0,0,0,7,Qu0qrQKzJV,RO12,taul,1K8T,kNzO,JGqKjkn,JQFeOYK,OLXK,9_Y1,15m3,VpdQ,IYzP,me75fM6ugJ,kIsH,uKAI,L84s,NhsEn4L,NGZxnJM,K2hx,UYBR,FzaX,x6S3Wv3,oslk,xPi_44J,LM8l689qOp,FSa2,RAYp,F2FyR07IdsN7I
0,756,7,0,100,125,24,266.88,0,5750790,0,5.705832,9,38,0,53456,0,173778.3,20,0,24,8,-234314.8,435,72,2862,0,360885,262766,45,0,18,46774,6057240,10,0,0,0,IXSgUHShse,RO12,taul,1K8T,JLbT,WI7JJYr,tru3GNC3u14shA_jA7L,gMVu,9_Y1,RVjC,sJzTlal,zm5i,me75fM6ugJ,kIsH,uKAI,L84s,NhsEn4L,mAjBRoX,YihF,UYBR,FzaX,aRuY_02,oslk,N8wTzYj,jySVZNlOJy,FSa2,RAYp,F2FyR07IdsN7I
0,427,14,860,124,155,0,314.8,0,0,0,3.177313,27,86,105,6150656,0,116272.2,0,0,32,72,162844.8,475,0,15777,0,9504000,0,235,0,18,0,10678520,44,0,0,0,FAJWq69cTy,RO12,ArtjQZmIvr94p,1K8T,pdks,6KF0k8W,5q1hF23,qkRP,9_Y1,Px52,09_Q,lVqb,me75fM6ugJ,kIsH,uKAI,L84s,XfqtO3UdzaXh_,11p4mKe,3mMp,cJvF,FzaX,ot6oLzk,oslk,IIvC99a,LM8l689qOp,PM2D,RAYp,F2FyR07IdsN7I
0,581,14,3348,128,160,56,206.8,0,1036800,0,5.861995,18,50,70,2467744,0,119656.5,0,4,32,48,318217.2,240,12,51282,0,3355865,505922,735,0,0,692363,5760640,30,208560,0,0,1GdOj17ejg,RO12,taul,1K8T,aD1X,eYPcFZv,C_uQoStwYE,fSLn,9_Y1,eQTr,VpdQ,IYzP,me75fM6ugJ,kIsH,uKAI,L84s,NhsEn4L,kZJtVhC,0vqO,cJvF,OFWH,95rRJ5l,oslk,aQw6TM2,jySVZNlOJy,7aLG,RAYp,F2FyR07IdsN7I
0,763,7,1240,132,165,32,290.72,0,3801912,0,0.01089511,36,52,7,3168248,0,230576.1,25,2,40,40,263976.8,515,48,7857,0,3960360,550318,15,0,0,0,10291600,20,475236,0,0,FoxgUHSK8h,RO12,taul,1K8T,EJC9,xRePyOH,Iibp4Nm3uQ,mhiv,9_Y1,mTeA,09_Q,IYzP,me75fM6ugJ,kIsH,uKAI,Mtgm,NhsEn4L,NGZxnJM,sxsb,UYBR,FzaX,jE90Azj,oslk,QhgRt72,M_8D,FSa2,RAYp,F2FyR07IdsN7I
0,672,0,0,124,155,24,286.96,0,0,0,5.568682,9,24,0,4838400,0,119728.8,5,2,40,56,244143.2,650,0,0,0,8208000,518400,0,0,9,604800,10432520,38,518400,0,0,64nWq69R_D,RO12,taul,1K8T,ssAy,pfMkKKt,ELRUn57,QghP,9_Y1,0A_v,VpdQ,zm5i,me75fM6ugJ,kIsH,uKAI,L84s,NhsEn4L,kZJtVhC,eNx0,UYBR,FzaX,4LA8jNM,oslk,5i2Qhib,LM8l689qOp,PM2D,RAYp,F2FyR07IdsN7I
0,196,7,128,76,95,72,166.56,0,2070,0,5.133518,9,36,0,0,0,71961.3,0,0,0,0,-70957.2,235,12,225,0,1806055,476522,65,0,0,0,2399268,16,0,0,0,tr0rEyXktW,RO12,taul,1K8T,IvdZ,MErO9Nm,nQUZfWRfws,fmhz,9_Y1,SkZj,sJzTlal,IYzP,me75fM6ugJ,kIsH,uKAI,L84s,NhsEn4L,7Ww_Xqy,9gPm,UYBR,FzaX,1nA68SY,oslk,mhe7j0h,LM8l689qOp,Aoh3,RAYp,F2FyR07IdsN7I
0,1848,21,4444,544,680,272,353.2,0,4024728,0,4.202734,27,154,343,2484296,0,71063.09,50,38,160,176,230777.2,2205,108,31662,0,4066655,809168,1295,0,27,175364,10588080,66,902064,0,0,C2Dvyx875g,2Knk1KF,taul,1K8T,YVv3,2Aed0DS,MR62PnWTYG0myx6l,Mjst,9_Y1,MBhA,09_Q,hAFG,me75fM6ugJ,kIsH,uKAI,L84s,XfqtO3UdzaXh_,XTbPUYD,z4bu,UYBR,FzaX,OjxOhQy,oslk,c4PT3Cb,jySVZNlOJy,WqMG,RAYp,TCU50_Yjmm6GIBZ0lL_
0,1344,7,172,416,520,224,266.88,0,3622704,0,5.213629,18,30,0,3098552,0,103421.4,110,6,48,56,111234,1115,60,2187,0,6238750,75348,1555,0,0,48426,10708640,68,179706,0,0,NESt0G8EIb,e6CkoqApVR,taul,1K8T,2Ix5,9GJGgoz,zA2IZno2NK,H5LP,9_Y1,e7QV,VpdQ,IYzP,Kxdu,kIsH,uKAI,L84s,FMSzZ91zL2,mAjj1AH,Yduf,cJvF,FzaX,Tvpip6Z,zCkv,hHJsvbM,LM8l689qOp,fKCe,6fzt,F2FcTt7IdMT_v
0,1295,7,1672,420,525,272,210,10,2131206,0,3.598804,18,68,119,1579632,0,74516.09,5,10,56,72,-863436,1015,78,17478,16,2456970,203168,6275,0,9,665525,5392960,86,697260,0,0,oUPBcmzkzH,RO12,taul,1K8T,YPhp,Q9R7qwL,Vxueejji0f,tuU_,9_Y1,rzbc,VpdQ,sYC_,me75fM6ugJ,kIsH,uKAI,L84s,NhsEn4L,kq0ELEt,c3rB,cJvF,FzaX,Zc06pd1,oslk,SiXzrB7,LM8l689qOp,Qcbd,RAYp,F2FyR07IdsN7I
0,238,21,14548,104,130,24,309.92,0,0,0,5.117282,27,168,511,0,0,102549.3,0,0,0,0,-53141.2,380,0,29898,0,3796130,177194,810,0,18,0,3391292,46,0,0,0,UzE54NEjuC,2Knk1KF,taul,1K8T,0Xwj,SHXbfVI,TJcoPmE,7yo6,F3hy,MBhA,VpdQ,sYC_,me75fM6ugJ,kIsH,3av_,L84s,NhsEn4L,teAyFc5,u_cA,UYBR,FzaX,7GEoYtn,oslk,4QlaK89,jySVZNlOJy,WqMG,RAYp,TCU50_Yjmm6GIBZ0lL_
0,1519,7,156,352,440,176,272.56,0,98064,0,2.936552,9,64,7,1327144,0,17671.5,20,8,48,88,146034,885,30,16920,0,1494980,367946,330,0,0,615566,2803124,84,128232,0,0,IXSgUHShse,RO12,taul,1K8T,j_M3,EKR938I,E0Bp6WgHyy_fgEI7Y5u,dZaM,9_Y1,RVjC,sJzTlal,IYzP,me75fM6ugJ,kIsH,uKAI,L84s,NhsEn4L,kq0emRG,0bZ9,UYBR,FzaX,OrnLfvc,oslk,1J2cvxe,LM8l689qOp,FSa2,RAYp,F2FyR07IdsN7I
0,714,14,12820,108,135,48,200,5,2767542,0,3.656056,18,102,203,914176,0,222848.1,15,6,32,16,-591740,490,36,131859,8,1556330,577570,5605,0,0,604800,6222920,14,844044,0,0,Yn7t0Go8Lb,RO12,taul,1K8T,j_M3,6zFJt03,ARvzJXx,YZrs,9_Y1,rGJy,VpdQ,IYzP,me75fM6ugJ,kIsH,uKAI,L84s,NhsEn4L,kq0aHkC,dexj,UYBR,FzaX,ZDjvOIl,oslk,G9mQQMs,jySVZNlOJy,Qu4f,RAYp,F2FyR07IdsN7I
0,203,0,0,40,50,8,186.64,0,9287700,0,0.7274087,9,20,0,0,0,249906.6,0,0,0,0,81998.4,370,42,0,0,3147885,362,0,0,9,0,8710840,4,0,0,0,AhzZptzip9,RO12,taul,1K8T,TyGl,60OyfR1,k10MzgT,U7YO,9_Y1,t_4G,VpdQ,zm5i,me75fM6ugJ,kIsH,uKAI,L84s,NhsEn4L,mAja5EA,QaPP,cJvF,FzaX,7gtR98m,oslk,QA4HUgz,LM8l689qOp,Qu4f,RAYp,F2FyR07IdsN7I
0,378,0,0,564,705,136,220.08,0,3857160,0,0.6547746,9,28,0,804008,0,79522.2,20,8,40,24,-31436.84,1935,228,0,0,1512535,1380448,0,0,18,755391,9202280,150,1521186,0,0,4bwt0GoOh3,RO12,taul,1K8T,lK27,604wEl4,MXlhT5l,6YaA,9_Y1,rGJy,09_Q,zm5i,me75fM6ugJ,kIsH,uKAI,L84s,NhsEn4L,mAjbk_S,z0N3,cJvF,FzaX,9WBvEWW,oslk,UsL2pc5,LM8l689qOp,Qu4f,RAYp,F2FyR07IdsN7I
0,910,7,116,136,170,0,220.08,0,213828,0,1.45439,9,112,84,5947200,0,203234.4,5,0,48,80,107693.2,570,6,26001,0,9264550,0,350,0,18,326158,10661800,44,0,0,0,LDPq9ayfAo,2Knk1KF,taul,1K8T,z32l,Fnlw8DQ,qTSsa00b5V,6byX,9_Y1,vm5R,VpdQ,haYg,me75fM6ugJ,kIsH,uKAI,L84s,XfqtO3UdzaXh_,XTbPUYD,Oo7i,cJvF,AU8_WTd,wIfAM23,oslk,dwbKSUK,jySVZNlOJy,7P5s,RAYp,55YFVY9
0,945,7,2364,176,220,144,133.12,0,194712,0,3.456954,18,86,392,798784,0,47376.6,10,8,40,32,-15857.44,595,12,6795,0,436585,231520,465,0,18,210112,1691440,28,339780,0,0,8I1TmBtueT,RO12,taul,1K8T,F9g8,aWx9MxI,J3fgbi2,VvDf,9_Y1,c2JP,VpdQ,lVqb,6C53VA1kCv,kIsH,uKAI,L84s,fSKKIQdIPDXgw,y5F_12K,pv4R,UYBR,FzaX,EFki84d,zCkv,T5HWwhx,LM8l689qOp,rgKb,6fzt,xwM2aC7IdeMC0
0,784,14,5964,140,175,64,166.56,0,635790,0,5.975646,27,106,378,2764800,0,212476.2,0,8,32,32,160094,545,30,35037,0,5649300,1382400,1275,0,9,1814400,10472880,28,2073600,0,0,crIgUHSK8h,2Knk1KF,taul,1K8T,AHgj,JPiz4AJ,yLQX8HOoy1,85IW,9_Y1,RVjC,sJzTlal,Tkho,DHn_WUyBhW_whjA88g9bvA64_,kIsH,uKAI,L84s,CrNX,kZJigPo,ETNp,UYBR,FzaX,dBlkPS6,d0EEeJi,_83ywRt,LM8l689qOp,FSa2,nIGXDli,55YFVY9
0,434,7,500,64,80,40,166.56,0,0,0,1.438368,9,104,7,0,0,5412.93,0,0,0,0,-30341.56,320,0,63117,0,32665,16108,345,0,9,0,58348,22,0,0,0,dRaTmBfHUn,RO12,taul,1K8T,LFM_,iJzviRg,SpVdJunThH,Q5Ne,9_Y1,4N0K,sJzTlal,haYg,7M47J5GA0pTYIFxg5uy,kIsH,uKAI,L84s,4kVnq_T26xq1p,kq0SO4E,FxCC,cJvF,AU8pNoi,ch2oGfM,zCkv,P6pu4Vl,LM8l689qOp,Qu4f,ZI9m,R4y5gQQWY8OodqDV
0,1022,7,868,164,205,96,166.56,0,19308,0,1.764367,9,56,483,996576,0,52535.4,0,10,40,40,-95740,785,6,8172,0,2343530,536728,835,0,18,79058,3856176,36,595104,0,0,Yn7t0Go8Lb,AERks4l,taul,1K8T,487l,RttJ9iC,C_u8_AlBK7,q1uT,9_Y1,MGOA,sJzTlal,haYg,GjJ35utlTa_GNSvxxpb9ju,kIsH,uKAI,L84s,JBfYVit4g8,beK28Fb,tSAq,UYBR,FzaX,gwjw2LX,Al6ZaUT,APgVoGr,LM8l689qOp,Qu4f,02N6s8f,xwM2aC7IdeMC0
0,301,0,0,40,50,0,230.56,0,4700826,0,1.699637,18,22,0,0,0,259903.5,5,4,8,0,-30828.28,355,18,0,0,2419655,0,0,0,18,0,9947880,8,5360334,0,0,MtpBcmzkzH,RO12,taul,1K8T,kwI9,xUTqnbN,GHf4lBZm_z,uwwf,9_Y1,yrDU,sJzTlal,IYzP,me75fM6ugJ,kIsH,uKAI,Mtgm,NhsEn4L,uZLuNea,ykzL,UYBR,FzaX,LwGVino,oslk,xYH_Q4n,jySVZNlOJy,Qcbd,RAYp,F2FyR07IdsN7I
0,882,7,280,120,150,0,166.56,0,0,0,5.754326,9,48,105,5529600,0,220523.7,0,0,32,64,154228,475,0,4761,0,9486150,0,120,0,0,2419200,10353720,44,0,0,0,Y3tqrQKzJV,RO12,taul,1K8T,AnrR,SHmviED,Cy0RhGn,ihqY,9_Y1,15m3,VpdQ,IYzP,7M47J5GA0pTYIFxg5uy,kIsH,uKAI,Mtgm,leSl,kZJ7V9Z,kchB,cJvF,FzaX,7zPJmUr,QKW8DRm,v6E0Yoz,LM8l689qOp,FSa2,vJ_w8kB,WfJ2BB2SFSqauljlfOB
0,1918,7,4,148,185,48,233.44,0,2851272,0,5.419141,18,32,0,1591112,0,119484.9,25,4,40,48,191033.6,510,36,207,0,4691240,950424,10,0,0,0,10345080,24,950424,0,0,hSovyx7IEC,RO12,taul,1K8T,PGNs,KDB7E9Z,Tg7jjBB,LHEA,9_Y1,xSqs,VpdQ,IYzP,DHn_WUyBhW_whjA88g9bvA64_,kIsH,uKAI,Mtgm,CrNX,jawspbU,Ysi6,cJvF,FzaX,oPZw9qN,d0EEeJi,oIW9GgB,LM8l689qOp,szEZ,02N6s8f,F2FyR07IdsN7I
0,3353,7,36,220,275,72,286.96,0,3922272,0,5.512711,9,40,14,4025832,0,61783.2,20,10,72,112,181694.8,1600,66,49851,0,3606035,849706,205,0,9,80472,10211840,24,163332,0,0,vAsvyx7ejg,RO12,taul,1K8T,hM6W,DhOeR59,767sa0XN9l,LeeR,9_Y1,xSqs,09_Q,zm5i,me75fM6ugJ,kIsH,7A3j,L84s,NhsEn4L,kZJyVg2,Tb0w,cJvF,FzaX,EhlR2zc,oslk,8iTp3c_,LM8l689qOp,szEZ,RAYp,F2FyR07IdsN7I
0,1638,7,392,228,285,32,186.64,0,8096760,0,1.111942,9,106,49,0,0,89632.5,50,2,40,0,73309.2,935,96,49311,0,984430,351620,310,0,9,0,10488640,52,518400,0,0,ZSNq9aX0Db,eSGpMwS8zSGgq_trOpckZ5,taul,1K8T,TLkP,QL8Mbg2,V6XUlxabJ4VaD,8tMU,9_Y1,c2JP,VpdQ,haYg,GjJ35utlTa_GNSvxxpb9ju,kIsH,uKAI,Mtgm,UbxQ8lZ,ORMRote,_lcJ,cJvF,FzaX,KX8StrN,Al6ZaUT,WwTRXzj,LM8l689qOp,rgKb,02N6s8f,R4y5gQQWY8OodqDV
0,1148,14,3148,152,190,48,220.08,0,3128928,0,1.361888,18,180,329,4771680,0,71998.5,5,2,32,64,27356.44,610,42,28368,0,5639100,522396,5020,0,27,0,10342000,30,71700,0,0,FAJWq69cTy,2Knk1KF,taul,1K8T,8qEx,fhk21Ss,0ZlStaN,YcLb,9_Y1,Px52,VpdQ,hAFG,7M47J5GA0pTYIFxg5uy,kIsH,uKAI,L84s,Ie_5MZs,CWNY2py,JEC4,UYBR,FzaX,4UxGlow,zCkv,catzS2D,LM8l689qOp,PM2D,ZI9m,TCU50_Yjmm6GIBZ0lL_
0,938,14,600,144,180,24,147.92,0,0,0,3.478957,18,80,35,1142320,0,43398.6,0,0,24,56,133514.4,565,0,954,0,2145015,60642,1410,0,9,108661,2408456,52,0,0,0,vAsTmBfHUn,RO12,taul,1K8T,LFM_,6JE1QFM,RuVy67M,k8Tc,9_Y1,Gx0B,VpdQ,sYC_,me75fM6ugJ,kIsH,uKAI,L84s,NhsEn4L,beK4AFX,Mutk,cJvF,FzaX,ie2v1FD,oslk,k19R6zD,LM8l689qOp,Qu4f,RAYp,F2FyR07IdsN7I
0,1246,7,1284,172,215,144,193.28,0,787812,0,5.738091,9,48,105,948432,0,22341.3,0,24,80,80,-139520.8,740,18,18684,0,0,175178,770,0,0,714581,1514664,0,247326,0,0,jg69tYsGvO,RO12,taul,1K8T,0Xwj,9GJGgoz,yEFIHeU,4KpL,F3hy,YULl,VpdQ,IYzP,Kxdu,kIsH,uKAI,L84s,FMSzZ91zL2,kq067VR,_19j,UYBR,FzaX,Tvpip6Z,zCkv,hHJsvbM,LM8l689qOp,FSa2,6fzt,SbOd7O8ky1wGNxp0Arj0Xs
0,658,21,48,128,160,0,320.4,0,1591140,0,5.763939,27,36,21,4838400,0,180858.9,5,2,32,56,98898.4,215,24,1998,0,8208000,0,630,0,18,0,10484000,38,138042,0,0,Qu0r4RKzJV,RO12,taul,1K8T,487l,nmmMbg2,S85VnNtF9z,grUa,9_Y1,DtNL,VpdQ,zm5i,me75fM6ugJ,kIsH,uKAI,L84s,NhsEn4L,mAj7f1S,5FqO,UYBR,FzaX,KX8Ku_a,oslk,WwTr3XO,LM8l689qOp,FSa2,RAYp,F2FyR07IdsN7I
0,196,0,0,20,25,0,186.64,0,10886400,0,5.327281,9,18,0,0,0,297324.6,5,0,8,0,-82818,350,18,0,0,2162000,0,0,0,9,0,8987880,2,0,0,0,oBXTmBtFkL,RO12,taul,1K8T,0Xwj,R4CMv2s,dYXb8nO8Ru,W9HA,F3hy,C6Eu,09_Q,zm5i,me75fM6ugJ,kIsH,uKAI,L84s,NhsEn4L,mAja5EA,RHql,UYBR,FzaX,OOC8jNM,oslk,piPR6zD,LM8l689qOp,rgKb,RAYp,F2FyR07IdsN7I
0,280,0,0,172,215,24,266.4,0,8971320,0,2.095065,9,20,0,1382400,0,191931.3,35,2,40,16,136087.6,525,108,0,0,1435445,178894,0,0,0,0,10774760,24,471840,0,0,gOyq9ayE15,RO12,taul,1K8T,lK27,YDGxW2B,KyxX4chnKM,N3N4,9_Y1,kJJ7,sJzTlal,IYzP,me75fM6ugJ,kIsH,uKAI,Mtgm,NhsEn4L,7WwOAni,XBBN,cJvF,FzaX,1mS6hzI,oslk,MIzOtEt,LM8l689qOp,7P5s,RAYp,F2FyR07IdsN7I
0,539,0,0,140,175,32,352.72,0,4812144,0,5.428113,9,28,0,2534496,0,229979.1,15,4,32,32,132404,520,66,0,0,4356420,633624,0,0,18,554421,10811800,22,950436,0,0,IXSgUHShse,RO12,taul,1K8T,TyGl,B88Jj6r,Gai9lEF2Fr,85IW,9_Y1,RVjC,sJzTlal,zm5i,me75fM6ugJ,kIsH,uKAI,Mtgm,NhsEn4L,NGZTwy6,ETNp,UYBR,FzaX,Bxfv48t,oslk,yVBQv5o,LM8l689qOp,FSa2,RAYp,F2FyR07IdsN7I
0,1190,7,1044,108,135,8,240.88,10,2473278,0,5.2931,9,112,0,3456040,0,151682.1,10,0,24,40,-148314.8,790,36,485172,16,4937190,172800,285,0,9,0,8363440,26,0,0,0,NESt0G8EIb,RO12,taul,1K8T,487l,iJzviRg,aB4Juyc,Rvdz,9_Y1,k13i,VpdQ,kxE9,7M47J5GA0pTYIFxg5uy,kIsH,uKAI,L84s,9fipLB8rlL,uZLqBZk,C9df,UYBR,FzaX,ch2oGfM,zCkv,P6pu4Vl,jySVZNlOJy,fKCe,ZI9m,R4y5gQQWY8OodqDV
0,1078,7,2064,128,160,8,220.08,0,6688560,0,5.054476,9,60,28,1382400,0,182182.5,35,0,32,16,150043.2,620,78,61749,0,3395065,80454,45,0,0,0,10446400,18,0,0,0,l7Fq9ayE15,RO12,taul,1K8T,LZs_,9GJGgoz,WICZqsx,R6Bg,9_Y1,000J,VpdQ,IYzP,Kxdu,kIsH,uKAI,L84s,FMSzZ91zL2,TDcfmHS,Ltjl,cJvF,FzaX,Tvpip6Z,zCkv,hHJsvbM,LM8l689qOp,7P5s,6fzt,SbOd7O8ky1wGNxp0Arj0Xs
0,364,7,3056,108,135,72,186.64,0,0,0,4.671651,9,222,14,542712,0,5678.79,0,2,24,48,43719.2,335,0,11529,0,226025,13206,945,0,18,0,482884,22,6444,0,0,9hRmfo875g,TW8dXluYzKpktZjuY8kSPBaZa,CiJDdr4TQ0rGERIS,1K8T,42Cy,fhk21Ss,hOpRIhsUSP,Etuz,9_Y1,gnEy,VpdQ,y6dw,7M47J5GA0pTYIFxg5uy,kIsH,uKAI,L84s,cVJeATK39j43p,y5FWIWP,dh2I,cJvF,FzaX,4UxGlow,Al6ZaUT,catzS2D,LM8l689qOp,3Cy4,ZI9m,NoEd
0,1519,14,372,312,390,72,158.24,10,7152060,0,4.405042,27,34,7,3309776,15,76238.7,20,2,56,80,41179.6,1580,126,13743,56,2651590,516608,650,0,18,107632,10677240,66,282,0,0,2jirEyXktW,RO12,taul,1K8T,ChAX,X94q7NI,ZkibjLN5VdYQ7,BtmZ,9_Y1,H1uM,VpdQ,IYzP,me75fM6ugJ,kIsH,uKAI,L84s,NhsEn4L,jawTujZ,W2mv,cJvF,FzaX,EuI6s0w,oslk,nHa2qo0,LM8l689qOp,Aoh3,RAYp,F2FyR07IdsN7I
0,812,0,8,136,170,24,253.52,0,5227266,0,1.327921,9,82,0,1900824,0,193995.6,15,6,32,24,160378,520,66,6579,0,4356065,475206,0,0,27,1108814,10771360,22,1425618,0,0,NESWq69R_D,RO12,taul,1K8T,JLbT,amR1fqt,PaagavI,dHcT,9_Y1,z5Ry,sJzTlal,sYC_,me75fM6ugJ,kIsH,uKAI,L84s,NhsEn4L,beK4AFX,2aej,UYBR,FzaX,pskvdH_,oslk,7S7RDbC,jySVZNlOJy,FSa2,RAYp,F2FyR07IdsN7I
0,238,0,0,136,170,32,253.52,0,2857056,0,0.5772271,9,18,0,1267288,0,199270.2,20,8,32,16,264796,550,36,0,0,5526350,612100,0,0,0,1108877,10520440,28,1900932,0,0,_v2gUHXZeb,RO12,taul,1K8T,0Xwj,au1K0yW,7ONkRNQCK7,qXyG,HLqf,fTh6,VpdQ,IYzP,me75fM6ugJ,sBgB,uKAI,L84s,NhsEn4L,NGZxnJM,DbGO,cJvF,FzaX,iEX0Q3K,oslk,LPD2Oqu,LM8l689qOp,453m,RAYp,F2FyR07IdsN7I
0,1057,14,824,132,165,24,291.12,0,8130180,0,0.3911557,45,44,105,691200,0,142142.4,35,6,32,8,78518,505,96,45261,0,922000,518400,4630,0,0,0,10665080,6,1246974,0,0,2AAWq69R_D,RO12,taul,1K8T,ssAy,tTnn57c,oZfiYGy20Y,RGeB,9_Y1,Px52,09_Q,IYzP,me75fM6ugJ,kIsH,7A3j,L84s,NhsEn4L,kZJtVhC,2hj3,cJvF,FzaX,Clz8iqZ,oslk,OVVAgOW,LM8l689qOp,PM2D,RAYp,F2FyR07IdsN7I
0,308,0,0,140,175,32,186.64,0,6001200,0,4.863064,9,18,0,364312,0,186829.8,15,14,88,88,-297746.4,560,48,0,0,628715,891230,0,0,0,19530,7831720,4,109308,0,0,JMGrjIXt5a,RO12,taul,1K8T,wOc1,6JEJgAs,itSGh3t,mgab,9_Y1,Nbbb,VpdQ,IYzP,me75fM6ugJ,kIsH,uKAI,L84s,NhsEn4L,mAja5EA,n89l,cJvF,FzaX,U3CYjZW,oslk,WmdTQlu,LM8l689qOp,5Acm,RAYp,F2FyR07IdsN7I
0,546,7,2204,132,165,96,259.68,0,3110442,0,2.860927,9,110,28,691200,0,185612.4,20,10,32,8,114383.6,485,36,8451,0,1749470,2020200,195,0,9,0,10403560,10,2113734,0,0,639qrQK2Mx,2Knk1KF,taul,1K8T,487l,PTPxkyQ,nQUeejKKqM,lfiX,9_Y1,15m3,09_Q,sYC_,me75fM6ugJ,kIsH,uKAI,L84s,NhsEn4L,kq0K4rN,KQSo,cJvF,FzaX,HH3v4zN,oslk,2HJE4Qn,LM8l689qOp,FSa2,RAYp,55YFVY9
0,315,0,0,124,155,80,253.52,0,152460,0,2.789361,9,24,0,2764800,6,230524.8,0,8,32,32,41796.4,485,12,0,16,4752000,1728000,0,0,9,1209600,10124040,22,2073600,0,0,dTGmfo8zhV,RO12,taul,1K8T,JLbT,Kn7uqyB,SRcJqhbfhq,8FB6,9_Y1,gnEy,09_Q,zm5i,me75fM6ugJ,kIsH,uKAI,L84s,NhsEn4L,NGZxnJM,FM6S,UYBR,AU8_WTd,OYHOVQC,oslk,RlTRt72,jySVZNlOJy,3Cy4,RAYp,F2FyR07IdsN7I
0,112,7,4,24,30,8,99.68,0,1620,0,0.1976074,9,160,0,13208,0,3747.21,0,0,16,16,-1665828,45,6,7344,0,7095,1096,290,0,27,0,15552,4,0,0,0,oUPBcmzkzH,2Knk1KF,taul,1K8T,uNkU,xziqMKD,msIqHk8toE,QAo7,9_Y1,KubS,VpdQ,hAFG,me75fM6ugJ,kIsH,uKAI,L84s,XfqtO3UdzaXh_,_JdcICD,wxsM,cJvF,FzaX,KX868SY,oslk,Mkb2C8o,LM8l689qOp,Qcbd,RAYp,TCU50_Yjmm6GIBZ0lL_
0,917,14,1920,196,245,72,200,0,1296054,0,3.878018,18,56,56,3379440,0,181008.3,0,6,32,56,383134.4,835,60,35343,0,5657750,976502,295,0,0,1209208,9880480,40,1271292,0,0,wRXmfo875g,RO12,taul,1K8T,0Xwj,HPUhM2I,4hMlgkf58mhwh,NUJW,HLqf,6Kw9,VpdQ,IYzP,me75fM6ugJ,sBgB,uKAI,L84s,NhsEn4L,kZJtVhC,6Xlv,cJvF,FzaX,hP0Q2YB,oslk,ioNa5gA,jySVZNlOJy,3Cy4,RAYp,F2FyR07IdsN7I
0,1141,0,0,92,115,32,286.96,0,2064168,0,0.6002991,9,16,0,904360,3,6466.83,5,4,24,24,-293513.6,6560,30,0,16,1005325,253024,0,0,0,0,3482464,16,174054,0,7,ZSNrjIX0Db,RO12,taul,1K8T,JLbT,knVbxgw,1lFJzqR,IaTj,9_Y1,nr0d,VpdQ,IYzP,me75fM6ugJ,kIsH,uKAI,L84s,NhsEn4L,kZJyVg2,_xo3,cJvF,FzaX,qofOVQC,oslk,cbq7j0h,LM8l689qOp,5Acm,RAYp,F2FyR07IdsN7I
0,1036,14,2436,164,205,0,364.48,0,157932,0,0.7795343,27,154,280,727064,0,40341.9,0,2,40,64,-293217.6,675,30,873,0,1575030,0,1480,0,18,177940,1752564,54,35580,0,0,5_lq9at_88,2Knk1KF,taul,1K8T,sbZD,WkH7nZN,MypvvoIQqc,hcvQ,9_Y1,KfYH,09_Q,6JmL,me75fM6ugJ,kIsH,g5HH,L84s,XfqtO3UdzaXh_,XTbPUYD,y8W_,cJvF,FzaX,scZ0Q3K,oslk,zmvzrB7,LM8l689qOp,me1d,RAYp,TCU50_Yjmm6GIBZ0lL_
0,588,14,236,140,175,64,186.64,0,305226,0,3.462508,18,50,63,2764800,0,216795,0,6,24,32,351816.8,500,24,1260,0,5631650,1382400,125,0,18,0,9892800,32,1555200,0,0,4e7gUH7IEC,RO12,taul,1K8T,xgSF,bMTAExd,DKUDUftgA7,r4ud,9_Y1,LqKm,VpdQ,IYzP,me75fM6ugJ,kIsH,uKAI,L84s,NhsEn4L,jawTujZ,PZnj,cJvF,FzaX,07mQFkJ,oslk,8VyjxQb,jySVZNlOJy,453m,RAYp,F2FyR07IdsN7I
0,714,7,48,76,95,8,220.08,0,0,0,1.042726,9,96,14,298576,0,14639.43,0,0,24,56,-110386.8,485,0,135,0,268850,320,1380,0,9,1624,365008,22,0,0,0,5_lq9aXt5a,RO12,taul,1K8T,TyGl,qbzg2A0,q2tfFQq,ZyCs,9_Y1,Y9Bl,VpdQ,sYC_,me75fM6ugJ,kIsH,uKAI,L84s,NhsEn4L,beK4AFX,4CTo,UYBR,FzaX,Dndv4zN,oslk,6ebzrB7,LM8l689qOp,uWr3,RAYp,F2FyR07IdsN7I
0,1001,7,2696,156,195,32,186.64,0,7641360,0,1.234565,9,112,98,63088,0,169455.6,35,10,48,8,121917.2,600,102,5985,0,1234235,529576,1685,0,9,0,10545360,10,1757832,0,0,HYTrjIK12c,eSGpMwS8zSGgq_trOpckZ5,taul,1K8T,0Xwj,hbCysxi,FoJylxy,a1rY,HLqf,7WNq,VpdQ,6JmL,GjJ35utlTa_GNSvxxpb9ju,sBgB,uKAI,L84s,UbxQ8lZ,ORMRote,vQVO,UYBR,FzaX,bhMaZbr,Al6ZaUT,E3jGzM0,LM8l689qOp,WqMG,02N6s8f,R4y5gQQWY8OodqDV
0,6895,14,548,1288,1610,408,200,5,3496344,0,1.864559,18,150,28,1276120,0,10194.42,1110,18,80,56,-447256,8600,120,47052,8,1174335,860752,2560,0,9,60235,7307880,26,993258,0,0,DHerjIKQ76,2Knk1KF,taul,1K8T,487l,QDYng1z,Kd06angP35,8MF2,9_Y1,7WNq,09_Q,6JmL,me75fM6ugJ,kIsH,uKAI,L84s,XfqtO3UdzaXh_,XTbIt4R,VQD8,UYBR,FzaX,CWez3cs,oslk,_8W0zM1,LM8l689qOp,WqMG,RAYp,55YFVY9
0,224,0,0,136,170,48,289.76,0,3607536,0,5.63512,9,18,0,3801744,0,200940.9,15,0,32,48,244775.2,565,48,0,0,4356165,923870,0,0,9,554421,10589000,22,0,0,0,LDPq9ayfAo,RO12,lSbpiq1,1K8T,ssAy,UsSOoyT,7ruFuE4,8kgd,9_Y1,vm5R,VpdQ,zm5i,me75fM6ugJ,kIsH,uKAI,L84s,NhsEn4L,mAja5EA,fLyt,UYBR,FzaX,_Pu6s0w,oslk,Ha_79_c,LM8l689qOp,7P5s,RAYp,F2FyR07IdsN7I
0,952,7,232,196,245,80,220.08,10,4899114,0,0.4516129,36,30,7,2263528,0,139168.8,30,8,64,56,184314.8,825,72,6516,16,1772680,965612,1015,0,0,276486,9342360,20,9042,0,0,vAsgUHXM47,RO12,taul,1K8T,pE9z,7tlwdK9,_jTP8ioIlJ,5EA0,9_Y1,8BBI,VpdQ,IYzP,me75fM6ugJ,kIsH,uKAI,L84s,NhsEn4L,kZJtVhC,K7cu,UYBR,FzaX,FonRPEi,oslk,IGDRHnW,LM8l689qOp,453m,RAYp,F2FyR07IdsN7I
0,798,7,784,124,155,0,186.64,0,152964,0,0.07776116,9,34,287,5529600,0,223312.8,0,0,32,64,120606.4,500,6,44712,0,9468050,0,2335,0,9,2419200,10441200,44,0,0,0,DQlrEyXXnK,RO12,taul,1K8T,LLPZ,MErO9Nm,hOpMh7dRpW,Osk9,9_Y1,SkZj,09_Q,IYzP,me75fM6ugJ,kIsH,uKAI,L84s,NhsEn4L,mAjbk_S,gJp0,UYBR,FzaX,1nA68SY,oslk,mhe7j0h,LM8l689qOp,Aoh3,RAYp,F2FyR07IdsN7I
0,637,7,2384,104,130,72,200,0,0,0,0.3612476,9,64,0,308808,0,30015,10,6,40,40,134132,365,0,15921,0,435290,220308,125,0,0,326270,1436044,14,188556,0,0,py5gUH7ejg,ues7INAmyjdS1vDd0YL9jU,taul,1K8T,487l,PHNvXy8,M9kx,2ryR,9_Y1,1Bp0,09_Q,IYzP,NKv3VA1BpP,kIsH,uKAI,L84s,Ie_5MZs,y5FEvJ5,8LuT,cJvF,FzaX,UF16siJ,zCkv,APgdzOv,LM8l689qOp,WqMG,6fzt,xwM2aC7IdeMC0
0,707,21,3220,120,150,0,176.56,0,10886400,0,4.565905,36,122,168,0,0,225138.6,45,0,32,0,131474.8,460,126,3978,0,0,0,1000,0,18,0,10368040,0,0,0,0,bt0mfo875g,2Knk1KF,I9xt3GDRhUK7p,1K8T,tXti,AKG5V1L,r83_sZi,47hg,9_Y1,iZJp,VpdQ,hzlB,me75fM6ugJ,kIsH,uKAI,L84s,XfqtO3UdzaXh_,XTbPUYD,pLVp,UYBR,AU8_WTd,R4h87dl,oslk,kPEzrB7,jySVZNlOJy,3Cy4,RAYp,55YFVY9
0,2660,14,2708,184,230,32,304.56,5,5586042,9,4.423841,45,96,168,4324544,9,51450.3,20,2,32,56,179458.8,1605,78,18846,40,4169290,277212,1235,0,9,0,10691000,34,31956,0,0,oyGrjIXt5a,AERks4l,taul,1K8T,JLbT,PHNvXy8,r83_sZi,I7yc,9_Y1,xQ2A,VpdQ,6JmL,NKv3VA1BpP,kIsH,uKAI,Mtgm,NjlyLMM,teABnwM,G40E,cJvF,FzaX,UF16siJ,zCkv,APgdzOv,LM8l689qOp,5Acm,6fzt,xwM2aC7IdeMC0
0,462,7,36,108,135,8,200,0,58338,0,0.7823115,9,64,0,298256,3,82959,0,6,32,8,-97628,390,12,126,8,4121140,15604,65,0,0,711592,3773636,40,386244,0,0,8I1r4RXXnK,RO12,taul,1K8T,0Xwj,4XZdCcU,_UtlxbJ,rzcQ,F3hy,Cgc3,VpdQ,sYC_,me75fM6ugJ,kIsH,uKAI,L84s,NhsEn4L,kq0n8Bj,lKVV,UYBR,FzaX,ZCEmfvd,oslk,Nbsa8ZG,jySVZNlOJy,Xa3G,RAYp,F2FyR07IdsN7I
0,3206,14,2108,260,325,288,166.56,0,0,0,4.290536,27,174,217,605736,0,10705.53,5,20,104,80,-80231.2,1115,0,4050,0,126470,348640,255,0,9,109627,1292672,16,285156,0,0,DHevyx7IEC,bYmQ4nc,taul,1K8T,X9_k,fhk21Ss,Vxueejji0f,iKNN,9_Y1,qaiO,VpdQ,haYg,7M47J5GA0pTYIFxg5uy,kIsH,uKAI,L84s,XfqtO3UdzaXh_,_JdH8mF,kwZI,cJvF,wwPEXoilkr,4UxGlow,oslk,catzS2D,LM8l689qOp,szEZ,ZI9m,ib5G6X1eUxUn6
0,84,7,8,152,190,32,331.04,0,1332,0,6.213843,9,100,0,0,0,2733.786,0,0,0,0,-3509.856,590,6,3762,0,168590,2262,260,0,9,0,140284,66,0,0,0,86ct0Gdncc,RO12,taul,1K8T,jzYi,wrRuXRS,TPNq,9xzW,9_Y1,cyKH,09_Q,hAFG,me75fM6ugJ,kIsH,g5HH,L84s,XfqtO3UdzaXh_,11p4mKe,t3be,cJvF,FzaX,dNs0Q3K,oslk,4wZOTZB,LM8l689qOp,me1d,RAYp,F2FyR07IdsN7I
0,1407,14,260,232,290,136,133.12,0,72282,0,3.149113,18,42,147,202872,0,9363.21,5,24,40,40,43745.2,1230,6,585,0,449665,224238,95,0,0,2996,1051840,44,122796,0,0,DHeq9ayfAo,RO12,taul,1K8T,z32l,IMI3Naj,NBVUlxabJhR17,1_v2,9_Y1,vm5R,sJzTlal,IYzP,me75fM6ugJ,kIsH,uKAI,L84s,NhsEn4L,TDcECyH,qjDV,UYBR,FzaX,NI568SY,oslk,kWFEVJ2,LM8l689qOp,7P5s,RAYp,F2FyR07IdsN7I
0,1246,7,92,176,220,88,212.88,0,2073600,0,0.3294168,9,46,0,57848,0,69074.7,15,10,48,24,501012,755,24,765,0,1204800,236340,40,0,0,94220,4198160,36,470268,0,0,uUdt0G8EIb,RO12,taul,1K8T,YmZp,4rXn9NE,yLQ6qarKpT,agam,9_Y1,e7QV,sJzTlal,IYzP,me75fM6ugJ,kIsH,uKAI,L84s,NhsEn4L,mAjbk_S,HEX_,UYBR,FzaX,dqL8hdx,oslk,MnYAKIt,LM8l689qOp,fKCe,RAYp,F2FyR07IdsN7I
0,2954,14,224,256,320,32,86.96,0,8246340,9,5.351207,18,50,7,746192,0,81110.7,30,0,24,48,-142035.6,3420,60,163431,8,1954030,246042,2080,0,9,135072,10119840,76,0,0,0,V8lBcmz45j,RO12,taul,1K8T,PGNs,BoXMutf,ARvzJXx,A7_2,9_Y1,KubS,VpdQ,IYzP,me75fM6ugJ,kIsH,uKAI,L84s,NhsEn4L,mAjbk_S,WeVK,cJvF,FzaX,KgoD5lR,oslk,o_K0_1Y,M_8D,Qcbd,RAYp,F2FyR07IdsN7I
0,434,7,1532,64,80,48,133.12,0,0,0,0.4439223,9,62,0,4552,0,5898.27,0,6,16,16,5440.84,360,0,97038,0,49255,65646,1450,0,9,58009,251860,10,118332,0,0,Yn7t0Go8Lb,RO12,taul,1K8T,lK27,RZHcTEF,88EhRq8,D04C,9_Y1,MGOA,sJzTlal,haYg,me75fM6ugJ,kIsH,uKAI,L84s,XfqtO3UdzaXh_,XTbPUYD,sDqZ,cJvF,qxDb,x6SfGrO,oslk,xBBRusu,LM8l689qOp,Qu4f,RAYp,F2FyR07IdsN7I
0,469,0,0,280,350,80,286.96,0,2381862,0,4.688101,9,18,0,2120784,0,85109.09,60,10,80,56,43329.6,1090,114,0,0,4719750,784884,0,0,0,938903,10143320,34,1238046,0,0,py5gUH7ejg,RO12,taul,1K8T,lK27,ckojmWG,VFlQOb9Jb2VDYrHl,IArs,9_Y1,bJXB,sJzTlal,IYzP,DHn_WUyBhW_whjA88g9bvA64_,kIsH,uKAI,L84s,CrNX,y5FU_7t,FJ59hcz,cJvF,FzaX,bEmx1E2,d0EEeJi,qWj38Rf,LM8l689qOp,w_Ub,02N6s8f,F2FyR07IdsN7I
0,616,7,52,136,170,8,200,0,0,0,4.2837,9,42,77,237648,0,7571.79,0,4,16,112,-34473.72,370,0,4932,0,150395,3170,935,0,0,30212,268456,34,34464,0,0,qXhPe2ftjz,RO12,taul,1K8T,JLbT,rXH4Eny,2v0Y60n,sOYL,9_Y1,mTeA,VpdQ,IYzP,me75fM6ugJ,kIsH,uKAI,L84s,NhsEn4L,mAja5EA,upnW,UYBR,FzaX,MgW0FxM,oslk,yktAIRG,LM8l689qOp,FSa2,RAYp,F2FyR07IdsN7I
0,994,7,3356,108,135,0,296.96,0,9227100,0,5.130741,9,82,14,0,9,136937.4,30,0,16,0,288334,475,108,59373,24,1296000,0,2060,0,27,0,9018440,6,0,0,0,1nlTmBtueT,RO12,taul,1K8T,hAOr,MPSM0nx,itSGh3t,cd6W,9_Y1,47ra,VpdQ,Tkho,me75fM6ugJ,kIsH,uKAI,Mtgm,NhsEn4L,kq0aHkC,zRs5,cJvF,FzaX,UDVAAox,oslk,uOV2fT4,LM8l689qOp,rgKb,RAYp,F2FyR07IdsN7I
0,4018,7,1388,480,600,184,186.64,0,209640,0,5.365947,9,128,224,1156496,0,4702.02,35,16,112,232,-30000.16,1740,126,8784,0,1234870,175312,6370,0,36,255388,2219764,64,159438,0,0,zKnr4RXktW,LrdZy8QqgUfkVShG,taul,1K8T,AkfA,fhk21Ss,Hz673939hSRjL,sSte,9_Y1,Cgc3,VpdQ,haYg,7M47J5GA0pTYIFxg5uy,kIsH,uKAI,L84s,QsQAxv5,OFqwZ2u,To5T,cJvF,FzaX,4UxGlow,QKW8DRm,catzS2D,LM8l689qOp,Xa3G,ZI9m,ib5G6X1eUxUn6
0,2226,7,4760,36,45,16,198.88,0,10994280,0,1.526383,27,114,441,0,0,30264.3,0,0,0,0,-155920.4,415,30,21375,0,2435210,334592,895,0,36,0,9946880,4,0,0,0,npOBcmzkzH,RO12,taul,1K8T,uNkU,x8bPoJV,MypvvoIQqc,ypcP,9_Y1,gnEy,09_Q,hAFG,me75fM6ugJ,kIsH,uKAI,L84s,XfqtO3UdzaXh_,11p4mKe,p4DX,cJvF,FzaX,Ik20nTz,oslk,DNvRusu,LM8l689qOp,3Cy4,RAYp,DU8B
0,98,0,0,96,120,32,207.44,0,0,0,5.223884,9,22,0,50680,0,5971.77,0,2,24,24,16777.56,310,0,0,0,229910,13084,0,0,0,0,245040,32,14406,0,0,CEat0G8rTN,RO12,taul,1K8T,2Ix5,F0DSdMg,KyxX4chnKM,lPZt,9_Y1,k13i,sJzTlal,IYzP,me75fM6ugJ,kIsH,uKAI,L84s,NhsEn4L,mAjR0Ac,nqi7,cJvF,FzaX,1Fq88FJ,oslk,XByOEra,LM8l689qOp,fKCe,RAYp,F2FyR07IdsN7I
0,1386,7,788,440,550,168,220.08,0,5268852,0,6.45909,9,52,567,2483152,0,100156.8,30,44,288,144,277790,1085,156,80856,0,4356605,219134,5265,0,0,128618,9857560,34,72252,0,0,m9SrEy7Rm6,RO12,taul,1K8T,IvdZ,KVQd0DS,DKUDUftgA7,qHH3,9_Y1,X8zP,VpdQ,IYzP,me75fM6ugJ,kIsH,uKAI,L84s,NhsEn4L,mAja5EA,sEtZ,cJvF,FzaX,kj7871e,oslk,nTRqEo9,LM8l689qOp,Aoh3,RAYp,F2FyR07IdsN7I
0,1561,7,1940,292,365,96,253.52,0,4435740,0,5.984191,18,86,231,1929584,0,126325.8,40,12,64,80,322067.2,1105,96,52317,0,3308375,978324,1335,0,18,160545,10427040,42,623604,0,0,1KSTmBQxul,RO12,taul,1K8T,kNzO,Q9Rq8UC,nQUq7hGe64,hHM2,9_Y1,TjV7,09_Q,sYC_,me75fM6ugJ,kIsH,uKAI,L84s,NhsEn4L,kq0aHkC,8Khd,UYBR,FzaX,NRwYlW4,oslk,zwFAGfT,LM8l689qOp,FSa2,RAYp,F2FyR07IdsN7I
0,2072,7,2412,316,395,176,200,0,0,0,4.605854,9,178,203,505880,0,14784.09,0,24,152,152,73360,1135,0,45387,0,230040,95352,8510,0,9,179249,759056,52,197070,0,0,51rt0G8rTN,bYmQ4nc,taul,1K8T,TyGl,fhk21Ss,ARvzJXx,8tFX,9_Y1,k13i,VpdQ,kxE9,7M47J5GA0pTYIFxg5uy,kIsH,uKAI,L84s,_5OXC8MSLt,XTbj5PX,sc2Q,UYBR,FzaX,4UxGlow,oslk,catzS2D,LM8l689qOp,fKCe,ZI9m,ib5G6X1eUxUn6
0,147,0,0,144,180,56,266.4,0,5800890,0,5.233924,9,16,0,2073600,0,214406.7,25,4,32,24,253743.6,380,72,0,0,2651465,798494,0,0,0,0,10849440,14,1036800,0,0,E3dr4RQxul,RO12,taul,1K8T,Cnh8,_ybO0dd,AojdWZq,qLkx,9_Y1,z5Ry,VpdQ,IYzP,me75fM6ugJ,kIsH,uKAI,Mtgm,NhsEn4L,7WwOAni,ZWZt,UYBR,FzaX,L91KIiz,oslk,CE7uk3u,LM8l689qOp,FSa2,RAYp,F2FyR07IdsN7I
0,665,7,12,148,185,96,297.52,0,2604702,0,3.09357,9,64,0,1267288,3,250739.4,20,4,24,16,215251.6,315,48,1557,16,3396265,1696016,105,0,18,0,10380160,18,950478,0,7,KXMrEyXXnK,RO12,taul,1K8T,JLbT,60sg0bq,9YuX8HG_hH,geHS,9_Y1,SkZj,VpdQ,43pnToF,me75fM6ugJ,kIsH,uKAI,Mtgm,NhsEn4L,mAjbk_S,8gB5,UYBR,FzaX,ooBv48t,oslk,wtiz4Af,LM8l689qOp,Aoh3,RAYp,F2FyR07IdsN7I
0,770,28,4604,136,170,16,267.52,5,2073618,0,6.76928,45,100,245,5529616,0,203354.7,0,0,32,64,127564.4,410,24,54063,8,7828900,72400,5620,0,36,1814400,10555160,40,0,0,0,Ie5gUH7IEC,RO12,taul,1K8T,vSNn,KDB0hSn,_UtlxbJ,CfDN,9_Y1,m_h1,VpdQ,sYC_,me75fM6ugJ,kIsH,uKAI,Mtgm,NhsEn4L,kq0aHkC,l8k9,UYBR,FzaX,oPZNgdR,oslk,ct0Qb98,LM8l689qOp,WqMG,RAYp,F2FyR07IdsN7I
0,1631,0,0,144,180,24,186.64,0,7268460,0,4.761162,9,32,0,3456000,0,58349.4,20,2,40,40,127604.4,1130,90,3789,0,2825670,153980,0,0,9,0,10402840,16,828,0,0,1GdOj17ejg,RO12,taul,1K8T,lK27,GRlgCVv,5q1zOkL,TSp6,9_Y1,iVbl,09_Q,zm5i,me75fM6ugJ,kIsH,uKAI,L84s,NhsEn4L,mAjbk_S,iERa,UYBR,AU8_WTd,9wyOVQC,oslk,EiGEVJ2,jySVZNlOJy,7aLG,RAYp,F2FyR07IdsN7I
0,889,0,204,144,180,32,166.56,0,5973990,0,5.52382,18,60,0,2764800,0,208585.8,25,4,40,32,64110.8,555,78,21546,0,2996480,390882,0,0,0,0,10437560,16,368346,0,0,DHevyx7IEC,X2uI6IsGev,taul,1K8T,IGdn,iD7dEo6,GHfL3MpXAX,Rdo1,9_Y1,qaiO,VpdQ,IYzP,DHn_WUyBhW_whjA88g9bvA64_,kIsH,uKAI,L84s,CrNX,mAjbq_f,EOFJ,cJvF,FzaX,q3qc_re,d0EEeJi,IT3kfMA,LM8l689qOp,szEZ,nIGXDli,F2FcTt7IdMT_v
0,1771,14,1264,356,445,248,139.92,0,20532,0,3.659047,18,62,231,1408432,0,25331.1,0,16,104,112,-10900.28,1050,18,109098,0,786740,579040,5190,0,0,378756,2874916,66,554310,0,0,V8lt0G8rTN,RO12,taul,1K8T,0Xwj,iJzviRg,pbNgbi2,NREA,HLqf,k13i,VpdQ,IYzP,7M47J5GA0pTYIFxg5uy,sBgB,uKAI,L84s,WsRVNrF85oPU_,7WwiKkh,rbVb,cJvF,FzaX,ch2oGfM,zCkv,P6pu4Vl,LM8l689qOp,fKCe,ZI9m,R4y5gQQWY8OodqDV
0,903,7,2884,88,110,40,166.56,0,6966060,0,4.491776,18,188,0,3185440,0,172253.1,15,2,24,32,-402924,345,18,19962,0,2354985,342152,30,0,36,2022419,10059240,12,1096470,0,0,qXhrEy7VR2,rEUOq2QD1qfkRr6qpua,taul,1K8T,yMvB,fhk21Ss,Tg7jjBB,MRaU,9_Y1,X8zP,VpdQ,oZyB,7M47J5GA0pTYIFxg5uy,kIsH,uKAI,L84s,QsQAxv5,KqjecMy,m5cM,cJvF,FzaX,4UxGlow,QKW8DRm,catzS2D,jySVZNlOJy,Aoh3,ZI9m,ib5G6X1eUxUn6
0,1365,0,4,976,1220,320,220.08,5,2384388,0,2.560564,9,38,0,379864,0,79509,15,26,72,176,57270.8,1820,156,3195,8,877255,828552,0,0,9,350637,5108160,280,634974,0,0,hSogUHXZeb,RO12,taul,1K8T,pE9z,PFW3ud5,7ONkRNQCK7,ZIlk,9_Y1,STGZ,VpdQ,zm5i,me75fM6ugJ,kIsH,uKAI,L84s,NhsEn4L,kZJtVhC,s9FI,UYBR,FzaX,OVz6pd1,oslk,AT9E4Qn,jySVZNlOJy,453m,RAYp,F2FyR07IdsN7I
0,2954,14,1492,188,235,48,200,0,3935514,0,3.97586,18,34,0,1337648,0,45438,20,8,64,48,105567.6,1270,60,5364,0,3789290,85102,115,0,9,91854,7810600,34,194622,0,0,DHeq9ayfAo,AERks4l,taul,1K8T,z32l,ZbKYbuk,Oe4E7cR6Kt,2CjI,9_Y1,QBpP,VpdQ,IYzP,GjJ35utlTa_GNSvxxpb9ju,kIsH,uKAI,L84s,JBfYVit4g8,TDctq2l,41pY,UYBR,FzaX,1iAipLp,Al6ZaUT,b0iqEo9,LM8l689qOp,7P5s,02N6s8f,xwM2aC7IdeMC0
0,5012,21,800,452,565,136,186.64,0,846258,0,4.08417,27,128,427,728384,0,6770.34,40,12,128,128,-24853,1885,108,324,0,2325620,1142848,570,0,27,1125425,6491240,96,1930710,0,0,1PnOj1KVEH,AERks4l,taul,1K8T,xgSF,NldASpP,msIqHk8toE,XNCw,9_Y1,ID5l,VpdQ,haYg,DHn_WUyBhW_whjA88g9bvA64_,kIsH,uKAI,L84s,UbxQ8lZ,11pRote,r1Eu,cJvF,FzaX,JFM1BiF,Al6ZaUT,NKv4yOc,LM8l689qOp,kwS7,02N6s8f,ib5G6X1eUxUn6
0,504,7,104,48,60,24,91.04,0,360390,0,6.558855,18,50,0,1816,6,132988.2,15,2,16,8,39338.72,370,6,4293,16,3608110,2095900,5,0,18,0,9642840,6,2611674,0,0,1PnOj1KVEH,RO12,taul,1K8T,X94c,voXPV0c,msIc3pr_Ka,SMQG,9_Y1,vYXv,VpdQ,haYg,me75fM6ugJ,kIsH,uKAI,Mtgm,XfqtO3UdzaXh_,11p4mKe,NIYw,cJvF,FzaX,5Zxfc8E,oslk,7wLqhZX,jySVZNlOJy,kwS7,RAYp,F2FyR07IdsN7I
0,1330,14,92,224,280,112,166.56,0,0,0,0.1640675,27,140,28,63736,0,36636.6,0,18,80,24,-109389.2,785,0,29808,0,302975,80540,755,0,27,31976,508780,60,110178,0,0,gE8Wq6edh4,2Knk1KF,taul,1K8T,lK27,9oSchDb,77iJmpaB0e,pjVo,9_Y1,_xpN,09_Q,hAFG,me75fM6ugJ,kIsH,uKAI,L84s,XfqtO3UdzaXh_,XTbPUYD,vnrw,UYBR,AU8pNoi,LWnzNJS,oslk,CqZQCxq,LM8l689qOp,FSa2,RAYp,55YFVY9
0,1547,7,720,204,255,72,166.56,0,199920,0,5.623371,9,58,63,51432,0,4209.69,40,0,40,32,7304.28,795,156,6993,0,20095,21600,360,0,0,0,254364,8,0,0,0,NQ5rEy7Rm6,RO12,taul,1K8T,IvdZ,dk1JTCV,C_uQoStwYE,F1UB,9_Y1,X8zP,sJzTlal,IYzP,DHn_WUyBhW_whjA88g9bvA64_,kIsH,uKAI,L84s,CrNX,mAjbq_f,DA8Y,cJvF,AU8pNoi,MBPkVtb,d0EEeJi,kity1Yn,LM8l689qOp,Aoh3,nIGXDli,F2FyR07IdsN7I
0,504,0,0,56,70,16,240.56,0,935148,0,5.630421,9,26,0,0,0,179064,0,4,16,0,148138,465,30,0,0,1815335,112062,0,0,9,0,2425016,10,187788,0,0,vNEOj1dtN_,RO12,taul,1K8T,0Xwj,UsSY9Q6,2TwLptV,jKAR,F3hy,DFSe,VpdQ,wMei,me75fM6ugJ,kIsH,g5HH,L84s,NhsEn4L,TDc4Td_,tvJS,cJvF,FzaX,UF10FxM,oslk,BlJqCcD,LM8l689qOp,me1d,RAYp,F2FyR07IdsN7I
0,567,7,284,140,175,88,166.56,0,49410,0,3.31019,9,66,49,853248,0,39672.9,15,6,32,48,-124642.8,550,12,223803,0,835465,496072,1690,0,0,582456,2532312,20,419706,0,0,NQ5vyxLkBI,RO12,taul,1K8T,uErj,tUuP5QB,3cO76t0,7L2D,9_Y1,FbIm,VpdQ,IYzP,me75fM6ugJ,kIsH,uKAI,L84s,NhsEn4L,mAjbk_S,ubhB,UYBR,FzaX,cABfGrO,oslk,wniqI2t,LM8l689qOp,xb3V,RAYp,F2FyR07IdsN7I
0,336,0,0,124,155,0,220.08,0,7257600,0,6.979278,9,22,0,3431240,0,235655.7,20,0,32,40,130576,490,84,0,0,3456000,0,0,0,9,0,10701240,16,0,0,0,8I1q9ayE15,RO12,taul,1K8T,R4_H,innyWck,9UgO4AFTtt,W3Ka,9_Y1,AKLO,VpdQ,zm5i,me75fM6ugJ,kIsH,uKAI,L84s,NhsEn4L,kZJtVhC,xb3u,UYBR,FzaX,1FAR2zc,oslk,jNaH4R1,LM8l689qOp,TNEC,RAYp,F2FyR07IdsN7I
0,3906,7,204,64,80,24,253.52,0,3283950,0,3.382397,18,46,455,633616,3,26460.39,15,4,8,8,-160160.4,245,18,15723,8,1584055,781568,65,0,9,0,6719240,8,950430,0,0,dRagUHXM47,RO12,taul,1K8T,TyGl,tAaE7v8,8nstQ62E0C,0Q1J,9_Y1,8BBI,VpdQ,43pnToF,me75fM6ugJ,kIsH,uKAI,L84s,NhsEn4L,mAjbk_S,IqHu,cJvF,FzaX,KhWDBnE,oslk,xVBzv5f,LM8l689qOp,453m,RAYp,F2FyR07IdsN7I
0,630,0,80,124,155,0,186.64,0,7257600,0,4.81222,18,108,7,2467064,0,227326.5,20,0,32,32,1014848,485,84,11772,0,3888000,0,0,0,18,604800,10564720,18,0,0,0,CEaWq69cTy,RO12,taul,1K8T,0Xwj,DgFguYp,NFlfMbKIm3,YBGC,HLqf,RVjC,09_Q,Tkho,me75fM6ugJ,sBgB,uKAI,L84s,NhsEn4L,beK4AFX,1Zzr,UYBR,FzaX,Epc864F,oslk,OgxQTbM,jySVZNlOJy,FSa2,RAYp,F2FyR07IdsN7I
0,5439,14,332,1008,1260,112,422.4,0,4729404,0,3.044862,18,32,0,3871208,6,29975.76,55,4,280,528,113352.4,4390,174,34209,16,3843965,612530,1095,0,9,854105,10280560,260,215754,0,0,MtpBcmzkzH,RO12,taul,1K8T,0Xwj,oqKrHWS,Oe4E7cR6Kt,P8e6,F3hy,4nnx,VpdQ,zm5i,me75fM6ugJ,kIsH,uKAI,L84s,NhsEn4L,kZJtVhC,6z0o,cJvF,FzaX,IhODFjT,oslk,_aspRtK,LM8l689qOp,Qcbd,RAYp,F2FyR07IdsN7I
0,441,0,0,164,205,128,220.08,0,2755098,0,0.3142491,9,18,0,1199760,0,78974.41,30,0,40,24,140912.8,1020,36,0,0,1356405,471484,0,0,9,444990,6533160,20,0,0,0,puvq9aX0Db,RO12,taul,1K8T,TyGl,tUuJwlU,o64y9zI,klIq,9_Y1,Y9Bl,VpdQ,zm5i,me75fM6ugJ,kIsH,uKAI,L84s,NhsEn4L,kZJtVhC,I1j1,cJvF,FzaX,0vKvEWW,oslk,SqzQZmh,LM8l689qOp,uWr3,RAYp,F2FyR07IdsN7I
0,588,7,3888,48,60,8,220.08,0,33948,0,3.728904,9,94,28,185888,0,31939.8,0,8,32,24,-377251.6,145,6,37575,0,162545,360,950,0,9,65275,312480,6,99222,0,0,MtpBcmzkzH,RO12,taul,1K8T,OTVu,Ml6pXKQ,9YuYZx0Xsm,LvoD,9_Y1,EwzD,VpdQ,sYC_,me75fM6ugJ,kIsH,uKAI,L84s,NhsEn4L,beK4AFX,oMyZ,UYBR,FzaX,Y2C68SY,oslk,RJNqhZX,LM8l689qOp,Qcbd,RAYp,F2FyR07IdsN7I
0,805,7,2776,140,175,32,253.52,5,5459178,0,2.53386,18,124,140,3456008,0,180247.8,20,0,32,40,98188.4,435,66,4257,8,4620085,11896,265,0,18,0,10469720,22,0,0,0,NESWq69R_D,rEUOq2QD1qfkRr6qpua,taul,1K8T,487l,fhk21Ss,9YuuPSz3BI,ctVR,9_Y1,z5Ry,VpdQ,haYg,7M47J5GA0pTYIFxg5uy,kIsH,uKAI,L84s,4kVnq_T26xq1p,uZLPpJd,QCQk,UYBR,FzaX,4UxGlow,zCkv,catzS2D,LM8l689qOp,FSa2,ZI9m,ib5G6X1eUxUn6
0,784,7,368,152,190,0,300.72,0,11213460,0,6.057894,9,40,182,32744,0,228027.3,45,4,56,8,128906.4,550,132,12177,0,153380,0,235,0,9,44023,10733920,8,13176,0,0,qXh9tYsdof,RO12,taul,1K8T,0Xwj,GdzFZs5,By2zf6Ds0vTLA2tY,I4A8,HLqf,YULl,VpdQ,zm5i,me75fM6ugJ,sBgB,uKAI,L84s,NhsEn4L,NGZXfGp,ZxXI,UYBR,FzaX,Xsg8XLE,oslk,eIi2qo0,LM8l689qOp,FSa2,RAYp,F2FyR07IdsN7I
0,1239,7,8,220,275,56,290.88,0,4830516,0,5.802392,18,110,14,905104,0,36786.3,35,6,40,24,76841.6,795,108,117,0,3094235,868276,20,0,9,376621,10371320,34,1084872,0,0,zcRZptzip9,2Knk1KF,taul,1K8T,lK27,25Anr2P,J3fgbi2,sG87,9_Y1,t_4G,VpdQ,wMei,me75fM6ugJ,kIsH,uKAI,L84s,h0lfDKh52u4GP,IoI4mKe,CxW9,cJvF,Lmli,KNXfql_,oslk,AA72Oqu,jySVZNlOJy,Qu4f,RAYp,55YFVY9
0,1239,7,2808,208,260,88,166.56,0,1816194,0,5.736168,36,90,14,1445416,0,96110.7,25,10,56,48,217524,930,66,14697,0,1881845,1270730,3160,0,36,552307,7608440,28,1495896,0,0,oBXTmBtFkL,X2uI6IsGev,taul,1K8T,EPHy,RPKu5tB,nQUBcBcErl,ZUB4,9_Y1,47ra,VpdQ,kxE9,me75fM6ugJ,kIsH,uKAI,L84s,XfqtO3UdzaXh_,XTbPUYD,V7s6,UYBR,FzaX,WdP1WU5,oslk,05j67Xw,jySVZNlOJy,rgKb,RAYp,F2FcTt7IdMT_v
0,588,7,364,116,145,64,186.64,0,1040502,0,1.456526,9,40,84,257816,0,21884.49,10,6,16,16,2766.284,485,18,22527,0,1539405,1361366,500,0,9,0,6392080,22,1555200,0,0,8I1TmBtueT,RO12,taul,1K8T,0Xwj,LUVhOSL,_03xtaMIkk68B,MuF6,HLqf,C6Eu,VpdQ,69fI,DHn_WUyBhW_whjA88g9bvA64_,sBgB,uKAI,L84s,CrNX,AuSDRR8,b_JU,UYBR,FzaX,9Z9ph0o,d0EEeJi,SJXlx77,LM8l689qOp,rgKb,nIGXDli,F2FyR07IdsN7I
0,1337,7,800,164,205,40,266.56,0,6393960,0,3.29075,9,80,0,1649560,0,123678.6,35,4,32,40,381744,630,78,11250,0,894520,674220,460,0,18,861987,10031680,18,950478,0,0,hSogUHXZeb,RO12,taul,1K8T,pE9z,7z8szr3,LnRiudN5VdgIL,F4vN,9_Y1,STGZ,VpdQ,IYzP,me75fM6ugJ,kIsH,uKAI,Mtgm,NhsEn4L,kq0aHkC,e9fs,UYBR,FzaX,Nvc6w_1,oslk,EXUR6zD,LM8l689qOp,453m,RAYp,F2FyR07IdsN7I
0,875,7,16,164,205,16,186.64,0,4231602,0,6.822474,9,126,0,2810160,0,84432,25,8,48,40,102934,1090,72,828,0,5024750,345598,10,0,27,604800,10647080,26,771336,0,0,m9SvyxLkBI,2Knk1KF,taul,1K8T,yMvB,f_onF0C,3clyC8L,jV3I,9_Y1,_r21,VpdQ,sYC_,me75fM6ugJ,kIsH,uKAI,L84s,NhsEn4L,beK4AFX,ISLC,UYBR,FzaX,8_rYWu3,oslk,rT1Esaq,LM8l689qOp,xb3V,RAYp,55YFVY9
0,693,7,52,168,210,104,41.12664,0,0,0,2.529801,9,156,0,55024,0,2258.79,0,4,32,64,-43880.4,595,0,92538,0,79850,12814,20,0,0,13496,123380,38,9540,0,0,m9SvyxLkBI,2Knk1KF,taul,1K8T,R4_H,GdzO4FC,hCdK,_K_l,9_Y1,FbIm,VpdQ,IYzP,me75fM6ugJ,kIsH,uKAI,L84s,h0lfDKh52u4GP,IoI4mKe,0Dyb,cJvF,FzaX,bZhfrxM,oslk,CFUObSS,jySVZNlOJy,xb3V,RAYp,TCU50_Yjmm6GIBZ0lL_
0,791,7,28,132,165,40,265.04,0,3801888,0,4.101687,9,32,0,3168216,0,140576.1,15,4,32,40,150553.2,545,48,1053,0,3960275,792066,310,0,9,0,10455160,20,950472,0,0,BQa9tYsdof,RO12,taul,1K8T,0Xwj,jwhtMxl,KyxX4chnKM,WfTZ,F3hy,YULl,09_Q,IYzP,me75fM6ugJ,kIsH,uKAI,L84s,NhsEn4L,NGZXfGp,Polc,UYBR,FzaX,fabLnWA,oslk,EPqQcw6,LM8l689qOp,FSa2,RAYp,F2FyR07IdsN7I
0,630,7,0,180,225,64,240,0,7773960,0,2.163854,9,44,7,874896,0,156079.5,35,0,40,40,57418,610,120,315,0,1487465,229550,15,0,0,64470,9688360,10,0,0,0,MtpBcmzkzH,RO12,taul,1K8T,AHrt,Q9R7qwL,szsu3WM_OogZKGHd7Tk,n1BY,9_Y1,rzbc,sJzTlal,sYC_,me75fM6ugJ,kIsH,uKAI,L84s,NhsEn4L,mAjyhjG,WRSR,cJvF,FzaX,Zc06pd1,oslk,SiXzrB7,LM8l689qOp,Qcbd,RAYp,F2FyR07IdsN7I
0,777,28,5040,120,150,0,153.2,0,0,0,4.66097,36,54,1610,5529600,0,232418.7,0,0,32,64,102496.4,470,0,4158,0,9437600,0,6660,0,0,1209600,10314880,44,0,0,0,a4vPe2fHUn,RO12,taul,1K8T,0Xwj,9GJGgoz,r83_sZi,BzuN,HLqf,mTeA,VpdQ,IYzP,Kxdu,sBgB,uKAI,L84s,FMSzZ91zL2,TDcEYQ6,EOtR,UYBR,FzaX,Tvpip6Z,zCkv,hHJsvbM,LM8l689qOp,FSa2,6fzt,SbOd7O8ky1wGNxp0Arj0Xs
0,1953,0,40,448,560,296,200,0,38382,0,4.241828,18,140,0,195904,0,5591.1,5,18,56,64,46749.6,1705,78,20178,0,484775,336798,0,0,27,110460,1275644,88,110958,0,0,tr0rEyXktW,2Knk1KF,taul,1K8T,GYbZ,q5Zs43J,EXpWEXgaYWQf4,4wTx,9_Y1,SkZj,VpdQ,lVqb,me75fM6ugJ,kIsH,uKAI,L84s,XfqtO3UdzaXh_,11pm6dL,cIki,cJvF,FzaX,zJh68SY,oslk,ZdsRt72,LM8l689qOp,Aoh3,RAYp,55YFVY9
0,553,7,220,32,40,8,253.52,0,10886400,0,2.122623,9,112,0,1254808,0,243935.1,0,0,8,8,-107363.6,260,18,6516,0,727350,412550,495,0,18,0,9292000,6,0,0,0,gOyq9ayE15,2Knk1KF,taul,1K8T,yYar,PHNvXy8,I1s81Dlb7R,y14C,9_Y1,QBpP,09_Q,6JmL,NKv3VA1BpP,kIsH,uKAI,Mtgm,Ie_5MZs,OFqdri0,f0K1,UYBR,qxDb,UF16siJ,zCkv,APgdzOv,LM8l689qOp,7P5s,6fzt,Zy3gnGM
0,973,14,4592,76,95,32,166.56,0,4697640,0,1.73104,27,202,1505,0,0,120738.9,10,0,0,0,116096.4,305,18,16551,0,4082505,557980,4635,0,45,0,10716080,20,0,0,0,voArjIXt5a,AERks4l,ev6I,1K8T,ZHNR,fhk21Ss,2TwXCiT,xSQh,9_Y1,xQ2A,VpdQ,y6dw,7M47J5GA0pTYIFxg5uy,kIsH,uKAI,L84s,WsRVNrF85oPU_,Ekn9R0M,CVn7,cJvF,FzaX,4UxGlow,zCkv,catzS2D,LM8l689qOp,5Acm,ZI9m,NoEd
0,798,0,0,124,155,0,220.08,0,11404800,0,0.1907712,18,28,0,0,0,176349.3,45,0,32,0,111710.4,490,132,0,0,0,0,0,0,9,0,10713600,0,0,0,0,ypNt0Go8Lb,RO12,taul,1K8T,7gSz,604wEl4,LWyFlLYrMm,nd8k,9_Y1,rGJy,VpdQ,zm5i,me75fM6ugJ,kIsH,uKAI,L84s,NhsEn4L,kZJtVhC,uTOP,cJvF,FzaX,9WBvEWW,oslk,UsL2pc5,LM8l689qOp,Qu4f,RAYp,F2FyR07IdsN7I
0,182,0,0,100,125,0,230.56,0,10255620,0,5.536424,9,18,0,2508080,3,191757,0,0,32,48,207000.4,375,42,0,8,1323020,0,0,0,9,39277,9149560,24,0,0,0,xOXr4RXktW,RO12,taul,1K8T,0Xwj,6Wu7zLh,dRSPYWYAJ2VDryJj,Phiv,HLqf,TFSW,09_Q,zm5i,7M47J5GA0pTYIFxg5uy,sBgB,uKAI,Mtgm,NhsEn4L,mAjuNea,uAgP,UYBR,FzaX,8c8KEbL,z4pH,UQenOT8,LM8l689qOp,Xa3G,ZI9m,F2FyR07IdsN7I
0,875,7,0,136,170,32,75.84,0,1042770,0,2.106388,9,42,0,4272456,0,192040.2,5,4,32,56,-2893.716,510,24,234,0,6437300,691200,5,0,0,604800,9959880,32,419112,0,0,Ie5gUH7IEC,RO12,taul,1K8T,0Xwj,TSdlkJq,2TwXCiT,era3,HLqf,1Bp0,VpdQ,IYzP,me75fM6ugJ,sBgB,uKAI,L84s,NhsEn4L,mAjbk_S,hkUS,UYBR,FzaX,ALJYlW4,oslk,8dbQowC,LM8l689qOp,WqMG,RAYp,F2FyR07IdsN7I
0,784,7,16,100,125,72,166.56,0,0,0,5.165563,9,30,0,121912,0,4499.46,15,4,40,16,2283,615,0,45684,0,234015,40092,15,0,0,84630,372264,18,44742,0,0,DHevyx7IEC,RO12,taul,1K8T,FgS1,b4AnqNs,ilrY4YM,jv62,9_Y1,RcM7,09_Q,IYzP,me75fM6ugJ,kIsH,uKAI,L84s,NhsEn4L,mAja5EA,A1VJ,UYBR,FzaX,8c8Ku_a,oslk,OyG9qc9,LM8l689qOp,szEZ,RAYp,F2FyR07IdsN7I
0,896,7,488,204,255,80,266.16,0,3974412,0,6.195684,9,36,49,1092376,0,191538.6,35,6,64,72,-135808.4,670,60,3411,0,2317365,891078,115,0,18,261226,8829280,24,671262,0,0,dRarjIK12c,AERks4l,taul,1K8T,0Xwj,FZVtMxl,hOpRIhsUSP,Th7L,HLqf,7WNq,09_Q,IYzP,me75fM6ugJ,sBgB,uKAI,L84s,NhsEn4L,mAja5EA,Grjv,cJvF,FzaX,B9vNioI,oslk,pHOw_BK,jySVZNlOJy,WqMG,RAYp,F2FcTt7IdMT_v
0,1204,14,4656,144,180,32,200,0,4428456,0,2.803674,18,70,315,422608,0,107965.8,40,8,48,8,-575140,690,96,11790,0,41710,452820,14785,0,0,0,7279560,6,1478172,0,0,BQa9tYsdof,eSGpMwS8zSGgq_trOpckZ5,taul,1K8T,JLbT,NUXbfVI,GHfN0lpgkK,TR07,9_Y1,YULl,VpdQ,IYzP,GjJ35utlTa_GNSvxxpb9ju,kIsH,uKAI,L84s,UbxQ8lZ,y5FPsys,WH9l,UYBR,FzaX,31vCBbV,Al6ZaUT,NwmaRjA,LM8l689qOp,FSa2,02N6s8f,R4y5gQQWY8OodqDV
0,2387,7,3256,128,160,0,200,0,0,0,0.5195471,9,100,28,5829152,0,10979.28,5,0,40,72,74648.4,1015,0,52020,0,9504000,0,9330,0,9,302813,10695960,44,0,0,0,dRaTmBfHUn,PomAbFU,taul,1K8T,0Xwj,6CXYbuk,kTVOa4R,AAIH,HLqf,Z5OU,VpdQ,sYC_,Kxdu,sBgB,uKAI,L84s,FMSzZ91zL2,TDcuDFk,Jjtp,cJvF,FzaX,ROeipLp,zCkv,K2SqEo9,jySVZNlOJy,Qu4f,6fzt,iyHGyLCEkQ
0,2037,7,972,240,300,248,307.28,0,0,0,1.740226,9,90,14,182744,9,8739.42,0,6,88,112,-316317.6,985,0,23220,40,78380,161826,1515,0,18,1358,513776,24,54072,0,14,HAoOj1KXzC,RO12,taul,1K8T,TyGl,A_yBboK,e1XhvTunuD,Rls2,9_Y1,jdbz,VpdQ,Tkho,me75fM6ugJ,kIsH,uKAI,L84s,NhsEn4L,beK4AFX,b8sx,cJvF,FzaX,3Jmmfvd,oslk,JD1lw9w,LM8l689qOp,kwS7,RAYp,F2FyR07IdsN7I
0,1078,21,644,160,200,120,166.56,0,4650,0,6.413373,27,50,28,1132808,0,27887.25,0,8,48,80,136047.6,615,6,4617,0,322615,159146,245,0,18,423955,1400456,20,381852,0,0,3HjOj17ejg,RO12,taul,1K8T,aD1X,0Vr7wZ4,sblY9Dq,5Xk_,9_Y1,eQTr,VpdQ,wMei,Kxdu,kIsH,uKAI,L84s,FMSzZ91zL2,11pMkO_,Q9v5,cJvF,FzaX,XbZitea,zCkv,DHPNgqU,jySVZNlOJy,7aLG,6fzt,SbOd7O8ky1wGNxp0Arj0Xs
0,791,7,2604,148,185,8,166.56,0,0,0,2.777398,9,142,133,190288,0,15099.27,0,0,24,56,-58066.8,515,0,6246,0,488990,8380,675,0,36,47593,503096,58,0,0,0,1GdOj17ejg,2Knk1KF,taul,1K8T,aD1X,PHNvXy8,q2tfFQq,68dw,9_Y1,eQTr,VpdQ,kxE9,NKv3VA1BpP,kIsH,uKAI,L84s,Ie_5MZs,CWNY2py,xDpH,cJvF,FzaX,UF16siJ,zCkv,APgdzOv,LM8l689qOp,7aLG,6fzt,Zy3gnGM
0,1309,14,4000,140,175,0,299.52,0,10985100,0,2.89169,18,48,126,0,0,120374.4,40,0,24,0,69356.8,1115,132,16191,0,164805,0,8170,0,0,0,10220040,10,0,0,0,DHegUHXZeb,RO12,ev6I,1K8T,0Xwj,FJDupBg,_UtlxbJ,UOdM,HLqf,LqKm,VpdQ,IYzP,7M47J5GA0pTYIFxg5uy,sBgB,uKAI,L84s,E1aAZ0x7vd,y5FNnGZ,V4P0,cJvF,FzaX,OYHoGfM,QKW8DRm,RlTh9x_,M_8D,453m,vJ_w8kB,WfJYmPMksSqa1pajvfG
0,1799,7,432,164,205,24,220.08,0,5879760,0,6.17069,9,32,7,1511296,0,58074.6,25,2,48,48,101374.8,760,90,9000,0,3356065,178380,1805,0,9,158928,9045880,22,518400,0,0,ZSNrjIX0Db,RO12,taul,1K8T,pE9z,xziyYfr,FoJylxy,WiiA,9_Y1,YBFS,VpdQ,zm5i,me75fM6ugJ,kIsH,uKAI,L84s,NhsEn4L,mAja5EA,6w4N,cJvF,qxDb,uUYOjel,oslk,DGAOTZB,LM8l689qOp,5Acm,RAYp,F2FyR07IdsN7I
0,763,21,64,132,165,48,253.52,0,3326622,0,5.497543,27,34,70,3168200,0,224704.5,15,4,32,40,118161.6,500,42,29853,0,3960275,950468,1165,0,9,554435,10455120,20,950466,0,0,oBXTmBtFkL,RO12,taul,1K8T,lK27,b9lODwF,c8IisFQ,et5n,9_Y1,c2JP,sJzTlal,wMei,me75fM6ugJ,kIsH,uKAI,Mtgm,NhsEn4L,7Ww_Xqy,pv4R,UYBR,FzaX,gboeT2p,oslk,LnLaK89,LM8l689qOp,rgKb,RAYp,F2FyR07IdsN7I
0,1204,7,20,192,240,88,298.88,0,5981904,0,4.177526,9,78,14,249208,0,164067.6,40,8,48,8,537512,775,84,53982,0,1186360,988348,795,0,9,21567,10535760,20,1444146,0,0,dRagUHXM47,RO12,taul,1K8T,7ALb,FYhX0IX,ARvzJXx,KeFW,9_Y1,STGZ,VpdQ,kxE9,me75fM6ugJ,kIsH,uKAI,Mtgm,XfqtO3UdzaXh_,XTbPUYD,WRKa,cJvF,FzaX,gboA5lA,oslk,5EBuVxn,M_8D,453m,RAYp,F2FyR07IdsN7I
0,1351,7,1232,136,170,0,186.64,0,7853520,0,0.08203375,27,154,98,0,0,115521,45,2,40,0,124296,530,96,666,0,2587465,0,415,0,45,0,10545800,16,280974,0,0,EsYq9aX0Db,AERks4l,LfvqpCtLOY,1K8T,0Xwj,fhk21Ss,I1sqWRxUAv,4TBv,HLqf,Y9Bl,09_Q,hAFG,7M47J5GA0pTYIFxg5uy,sBgB,uKAI,L84s,nlbpV6E,CWNEkY3,sivc,cJvF,qxDb,4UxGlow,QKW8DRm,catzS2D,jySVZNlOJy,uWr3,ZI9m,ib5G6X1eUxUn6
0,371,14,740,68,85,8,253.52,0,4665600,0,3.11301,18,60,7,0,0,202051.5,10,4,16,0,-96565.6,240,54,2853,0,531995,42476,3080,0,0,0,4970000,6,986748,0,0,dRaq9ayE15,RO12,taul,1K8T,JLbT,Ml6pXKQ,e1XhvTunuD,x19F,9_Y1,kJJ7,VpdQ,IYzP,me75fM6ugJ,kIsH,uKAI,L84s,NhsEn4L,kq0n8Bj,v0lQ,UYBR,FzaX,Y2C68SY,oslk,RJNqhZX,jySVZNlOJy,7P5s,RAYp,F2FyR07IdsN7I
0,819,7,92,92,115,80,220.08,0,0,0,0.6989959,9,164,7,62608,0,4389.96,0,8,16,32,-25662.56,265,0,48528,0,64485,44156,150,0,36,0,198524,10,40980,0,0,v0Nt0Go8Lb,LrdZy8QqgUfkVShG,taul,1K8T,0Xwj,fhk21Ss,9HOPNsJ,aOnv,HLqf,MGOA,09_Q,kxE9,7M47J5GA0pTYIFxg5uy,sBgB,uKAI,L84s,4kVnq_T26xq1p,pMWV16X,EPGU,cJvF,FzaX,4UxGlow,zCkv,catzS2D,LM8l689qOp,Qu4f,ZI9m,ib5G6X1eUxUn6
0,798,0,0,124,155,8,220.08,0,950460,0,2.349498,9,36,0,5529600,0,228041.4,0,0,32,64,122742.8,490,12,1503,0,8640000,99910,0,0,9,2419200,10510280,40,0,0,0,LDPgUHXZeb,RO12,taul,1K8T,h3JW,cJKrSMY,s7ViSlH,ZIlk,9_Y1,STGZ,VpdQ,43pnToF,me75fM6ugJ,kIsH,uKAI,L84s,NhsEn4L,kZJtVhC,s9FI,UYBR,FzaX,aL0D5lR,oslk,g2NpVAO,LM8l689qOp,453m,RAYp,F2FyR07IdsN7I
0,630,28,1352,140,175,32,166.56,0,0,0,6.157659,36,108,168,264584,0,20100.93,0,2,48,80,-48950.4,430,0,11988,0,550445,19990,375,0,18,32235,615420,40,4188,0,0,51rBcmz45j,2Knk1KF,taul,1K8T,TyGl,PHNvXy8,qj03jwcNh2VDYrHl,G7MT,9_Y1,KubS,09_Q,6JmL,NKv3VA1BpP,kIsH,uKAI,L84s,Ie_5MZs,CWNY2py,OYKu,cJvF,FzaX,UF16siJ,zCkv,APgdzOv,LM8l689qOp,Qcbd,6fzt,Zy3gnGM
0,427,0,0,132,165,152,220.08,0,812076,0,1.87524,18,24,0,633648,0,217055.1,5,12,32,8,354826.8,495,12,0,0,721135,3268820,0,0,9,1209600,10363160,8,3110400,0,0,VvRt0GoOh3,RO12,taul,1K8T,X94c,abwcTxR,9YuYZx0Xsm,jsut,9_Y1,MGOA,VpdQ,wMei,me75fM6ugJ,kIsH,uKAI,L84s,NhsEn4L,7WwwAA_,htyp,cJvF,FzaX,YbZfGrO,oslk,E8SzF_Q,LM8l689qOp,Qu4f,RAYp,F2FyR07IdsN7I
0,889,0,0,152,190,48,286.96,0,5688444,0,5.538774,9,28,0,1954656,0,117102.9,15,10,32,24,372461.2,730,78,0,0,2540585,693680,0,0,9,604800,10443360,16,2203362,0,0,_v2TmBftjz,RO12,taul,1K8T,ssAy,6JE1QFM,Iibp4Nm3uQ,1og3,9_Y1,Gx0B,09_Q,zm5i,me75fM6ugJ,kIsH,uKAI,Mtgm,NhsEn4L,NGZxnJM,m7yj,cJvF,FzaX,ie2v1FD,oslk,k19R6zD,LM8l689qOp,Qu4f,RAYp,F2FyR07IdsN7I
0,259,21,5252,56,70,16,166.56,0,211608,0,0.9739372,27,124,336,7008,0,11924.85,10,0,16,8,-13770.56,220,54,71793,0,0,25784,75,0,18,6132,271556,0,0,0,0,8Iqt0G8rTN,onTuEhrJJQy_H3IHkZku5AFczhYGqxJ890,taul,1K8T,o2Vy,E3lg0iR,koda1Jh,R9J5,9_Y1,e7QV,VpdQ,kxE9,me75fM6ugJ,kIsH,uKAI,L84s,XfqtO3UdzaXh_,pMWtdZs,6NSw,cJvF,FzaX,OXxoYtn,oslk,AiMlfsX,LM8l689qOp,fKCe,RAYp,iyHGyLCEkQ
0,581,7,0,140,175,32,266.88,0,4277502,0,5.985687,9,82,7,2534600,0,147013.8,25,4,32,32,13467.16,405,60,1719,0,3960230,558496,100,0,18,0,10318560,20,495522,0,0,xOXr4RXktW,RO12,taul,1K8T,aD1X,amRJr_7,NW71gM15FR,mASZ,9_Y1,ZKJc,VpdQ,hAFG,me75fM6ugJ,kIsH,uKAI,L84s,XfqtO3UdzaXh_,XTbPUYD,NL6w,cJvF,FzaX,URPYE38,oslk,8RGTL5Q,jySVZNlOJy,7FJQ,RAYp,F2FyR07IdsN7I
0,1505,14,1432,196,245,64,286.96,0,6878460,0,3.508439,18,248,91,1575752,0,58950,35,6,56,40,302888,765,96,6489,0,1890930,159182,825,0,45,31661,9037520,20,327114,0,0,75lTmBtFkL,BrRu5UxtiQY9TTJ8ABKpfS,CiJDdr4TQ0rGERIS,1K8T,AnrR,fhk21Ss,hOpRIhsUSP,GHne,9_Y1,c2JP,VpdQ,y6dw,7M47J5GA0pTYIFxg5uy,kIsH,uKAI,L84s,MeOIHRG3F9,11pFugQ,2zTE,cJvF,FzaX,4UxGlow,zCkv,catzS2D,LM8l689qOp,rgKb,ZI9m,VjDE
0,1981,28,3196,244,305,176,233.44,0,1008,0,6.884427,45,54,42,1529912,0,29295.21,0,8,96,128,155780.4,1085,6,25416,0,818865,800436,1910,0,0,686203,3416148,36,591834,0,0,NQ5vyxLkBI,RO12,taul,1K8T,ssAy,Pvu4X3H,ELRUn57,Aqyl,9_Y1,vzJD,VpdQ,sYC_,me75fM6ugJ,kIsH,uKAI,L84s,NhsEn4L,kq0n8Bj,dDyb,cJvF,FzaX,95r8hdx,oslk,Pk67qqc,LM8l689qOp,xb3V,RAYp,F2FyR07IdsN7I
0,427,7,104,148,185,88,299.2,0,1425618,0,5.473617,9,32,14,935520,0,57958.8,25,6,40,16,34645,485,18,48024,0,3216715,1335948,1435,0,9,818580,8142840,26,709776,0,0,DHegUHXZeb,RO12,taul,1K8T,7ALb,TwRo8uU,8nstQ62E0C,iVwq,9_Y1,STGZ,VpdQ,zm5i,me75fM6ugJ,kIsH,uKAI,L84s,NhsEn4L,NGZXfGp,28uS,cJvF,FzaX,Oa96V3V,oslk,zFwT3Cb,LM8l689qOp,453m,RAYp,F2FyR07IdsN7I
0,252,0,0,116,145,40,102.72,0,894,0,2.081393,9,16,0,127120,0,2017.305,0,2,32,56,-1643996,655,6,0,0,44195,4034,0,0,0,11515,108316,30,1104,0,0,eOQgUHShse,RO12,taul,1K8T,TyGl,amR1fqt,6Uobsai,dZaM,9_Y1,RVjC,09_Q,IYzP,me75fM6ugJ,kIsH,uKAI,L84s,XfqtO3UdzaXh_,XTbPUYD,0bZ9,UYBR,FzaX,pskvdH_,oslk,7S7RDbC,LM8l689qOp,FSa2,RAYp,F2FyR07IdsN7I
0,945,7,200,100,125,64,133.12,0,130080,0,3.325144,18,126,0,1031688,0,65251.5,15,10,64,48,-811316,375,6,53559,0,164160,371290,280,0,9,497007,1918844,4,555930,0,0,HrWrjIXt5a,LrdZy8QqgUfkVShG,taul,1K8T,dTod,fhk21Ss,nJy8d8N5V7yiy,lwlk,9_Y1,nr0d,VpdQ,wMei,7M47J5GA0pTYIFxg5uy,kIsH,uKAI,Mtgm,4kVnq_T26xq1p,IoIVQS8,CrVo,cJvF,FzaX,4UxGlow,zCkv,catzS2D,LM8l689qOp,5Acm,ZI9m,ib5G6X1eUxUn6
0,2324,7,160,1600,2000,216,375.2,5,6353280,0,1.911771,9,70,168,1053616,0,18947.43,40,10,304,344,438044,5090,198,55476,8,2577660,332872,6815,0,18,249410,10232400,568,819912,0,0,m9SrEy7Rm6,RO12,taul,1K8T,YFAj,AKGnmrh,J3fgbi2,VapW,9_Y1,H9GL,VpdQ,wMei,me75fM6ugJ,kIsH,uKAI,L84s,h0lfDKh52u4GP,IoI4mKe,Uqnn,cJvF,FzaX,9Z9fc8E,oslk,GDJEVJ2,jySVZNlOJy,Aoh3,RAYp,F2FyR07IdsN7I
0,3437,0,1856,736,920,240,166.56,0,0,0,6.705832,9,122,126,347632,0,37987.5,0,0,0,80,76792.8,4215,0,16767,0,2694940,116200,0,0,9,0,2562168,288,0,0,0,4bwt0GoOh3,2Knk1KF,taul,1K8T,ffXs,xclx0bI,5y2Jr_Lo9y,nnAJ,9_Y1,rGJy,09_Q,sYC_,me75fM6ugJ,kIsH,uKAI,L84s,NhsEn4L,teAyFc5,OwgC,UYBR,Lmli,uwhen4L,oslk,Lv9DSFl,M_8D,Qu4f,RAYp,55YFVY9
0,686,14,7092,124,155,24,193.28,0,1789224,0,2.008332,18,188,385,3456000,0,191146.5,15,0,32,40,49786,620,24,28512,0,6444500,209630,575,0,18,0,9385520,32,0,0,0,DHegUHXZeb,rEUOq2QD1qfkRr6qpua,taul,1K8T,0Xwj,fhk21Ss,AnFl2Mwxzd,qyCs,HLqf,LqKm,VpdQ,wMei,7M47J5GA0pTYIFxg5uy,sBgB,uKAI,L84s,ZtujLmj9uJdIkLfg,kZJwQNO,4_kv,UYBR,AU8pNoi,4UxGlow,QKW8DRm,catzS2D,M_8D,453m,ZI9m,ib5G6X1eUxUn6
0,756,7,88,128,160,32,253.52,0,950424,0,3.030549,18,116,56,3376856,0,217038,0,6,32,56,345604.8,515,12,23220,0,4525855,633620,115,0,18,663502,7581680,32,557562,0,0,Qu0r4RKzJV,2Knk1KF,taul,1K8T,PbOJ,7qvk2Zj,Tg7jjBB,NXA4,9_Y1,DtNL,VpdQ,kxE9,me75fM6ugJ,kIsH,uKAI,L84s,XfqtO3UdzaXh_,XTbPUYD,bKWK,UYBR,FzaX,FhTm94s,oslk,TIxsTKW,jySVZNlOJy,FSa2,RAYp,55YFVY9
0,623,21,4048,60,75,24,295.28,10,4509528,0,4.707968,27,202,224,0,0,111165.9,5,0,8,0,-296990,625,18,48708,16,2966440,276810,620,0,36,0,6876400,16,0,0,0,qFpmfo8zhV,vuPfq6YcbX,taul,1K8T,42Cy,fhk21Ss,ZkibjLN5VwJ2V,8FB6,9_Y1,gnEy,VpdQ,y6dw,7M47J5GA0pTYIFxg5uy,kIsH,uKAI,L84s,_5OXC8MSLt,XTbQpf0,FM6S,UYBR,FzaX,4UxGlow,oslk,catzS2D,LM8l689qOp,3Cy4,ZI9m,NoEd
0,364,0,0,244,305,184,166.56,0,25824,0,4.128819,9,16,0,304696,0,9071.67,10,20,104,120,-42378,770,18,0,0,396895,145466,0,0,0,131775,994880,16,295734,0,0,JMGrjIXt5a,RO12,taul,1K8T,sKnY,bvZcCja,BcW_jOZe0F,I7FR,9_Y1,m7JR,VpdQ,IYzP,me75fM6ugJ,kIsH,uKAI,L84s,NhsEn4L,mAja5EA,TXOK,cJvF,FzaX,mTDfR8o,oslk,dEJz4Af,LM8l689qOp,5Acm,RAYp,F2FyR07IdsN7I
0,1302,28,10440,128,160,16,186.64,0,3110400,0,6.289254,36,214,1134,5529600,0,99984.3,5,0,32,64,162080.8,530,36,29943,0,6253200,93896,7015,0,54,604800,10298520,30,0,0,0,m9SvyxLkBI,ByQdnLRlFnny2k4AJzG,CiJDdr4TQ0rGERIS,1K8T,GYbZ,fhk21Ss,_jTP8ioIlJ,j4x1,9_Y1,_r21,VpdQ,oZyB,7M47J5GA0pTYIFxg5uy,kIsH,uKAI,L84s,_5OXC8MSLt,LxWMK5e,YtFK,cJvF,FzaX,4UxGlow,oslk,catzS2D,LM8l689qOp,xb3V,ZI9m,NoEd
0,7,0,0,32,40,16,479.12,5,17520,0,3.581286,9,14,0,0,0,140816.7,0,2,0,0,-946708,40,6,0,8,1461105,78688,0,0,0,0,1502044,8,246156,0,0,gOyq9ayE15,RO12,taul,1K8T,kNzO,86dToXU,kuF2gYv,xVTn,9_Y1,vm5R,sJzTlal,IYzP,me75fM6ugJ,kIsH,uKAI,L84s,NhsEn4L,NGZxnJM,7lWy,cJvF,FzaX,QMaRwBA,oslk,0D0gQ7h,LM8l689qOp,7P5s,RAYp,F2FyR07IdsN7I
0,840,14,416,148,185,72,255.84,0,3187602,0,0.3907285,18,134,147,3126376,0,222572.4,20,0,40,48,127540.8,550,42,10323,0,3935835,1127864,355,0,18,555142,10317440,22,0,0,0,Qu0qrQKzJV,2Knk1KF,taul,1K8T,AnrR,ofiZR7x,jFpTaNPWrsUHw,Gt1c,9_Y1,15m3,09_Q,sYC_,me75fM6ugJ,kIsH,uKAI,L84s,NhsEn4L,beK4AFX,WFD8,UYBR,FzaX,JO03372,oslk,XlgxB9z,LM8l689qOp,FSa2,RAYp,55YFVY9
0,749,14,560,180,225,48,166.56,0,0,0,1.648579,27,34,168,2357816,0,40624.2,5,12,32,128,83862.8,430,0,5760,0,481660,133026,165,0,0,0,2102464,32,293676,0,0,N_vrjIXt5a,RO12,taul,1K8T,hoa9,NwKnsla,IoHY5yI9pU,b2m3,9_Y1,EKFb,09_Q,IYzP,me75fM6ugJ,kIsH,uKAI,L84s,NhsEn4L,mAjcfkM,OSui,cJvF,FzaX,ZV0mFX7,oslk,1E9D3Yd,LM8l689qOp,5Acm,RAYp,F2FyR07IdsN7I
0,882,7,392,128,160,0,253.52,0,239784,0,3.937193,9,30,0,5529600,0,139361.7,0,0,32,64,101589.6,745,6,12132,0,9505150,0,1810,0,0,0,10528760,46,0,0,0,KXMrEyXXnK,RO12,taul,1K8T,TyGl,6CXYbuk,YHenSa7pPs,G8Oy,9_Y1,SkZj,VpdQ,IYzP,Kxdu,kIsH,uKAI,Mtgm,9pUnzWLbztKTo,mAjygUE,LWLg,cJvF,FzaX,ROeipLp,zCkv,K2SqEo9,LM8l689qOp,Aoh3,6fzt,am14IcfM7tWLrUmRT52KtA
0,826,7,0,124,155,0,253.52,5,7257600,0,5.00705,9,60,0,1382400,0,172825.2,30,0,24,16,104777.2,765,84,4545,8,3888000,0,20,0,0,0,10417040,18,0,0,0,_v2rjIKQ76,RO12,taul,1K8T,TyGl,WBE7_nh,J1MZ1kd,qbvZ,9_Y1,7WNq,sJzTlal,IYzP,me75fM6ugJ,kIsH,uKAI,L84s,NhsEn4L,mAjbk_S,ejsS,UYBR,OFWH,Nh_lI5k,oslk,MKErUdI,jySVZNlOJy,WqMG,RAYp,F2FyR07IdsN7I
0,105,0,0,12,15,0,166.56,0,0,0,6.101047,9,50,0,7472,0,2161.635,0,0,8,8,-3887.144,25,0,14454,0,17925,0,0,0,0,6538,18076,4,0,0,0,CEaBcmz45j,RO12,taul,1K8T,KqYs,w9kwuGt,r83_sZi,vwCR,9_Y1,WGOH,VpdQ,IYzP,me75fM6ugJ,kIsH,uKAI,L84s,NhsEn4L,mAjbk_S,haKf,cJvF,FzaX,K9Bfc8E,oslk,017QQMs,LM8l689qOp,Qcbd,RAYp,F2FyR07IdsN7I
0,630,7,148,184,230,80,286.96,0,4134660,0,4.128605,9,42,28,1669688,0,188552.7,15,6,32,24,142250.4,600,72,4689,0,3873890,1005314,685,0,18,554407,10461360,30,1425630,0,0,v0Nt0Go8Lb,RO12,taul,1K8T,wGW5,dgtng1z,9g4yRLjNhM,B5DQ,9_Y1,t_4G,VpdQ,zm5i,me75fM6ugJ,kIsH,uKAI,Mtgm,NhsEn4L,mAja5EA,XJ_K,UYBR,FzaX,CWefR8o,oslk,_8WEKx8,LM8l689qOp,Qu4f,RAYp,F2FyR07IdsN7I
0,1764,28,328,256,320,104,166.56,0,2420862,0,4.902158,45,40,49,919136,0,33603.9,25,12,80,88,-935708,1130,36,13383,0,1109525,827272,140,0,0,357686,6328800,46,297282,0,0,EsYrjIX0Db,RO12,taul,1K8T,ZHNR,3ZjbFkF,r83_sZi,sZLd,9_Y1,xQ2A,VpdQ,IYzP,me75fM6ugJ,kIsH,uKAI,L84s,NhsEn4L,uZL60aU,9Xct,cJvF,FzaX,eTk1UQz,oslk,sd7w991,LM8l689qOp,5Acm,RAYp,F2FyR07IdsN7I
0,42,14,13436,92,115,72,200,0,170646,0,5.08417,18,178,595,0,0,4265.34,5,2,16,0,7645,455,42,12879,0,19945,39774,235,0,18,0,243772,10,38640,0,0,npOBcmzkzH,NMCEYavk0YOlqn2jHeEDjP0xsdXeAZGnZDN0NOfV,taul,1K8T,0WHw,fhk21Ss,DKUDUftgA7,ZnD7,9_Y1,KubS,VpdQ,haYg,7M47J5GA0pTYIFxg5uy,kIsH,uKAI,L84s,XfqtO3UdzaXh_,_JdH8mF,ZvOy,UYBR,FzaX,4UxGlow,oslk,catzS2D,LM8l689qOp,Qcbd,ZI9m,iyHGyLCEkQ
0,1099,7,4064,164,205,96,166.56,0,1036800,0,1.475112,18,90,175,2437176,0,97656.3,10,4,32,64,-756448,580,12,14589,0,2177240,577102,795,0,9,304661,5616360,30,579864,0,0,ypNt0Go8Lb,RO12,taul,1K8T,0Xwj,JVF11pK,y2LuFUfSEo,TtSK,F3hy,Z5OU,VpdQ,sYC_,me75fM6ugJ,kIsH,uKAI,Mtgm,NhsEn4L,beK4AFX,35KU,cJvF,FzaX,AOhuZGO,oslk,W8mwS9i,LM8l689qOp,Qu4f,RAYp,F2FyR07IdsN7I
0,2891,7,3028,280,350,128,166.56,0,2254020,0,1.331339,18,60,21,1074424,0,48818.7,20,8,64,96,378266,1035,114,5751,0,3935710,234198,6390,0,0,388122,6297360,30,127968,0,0,oUPt0GTJZ_,RO12,taul,1K8T,EPHy,9GJGgoz,Z8ZAV8jDl3,dPz6,9_Y1,k13i,VpdQ,IYzP,Kxdu,kIsH,g5HH,L84s,FMSzZ91zL2,TDcEYQ6,gsiT,cJvF,FzaX,Tvpip6Z,zCkv,hHJsvbM,LM8l689qOp,fKCe,6fzt,SbOd7O8ky1wGNxp0Arj0Xs
0,1568,7,556,508,635,480,166.56,0,14220,0,3.285623,18,82,112,52520,0,2065.896,0,26,112,88,-62143.2,1715,24,1566,0,118055,86812,310,0,18,32858,379584,78,113664,0,0,qXhrEy7VR2,RO12,taul,1K8T,Wmd1,yz3Gfeo,TBgHtHD,zyO0,9_Y1,X8zP,VpdQ,itlM,Kxdu,kIsH,uKAI,L84s,FMSzZ91zL2,jawFx8O,gap8,cJvF,FzaX,wdFKN3c,zCkv,yTbbxK3,LM8l689qOp,Aoh3,6fzt,SbOd7O8ky1wGNxp0Arj0Xs
0,1113,14,2132,228,285,80,166.56,0,3168,0,6.693655,45,130,28,2355272,0,50159.7,10,10,64,80,-70917.6,845,12,1998,0,4451995,534500,3755,0,9,778722,6011160,56,299472,0,0,bt0mfo875g,2Knk1KF,taul,1K8T,7gSz,EekctTK,ZkibjLN5VwJ2V,pGJd,9_Y1,_48V,VpdQ,hAFG,me75fM6ugJ,kIsH,uKAI,L84s,XfqtO3UdzaXh_,XTbPUYD,x_mu,cJvF,FzaX,KgozTww,oslk,S46jtfg,LM8l689qOp,3Cy4,RAYp,55YFVY9
0,714,0,0,300,375,200,286.96,0,6946380,0,3.168126,9,28,0,2654400,0,65943,25,14,40,32,316585.2,1350,96,0,0,3432375,47768,0,0,9,0,10560320,36,49188,0,0,1GdOj1KXzC,e6CkoqApVR,taul,1K8T,z32l,KiM46ZZ,76MiCML,Ljh7,9_Y1,ID5l,09_Q,zm5i,Kxdu,kIsH,uKAI,L84s,FMSzZ91zL2,mAjdzWk,XKV0,UYBR,FzaX,agOM6_B,zCkv,dLSJu87,LM8l689qOp,kwS7,6fzt,F2FcTt7IdMT_v
0,21,0,0,104,130,96,227.6,0,3066,0,4.608844,9,12,0,0,0,14022.57,5,4,16,0,-948864,130,12,0,8,91235,190204,0,0,0,0,486116,18,31686,0,7,zC_Wq6e2Rv,RO12,taul,1K8T,487l,LnrlJRo,GaiUdPAZp_,IIMg,9_Y1,_xpN,VpdQ,IYzP,me75fM6ugJ,kIsH,uKAI,L84s,NhsEn4L,mAja5EA,ARAA,UYBR,FzaX,TVjYWu3,oslk,MU1qI2t,LM8l689qOp,FSa2,RAYp,F2FyR07IdsN7I
0,168,7,524,12,15,0,133.12,0,0,0,2.99295,9,86,0,29968,0,4898.97,0,0,8,8,-2829.332,55,0,20286,0,2235,0,280,0,27,26222,16772,4,0,0,0,2jigUH7ejg,RO12,taul,1K8T,ekye,iJzviRg,RLlzUGAwF4,5FzM,9_Y1,DmlN,09_Q,wMei,7M47J5GA0pTYIFxg5uy,kIsH,uKAI,L84s,9fipLB8rlL,kZJDkJh,HkL1pBM,cJvF,AU8pNoi,ch2oGfM,zCkv,P6pu4Vl,LM8l689qOp,w_Ub,ZI9m,R4y5gQQWY8OodqDV
0,623,7,224,136,170,8,220.08,0,9331200,0,1.964324,9,32,0,1382400,0,199071.3,30,0,32,16,161545.2,490,108,6480,0,1985350,63696,1020,0,0,0,10701280,14,0,0,0,m9SrEy7Rm6,RO12,taul,1K8T,TyGl,zN9Vdmm,zA2IZno2NK,zdei,9_Y1,X8zP,VpdQ,IYzP,me75fM6ugJ,kIsH,uKAI,Mtgm,NhsEn4L,mAjbk_S,astg,UYBR,FzaX,Ox8fR8o,oslk,mWoTy9x,LM8l689qOp,Aoh3,RAYp,F2FyR07IdsN7I
0,2037,0,0,44,55,8,220.08,0,8119260,0,3.316385,9,32,0,0,0,72761.09,5,2,0,0,197407.2,415,24,0,0,2117085,28432,0,0,9,0,10133960,8,827070,0,0,a4v9tYsGvO,RO12,taul,1K8T,Y2P0,eDdnaaX,V6XUlxabJ4VaD,MQZB,9_Y1,YULl,VpdQ,IYzP,me75fM6ugJ,kIsH,uKAI,L84s,NhsEn4L,kZJtVhC,EbmI,UYBR,FzaX,Dw7YjZW,oslk,oCzEVaf,LM8l689qOp,FSa2,RAYp,F2FyR07IdsN7I
0,1603,7,692,208,260,48,220.08,0,4822692,0,4.186071,18,84,7,3242416,0,109530.6,10,12,64,96,-84380,790,102,10341,0,2690400,249346,685,0,18,653107,8299400,18,557070,0,0,LDPgUHXZeb,RO12,taul,1K8T,_vzJ,9GJGgoz,yLQy9kdt8K,z02i,9_Y1,STGZ,VpdQ,sYC_,Kxdu,kIsH,uKAI,L84s,FMSzZ91zL2,NGZkjXV,QZr1,cJvF,FzaX,Tvpip6Z,zCkv,hHJsvbM,LM8l689qOp,453m,6fzt,SbOd7O8ky1wGNxp0Arj0Xs
0,1561,21,2932,136,170,40,272.16,10,3336594,0,2.871395,27,104,231,1506528,0,23090.76,20,10,32,24,-275726.8,375,48,6336,16,3429500,476646,655,0,27,0,8305480,18,975804,0,0,HYTrjIK12c,RO12,LfvqpCtLOY,1K8T,JLbT,kS7yoBp,Yi49a6G,fAcL,9_Y1,7WNq,VpdQ,itlM,me75fM6ugJ,kIsH,uKAI,Mtgm,XfqtO3UdzaXh_,XTbPUYD,ZaYP,cJvF,FzaX,3vmoOXS,oslk,wg_DmEs,jySVZNlOJy,WqMG,RAYp,F2FyR07IdsN7I
0,1001,14,124,164,205,32,253.52,0,2915076,0,4.47789,18,34,35,2764800,0,148499.4,25,4,48,32,111941.6,580,42,58734,0,6161950,263916,1615,0,9,215495,10634360,38,184710,0,0,UCDvyx8zhV,RO12,taul,1K8T,xgSF,kS7yoBp,_UtlxbJ,B4ZW,9_Y1,MBhA,VpdQ,zm5i,me75fM6ugJ,kIsH,uKAI,L84s,NhsEn4L,kZJtVhC,s1bD,cJvF,FzaX,3vmoOXS,oslk,wg_DmEs,jySVZNlOJy,WqMG,RAYp,F2FyR07IdsN7I
0,1022,14,6812,132,165,48,226.8,0,7429740,0,3.052339,18,170,357,0,0,204020.1,35,4,32,0,168462,650,90,23769,0,101940,1036800,690,0,45,0,10218720,6,1036800,0,0,euOBcmz45j,2Knk1KF,taul,1K8T,0Xwj,GRl7qwL,_jTP8ioIlJ,P8e6,HLqf,4nnx,VpdQ,hAFG,me75fM6ugJ,sBgB,uKAI,L84s,XfqtO3UdzaXh_,XTbPUYD,ak3_,cJvF,FzaX,xDj6pd1,oslk,VQZzrB7,LM8l689qOp,Qcbd,RAYp,TCU50_Yjmm6GIBZ0lL_
0,735,7,732,128,160,0,186.64,0,5959566,0,6.721,9,38,168,2764800,0,219136.2,20,0,32,32,206868,475,72,7569,0,4752985,0,215,0,9,0,10540240,24,0,0,0,zcROj17IEC,RO12,taul,1K8T,487l,I6Bd3iM,hOpMh7dRpW,zPYE,9_Y1,iVbl,09_Q,zm5i,me75fM6ugJ,kIsH,uKAI,L84s,NhsEn4L,mAjbk_S,UeDh,cJvF,FzaX,bBmOw16,oslk,CcdTy9x,LM8l689qOp,7aLG,RAYp,F2FyR07IdsN7I
0,259,7,3192,80,100,24,166.56,0,89232,0,5.402692,18,176,308,25024,0,17096.97,0,2,0,24,-31111,285,6,2547,0,247185,38050,185,0,9,0,370304,24,36684,0,0,DHeq9ayfAo,qqimvRzsp8ZZdKRPgzLg68joSn_k,taul,1K8T,z32l,fhk21Ss,_03xtaMIkZsn1,A0mG,9_Y1,kJJ7,VpdQ,haYg,7M47J5GA0pTYIFxg5uy,kIsH,uKAI,L84s,XfqtO3UdzaXh_,_JdH8mF,He4R,UYBR,FzaX,4UxGlow,oslk,catzS2D,LM8l689qOp,7P5s,ZI9m,iyHGyLCEkQ
0,133,0,0,20,25,32,196.64,0,0,0,4.224311,27,18,0,0,0,319623,0,0,0,0,-170378,315,0,0,0,2282845,3802900,0,0,9,0,9432080,2,0,0,0,v0Nt0Go8Lb,RO12,taul,1K8T,wGW5,a5zOfm0,II0S8f9,Sr10,9_Y1,t_4G,VpdQ,zm5i,me75fM6ugJ,kIsH,uKAI,L84s,NhsEn4L,mAja5EA,Py8s,UYBR,FzaX,lRbfSEp,oslk,zccO8fW,LM8l689qOp,Qu4f,RAYp,F2FyR07IdsN7I
0,1750,7,244,420,525,304,212.72,0,2226,0,2.136296,9,86,77,95576,0,2416.467,20,24,96,128,22035.16,1395,18,918,0,88875,85702,210,0,9,17136,363324,64,75066,0,0,dRagUHXM47,eSGpMwS8zSGgq_trOpckZ5,taul,1K8T,0Xwj,ms0ZviJ,loUTXnO,7Mrf,F3hy,8BBI,VpdQ,hAFG,GjJ35utlTa_GNSvxxpb9ju,kIsH,uKAI,L84s,UbxQ8lZ,ORMRote,mF0r,cJvF,FzaX,Cyvcy7T,Al6ZaUT,FS4VLoM,LM8l689qOp,453m,02N6s8f,R4y5gQQWY8OodqDV
0,2303,7,40,320,400,232,133.12,0,63288,0,2.328562,9,62,14,606248,0,19290.9,0,16,128,160,32119,1305,30,39159,0,328350,362856,245,0,0,283500,1716848,36,574710,0,0,g5dmfo875g,RO12,taul,1K8T,487l,x44vEdV,y4g9XoZ,jKCZ,9_Y1,7pVf,VpdQ,IYzP,me75fM6ugJ,kIsH,uKAI,L84s,NhsEn4L,TDcECyH,LqRJ,UYBR,FzaX,ys1oLzk,oslk,rnqMak1,LM8l689qOp,wX53,RAYp,F2FyR07IdsN7I
0,2870,7,492,788,985,424,193.28,0,24900,0,3.847468,9,50,469,601928,0,7889.58,10,20,224,368,194782,2540,30,6039,0,946440,262912,340,0,0,107660,1734500,162,192936,0,0,dRarjIK12c,RO12,taul,1K8T,JLbT,3fI4jEC,LJsg,J9KQ,9_Y1,7WNq,VpdQ,IYzP,me75fM6ugJ,kIsH,uKAI,L84s,NhsEn4L,mAjbk_S,4lfQ,cJvF,FzaX,pHXYlW4,oslk,wYv2Oqu,LM8l689qOp,WqMG,RAYp,F2FyR07IdsN7I
0,1113,7,500,200,250,120,166.56,0,698832,0,3.102542,9,132,539,75448,0,14145.12,0,16,104,40,73528.4,880,48,10242,0,495415,172080,135,0,9,173509,1326980,28,124314,0,0,npOBcmzkzH,2Knk1KF,taul,1K8T,SzjZ,wLnCSzd,_UtlxbJ,M6St,9_Y1,4nnx,VpdQ,sYC_,me75fM6ugJ,kIsH,uKAI,L84s,NhsEn4L,beK4AFX,_Qcc,UYBR,FzaX,mTD488r,oslk,ZTFuPzF,LM8l689qOp,Qcbd,RAYp,55YFVY9
0,245,7,2096,88,110,72,166.56,0,0,0,1.374065,9,88,14,53824,0,3770.46,0,0,48,48,-81856.8,220,0,19845,0,59545,21914,165,0,0,29050,118376,14,0,0,0,52Iq9ayE15,RO12,taul,1K8T,tzKK,cdAwv86,sLarhXg,EnqP,9_Y1,kJJ7,VpdQ,IYzP,me75fM6ugJ,kIsH,uKAI,L84s,NhsEn4L,mAjbk_S,Q6Aq,cJvF,FzaX,806Ak0_,oslk,Ru0K0JH,LM8l689qOp,7P5s,RAYp,F2FyR07IdsN7I
0,2443,28,2892,1380,1725,872,281.84,0,3210180,0,3.146122,36,200,217,4624224,0,67302.59,80,68,336,176,113748.8,2570,552,34479,0,5651550,509646,200,0,18,139475,10634200,144,334224,0,0,1qmr4RQxul,2Knk1KF,CiJDdr4TQ0rGERIS,1K8T,487l,fhk21Ss,yLQsa0Xacm,HTi9,9_Y1,z5Ry,VpdQ,oZyB,7M47J5GA0pTYIFxg5uy,kIsH,uKAI,Mtgm,TW8UhnX,_Jd5pUp,fVFR,UYBR,FzaX,4UxGlow,QKW8DRm,catzS2D,LM8l689qOp,FSa2,ZI9m,VjDE
0,2345,7,2748,352,440,264,166.56,0,70176,0,1.088015,9,138,336,98304,0,9722.34,15,20,64,32,35009.16,1625,24,40968,0,353420,238926,6180,0,18,18823,1004572,68,179388,0,0,a4vPe2fHUn,2Knk1KF,taul,1K8T,PGNs,2gN7C3_,d6zx_0v,E9uJ,9_Y1,TjV7,VpdQ,haYg,me75fM6ugJ,kIsH,uKAI,L84s,XfqtO3UdzaXh_,OFqmdNV,vBA_,UYBR,FzaX,sx5YWu3,oslk,FlORusu,LM8l689qOp,FSa2,RAYp,55YFVY9
0,3087,7,2116,308,385,144,186.64,0,1429944,0,0.1587268,45,112,56,1280816,0,45615.3,35,10,88,112,121548,1115,66,36405,0,1574965,2655900,185,0,9,1247953,10605360,44,2171664,0,0,HYTrjIK12c,2Knk1KF,taul,1K8T,TyGl,mxsxL5S,SiCA,aA61,9_Y1,7WNq,09_Q,6JmL,DHn_WUyBhW_whjA88g9bvA64_,kIsH,uKAI,L84s,CrNX,AuSDRR8,p2bJ,cJvF,FzaX,yALdtto,d0EEeJi,n7PHYvs,M_8D,WqMG,nIGXDli,55YFVY9
0,1827,7,0,352,440,344,200,0,1194,0,5.983337,9,34,0,283520,0,10390.14,10,26,128,88,-147532,1170,6,234,0,327465,271146,35,0,9,155974,1129884,36,216702,0,0,NQ5vyxLkBI,RO12,taul,1K8T,ssAy,RTufo4Y,hCdK,IyqC,9_Y1,lXxA,VpdQ,Tkho,DHn_WUyBhW_whjA88g9bvA64_,kIsH,uKAI,L84s,CrNX,kq0Ng6w,pgxL,cJvF,FzaX,VsUVuBv,d0EEeJi,iv9DthD,LM8l689qOp,xb3V,02N6s8f,F2FyR07IdsN7I
0,798,7,3568,156,195,72,255.12,0,3772860,0,2.113651,9,144,63,491368,0,94092.3,10,14,40,40,113309.2,780,24,41931,0,5027500,1400672,3400,0,18,49917,10061400,24,125838,0,0,1PnOj1KVEH,rEUOq2QD1qfkRr6qpua,taul,1K8T,sj_R,fhk21Ss,LJF4fPp,sssG,9_Y1,_KXv,VpdQ,wMei,7M47J5GA0pTYIFxg5uy,kIsH,uKAI,L84s,h0lfDKh52u4GP,IoI4mKe,6qHz,cJvF,FzaX,4UxGlow,oslk,catzS2D,LM8l689qOp,kwS7,ZI9m,ib5G6X1eUxUn6
0,1057,7,2676,176,220,32,333.76,0,6170340,0,2.642171,9,112,7,2073984,0,114508.5,20,2,40,32,108156.4,580,78,7308,0,4875670,32994,2470,0,36,111916,10563240,36,95640,0,0,8I1r4RXXnK,2Knk1KF,taul,1K8T,1TqK,qXGEVfQ,IG_G867,VGHH,9_Y1,TFSW,VpdQ,sYC_,DHn_WUyBhW_whjA88g9bvA64_,kIsH,uKAI,Mtgm,CrNX,pMWQVqj,f316,UYBR,FzaX,dpuvwgW,d0EEeJi,iTRHy8H,jySVZNlOJy,Xa3G,nIGXDli,55YFVY9
0,315,0,0,212,265,64,411.84,0,4199736,0,5.01474,9,20,0,3456008,0,152258.4,20,8,40,40,141181.2,710,66,0,0,4780510,166668,0,0,9,83615,9491640,42,219654,0,0,zcRZptzip9,RO12,taul,1K8T,TyGl,PvuPLzH,9xAFApr,oIfG,9_Y1,t_4G,09_Q,zm5i,me75fM6ugJ,kIsH,uKAI,Mtgm,NhsEn4L,7WwOAni,jF2B,UYBR,FzaX,EFkfR8o,oslk,tBKqqb8,LM8l689qOp,Qu4f,RAYp,F2FyR07IdsN7I
0,1526,7,0,252,315,80,166.56,0,3036,0,5.375134,9,142,0,594824,0,9070.83,0,20,56,104,53391.6,900,12,14877,0,428025,198262,75,0,27,62041,1156136,56,176634,0,0,V8lBcmz45j,2Knk1KF,taul,1K8T,0Xwj,kMdN8e1,sLaMvLF,uZV_,HLqf,KubS,09_Q,itlM,7M47J5GA0pTYIFxg5uy,sBgB,uKAI,L84s,XfqtO3UdzaXh_,XTbPUYD,lD4H,cJvF,FzaX,ZS8AgqP,oslk,jIe6Ztl,LM8l689qOp,Qcbd,RAYp,55YFVY9
0,280,0,0,148,185,40,335.04,0,6372120,0,0.468276,9,18,0,2534568,0,100336.8,20,2,32,32,105809.6,705,84,0,0,2622380,635232,0,0,9,554435,10467840,18,475230,0,0,DHeTmBftjz,RO12,taul,1K8T,ssAy,R4C9W2K,N4xbMThNdK,E4f_,9_Y1,4N0K,VpdQ,zm5i,me75fM6ugJ,kIsH,uKAI,L84s,NhsEn4L,kq0ncmx,dN9r,UYBR,FzaX,zqsvdH_,oslk,jhrTQlu,LM8l689qOp,Qu4f,RAYp,F2FyR07IdsN7I
0,1330,0,0,136,170,8,166.56,0,5609850,0,4.549242,9,70,0,3238448,0,142412.7,20,0,32,40,198049.6,820,66,9972,0,4668100,47436,0,0,0,0,10570880,26,0,0,0,25_t0Gdncc,RO12,taul,1K8T,4fje,0Vr7wZ4,8PHrhXg,9xzW,9_Y1,cyKH,VpdQ,IYzP,Kxdu,kIsH,g5HH,L84s,FMSzZ91zL2,y5FemRG,t3be,cJvF,FzaX,XbZitea,zCkv,DHPNgqU,LM8l689qOp,me1d,6fzt,JnGLH58smNxIYcGK39k
0,1295,7,1720,172,215,64,133.12,0,2314872,0,5.114292,18,74,0,813776,0,14971.02,10,10,64,56,-135410.8,785,30,69183,0,978440,320964,590,0,9,322644,4235600,32,290418,0,0,avkq9ayfAo,RO12,taul,1K8T,z32l,iJzviRg,itSGh3t,KX1F,9_Y1,000J,VpdQ,haYg,7M47J5GA0pTYIFxg5uy,kIsH,uKAI,L84s,ZtujLmj9uJdIkLfg,ORMrKxT,Kgqw,UYBR,FzaX,ch2oGfM,QKW8DRm,P6pu4Vl,LM8l689qOp,7P5s,ZI9m,R4y5gQQWY8OodqDV
0,1694,7,2136,332,415,96,220.48,0,467610,0,4.067507,9,50,98,563776,0,33155.4,20,28,72,88,11305.72,960,108,16074,0,622710,122920,770,0,0,145593,1722840,48,496002,0,0,M5vt0Gdc_a,RO12,taul,1K8T,lK27,x8bPoJV,k10MzgT,3ZmA,9_Y1,cyKH,VpdQ,IYzP,me75fM6ugJ,kIsH,g5HH,L84s,NhsEn4L,y5FDdKv,t77C,cJvF,FzaX,Ik20nTz,oslk,DNvRusu,LM8l689qOp,me1d,RAYp,F2FyR07IdsN7I
0,2051,0,348,660,825,208,0,10,1014366,0,3.918607,18,128,0,1004104,3,37542.3,10,16,120,112,-528192,2170,114,39510,24,1868015,261758,0,0,18,136199,3370928,192,201960,0,0,DQlrEyXXnK,2Knk1KF,LfvqpCtLOY,1K8T,0Xwj,T7cp9gW,9YuuPSz3BI,5XIt,HLqf,SkZj,VpdQ,lVqb,me75fM6ugJ,sBgB,uKAI,L84s,XfqtO3UdzaXh_,11pm6dL,O9FD,UYBR,FzaX,9Hi6hzI,oslk,93cqqb8,LM8l689qOp,Aoh3,RAYp,55YFVY9
0,2471,7,932,224,280,192,176.08,0,21864,0,3.049348,9,76,147,915192,0,16102.05,0,14,48,96,-116867.6,1240,18,42912,0,581600,317538,410,0,18,232400,1960696,20,582252,0,0,AhzOj17IEC,RO12,CuXi4je,1K8T,aD1X,P_IFZs5,I1sqWRxUAv,nlOT,9_Y1,eQTr,09_Q,hAFG,me75fM6ugJ,kIsH,uKAI,L84s,XfqtO3UdzaXh_,XTbPUYD,GCH3,cJvF,FzaX,RnY8XLE,oslk,IBL2qo0,LM8l689qOp,7aLG,RAYp,F2FyR07IdsN7I
0,259,7,40,16,20,32,200,0,0,0,4.639607,9,38,0,0,0,80857.2,0,0,0,0,-15208,175,0,864,0,0,4838400,305,0,9,0,9676800,0,0,0,0,5_lq9aXt5a,AERks4l,taul,1K8T,TLkP,5CFXD9A,nQUveAzAF7,vWkf,9_Y1,6TCl,VpdQ,IYzP,7M47J5GA0pTYIFxg5uy,kIsH,uKAI,L84s,4kVnq_T26xq1p,y5F8l1f,0gtL,cJvF,FzaX,MmsL3hM,zCkv,XdARPDh,LM8l689qOp,uWr3,ZI9m,F2FcTt7IdMT_v
0,1386,7,372,168,210,160,66.88,0,0,0,4.281564,9,144,63,11880,0,3127.62,0,4,40,40,-1692436,730,0,2943,0,34040,59536,1400,0,9,17892,169884,30,26460,0,0,DHevyx7IEC,2Knk1KF,taul,1K8T,0Xwj,ZBOJeCE,V4EIHR4LiC,Bwjm,HLqf,xSqs,09_Q,lVqb,me75fM6ugJ,sBgB,uKAI,L84s,h0lfDKh52u4GP,IoI4mKe,s55p,UYBR,Lmli,SppPaRp,oslk,kklH6zW,LM8l689qOp,szEZ,RAYp,55YFVY9
0,455,21,100,184,230,24,166.56,0,0,0,1.656056,27,40,56,224512,0,4464.63,0,0,56,128,38815.44,320,0,6282,0,170700,14408,2415,0,9,28798,277632,54,0,0,0,bt0mfo875g,RO12,taul,1K8T,JLbT,1XgFUfi,JQFeOYK,w78V,9_Y1,iZJp,VpdQ,IYzP,me75fM6ugJ,kIsH,uKAI,L84s,NhsEn4L,mAjbk_S,J_n4,cJvF,FzaX,pIA8hdx,oslk,zG12pc5,LM8l689qOp,3Cy4,RAYp,F2FyR07IdsN7I
0,140,7,60,136,170,40,166.56,0,0,0,2.043367,9,86,35,1048,0,3339.06,0,0,16,24,3332.856,170,0,57942,0,99810,10204,460,0,9,35,100780,52,0,0,0,1JGr4RKzJV,RO12,taul,1K8T,PGNs,iJzviRg,msIqHk8toE,3k8h,9_Y1,DtNL,VpdQ,wMei,7M47J5GA0pTYIFxg5uy,kIsH,uKAI,L84s,9fipLB8rlL,mAjMuH6,Fvg5,UYBR,FzaX,ch2oGfM,zCkv,P6pu4Vl,LM8l689qOp,FSa2,ZI9m,R4y5gQQWY8OodqDV
0,1190,14,2248,80,100,56,255.12,0,6467700,0,2.429609,27,172,77,795360,0,35443.2,15,2,16,16,131401.6,735,18,4509,0,6051150,4676,2040,0,36,0,10208480,8,935160,0,0,DQlrEyXXnK,2Knk1KF,taul,1K8T,TyGl,cMj3aWy,V_KvNzO,ybuC,9_Y1,SkZj,VpdQ,hAFG,me75fM6ugJ,kIsH,uKAI,L84s,XfqtO3UdzaXh_,_JdcICD,3LxB,cJvF,FzaX,hSo6hzI,oslk,qpSEKx8,LM8l689qOp,Aoh3,RAYp,TCU50_Yjmm6GIBZ0lL_
0,952,0,3496,28,35,0,166.56,0,0,0,6.02884,18,152,70,7912,0,3215.37,0,0,8,16,-62544,145,0,26829,0,34380,0,0,0,36,0,31460,10,0,0,0,51rt0G8rTN,2Knk1KF,taul,1K8T,JLbT,fhk21Ss,byFNzV_,gSkj,9_Y1,k13i,VpdQ,wMei,7M47J5GA0pTYIFxg5uy,kIsH,uKAI,L84s,E1aAZ0x7vd,CWNBi3w,RrDT,UYBR,OFWH,4UxGlow,QKW8DRm,catzS2D,LM8l689qOp,fKCe,ZI9m,ib5G6X1eUxUn6
0,840,7,3060,152,190,72,286.96,0,3278064,0,2.146764,18,38,49,2534528,0,203642.4,10,6,40,32,101507.2,545,54,45126,0,4056310,1138758,7440,0,9,1108856,10491440,22,1425672,0,0,1nlTmBtueT,RO12,taul,1K8T,F9g8,au1CPws,nQUZfWRfws,c1GV,9_Y1,c2JP,sJzTlal,wMei,me75fM6ugJ,kIsH,uKAI,L84s,NhsEn4L,7Ww_Xqy,_LrV,cJvF,FzaX,_PxY_02,oslk,r7xOEra,jySVZNlOJy,rgKb,RAYp,F2FyR07IdsN7I
0,154,0,0,132,165,80,166.56,0,529908,0,3.100192,18,22,0,403456,0,23347.68,0,0,8,56,56568,410,72,0,0,361430,86574,0,0,0,142275,1017292,8,0,0,0,kMJt0GoOh3,RO12,taul,1K8T,ffXs,xclx0bI,FoJylxy,z0nl,9_Y1,rGJy,VpdQ,IYzP,me75fM6ugJ,kIsH,uKAI,L84s,NhsEn4L,mAjyhjG,_0J2,UYBR,FzaX,uwhen4L,oslk,Lv9DSFl,LM8l689qOp,Qu4f,RAYp,F2FyR07IdsN7I
0,168,0,0,212,265,32,166.56,0,10554,0,1.08417,9,18,0,57656,0,5993.37,10,0,8,48,65259.2,545,18,0,0,519045,36462,0,0,9,0,532612,76,0,0,0,xearjIX0Db,RO12,taul,1K8T,lK27,JVFLDAi,Tg7jjBB,svOP,9_Y1,EKFb,VpdQ,zm5i,me75fM6ugJ,kIsH,uKAI,L84s,NhsEn4L,mAja5EA,sQPJ,UYBR,FzaX,YTCRPlm,oslk,nXK9h3w,LM8l689qOp,5Acm,RAYp,F2FyR07IdsN7I
0,1967,7,0,276,345,56,166.56,0,1332,0,6.120701,9,108,0,354616,0,2883.159,0,12,120,232,30220.44,1215,12,1503,0,70775,9362,100,0,9,74396,302312,50,73158,0,0,oyGrjIXt5a,2Knk1KF,taul,1K8T,lK27,82ydmQ4,Hz673939hSRjL,_wWJ,9_Y1,m7JR,VpdQ,hAFG,me75fM6ugJ,kIsH,uKAI,L84s,XfqtO3UdzaXh_,XTb10lF,BesT,cJvF,FzaX,FonmS85,oslk,PC0a_vf,LM8l689qOp,5Acm,RAYp,55YFVY9
0,231,0,0,56,70,16,166.56,0,960780,0,3.701132,18,22,0,3346632,0,205357.5,0,2,0,24,945440,240,12,0,0,5957800,374278,0,0,0,0,9098720,12,1905156,0,0,a4vvyxLkBI,RO12,taul,1K8T,ssAy,Pvu4X3H,gG7Uh_O5Ag,WzyJ,9_Y1,vzJD,sJzTlal,IYzP,me75fM6ugJ,kIsH,uKAI,L84s,NhsEn4L,mAja5EA,yUt1,cJvF,FzaX,95r8hdx,oslk,Pk67qqc,LM8l689qOp,xb3V,RAYp,F2FyR07IdsN7I
0,2541,14,6316,468,585,216,286.96,0,4182,0,5.371288,36,128,616,2250376,0,34962.6,10,22,112,160,-362703.6,1880,18,11043,0,2379720,195652,7970,0,9,206822,3556292,108,179922,0,0,ZSNq9aX0Db,2Knk1KF,taul,1K8T,JLbT,ioCcTEF,hCdK,6Hd8,9_Y1,6TCl,VpdQ,sYC_,me75fM6ugJ,kIsH,7A3j,L84s,NhsEn4L,beK4AFX,Y5CE,cJvF,FzaX,m_dAM23,oslk,nFzwuDg,LM8l689qOp,uWr3,RAYp,55YFVY9
0,3143,7,2484,124,155,8,324.24,0,2073600,0,3.155309,9,104,0,4147200,0,41102.1,10,0,32,48,134688.8,1065,24,158337,0,7776000,76820,6260,0,18,0,10521640,36,0,0,0,4e7Wq69R_D,RO12,taul,1K8T,FPxv,iJzviRg,yxR2Ogr8bs,nYWr,9_Y1,0A_v,VpdQ,6JmL,7M47J5GA0pTYIFxg5uy,kIsH,uKAI,L84s,4kVnq_T26xq1p,kq0dG6I,JVKY,UYBR,FzaX,ch2oGfM,zCkv,P6pu4Vl,LM8l689qOp,PM2D,ZI9m,R4y5gQQWY8OodqDV
0,812,7,212,128,160,0,258.32,0,10140000,0,0.4716941,36,32,14,71080,0,202168.8,45,0,40,8,364683.6,585,120,2061,0,864000,0,50,0,9,0,10597160,4,0,0,0,75lr4RXktW,PomAbFU,taul,1K8T,0Xwj,TF6XVr0,_jTP8ioIlJ,j7Xz,HLqf,Albh,VpdQ,zm5i,wXfldy7,sBgB,uKAI,L84s,NhsEn4L,mAjbk_S,dIES,cJvF,FzaX,hf1oCxO,oslk,yr_V0ZN,LM8l689qOp,Xa3G,nIGjgSB,F2FcTt7IdMT_v
0,1743,7,244,212,265,128,120.4,0,75180,0,2.244392,18,52,133,49320,0,3719.79,20,0,48,80,-1821136,965,108,49536,0,45070,53472,80,0,0,1141,232684,10,0,0,0,HrWq9aXt5a,RO12,taul,1K8T,487l,K6McVcA,GHfL3MpXAX,cExR,9_Y1,6TCl,VpdQ,IYzP,me75fM6ugJ,kIsH,uKAI,Mtgm,XfqtO3UdzaXh_,11p4mKe,5rnv,cJvF,FzaX,OYHAk0_,oslk,qjNw0n7,LM8l689qOp,uWr3,RAYp,F2FyR07IdsN7I
0,840,14,84,144,180,8,20.08,0,5285682,0,4.45204,18,98,21,2795272,3,194406.6,25,0,32,40,158331.6,485,84,15975,8,4656520,61946,110,0,27,604800,10498520,22,0,0,0,u6tWq6edh4,AERks4l,taul,1K8T,JLbT,ON5Ou9e,8o3zKbi,K3X_,9_Y1,_xpN,09_Q,hAFG,DHn_WUyBhW_whjA88g9bvA64_,kIsH,uKAI,Mtgm,I6KzrtUCei,kZJ790Y,B773,UYBR,FzaX,p40KIAf,zCkv,C6OGkwT,LM8l689qOp,FSa2,02N6s8f,xwM2aC7IdeMC0
0,7980,7,60,860,1075,272,187.28,0,738378,0,2.573168,9,36,0,1616184,0,7490.61,115,104,504,504,-667068,3925,192,30762,0,263115,116932,240,0,0,439502,2404000,22,626586,0,0,bZk9tYsGvO,RO12,taul,1K8T,TyGl,IoVCPws,nQUveAzAF7,WfTZ,9_Y1,YULl,VpdQ,IYzP,me75fM6ugJ,kIsH,uKAI,L84s,XfqtO3UdzaXh_,XTbPUYD,Ve06,UYBR,FzaX,uwhY_02,oslk,H9aOEra,LM8l689qOp,FSa2,RAYp,F2FyR07IdsN7I
0,1568,7,816,276,345,104,166.56,0,1266,0,1.784875,9,36,210,137208,0,3531.99,10,4,32,72,-7071,920,6,63864,0,270930,23664,3070,0,9,0,338120,84,2358,0,0,oBXq9ayfAo,RO12,taul,1K8T,hAOr,1QL3181,IoHEIyTRj9,oGig,9_Y1,F_Lu,VpdQ,43pnToF,DHn_WUyBhW_whjA88g9bvA64_,kIsH,uKAI,L84s,CrNX,mAjbq_f,0Um8,cJvF,FzaX,bDMVcJ1,d0EEeJi,NQxznPS,LM8l689qOp,TNEC,02N6s8f,F2FyR07IdsN7I
0,511,7,364,248,310,88,133.12,0,4974,0,5.447981,9,142,28,163168,0,4108.68,0,8,64,72,8557,800,6,13383,0,218010,23280,1280,0,9,34027,332304,74,39654,0,0,DHeq9ayfAo,AERks4l,taul,1K8T,JLbT,fhk21Ss,ELRUn57,jrUy,9_Y1,vm5R,VpdQ,haYg,7M47J5GA0pTYIFxg5uy,kIsH,uKAI,L84s,XfqtO3UdzaXh_,XTbPUYD,9eg8,UYBR,qxDb,4UxGlow,oslk,catzS2D,LM8l689qOp,7P5s,ZI9m,ib5G6X1eUxUn6
0,182,0,0,44,55,8,190,0,6405600,0,1.766289,9,18,0,0,0,248366.7,15,0,16,0,-189524.8,390,24,0,0,3395460,127636,0,0,9,0,8192480,6,0,0,0,hSovyx7IEC,RO12,taul,1K8T,X9_k,cMjcTxR,0ZlStaN,FRAm,9_Y1,qaiO,VpdQ,zm5i,me75fM6ugJ,kIsH,uKAI,L84s,NhsEn4L,mAja5EA,550g,UYBR,FzaX,fabfGrO,oslk,TT_zF_Q,LM8l689qOp,szEZ,RAYp,F2FyR07IdsN7I
0,714,21,8384,124,155,0,220.08,0,4665600,0,0.6686605,36,80,602,4685784,0,221788.2,10,0,32,56,1194988,425,54,31905,0,5616000,0,495,0,0,0,10637280,26,0,0,0,ZSNq9aX0Db,RO12,taul,1K8T,lK27,0nY9OFL,II0S8f9,wmjt,9_Y1,Y9Bl,VpdQ,IYzP,me75fM6ugJ,kIsH,uKAI,L84s,NhsEn4L,mAjbk_S,U1jJ,UYBR,FzaX,25cNqhB,oslk,mErwEWL,LM8l689qOp,uWr3,RAYp,F2FyR07IdsN7I
0,959,7,2052,252,315,88,166.56,0,0,0,0.3161718,9,118,154,94896,0,2981.031,0,2,24,88,-516716,820,0,11520,0,224095,21476,370,0,18,0,269724,80,72,0,0,npOBcmzkzH,2Knk1KF,taul,1K8T,487l,rPAblEW,UFIdC8I,kc6M,9_Y1,yrDU,VpdQ,kxE9,me75fM6ugJ,kIsH,uKAI,L84s,XfqtO3UdzaXh_,11p4mKe,yih6,UYBR,FzaX,bEm38SL,oslk,serQJQm,LM8l689qOp,Qcbd,RAYp,55YFVY9
0,980,7,1736,104,130,40,266.88,0,1555200,0,6.558001,9,60,28,691200,0,170932.5,25,6,24,8,161586.4,455,18,19746,0,3855445,178592,120,0,0,0,7372360,18,1555200,0,0,2jiWq69cTy,RO12,taul,1K8T,ssAy,jJ_nXHo,76j2P_OLn0,IZYw,9_Y1,0A_v,VpdQ,IYzP,me75fM6ugJ,kIsH,uKAI,L84s,NhsEn4L,kq0n8Bj,PmT1,cJvF,FzaX,uyr88FJ,oslk,FlVqhZX,LM8l689qOp,PM2D,RAYp,F2FyR07IdsN7I
0,231,0,0,136,170,72,166.56,0,0,0,3.719932,9,20,0,54752,0,1722.657,0,4,56,96,-43628.8,330,0,0,0,22710,9692,0,0,0,10731,67944,22,4524,0,0,vNEvyxLp3Z,RO12,taul,1K8T,ssAy,604SYUX,r83_sZi,TtKo,9_Y1,vzJD,VpdQ,IYzP,me75fM6ugJ,kIsH,uKAI,L84s,NhsEn4L,mAja5EA,hKRL,UYBR,FzaX,kH58iqZ,oslk,dc9OtEt,LM8l689qOp,xb3V,RAYp,F2FyR07IdsN7I
0,1190,28,10828,144,180,32,200,0,9321720,0,3.295663,45,174,2191,546800,0,114431.1,20,6,56,32,1338656,640,108,13473,0,454770,600406,2550,0,18,107352,10098560,6,995430,0,0,DHeq9ayfAo,NMCEYavk0YOlqn2jHeEDjP0xsdXeAZGnZDN0NOfV,taul,1K8T,TyGl,fhk21Ss,76j2P_OLn0,xt4K,9_Y1,kJJ7,VpdQ,hAFG,7M47J5GA0pTYIFxg5uy,kIsH,uKAI,L84s,XfqtO3UdzaXh_,XTbPUYD,ubX8,cJvF,FzaX,4UxGlow,oslk,catzS2D,jySVZNlOJy,7P5s,ZI9m,iyHGyLCEkQ
0,1946,7,228,580,725,384,166.56,0,6234,0,0.8201239,27,52,322,70160,0,2026.44,0,10,144,224,17148.84,2245,6,414,0,220895,30492,315,0,0,31731,282744,126,8712,0,0,E3dr4RQxul,RO12,taul,1K8T,JLbT,34dq7r9,9YuFlLzSEv,zrY9,9_Y1,z5Ry,VpdQ,IYzP,me75fM6ugJ,kIsH,uKAI,L84s,NhsEn4L,TDcECyH,cqxq,UYBR,qxDb,drWYWu3,oslk,0XlAKIt,LM8l689qOp,FSa2,RAYp,F2FyR07IdsN7I
0,2142,21,8624,324,405,216,313.68,0,82296,0,3.77868,45,156,532,150184,0,11711.7,15,20,88,88,-3791.856,1600,42,30285,0,139565,117250,1080,0,36,79261,607792,46,131448,0,0,Y3tqrQKzJV,2Knk1KF,taul,1K8T,TyGl,d2iwkuM,LH0kFz12FM,rV01,9_Y1,15m3,09_Q,6JmL,me75fM6ugJ,kIsH,uKAI,L84s,XfqtO3UdzaXh_,XTbPUYD,gBMy,UYBR,FzaX,1ZRv4zN,oslk,Zd62Oqu,LM8l689qOp,FSa2,RAYp,TCU50_Yjmm6GIBZ0lL_
0,1162,7,24,148,185,104,133.12,0,0,0,2.143773,9,130,0,6792,0,8927.4,0,10,56,40,-159506.4,360,0,432,0,4255,2142,5,0,18,6412,17772,28,10032,0,0,6VLvyx7IEC,2Knk1KF,taul,1K8T,FgS1,AaAsz2a,9YuYZx0Xsm,lHTX,9_Y1,RcM7,VpdQ,wMei,me75fM6ugJ,kIsH,uKAI,L84s,h0lfDKh52u4GP,IoI4mKe,A1VJ,UYBR,AU8pNoi,aldjB1v,oslk,g1PwuDg,LM8l689qOp,szEZ,RAYp,55YFVY9
0,1225,7,60,288,360,112,166.56,0,352206,0,2.278146,9,80,21,1576832,0,76174.5,15,6,104,192,53252,790,30,9729,0,2280415,818012,490,0,0,594363,4786800,46,453486,0,0,DQlgUH7IEC,RO12,taul,1K8T,72yt,H3rgrxB,nD7Tc3CbD1,SqF2,9_Y1,m_h1,VpdQ,IYzP,me75fM6ugJ,kIsH,uKAI,L84s,NhsEn4L,mAjbk_S,aj6L,UYBR,FzaX,6VLOhQy,oslk,uxqEsaq,LM8l689qOp,WqMG,RAYp,F2FyR07IdsN7I
0,63,0,0,120,150,32,26.88,0,4276908,0,3.961547,18,16,0,1479848,9,247694.4,25,0,40,32,139333.2,150,54,0,24,4990035,394180,0,0,0,33439,9907800,16,0,0,0,npOBcmzkzH,RO12,taul,1K8T,lK27,xUTqnbN,KcR1XI2VFT,c641,9_Y1,WGOH,sJzTlal,IYzP,me75fM6ugJ,kIsH,uKAI,Mtgm,NhsEn4L,7WwuNea,Mg8p,cJvF,FzaX,LwGVino,oslk,xYH_Q4n,LM8l689qOp,Qcbd,RAYp,F2FyR07IdsN7I
0,1001,7,152,136,170,16,166.56,0,2789958,0,3.719291,9,54,0,2607392,0,152595.9,10,4,24,32,272498,550,36,5337,0,6757300,105104,1095,0,0,499331,9621400,36,844020,0,0,2jiWq69cTy,RO12,taul,1K8T,ssAy,9GJGgoz,ELRUn57,zl7F,9_Y1,Px52,VpdQ,IYzP,Kxdu,kIsH,uKAI,Mtgm,FMSzZ91zL2,TDcEYQ6,TQGs,UYBR,FzaX,Tvpip6Z,zCkv,hHJsvbM,LM8l689qOp,PM2D,6fzt,SbOd7O8ky1wGNxp0Arj0Xs
0,3479,21,2628,508,635,320,166.56,0,31722,0,2.158086,27,124,210,427312,0,5719.02,35,26,128,200,-20898.44,1570,36,24426,0,717355,254026,1480,0,9,135037,1472664,72,128640,0,0,vAsvyx7ejg,onTuEhrJJQy_H3IHkZku5AFczhYGqxJ890,taul,1K8T,hM6W,fhk21Ss,q2tfFQq,uFQS,9_Y1,xSqs,VpdQ,kxE9,7M47J5GA0pTYIFxg5uy,kIsH,uKAI,L84s,tbewxY_YSo,OFqenG2,vOkx,cJvF,FzaX,4UxGlow,JIiEFBU,catzS2D,LM8l689qOp,szEZ,ZI9m,iyHGyLCEkQ
0,882,0,0,436,545,120,303.68,0,3486036,0,1.888058,9,28,0,4307336,0,148646.7,30,18,192,240,88784,950,60,0,0,5949150,166224,0,0,9,98511,10379200,78,285822,0,0,_v2rjIKQ76,AERks4l,taul,1K8T,JLbT,ON5Ou9e,kULq7h5L8O,Niz0,9_Y1,7WNq,VpdQ,43pnToF,DHn_WUyBhW_whjA88g9bvA64_,kIsH,uKAI,Mtgm,JBfYVit4g8,TDctq2l,Ohac,UYBR,FzaX,p40KIAf,Al6ZaUT,C6OGkwT,jySVZNlOJy,WqMG,02N6s8f,xwM2aC7IdeMC0
0,749,7,2660,92,115,8,233.44,0,0,0,5.299723,9,154,42,12760,0,14268.9,0,4,0,16,-194583.6,255,0,24651,0,198670,11772,1270,0,18,0,195720,36,10290,0,0,8Knvyx875g,2Knk1KF,taul,1K8T,kNzO,rXH4Eny,_jTP8ioIlJ,PFwG,9_Y1,MBhA,VpdQ,haYg,me75fM6ugJ,kIsH,uKAI,L84s,XfqtO3UdzaXh_,XTbPUYD,D_Jh,UYBR,FzaX,MgW0FxM,oslk,yktAIRG,LM8l689qOp,WqMG,RAYp,TCU50_Yjmm6GIBZ0lL_
0,917,7,428,44,55,16,253.52,0,1900854,0,2.864559,9,30,7,1267232,0,138709.5,0,0,8,16,-468516,390,24,5535,0,1188030,316808,60,0,9,0,3484892,6,0,0,0,C2Dvyx875g,RO12,taul,1K8T,Guv5,rs9DzCB,LH076SiAyW,D6lg,9_Y1,MBhA,sJzTlal,IYzP,me75fM6ugJ,kIsH,uKAI,L84s,NhsEn4L,NGZXfGp,5smi,UYBR,FzaX,Y2CVuBv,oslk,UdQqPCU,LM8l689qOp,WqMG,RAYp,F2FyR07IdsN7I
0,350,7,4,108,135,136,331.04,0,15846,0,5.769066,9,84,0,0,0,3786.27,0,14,32,0,-65094.8,400,12,387,0,2070,37556,85,0,9,0,104380,2,25572,0,0,ZSNq9atbb6,RO12,taul,1K8T,4fje,0BLnYyd,5y2Jr_Lo9y,kiGu,9_Y1,KfYH,09_Q,hAFG,me75fM6ugJ,kIsH,g5HH,L84s,XfqtO3UdzaXh_,11p4mKe,6iuJ,cJvF,FzaX,vM89sBz,oslk,tByjPJU,LM8l689qOp,me1d,RAYp,F2FyR07IdsN7I
0,693,0,0,168,210,72,186.64,0,5657298,0,1.121982,9,28,0,2133720,0,180269.4,10,6,32,32,193907.2,620,102,0,0,1682160,1382496,0,0,18,0,10677120,14,1555200,0,0,oUPBcmzkzH,RO12,taul,1K8T,YPhp,Q9R7qwL,EXpWEXgaYWQf4,QhIi,9_Y1,rzbc,VpdQ,IYzP,me75fM6ugJ,kIsH,uKAI,L84s,NhsEn4L,mAja5EA,Bm3Z,UYBR,FzaX,Zc06pd1,oslk,SiXzrB7,LM8l689qOp,Qcbd,RAYp,F2FyR07IdsN7I
0,1036,0,0,192,240,112,166.56,0,31680,0,6.721213,9,54,0,630256,0,52801.2,10,18,32,24,130834.8,615,6,6930,0,2629565,518918,0,0,0,0,3590868,38,169674,0,0,bZkvyxLkBI,RO12,taul,1K8T,UpNf,5CFbvIY,UFIdC8I,Y4rS,9_Y1,vzJD,VpdQ,IYzP,DHn_WUyBhW_whjA88g9bvA64_,kIsH,uKAI,L84s,CrNX,mAjbq_f,z0rZ,cJvF,FzaX,KA3sbNi,d0EEeJi,m1Buxtu,LM8l689qOp,xb3V,nIGXDli,F2FyR07IdsN7I
0,959,0,48,156,195,40,186.64,0,5721264,0,3.306559,9,38,0,3117288,0,190355.7,25,2,40,40,145489.6,605,72,14679,0,4644085,22364,0,0,9,0,10611280,22,77394,0,0,xearjIX0Db,RO12,taul,1K8T,IvdZ,GOB80XX,daiGnRstPa,74xD,9_Y1,X8zP,09_Q,zm5i,me75fM6ugJ,kIsH,uKAI,L84s,NhsEn4L,NGZxnJM,xgh6,cJvF,AU8pNoi,xtRQVF9,oslk,e2OYONy,LM8l689qOp,Aoh3,RAYp,F2FyR07IdsN7I
0,1827,0,104,276,345,240,166.56,0,0,0,0.9213843,9,64,0,1685504,0,26827.71,0,12,112,128,-198669.6,1175,0,3447,0,769740,440312,0,0,0,434686,2596228,34,385590,0,0,302Oj17IEC,RO12,taul,1K8T,oXaB,I6Bd3iM,DW6IHeU,3Ivc,9_Y1,iVbl,sJzTlal,IYzP,me75fM6ugJ,kIsH,uKAI,L84s,NhsEn4L,mAja5EA,bRgG,UYBR,FzaX,bBmOw16,oslk,CcdTy9x,LM8l689qOp,7aLG,RAYp,F2FyR07IdsN7I
0,1925,7,840,280,350,64,178.8,5,1564734,0,3.067507,9,76,14,3281208,3,32514,15,10,72,32,190587.2,915,126,111969,24,1665810,173646,2105,0,9,2630754,7016080,58,332898,0,7,2AAWq69R_D,RO12,taul,1K8T,ssAy,5HUJ34g,LJF4fPp,eKTQ,9_Y1,Px52,VpdQ,IYzP,me75fM6ugJ,kIsH,uKAI,L84s,NhsEn4L,TDceha3,JEC4,UYBR,FzaX,LwGCME0,oslk,_XS7lZj,LM8l689qOp,PM2D,RAYp,F2FyR07IdsN7I
0,35,7,24,88,110,0,233.44,0,0,0,2.036958,9,58,70,0,0,66670.2,0,0,0,0,38652,415,0,596160,0,2696375,0,15,0,0,0,2157100,44,0,0,0,NQ5rEy7Rm6,RO12,taul,1K8T,OTVu,WtcJHBC,n2YfB05aPZ,O2GP,9_Y1,RcM7,09_Q,IYzP,me75fM6ugJ,kIsH,uKAI,L84s,NhsEn4L,kq0n8Bj,FEyh,UYBR,FzaX,380vbB7,oslk,WUmK0JH,LM8l689qOp,szEZ,RAYp,F2FyR07IdsN7I
0,1435,14,452,132,165,32,220.08,0,4752966,0,1.891476,18,108,7,3168080,0,92854.8,5,4,32,40,85786.8,555,60,36054,0,4356575,633616,1905,0,45,554414,10455600,22,950424,0,0,AhzZptzip9,2Knk1KF,taul,1K8T,OY2L,o6wbvIY,xNB0QafA95,ya_j,9_Y1,t_4G,09_Q,haYg,me75fM6ugJ,kIsH,uKAI,L84s,XfqtO3UdzaXh_,XTbPUYD,WKAs,UYBR,FzaX,PYpCk4f,oslk,QlMWUSq,LM8l689qOp,Qu4f,RAYp,55YFVY9
0,378,7,1312,128,160,24,66.88,0,18768,0,4.705405,9,172,0,78816,0,4184.76,0,0,8,56,-1919360,310,6,10593,0,186915,1530,990,0,9,0,204512,42,0,0,0,oyGrjIXt5a,g62hiBSaKg,taul,1K8T,lK27,fhk21Ss,r83_sZi,8XwS,9_Y1,WIr3,VpdQ,IYzP,7M47J5GA0pTYIFxg5uy,kIsH,uKAI,L84s,XfqtO3UdzaXh_,XTbPUYD,nVWt,cJvF,FzaX,4UxGlow,oslk,catzS2D,LM8l689qOp,5Acm,ZI9m,ib5G6X1eUxUn6
0,2499,7,24,160,200,80,255.92,0,3319872,0,3.960265,18,48,0,543000,0,40988.4,50,0,48,16,-49509.2,740,42,153,0,2779170,1378258,35,0,9,0,10239480,22,0,0,0,8I1TmBtueT,RO12,taul,1K8T,AnrR,au1CPws,CbcWkL1DRg48F,NzyG,9_Y1,c2JP,09_Q,lVqb,me75fM6ugJ,kIsH,uKAI,L84s,XfqtO3UdzaXh_,11p4mKe,pMIt,cJvF,FzaX,_PxY_02,oslk,r7xOEra,LM8l689qOp,rgKb,RAYp,F2FyR07IdsN7I
0,1176,14,2480,232,290,96,271.92,0,2868948,0,4.191412,36,138,28,1748056,0,103252.2,55,8,72,40,638560,800,60,34587,0,4155935,1138378,3810,0,45,0,10643840,32,838686,0,0,KXMgUH7IEC,2Knk1KF,taul,1K8T,487l,PHNvXy8,75HH_hi,zQEn,9_Y1,1Bp0,VpdQ,hzlB,NKv3VA1BpP,kIsH,uKAI,Mtgm,Ie_5MZs,OFqdri0,mO3f,UYBR,FzaX,UF16siJ,zCkv,APgdzOv,LM8l689qOp,WqMG,6fzt,Zy3gnGM
0,2849,21,2008,176,220,144,200,0,16860,0,2.022645,72,82,112,0,0,11720.22,10,20,40,0,-531988,1885,36,2196,0,22135,61416,5845,0,63,0,225552,16,90756,0,0,DQlgUH7IEC,RO12,taul,1K8T,ekye,9GJGgoz,N4xm4OhC8i,ykQC,9_Y1,DmlN,VpdQ,TIA9,Kxdu,kIsH,uKAI,Mtgm,FMSzZ91zL2,jawoY2y,HkLpOEr,cJvF,wwPEXoilkr,Tvpip6Z,zCkv,hHJsvbM,LM8l689qOp,w_Ub,6fzt,SbOd7O8ky1wGNxp0Arj0Xs
0,525,7,1600,152,190,88,332.88,5,5215608,0,2.252296,9,130,49,0,0,216723,30,8,32,0,4235.28,530,72,53343,8,453800,1609680,935,0,18,604800,10284680,10,2073600,0,0,dRarjIK12c,rEUOq2QD1qfkRr6qpua,taul,1K8T,TyGl,fhk21Ss,tvCvLMA,ZHYH,9_Y1,7WNq,VpdQ,wMei,7M47J5GA0pTYIFxg5uy,kIsH,uKAI,Mtgm,WsRVNrF85oPU_,NGZ1ajU,Q_Iv,UYBR,FzaX,4UxGlow,zCkv,catzS2D,LM8l689qOp,WqMG,ZI9m,ib5G6X1eUxUn6
0,770,7,188,136,170,80,186.64,0,1322370,0,6.084597,9,38,175,2764816,0,233879.4,0,8,32,32,184696.4,495,24,117675,0,4973155,1568068,2595,0,9,1209600,10761040,24,2073600,0,0,dukmfo8zhV,RO12,taul,1K8T,487l,1ucchDb,IoHJXfxtHe,IoAF,9_Y1,Ew1Q,09_Q,zm5i,me75fM6ugJ,kIsH,uKAI,L84s,NhsEn4L,mAjbk_S,SxJ2,UYBR,FzaX,LWnfSEp,oslk,CqZz20V,LM8l689qOp,wX53,RAYp,F2FyR07IdsN7I
0,686,7,1816,164,205,56,153.2,0,3630504,0,0.2952361,9,36,0,4147200,0,171018.9,10,0,32,48,160588.4,550,90,38844,0,4155505,713758,3245,0,18,0,9937040,22,0,0,0,AhzOj17IEC,RO12,taul,1K8T,oXaB,bbm5wbm,bRabnkT8NN,eZ6Y,9_Y1,eQTr,09_Q,zm5i,me75fM6ugJ,kIsH,uKAI,L84s,NhsEn4L,kZJtVhC,kSUJ,cJvF,FzaX,1hf8iqZ,oslk,fV_z4Af,LM8l689qOp,7aLG,RAYp,F2FyR07IdsN7I
0,840,21,3128,136,170,8,286.96,0,10640400,0,2.795129,36,114,301,0,0,213034.8,45,0,32,0,170679.6,540,132,73206,0,505860,756,2775,0,27,0,10541720,4,0,0,0,uUdt0G8EIb,2Knk1KF,taul,1K8T,Xa_z,jF6Moat,LByewuNzAX,8A2d,9_Y1,k13i,sJzTlal,sYC_,me75fM6ugJ,kIsH,uKAI,L84s,NhsEn4L,beK4AFX,M0Ix,UYBR,FzaX,LwG8XLE,oslk,_XSRDbC,LM8l689qOp,fKCe,RAYp,55YFVY9
0,770,14,1632,132,165,32,311.36,0,5270526,0,0.9448835,18,88,7,2534520,0,231084.6,20,4,32,32,119971.6,495,66,1890,0,3168085,633616,210,0,27,0,10483480,16,950424,0,0,GcUt0G8rTN,RO12,taul,1K8T,PbOJ,HPUbXKa,oQ173939hSRjL,qktG,9_Y1,k13i,VpdQ,sYC_,me75fM6ugJ,kIsH,uKAI,L84s,NhsEn4L,teAyFc5,Czqd,UYBR,FzaX,kTkDTYe,oslk,H_m6P29,jySVZNlOJy,fKCe,RAYp,F2FyR07IdsN7I
0,490,7,1580,188,235,72,165.52,0,0,0,3.236061,9,50,98,128760,0,2873.649,0,4,56,80,-1822984,480,0,1728,0,66950,10416,195,0,0,707,141596,52,4236,0,0,52Iq9ayE15,RO12,taul,1K8T,PJLW,IMI3Naj,Vxu_jOIy4u,nt0n,9_Y1,vm5R,sJzTlal,IYzP,me75fM6ugJ,kIsH,uKAI,L84s,XfqtO3UdzaXh_,XTbPUYD,C4DH,cJvF,FzaX,NI568SY,oslk,kWFEVJ2,LM8l689qOp,7P5s,RAYp,F2FyR07IdsN7I
0,959,0,44,148,185,40,198.88,0,3425478,0,4.143345,9,142,0,1748880,0,162009,25,8,40,24,74442.4,685,30,0,0,5395450,464656,0,0,18,554435,10522920,30,1134612,0,0,Qu0r4RKzJV,AERks4l,taul,1K8T,JLbT,hKPO0dd,jnt5Fix,AUPk,9_Y1,DtNL,VpdQ,wMei,GjJ35utlTa_GNSvxxpb9ju,kIsH,uKAI,L84s,UbxQ8lZ,teAAe2o,BUau,UYBR,FzaX,0MQ_h5s,Al6ZaUT,JvoGzM0,LM8l689qOp,FSa2,02N6s8f,ib5G6X1eUxUn6
0,1183,7,1596,120,150,120,166.56,0,0,0,1.777184,9,54,7,647776,0,19822.53,0,6,40,64,-28775,540,0,18018,0,343255,186366,1940,0,0,142135,1136332,8,247662,0,0,51rt0G8rTN,RO12,taul,1K8T,NF63,9GJGgoz,yLQX8HOoy1,NREA,9_Y1,k13i,09_Q,IYzP,Kxdu,kIsH,uKAI,L84s,FMSzZ91zL2,TDcEYQ6,_umB,UYBR,FzaX,Tvpip6Z,zCkv,hHJsvbM,LM8l689qOp,fKCe,6fzt,SbOd7O8ky1wGNxp0Arj0Xs
0,7924,21,5976,128,160,0,166.56,0,3816042,0,5.220038,27,130,91,4147200,0,15238.83,10,0,32,48,358602.8,5880,48,22680,0,6613900,0,2150,0,9,0,10599920,32,0,0,0,1GdOj1KXzC,2Knk1KF,taul,1K8T,sj_R,60saF5r,r83_sZi,weGb,9_Y1,vYXv,VpdQ,sYC_,me75fM6ugJ,kIsH,uKAI,L84s,NhsEn4L,beK4AFX,PBLD,UYBR,FzaX,nJQfR8o,oslk,4lYAgOW,M_8D,kwS7,RAYp,55YFVY9
0,1400,7,1524,172,215,160,200,0,7422,0,2.114292,9,224,91,170000,0,4185.33,0,6,72,120,-23464.16,625,6,2745,0,37205,43452,1380,0,18,25683,243328,8,55068,0,0,v0Nt0Go8Lb,vuPfq6YcbX,CiJDdr4TQ0rGERIS,1K8T,ssAy,fhk21Ss,UFIdC8I,wTXf,9_Y1,Z5OU,VpdQ,haYg,7M47J5GA0pTYIFxg5uy,kIsH,uKAI,L84s,a3CcPDe,TDcLnTo,UmjW,cJvF,FzaX,4UxGlow,QKW8DRm,catzS2D,LM8l689qOp,Qu4f,ZI9m,NoEd
0,91,7,4,116,145,40,221.2,5,598554,0,1.214698,9,40,0,385936,0,70157.09,10,16,48,24,587832,145,12,7173,8,245035,437342,210,0,9,142170,2712736,18,1156038,0,0,xOXTmBtFkL,RO12,taul,1K8T,PbOJ,b9lODwF,Tg7jjBB,IquW,9_Y1,c2JP,VpdQ,zm5i,me75fM6ugJ,kIsH,uKAI,L84s,NhsEn4L,kZJtVhC,hDHs,cJvF,FzaX,gboeT2p,oslk,LnLaK89,LM8l689qOp,rgKb,RAYp,F2FyR07IdsN7I
0,2142,7,5936,188,235,136,202,0,157770,0,0.1100192,36,122,0,2316272,12,30654.3,0,8,64,88,-126985.2,915,12,60651,48,968735,1205344,575,0,45,654381,4693080,26,366156,0,14,wRXmfo875g,2Knk1KF,taul,1K8T,lK27,inNvHAP,hOpRIhsUSP,K2Ft,9_Y1,Ew1Q,VpdQ,sYC_,me75fM6ugJ,kIsH,uKAI,L84s,XfqtO3UdzaXh_,XTbPUYD,nx5k,cJvF,FzaX,_amoI0_,oslk,ZFsMjkj,LM8l689qOp,wX53,RAYp,55YFVY9
0,10199,7,4388,1972,2465,584,253.52,0,5554464,0,2.837214,27,184,476,2501008,0,15182.22,160,64,472,576,114160,9430,390,16983,0,3151190,613976,6345,0,54,541051,10512360,438,941220,0,0,1qmr4RQxul,bYmQ4nc,taul,1K8T,IGdn,fhk21Ss,C_u8_AlBK7,HTi9,9_Y1,z5Ry,sJzTlal,y6dw,7M47J5GA0pTYIFxg5uy,kIsH,uKAI,L84s,_5OXC8MSLt,teArcsH,fVFR,UYBR,FzaX,4UxGlow,oslk,catzS2D,LM8l689qOp,FSa2,ZI9m,ib5G6X1eUxUn6
0,1393,7,408,208,260,48,166.56,0,49386,0,5.469771,18,52,28,192936,0,4650.3,10,12,64,128,43842.8,680,54,19521,0,70395,32762,30,0,0,18690,362956,26,132222,0,0,etYt0G8EIb,RO12,taul,1K8T,PbOJ,qEdASpP,nQUq7hGe64,RK_c,9_Y1,k13i,09_Q,IYzP,me75fM6ugJ,kIsH,uKAI,L84s,NhsEn4L,TDcECyH,k4Ho,cJvF,FzaX,0AJo2f2,oslk,2Kb5FSF,LM8l689qOp,fKCe,RAYp,F2FyR07IdsN7I
0,12992,7,72,160,200,72,300.32,0,6092160,0,1.296731,27,128,14,623704,0,13873.32,25,4,48,24,165091.6,540,96,1152,0,1778845,1225234,25,0,36,30352,10610480,10,1036800,0,0,DHeTmBftjz,AERks4l,taul,1K8T,0Xwj,fhk21Ss,9YuYZx0Xsm,tTqs,HLqf,Gx0B,VpdQ,haYg,7M47J5GA0pTYIFxg5uy,sBgB,uKAI,L84s,4kVnq_T26xq1p,kZJUpuI,s7hx,cJvF,FzaX,4UxGlow,zCkv,catzS2D,jySVZNlOJy,Qu4f,ZI9m,ib5G6X1eUxUn6
0,1197,7,128,220,275,48,166.56,0,5076792,0,5.950011,18,208,7,513824,0,139714.2,40,0,24,96,-270172,720,72,112698,0,3231785,628436,15,0,36,0,9654560,34,0,0,0,1GdOj1KXzC,2Knk1KF,CiJDdr4TQ0rGERIS,1K8T,0Xwj,fhk21Ss,FoJylxy,hbE4,HLqf,jdbz,VpdQ,y6dw,7M47J5GA0pTYIFxg5uy,sBgB,uKAI,Mtgm,_5OXC8MSLt,LxWMK5e,TUIU,cJvF,FzaX,4UxGlow,oslk,catzS2D,LM8l689qOp,kwS7,ZI9m,VjDE
0,581,7,2960,264,330,112,186.56,0,1204032,0,0.2264473,9,156,98,170432,0,15619.98,5,10,32,168,123867.2,760,30,64368,0,301875,243412,595,0,18,0,1725760,40,124320,0,0,bZkOj1dMWg,rEUOq2QD1qfkRr6qpua,taul,1K8T,LZs_,fhk21Ss,yiXTc3CbD1,e1v1,9_Y1,DFSe,VpdQ,haYg,7M47J5GA0pTYIFxg5uy,kIsH,g5HH,L84s,oOT00mkwDoEFW,_Jdcawr,z5z6,cJvF,FzaX,4UxGlow,zCkv,catzS2D,LM8l689qOp,me1d,ZI9m,ib5G6X1eUxUn6
0,2982,7,1332,332,415,192,186.64,0,341724,0,4.898312,18,178,7,1162488,0,11151.18,5,34,128,168,-699800,1370,84,9783,0,62255,269796,1630,0,18,233597,1918712,12,769854,0,0,V8lBcmz45j,LrdZy8QqgUfkVShG,taul,1K8T,uNkU,fhk21Ss,II0S8f9,LvoD,9_Y1,EwzD,VpdQ,y6dw,7M47J5GA0pTYIFxg5uy,kIsH,uKAI,L84s,_5OXC8MSLt,XTbj5PX,oMyZ,UYBR,FzaX,4UxGlow,oslk,catzS2D,LM8l689qOp,Qcbd,ZI9m,ib5G6X1eUxUn6
0,1820,7,844,168,210,40,294.16,0,4272810,0,2.973083,9,104,0,2904696,0,63153.6,5,4,32,64,457632,670,84,1944,0,2713945,606334,630,0,9,604800,8147680,24,639066,0,0,EsYq9atbb6,RO12,taul,1K8T,sbZD,SkIJ4lp,rZiSQUAJZCIG0WUq,sRth,9_Y1,KfYH,VpdQ,lVqb,me75fM6ugJ,kIsH,g5HH,L84s,XfqtO3UdzaXh_,11p4mKe,yt5k,cJvF,FzaX,wIf0IU9,oslk,atnQv5o,LM8l689qOp,me1d,RAYp,F2FyR07IdsN7I
0,728,7,672,24,30,0,186.64,5,2381862,9,2.690237,18,100,7,1878376,9,213598.5,0,0,8,16,-1273104,355,18,59778,48,233475,0,2820,0,9,339703,2713876,2,0,0,7,639qrQK2Mx,RO12,taul,1K8T,Ti2P,mQkQ6ot,IZBk9tn,kZ0Y,9_Y1,15m3,sJzTlal,sYC_,me75fM6ugJ,kIsH,uKAI,L84s,NhsEn4L,kq0aHkC,35Cb,cJvF,FzaX,Yo33PT5,oslk,U8cijiT,M_8D,FSa2,RAYp,F2FyR07IdsN7I
0,609,7,48,156,195,72,286.96,0,3639276,0,1.030122,9,32,0,3452760,0,214323.6,5,2,32,48,-7279.44,550,66,1944,0,3965715,1285916,225,0,9,0,10530600,22,475218,0,0,Qu0r4RKzJV,RO12,taul,1K8T,487l,vfNGyn_,GRI5tG_,oQ0L,9_Y1,DtNL,VpdQ,IYzP,me75fM6ugJ,kIsH,uKAI,Mtgm,NhsEn4L,mAjbk_S,nM47,UYBR,FzaX,Xei0nTz,oslk,4sF7qqc,LM8l689qOp,FSa2,RAYp,F2FyR07IdsN7I
0,2877,14,1200,300,375,280,166.56,0,7380,0,3.697287,27,130,840,213168,0,3412.2,0,26,80,144,-13753.16,1265,6,100755,0,38465,82198,7540,0,9,113260,376936,16,105396,0,0,639r4RK2Mx,2Knk1KF,taul,1K8T,487l,PHNvXy8,zA2IZno2NK,NXA4,9_Y1,DtNL,VpdQ,hAFG,NKv3VA1BpP,kIsH,uKAI,L84s,Ie_5MZs,teAY_NX,krHX,UYBR,FzaX,UF16siJ,zCkv,APgdzOv,LM8l689qOp,FSa2,6fzt,Zy3gnGM
0,322,0,0,136,170,24,331.28,0,51288,0,0.007904294,9,20,0,6220800,0,136941,0,0,32,72,118239.6,620,6,0,8,8966100,28774,0,0,0,0,10375000,42,0,0,7,MtpBcmzkzH,RO12,taul,1K8T,kwI9,esxkA1P,o64y9zI,t_lo,9_Y1,4nnx,VpdQ,IYzP,me75fM6ugJ,kIsH,uKAI,Mtgm,NhsEn4L,uZLOAni,Hxo1,cJvF,FzaX,EPImS85,oslk,MI8s5nE,jySVZNlOJy,Qcbd,RAYp,F2FyR07IdsN7I
0,903,0,0,204,255,40,197.44,5,8514540,0,3.661611,9,26,0,2364872,0,102178.2,40,2,40,40,-89148.4,945,156,0,8,2046655,85880,0,0,9,137928,10560240,12,118224,0,0,P1WvyxLp3Z,RO12,taul,1K8T,0Xwj,_t7Mbg2,3clyC8L,Bvcn,HLqf,FbIm,VpdQ,zm5i,me75fM6ugJ,sBgB,uKAI,L84s,NhsEn4L,mAja5EA,FCWA,UYBR,FzaX,uIoKu_a,oslk,j32r3XO,LM8l689qOp,xb3V,RAYp,F2FyR07IdsN7I
0,6251,21,124,896,1120,680,133.12,0,0,0,0.9967956,45,150,28,1006272,0,4912.23,0,66,280,448,-103016.4,2920,0,495,0,637610,299212,270,0,9,179921,1848668,100,355530,0,0,NQ5vyxLkBI,rEUOq2QD1qfkRr6qpua,taul,1K8T,Xa_z,fhk21Ss,_jTP8ioIlJ,NYOt,9_Y1,vzJD,VpdQ,hAFG,7M47J5GA0pTYIFxg5uy,kIsH,uKAI,L84s,4kVnq_T26xq1p,IoIJ2EK,2LRQ,cJvF,FzaX,4UxGlow,zCkv,catzS2D,LM8l689qOp,xb3V,ZI9m,ib5G6X1eUxUn6
0,1512,14,6188,232,290,104,166.56,0,246306,0,3.058534,18,194,406,2559368,0,55392.9,0,6,40,56,-27067.16,960,78,180,0,3323695,763808,1415,0,27,1549926,6171400,44,811410,0,0,npOBcmzkzH,LrdZy8QqgUfkVShG,taul,1K8T,tXti,fhk21Ss,_jTP8ioIlJ,Xoh1,9_Y1,WGOH,VpdQ,oZyB,7M47J5GA0pTYIFxg5uy,kIsH,uKAI,L84s,QsQAxv5,KqjecMy,rdgs,UYBR,FzaX,4UxGlow,QKW8DRm,catzS2D,jySVZNlOJy,Qcbd,ZI9m,ib5G6X1eUxUn6
0,777,28,10128,160,200,80,288.96,0,4739520,0,6.293954,36,166,728,1382400,0,207875.4,25,4,32,16,50414.8,605,72,49599,0,2988710,935558,12495,0,27,604800,10532160,18,1036800,0,0,GcUBcmz45j,RO12,taul,1K8T,487l,fqeOwLG,gf0fL3KXEr,0OBU,9_Y1,KubS,sJzTlal,6JmL,7M47J5GA0pTYIFxg5uy,kIsH,uKAI,Mtgm,4kVnq_T26xq1p,XTbSTqG,dTSI,cJvF,FzaX,fxJmel6,zCkv,WfsWw2A,LM8l689qOp,Qcbd,ZI9m,iyHGyLCEkQ
0,945,7,36,300,375,168,331.04,0,716070,0,1.805597,9,200,0,50664,0,11938.65,60,10,88,8,21468.44,905,198,24813,0,60255,60516,5,0,18,0,894464,6,75324,0,0,a4vOj1dMWg,2Knk1KF,CiJDdr4TQ0rGERIS,1K8T,4JaS,fhk21Ss,76j2P_OLn0,pU4J,9_Y1,DFSe,VpdQ,haYg,7M47J5GA0pTYIFxg5uy,kIsH,g5HH,L84s,_5OXC8MSLt,XTbQpf0,Zg_l,cJvF,FzaX,4UxGlow,oslk,catzS2D,LM8l689qOp,me1d,ZI9m,VjDE
0,609,14,2736,128,160,120,371.12,5,0,0,4.270241,27,70,42,1382400,3,43521.3,0,12,32,16,163733.2,720,0,64269,16,3249635,2592000,2485,0,9,0,10548520,18,3110400,0,0,oyGrjIXt5a,RO12,taul,1K8T,ZHNR,NwKnsla,Gai9lEF2Fr,T8UP,9_Y1,xQ2A,09_Q,IYzP,me75fM6ugJ,kIsH,uKAI,L84s,NhsEn4L,NGZMmo2,6r46,UYBR,FzaX,ZV0mFX7,oslk,1E9D3Yd,LM8l689qOp,5Acm,RAYp,F2FyR07IdsN7I
0,1008,7,72,116,145,40,419.52,0,3706296,0,5.511857,9,42,63,633656,0,143639.4,15,4,24,8,105920.8,485,60,4455,0,2747965,792020,485,0,9,554414,10256520,16,950424,0,0,NESt0G8EIb,RO12,taul,1K8T,487l,cmPnuwV,p528EHj,IRSB,9_Y1,e7QV,VpdQ,IYzP,me75fM6ugJ,kIsH,uKAI,Mtgm,NhsEn4L,NGZXfGp,Z_Vx,cJvF,FzaX,efg87dl,oslk,_JxAGfT,LM8l689qOp,fKCe,RAYp,F2FyR07IdsN7I
0,3745,7,384,444,555,80,286.96,0,5358468,0,6.995514,27,140,7,2240744,0,41726.1,35,6,72,32,144380.8,1890,114,2943,0,3416690,374924,30,0,18,854175,10533200,136,684282,0,0,LDPvyx7IEC,2Knk1KF,taul,1K8T,JLbT,tSzBmIU,o64y9zI,jv62,9_Y1,RcM7,VpdQ,wMei,me75fM6ugJ,kIsH,uKAI,Mtgm,h0lfDKh52u4GP,IoI4mKe,A1VJ,UYBR,FzaX,GpvmS85,oslk,HD2ldxq,LM8l689qOp,szEZ,RAYp,55YFVY9
0,714,7,200,192,240,48,167.2,0,0,0,3.795557,9,72,21,938928,3,29935.65,0,4,24,88,-212892.4,640,0,423,8,848430,50620,105,0,9,314608,1284388,58,52410,0,0,m9SvyxLkBI,RO12,taul,1K8T,TyGl,ka_ns41,1lFJzqR,ALt8,9_Y1,FbIm,VpdQ,oZyB,me75fM6ugJ,kIsH,uKAI,L84s,NhsEn4L,mAjbk_S,GOJa,cJvF,FzaX,1YVfGrO,oslk,fXVEsaq,LM8l689qOp,xb3V,RAYp,F2FyR07IdsN7I
0,1729,21,9444,188,235,56,186.64,0,6264900,0,1.588336,36,202,119,2764800,0,82051.2,25,0,32,32,408240,1485,78,18891,0,3089400,356322,1025,0,18,0,10350400,36,0,0,0,v0Nt0Go8Lb,vuPfq6YcbX,CiJDdr4TQ0rGERIS,1K8T,G6s_,fhk21Ss,trjWi1itmnuWZ4rB,LLmm,9_Y1,MGOA,VpdQ,y6dw,7M47J5GA0pTYIFxg5uy,kIsH,uKAI,Mtgm,dGiN9qj1jEYX9,pMWoaus,uetN,cJvF,wwPEXoilkr,4UxGlow,Al6ZaUT,catzS2D,LM8l689qOp,Qu4f,ZI9m,NoEd
0,6188,7,84,1856,2320,584,220.08,0,6086940,0,5.975219,9,88,0,1712720,0,18229.74,85,18,192,544,147102,6750,186,1080,0,3146575,544398,60,0,9,242606,10603600,532,653472,0,0,zcROj17IEC,RO12,taul,1K8T,TyGl,au1nqNs,A52Idpptt2StyTxu,tSfn,9_Y1,zfpA,VpdQ,sYC_,me75fM6ugJ,kIsH,uKAI,L84s,NhsEn4L,kq0aHkC,VXP0,UYBR,FzaX,_PxA1m8,oslk,vUcOEra,LM8l689qOp,7aLG,RAYp,F2FyR07IdsN7I
0,819,7,84,132,165,48,282.96,0,3800196,0,3.062593,18,54,0,2534496,0,230353.2,35,0,48,32,86454.8,495,48,3717,0,3159070,950434,475,0,9,554421,10446520,16,0,0,0,JMGrjIXt5a,RO12,taul,1K8T,80HR,4JEMGuV,Pkku4gO,vHWR,9_Y1,WIr3,VpdQ,43pnToF,me75fM6ugJ,kIsH,uKAI,L84s,NhsEn4L,mAjbk_S,_OUP,cJvF,FzaX,VA_88FJ,oslk,0JeRt72,M_8D,5Acm,RAYp,F2FyR07IdsN7I
0,1477,7,480,128,160,32,166.56,0,0,0,6.618885,9,88,7,162480,0,3823.05,0,6,96,112,-22603.84,445,0,73026,0,64720,22118,895,0,18,24654,192680,22,23142,0,0,N_vrjIXt5a,RO12,taul,1K8T,rXTS,iJzviRg,9YuFlLzSEv,N7xQ,9_Y1,YBFS,VpdQ,hAFG,7M47J5GA0pTYIFxg5uy,kIsH,uKAI,L84s,4ylQpLr46xum2hHQ,7Wwo8pg,MBhF,cJvF,OFWH,ch2oGfM,z4pH,P6pu4Vl,LM8l689qOp,5Acm,ZI9m,R4y5gQQWY8OodqDV
0,826,7,0,164,205,48,153.2,0,6246840,0,5.245033,9,44,0,2764800,0,202556.7,20,2,40,32,88276.8,555,102,1755,0,2528055,641016,150,0,9,0,10484560,18,518400,0,0,DQlrEyXXnK,RO12,taul,1K8T,487l,q5Zs43J,J3fgbi2,it1c,9_Y1,SkZj,VpdQ,43pnToF,me75fM6ugJ,kIsH,uKAI,L84s,NhsEn4L,TDcECyH,MvYx,cJvF,FzaX,zJh68SY,oslk,ZdsRt72,M_8D,Aoh3,RAYp,F2FyR07IdsN7I
0,777,7,56,120,150,32,128.8,20,4872,0,4.748131,9,122,0,2283096,3,219896.1,15,2,40,32,-264088,375,6,189,40,4980675,328046,65,0,9,788109,6794840,34,518400,0,0,639TmBQxul,2Knk1KF,taul,1K8T,WkTj,q6YQ9wn,o64y9zI,ITrH,9_Y1,TjV7,VpdQ,sYC_,DHn_WUyBhW_whjA88g9bvA64_,kIsH,uKAI,L84s,CrNX,pMWQVqj,Zpzm,UYBR,FzaX,efgIy2W,d0EEeJi,doPpZje,LM8l689qOp,FSa2,nIGXDli,55YFVY9
0,861,7,1368,252,315,184,166.56,0,19296,0,0.09015168,36,160,266,647408,0,7632,0,18,88,120,28210.16,640,36,69588,0,75505,128400,15,0,18,279265,719276,20,98256,0,0,m9SvyxLkBI,2Knk1KF,taul,1K8T,ssAy,8eRgFRq,y2LuFUfSEo,2fsT,9_Y1,FbIm,VpdQ,6JmL,me75fM6ugJ,kIsH,uKAI,L84s,XfqtO3UdzaXh_,XTbPUYD,I8VH,cJvF,FzaX,IdzoGGc,oslk,KBwlGS_,LM8l689qOp,xb3V,RAYp,TCU50_Yjmm6GIBZ0lL_
0,2478,21,7696,588,735,264,176.56,0,6906,0,6.085024,45,224,1456,368896,0,5867.13,0,28,128,152,-986972,1795,12,9675,0,893560,205916,6490,0,36,85743,1413216,158,146226,0,0,8Iqt0G8rTN,TW8dXluYzKpktZjuY8kSPBaZa,CiJDdr4TQ0rGERIS,1K8T,lK27,fhk21Ss,o64y9zI,QIBm,9_Y1,e7QV,VpdQ,y6dw,7M47J5GA0pTYIFxg5uy,kIsH,uKAI,L84s,_5OXC8MSLt,kZJMFCG,OJd9,UYBR,FzaX,4UxGlow,oslk,catzS2D,LM8l689qOp,fKCe,ZI9m,NoEd
0,735,7,108,44,55,8,186.64,0,3797310,0,3.653493,9,34,0,97832,0,220087.8,10,0,24,16,-379830,410,12,3276,0,5128150,3714,20,0,18,0,8776520,8,0,0,0,MlYvyx875g,RO12,taul,1K8T,vSNn,7UBxJVj,o64y9zI,h47A,9_Y1,QMes,VpdQ,zm5i,me75fM6ugJ,kIsH,uKAI,L84s,NhsEn4L,NGZXfGp,r6Sk,cJvF,FzaX,07mmflk,oslk,NNyRUH6,jySVZNlOJy,WqMG,RAYp,F2FyR07IdsN7I
0,2926,14,1628,608,760,288,176.56,0,245124,0,1.254646,27,60,252,483848,0,14234.34,30,32,152,216,105868,2030,72,12483,0,1165765,217494,825,0,0,100520,2099432,110,388548,0,0,FAJgUH7ejg,RO12,taul,1K8T,lK27,o6wANjt,0ZlStaN,Rjw5,9_Y1,m_h1,VpdQ,IYzP,me75fM6ugJ,kIsH,uKAI,L84s,NhsEn4L,TDceha3,kPer,UYBR,FzaX,lERyLfX,oslk,MAzypGv,LM8l689qOp,WqMG,RAYp,F2FyR07IdsN7I
0,273,0,0,116,145,0,250.56,0,93900,0,0.7090365,9,20,0,3143864,0,192660.6,0,0,32,64,-178192,435,6,0,0,5848400,0,0,0,9,125853,6313240,40,0,0,0,ZSNq9atbb6,RO12,taul,1K8T,lK27,pKIL3j7,hOpMh7dRpW,ympL,9_Y1,KfYH,09_Q,wMei,me75fM6ugJ,kIsH,g5HH,L84s,NhsEn4L,TDc4Td_,wXGg,cJvF,FzaX,7DID5lR,oslk,JIB9h3w,LM8l689qOp,me1d,RAYp,F2FyR07IdsN7I
0,819,7,120,48,60,8,302.8,0,294042,0,3.569323,9,110,0,301624,0,138244.8,5,0,16,8,-2480.856,515,6,387,0,12516950,25144,680,0,18,0,10520200,16,0,0,0,vAsgUHXM47,2Knk1KF,taul,1K8T,7ALb,m4ZnXKj,Oe4E7cR6Kt,4vMO,9_Y1,fTh6,VpdQ,kxE9,me75fM6ugJ,kIsH,uKAI,Mtgm,XfqtO3UdzaXh_,11p4mKe,2KPg,cJvF,AU8pNoi,AxANqhB,oslk,KZOytFJ,LM8l689qOp,453m,RAYp,55YFVY9
0,777,7,288,164,205,24,253.52,0,2455944,0,6.993591,18,58,0,3456000,0,219506.1,5,6,32,40,385479.2,600,36,75186,0,6233000,359028,710,0,0,604800,10293920,46,1361040,0,0,1GdOj1KXzC,RO12,taul,1K8T,sj_R,A_yBboK,9YuuPSz3BI,ZcTu,9_Y1,jdbz,VpdQ,IYzP,me75fM6ugJ,kIsH,uKAI,Mtgm,NhsEn4L,NGZXfGp,sXkl,UYBR,FzaX,3Jmmfvd,oslk,JD1lw9w,jySVZNlOJy,kwS7,RAYp,F2FyR07IdsN7I
0,980,7,356,152,190,32,230.08,0,4423188,0,4.570818,9,194,14,3708816,0,102881.4,15,4,64,64,151285.2,570,54,11142,0,4069865,531492,2575,0,36,192220,10491560,24,683160,0,0,qFpmfo8zhV,g62hiBSaKg,LfvqpCtLOY,1K8T,LloI,fhk21Ss,EXpWEXgaYpMJ7,nFZA,9_Y1,Bw19,VpdQ,y6dw,7M47J5GA0pTYIFxg5uy,kIsH,uKAI,L84s,MeOIHRG3F9,beKoRmA,Mr4T,cJvF,FzaX,4UxGlow,zCkv,catzS2D,jySVZNlOJy,wX53,ZI9m,ib5G6X1eUxUn6
0,1232,7,1520,172,215,40,304.48,5,5509470,0,6.495834,27,228,63,2318584,0,133225.5,15,8,56,40,610060,680,72,33966,8,3404295,641456,1105,0,54,134113,10500480,28,1064532,0,0,dRaTmBfHUn,ByQdnLRlFnny2k4AJzG,CiJDdr4TQ0rGERIS,1K8T,TyGl,fhk21Ss,9YuuPSz3BI,3Lti,9_Y1,4N0K,VpdQ,y6dw,7M47J5GA0pTYIFxg5uy,kIsH,uKAI,Mtgm,_5OXC8MSLt,y5Fmao5,HAAi,cJvF,FzaX,4UxGlow,oslk,catzS2D,LM8l689qOp,Qu4f,ZI9m,NoEd
0,854,7,0,128,160,16,233.12,0,1831218,0,2.334758,9,60,0,1384488,0,51971.7,30,0,24,24,333557.2,415,24,10494,0,5718950,210986,5,0,0,0,8207160,34,0,0,0,v0Nt0Go8Lb,RO12,taul,1K8T,7gSz,VITX0IX,itSGh3t,pYqR,9_Y1,Z5OU,VpdQ,IYzP,me75fM6ugJ,kIsH,uKAI,L84s,NhsEn4L,mAja5EA,fXYX,cJvF,FzaX,s03A5lA,oslk,pgDuVxn,LM8l689qOp,Qu4f,RAYp,F2FyR07IdsN7I
